,Unnamed: 0,ts,ID,DLC,bin
16585,2,0.002066,226,8,0000000000000000000100000000000000000000000000000000000000000000
321,3,0.003058,320,8,0000000000100000000000000000000000000000000000000000000001001011
11286,6,0.005989,2C1,8,0000000000000000011110010000000100101001110000000000100100110111
35387,8,0.00749,0BA,5,0010100100000000000000000000011100101011
14276,7,0.007994,1C6,8,0000000000000000000000001111000011001101000100100000000000000000
1584,9,0.008577,25,8,0000000000001010000000000000000100100000000000000000000001011000
28232,10,0.008816,24,8,0000001000000000000000100000011001000001111111011000000011110100
21791,11,0.00904,0AA,8,0001101001101111000110100110111100011010011011110001101001101111
18588,12,0.010029,0B4,8,0000000000000000000000000000000010011100000000000000000001011000
7592,14,0.011417,3BC,8,0
31690,15,0.011984,1C4,8,0000110100001010000110110000000000000000000000000000000011111111
7894,19,0.014084,260,8,0000000000000000000000000000000000000000000000000000101101110101
35388,13,0.014979,0BA,5,0100111100000000000000000000000000101110
1585,21,0.01834,25,8,0000000000001010000000000000000100100000000000000000000001011000
21792,22,0.019001,0AA,8,0001101001101111000110100110111100011010011011110001101001101111
35389,17,0.022469,0BA,5,1110000000111101010001000000000011010110
21592,25,0.026748,443,8,0100110100000010000000000010111100000110000000000000000000000000
1586,27,0.028297,25,8,0000000000001010000000000000000100100000000000000000000001011000
28233,28,0.028585,24,8,0000001000000001000000100000011001000001111111011000000011110101
21793,29,0.028963,0AA,8,0001101001101111000110100110111100011010011011110001101001101111
18589,30,0.029951,0B4,8,0000000000000000000000000000000010011100000000000000000001011000
35390,16,0.029958,0BA,5,1100011000000000000000000000000010111110
31691,32,0.031903,1C4,8,0000110100011110000110110000000000000000000000000000000000010011
16586,36,0.033938,226,8,0000000000000000000100000000000000000000000000000000000000000000
7895,37,0.034182,260,8,0000000000000000000000000000000000000000000000000000101101110101
11287,38,0.035887,2C1,8,0000000000000000011101100000000011110000110000000000100111111010
27859,39,0.036134,4DC,8,0001110100000000000000000000000000000000000000000000000000000000
35391,20,0.037448,0BA,5,0010100100000000000000000000010000101000
14277,42,0.038166,1C6,8,0000000000000000000000001111000110100010000100100000000000000000
1587,43,0.03841,25,8,0000000000001010000000000000000100100000000000000000000001011000
21794,44,0.038921,0AA,8,0001101001101111000110100110111100011010011011110001101001101111
60,46,0.04091,3B7,8,1000
35392,31,0.044937,0BA,5,0100111100000000000000000000000000101110
1588,48,0.048246,25,8,0000000000001010000000000000000100100000000000000000000001011000
28234,49,0.048515,24,8,0000001000000001000000100000011001000001111111011000000011110101
21795,50,0.048853,0AA,8,0001101001101111000110100110111100011010011011110001101001101111
18590,51,0.04987,0B4,8,0000000000000000000000000000000010011100000000000000000001011000
31692,53,0.051824,1C4,8,0000110100110000000110110000000000000000000000000000000000100101
322,55,0.052235,320,8,0000000000100000000000000000000000000000000000000000000001001011
35393,34,0.052427,0BA,5,1110000000111100110110000000000001101001
7896,56,0.053869,260,8,0000000000000000000000000000000000000000000000000000101101110101
13315,57,0.054021,394,3,0
1523,60,0.05665,6F3,8,0010000000000000000000000000000000000000000000000000000000000000
1589,62,0.058177,25,8,0000000000001010000000000000000100100000000000000000000001011000
21796,63,0.05884,0AA,8,0001101001101111000110100110111100011010011011110001101001101111
35394,45,0.059916,0BA,5,1100011000000000000000000000000010111110
16587,66,0.061824,226,8,0000000000000000000100000000000000000000000000000000000000000000
11288,69,0.065752,2C1,8,0000000000000000011100000000000011010110110000000000100111011010
35395,26,0.067406,0BA,5,0010100100000000000000000000011100101011
14278,70,0.067828,1C6,8,0000000000000000000000001111001001101000000100110000000000000000
1590,72,0.068348,25,8,0000000000001010000000000000000100100000000000000000000001011000
28235,73,0.068584,24,8,0000001000000001000000100000011001000001111111011000000011110101
21797,74,0.068808,0AA,8,0001101001101111000110100110111100011010011011110001101001101111
10963,76,0.069188,620,8,0001000000000000000000000000000000000000000000000000000000000000
18591,77,0.06979,0B4,8,0000000000000000000000000000000010011100000000000000000001011000
13516,80,0.071062,399,8,0000000000000000000000000000000000000000111111110000000000000000
31693,82,0.071946,1C4,8,0000110101010001000110110000000000000000000000000000000001000110
7897,84,0.073788,260,8,0000000000000000000000000000000000000000000000000001011110000001
35396,52,0.074895,0BA,5,0100111100000000000000000000000000101110
1591,86,0.078167,25,8,0000000000001010000000000000000100100000000000000000000001011000
21798,88,0.078791,0AA,8,0001101001101111000110100110111100011010011011110001101001101111
35397,54,0.082385,0BA,5,1110000000111100011010000000000011111001
31569,89,0.083596,633,8,1000000100000000000000000000000000000000000000000000000000000000
11164,90,0.083839,39A,8,0000000000000000000000000010000100000000000000000000000000000000
1592,93,0.088054,25,8,0000000000001010000000000000000100100000000000000000000001011000
28236,94,0.088372,24,8,0000001000000000000000100000011001000001111111011000000011110100
21799,95,0.088721,0AA,8,0001101001101111000110100110111100011010011011110001101001101111
18592,96,0.089713,0B4,8,0000000000000000000000000000000010011100000000000000000001011000
35398,81,0.089875,0BA,5,1100011000000000000000000000000010111110
0,98,0.09135,3B1,8,0000000000000000000000100000101000000000000010000000000000000000
31694,99,0.09166,1C4,8,0000110101100000000110110000000000000000000000000000000001010101
7898,103,0.093674,260,8,0000000000000000000000000000000000000000000000000000101101110101
16588,104,0.093921,226,8,0000000000000000000100000000000000000000000000000000000000000000
11289,105,0.095646,2C1,8,0000000000000000011011000000000011001001110000000000100111001001
35399,41,0.097364,0BA,5,0010100100000000000000000000010000101000
14279,106,0.097624,1C6,8,0000000000000000000000001111001100011111000100110000000000000000
1593,108,0.098211,25,8,0000000000001010000000000000000100100000000000000000000001011000
21800,109,0.098681,0AA,8,0001101001101111000110100110111100011010011011110001101001101111
323,111,0.100668,320,8,0000000000100000000000000000000000000000000000000000000001001011
35400,79,0.104854,0BA,5,0100111100000000000000000000000000101110
1594,114,0.108004,25,8,0000000000001010000000000000000100100000000000000000000001011000
28237,115,0.108311,24,8,0000001000000001000000100000011001000001111111011000000011110101
21801,116,0.108613,0AA,8,0001101001101111000110100110111100011010011011110001101001101111
18593,117,0.109628,0B4,8,0000000000000000000000000000000010011100000000000000000001011000
31695,119,0.111589,1C4,8,0000110101101110000110110000000000000000000000000000000001100011
35401,83,0.112343,0BA,5,1110000000111100000000000000000010010001
7899,122,0.113624,260,8,0000000000000000000000000000000000000000000000000000101101110101
1595,124,0.11794,25,8,0000000000001010000000000000000100100000000000000000000001011000
21802,125,0.118603,0AA,8,0001101001101111000110100110111100011010011011110001101001101111
35402,110,0.119833,0BA,5,1100011000000000000000000000000010111110
16589,129,0.121584,226,8,0000000000000000000100000000000000000000000000000000000000000000
11290,130,0.125512,2C1,8,0000000000000000011010010000000010111001110000000000100110110110
35403,47,0.127322,0BA,5,0010100100000000000000000000011100101011
14280,131,0.12752,1C6,8,0000000000000000000000001111001111011111000100110000000000000000
1596,133,0.128176,25,8,0000000000001010000000000000000100100000000000000000000001011000
28238,134,0.128344,24,8,0000001000000000000000100000011001000001111111011000000011110100
21803,135,0.128567,0AA,8,0001101001101111000110100110111100011010011011110001101001101111
31371,136,0.128806,44D,8,0100001000000010000000000000000000000001000000000000000000000000
18594,138,0.129549,0B4,8,0000000000000000000000000000000010011100000000000000000001011000
31696,140,0.131504,1C4,8,0000110110001011000110110000000000000000000000000000000010000000
34932,143,0.132535,4C3,8,0000001100000000000000000000000100000000000000000000000000000000
7900,145,0.133491,260,8,0000000000000000000000000000000000000000000000000000101101110101
35404,97,0.134812,0BA,5,0100111100000000000000000000000000101110
1597,148,0.137854,25,8,0000000000001010000000000000000100100000000000000000000001011000
21804,150,0.138519,0AA,8,0001101001101111000110100110111100011010011011110001101001101111
16345,151,0.141879,3F9,8,0111010100011000000000100000001010000000000000000000000000010101
35405,101,0.142301,0BA,5,1110000000111011100111000000000000101100
1598,153,0.147816,25,8,0000000000001010000000000000000100100000000000000000000001011000
28239,154,0.148161,24,8,0000001000000001000000100000011001000001111111011000000011110101
21805,155,0.148481,0AA,8,0001101001101111000110100110111100011010011011110001101001101111
18595,156,0.149469,0B4,8,0000000000000000000000000000000010011100000000000000000001011000
35406,141,0.149791,0BA,5,1100011000000000000000000000000010111110
31697,158,0.151428,1C4,8,0000110110011000000110110000000000000000000000000000000010001101
7901,163,0.153442,260,8,0000000000000000000000000000000000000000000000000001011110000001
16590,164,0.153688,226,8,0000000000000000000100000000000000000000000000000000000000000000
324,165,0.154448,320,8,0000000000100000000000000000000000000000000000000000000001001011
11291,166,0.155408,2C1,8,0000000000000000011010010000000010101001110000000000100110100110
35407,61,0.15728,0BA,5,0010100100000000000000000000010000101000
14281,167,0.157384,1C6,8,0000000000000000000000001111010010011011000101000000000000000000
1599,169,0.1588,25,8,0000000000001010000000000000000100100000000000000000000001011000
21806,170,0.159411,0AA,8,0001101001101111000110100110111100011010011011110001101001101111
35408,118,0.16477,0BA,5,0100111100000000000000000000000000101110
1600,174,0.167762,25,8,0000000000001010000000000000000100100000000000000000000001011000
28240,175,0.16804,24,8,0000001000000001000000100000011001000001111111011000000011110101
21807,177,0.168535,0AA,8,0001101001101111000110100110111100011010011011110001101001101111
18596,178,0.169389,0B4,8,0000000000000000000000000000000010011100000000000000000001011000
31698,180,0.171344,1C4,8,0000110110100101000110110000000000000000000000000000000010011010
35409,121,0.17226,0BA,5,1110000000111011001101000000000011000100
7902,182,0.17335,260,8,0000000000000000000000000000000000000000000000000000101101110101
1601,184,0.177696,25,8,0000000000001010000000000000000100100000000000000000000001011000
21808,185,0.178359,0AA,8,0001101001101111000110100110111100011010011011110001101001101111
35410,171,0.179749,0BA,5,1100011000000000000000000000000010111110
16591,188,0.181348,226,8,0000000000000000000100000000000000000000000000000000000000000000
11292,190,0.185279,2C1,8,0000000000000000100100000000000010011100110000000000101011000001
35411,71,0.187239,0BA,5,0010100100000000000000000000011100101011
14282,191,0.187281,1C6,8,0000000000000000000000001111010101001001000101000000000000000000
1602,193,0.18789,25,8,0000000000001010000000000000000100100000000000000000000001011000
28241,194,0.188133,24,8,0000001000000000000000100000011001000001111111011000000011110100
21809,195,0.188354,0AA,8,0001101001101111000110100110111100011010011011110001101001101111
18597,196,0.189308,0B4,8,0000000000000000000000000000000010011100000000000000000001011000
31699,198,0.191262,1C4,8,0000110110111101000110110000000000000000000000000000000010110010
7903,202,0.193168,260,8,0000000000000000000000000000000000000000000000000001011110000001
35412,139,0.194728,0BA,5,0100111100000000000000000000000000101110
1603,205,0.197618,25,8,0000000000001010000000000000000100100000000000000000000001011000
21810,207,0.198283,0AA,8,0001101001101111000110100110111100011010011011110001101001101111
325,208,0.199268,320,8,0000000000100000000000000000000000000000000000000000000001001011
7773,209,0.200517,610,8,0010000000000000000000000110010011000000111111111111110101000000
35413,142,0.202218,0BA,5,1110000000111010110111000000000001101011
1604,212,0.207575,25,8,0000000000001010000000000000000100100000000000000000000001011000
28242,213,0.207871,24,8,0000001000000001000000100000011001000001111111011000000011110101
21811,214,0.208241,0AA,8,0001101001101111000110100110111100011010011011110001101001101111
18598,215,0.209229,0B4,8,0000000000000000000000000000000010011100000000000000000001011000
35414,199,0.209707,0BA,5,1100011000000000000000000000000010111110
31700,217,0.211192,1C4,8,0000110111001010000110110000000000000000000000000000000010111111
34812,220,0.211757,3C3,8,0100010000011110100101000100111011101110010110010000001110001000
7904,222,0.21303,260,8,0000000000000000000000000000000000000000000000000000101101110101
16592,223,0.213277,226,8,0000000000000000000100000000000000000000000000000000000000000000
11293,225,0.215173,2C1,8,0000000000000010000000000000000010011001110000000001000100110111
14283,226,0.217156,1C6,8,0000000000000000000000001111010111110100000101000000000000000000
35415,85,0.217197,0BA,5,0010100100000000000000000000010000101000
1605,229,0.217767,25,8,0000000000001010000000000000000100100000000000000000000001011000
27960,230,0.21801,6C0,8,1110010000000000000000001110000010000000000000000000000000000000
21812,231,0.218235,0AA,8,0001101001101111000110100110111100011010011011110001101001101111
35416,157,0.224686,0BA,5,0100111100000000000000000000000000101110
14018,234,0.22739,442,8,0100001100000010000000000000000000000010000000000000000000000000
1606,235,0.227636,25,8,0000000000001010000000000000000100100000000000000000000001011000
28243,236,0.227876,24,8,0000001000000001000000100000011001000001111111011000000011110101
21813,237,0.228134,0AA,8,0001101001101111000110100110111100011010011011110001101001101111
18599,238,0.229151,0B4,8,0000000000000000000000000000000010011100000000000000000001011000
31701,240,0.231112,1C4,8,0000110111100000000110110000000000000000000000000000000011010101
35417,160,0.232176,0BA,5,1110000000111010011100000000000011111111
7905,242,0.232947,260,8,0000000000000000000000000000000000000000000000000001011110000001
1607,245,0.238479,25,8,0000000000001010000000000000000100100000000000000000000001011000
21814,246,0.239085,0AA,8,0001101001101111000110100110111100011010011011110001101001101111
35418,232,0.239665,0BA,5,1100011000000000000000000000000010111110
16593,250,0.242097,226,8,0000000000000000000100000000000000000000000000000000000000000000
11294,251,0.245042,2C1,8,0000000000000100000100000000000010010110110000000001101101010000
14284,252,0.247045,1C6,8,0000000000000000000000001111011010100110000101000000000000000000
35419,92,0.247155,0BA,5,0010100100000000000000000000011100101011
1608,254,0.247654,25,8,0000000000001010000000000000000100100000000000000000000001011000
28244,255,0.247895,24,8,0000001000000001000000100000011001000001111111011000000011110101
21815,256,0.248124,0AA,8,0001101001101111000110100110111100011010011011110001101001101111
18600,257,0.249066,0B4,8,0000000000000000000000000000000010011100000000000000000001011000
31702,260,0.251029,1C4,8,0000110111101011000110110000000000000000000000000000000011100000
326,263,0.25206,320,8,0000000000100000000000000000000000000000000000000000000001001011
7906,264,0.252845,260,8,0000000000000000000000000000000000000000000000000001011110000001
35420,179,0.254644,0BA,5,0100111100000000000000000000000000101110
1609,266,0.257375,25,8,0000000000001010000000000000000100100000000000000000000001011000
21816,269,0.258039,0AA,8,0001101001101111000110100110111100011010011011110001101001101111
35057,4,0.259656,3D3,3,011011000001001000000000
35421,181,0.262134,0BA,5,1110000000111010000010000000000010010111
1610,274,0.26736,25,8,0000000000001010000000000000000100100000000000000000000001011000
28245,275,0.267644,24,8,0000001000000001000000100000011001000001111111011000000011110101
21817,276,0.267969,0AA,8,0001101001101111000110100110111100011010011011110001101001101111
18601,277,0.268987,0B4,8,0000000000000000000000000000000010011100000000000000000001011000
7653,278,0.269227,611,8,0010000100000000000000000001000000000000000000000011110101101100
35422,261,0.269624,0BA,5,1100011000000000000000000000000010111110
31703,281,0.271143,1C4,8,0000110111110110000110110000000000000000000000000000000011101011
7907,284,0.272639,260,8,0000000000000000000000000000000000000000000000000001011110000001
16594,285,0.272971,226,8,0000000000000000000100000000000000000000000000000000000000000000
11295,286,0.274933,2C1,8,0000000000000101000011000000000010111001110000000010000101110110
14285,287,0.276913,1C6,8,0000000000000000000000001111011101001011000101010000000000000000
35423,107,0.277113,0BA,5,0010100100000000000000000000010000101000
1611,289,0.277524,25,8,0000000000001010000000000000000100100000000000000000000001011000
21818,290,0.277957,0AA,8,0001101001101111000110100110111100011010011011110001101001101111
35424,197,0.284603,0BA,5,0100111100000000000000000000000000101110
1612,294,0.287281,25,8,0000000000001010000000000000000100100000000000000000000001011000
28246,295,0.287591,24,8,0000001000000000000000100000011001000001111111011000000011110100
11224,296,0.28784,4C8,8,0000100100000000000000000000000000000000000000000000000000000000
21819,297,0.288118,0AA,8,0001101001101111000110100110111100011010011011110001101001101111
18602,298,0.288908,0B4,8,0000000000000000000000000000000010011100000000000000000001011000
31704,300,0.290877,1C4,8,0000111000001111000110110000000000000000000000000000000000000101
35425,200,0.292092,0BA,5,1110000000111001101110000000000001000110
7908,302,0.292513,260,8,0000000000000000000000000000000000000000000000000010001110001101
43639,0,0.297585,3BB,5,1011101100000000000000000000000000100110
1613,304,0.298239,25,8,0000000000001010000000000000000100100000000000000000000001011000
21820,305,0.298848,0AA,8,0001101001101111000110100110111100011010011011110001101001101111
35426,291,0.299582,0BA,5,1100011000000000000000000000000010111110
16595,309,0.301857,226,8,0000000000000000000100000000000000000000000000000000000000000000
327,310,0.30285,320,8,0000000000100000000000000000000000000000000000000000000001001011
11296,311,0.304802,2C1,8,0000000000000101101101100000001000010000110000000010011001111110
14286,313,0.306811,1C6,8,0000000000000000000000001111011111100100000101010000000000000000
35427,113,0.307071,0BA,5,0010100100000000000000000000011100101011
1614,315,0.307421,25,8,0000000000001010000000000000000100100000000000000000000001011000
28247,316,0.307661,24,8,0000001000000001000000100000011001000001111111011000000011110101
21821,317,0.307885,0AA,8,0001101001101111000110100110111100011010011011110001101001101111
18603,318,0.308827,0B4,8,0000000000000000000000000000000010011100000000000000000001011000
31705,320,0.310803,1C4,8,0000111000011110000110110000000000000000000000000000000000010100
7909,324,0.312394,260,8,0000000000000000000000000000000000000000000000000010001110001101
35428,216,0.314561,0BA,5,0100111100000000000000000000000000101110
1615,327,0.317135,25,8,0000000000001010000000000000000100100000000000000000000001011000
21822,329,0.317799,0AA,8,0001101001101111000110100110111100011010011011110001101001101111
35429,219,0.32205,0BA,5,1110000000111001011001000000000011110010
21593,333,0.325572,443,8,0100110100000010000000000010111100000110000000000000000000000000
1616,335,0.327121,25,8,0000000000001010000000000000000100100000000000000000000001011000
28248,336,0.327406,24,8,0000001000000001000000100000011001000001111111011000000011110101
21823,337,0.327728,0AA,8,0001101001101111000110100110111100011010011011110001101001101111
18604,338,0.328746,0B4,8,0000000000000000000000000000000010011100000000000000000001011000
35430,321,0.32954,0BA,5,1100011000000000000000000000000010111110
31706,340,0.330715,1C4,8,0000111001001100000110110000000000000000000000000000000001000010
7910,345,0.332406,260,8,0000000000000000000000000000000000000000000000000100011110110001
16596,346,0.332734,226,8,0000000000000000000100000000000000000000000000000000000000000000
11297,347,0.334698,2C1,8,0000000000000110000010010000001110001001110000000010100001001110
43459,68,0.335451,423,2,11100000000
14287,348,0.336674,1C6,8,0000000000000000000000001111100010001001000101010000000000000000
35431,123,0.337029,0BA,5,0010100100000000000000000000010000101000
1617,350,0.337286,25,8,0000000000001010000000000000000100100000000000000000000001011000
21824,351,0.337718,0AA,8,0001101001101111000110100110111100011010011011110001101001101111
61,353,0.339705,3B7,8,1000
35432,239,0.344519,0BA,5,0100111100000000000000000000000000101110
1618,355,0.347041,25,8,0000000000001010000000000000000100100000000000000000000001011000
28249,356,0.347326,24,8,0000001000000001000000100000010101000001111111011000000011110100
21825,357,0.347649,0AA,8,0001101001101111000110100110111100011010011011110001101001101111
18605,359,0.348666,0B4,8,0000000000000000000000000000000010011100000000000000000001011000
31707,361,0.350638,1C4,8,0000111001101001000110110000000000000000000000000000000001011111
328,363,0.351046,320,8,0000000000100000000000000000000000000000000000000000000001001011
35433,241,0.352009,0BA,5,1110000000111000111101000000000010000001
7911,364,0.352253,260,8,0000000000000000000000000000000000000000000000000101001010111100
13316,365,0.352406,394,3,0
1619,367,0.357997,25,8,0000000000001010000000000000000100100000000000000000000001011000
21826,368,0.358605,0AA,8,0001101001101111000110100110111100011010011011110001101001101111
13829,369,0.358848,4C6,8,0000011100000000000000110000000000000000000000000000000000000000
35434,352,0.359498,0BA,5,1100011000000000000000000000000010111110
16597,372,0.361617,226,8,0000000000000000000100000000000000000000000000000000000000000000
11298,375,0.364563,2C1,8,0000000000000110001000110000010010011100110000000010100101111101
14288,376,0.366569,1C6,8,0000000000000000000000001111100100100010000101100000000000000000
35435,132,0.366988,0BA,5,0010100100000000000000000000011100101011
1620,378,0.367177,25,8,0000000000001010000000000000000100100000000000000000000001011000
28250,379,0.367419,24,8,0000001000000001000000100000011001000001111111011000000011110101
21827,380,0.367642,0AA,8,0001101001101111000110100110111100011010011011110001101001101111
31236,381,0.367887,4A6,8,0000000000000000000000000000000000000000000100100000000000000000
10964,382,0.368155,620,8,0001000000000000000000000000000000000000000000000000000000000000
18606,383,0.368588,0B4,8,0000000000000000000000000000000010011100000000000000000001011000
31708,385,0.370558,1C4,8,0000111010101100000110110000000000000000000000000000000010100010
7912,388,0.372154,260,8,0000000000000000000000000000000000000000000000000110101011010100
35436,259,0.374477,0BA,5,0100111100000000000000000000000000101110
1621,390,0.376893,25,8,0000000000001010000000000000000100100000000000000000000001011000
21828,392,0.37756,0AA,8,0001101001101111000110100110111100011010011011110001101001101111
35437,262,0.381967,0BA,5,1110000000111000101001000000000000110001
1622,395,0.38685,25,8,0000000000001010000000000000000100110000000000000000000001101000
28251,397,0.387204,24,8,0000001000000001000000100000110101000001111111011000000011111100
21829,398,0.387516,0AA,8,0001101001101111000110100110111100011010011011110001101001101111
18607,399,0.388506,0B4,8,0000000000000000000000000000000010011100000000000000000001011000
35438,386,0.389456,0BA,5,1100011000000000000000000000000010111110
16346,402,0.390129,3F9,8,0111010100011000000000100000001010000000000000000000000000010101
31709,403,0.390477,1C4,8,0000111011010000000110110000000000000000000000000000000011000110
7913,407,0.392066,260,8,0000000000000000000000000000000000000000000000001000001011101100
16598,408,0.392491,226,8,0000000000000000000100000000000000000000000000000000000000000000
11299,409,0.394456,2C1,8,0000000000000110001000110000010100010110110000000010100111111000
14289,410,0.39644,1C6,8,0000000000000000000000001111100110101111000101100000000000000000
35439,147,0.396946,0BA,5,0010100100000000000000000000010000101000
1623,413,0.397838,25,8,0000000000001010000000000000000101000000000000000000000001111000
21830,414,0.398444,0AA,8,0001101001101111000110100110111100011010011011110001101001101111
329,416,0.400459,320,8,0000000000100000000000000000000000000000000000000000000001001011
35440,279,0.404435,0BA,5,0100111100000000000000000000000000101110
1624,418,0.406799,25,8,0000000000001010000000000000000101010000000000000000000010001000
28252,419,0.407083,24,8,0000001000000001000000100001100001000001111111011000000000000111
21831,420,0.407407,0AA,8,0001101001101111000110100110111100011010011011110001101001101111
18608,421,0.408426,0B4,8,0000000000000000000000000000000010011100000000000000000001011000
31710,423,0.410395,1C4,8,0000111100010011000110110000000000000000000000000000000000001010
35441,282,0.411925,0BA,5,1110000000111000011000000000000011101101
7914,426,0.411956,260,8,0000000000000000000000000000000000000000000000001011000100011011
1625,429,0.416731,25,8,0000000000001010000000000000000101110000000000000000000010101000
21832,430,0.417396,0AA,8,0001101001101111000110100110111100011010011011110001101001101111
35442,415,0.419414,0BA,5,1100011000000000000000000000000010111110
13577,434,0.420019,4DD,8,0001111000000000000000000000000000000000000000000000000000000000
16599,435,0.420381,226,8,0000000000000000000100000000000000000000000000000000000000000000
11300,436,0.424324,2C1,8,0000000000000110000110010000010101010110110000000010100100101110
14290,438,0.426547,1C6,8,0000000000000000000000001111101001000011000101100000000000000000
1626,439,0.42679,25,8,0000000000001011000000000000000110110000000000000000000011101001
35443,152,0.426904,0BA,5,0010100100000000000000000000011100101011
28253,440,0.427029,24,8,0000001000000001000000100001001101000001111111011000000000000010
31372,441,0.42727,44D,8,0100001000000010000000000000000000000001000000000000000000000000
21833,442,0.427494,0AA,8,0001101001101111000110100110111100011010011011110001101001101111
18609,443,0.428383,0B4,8,0000000000000000000000000000000010011100000000000000000001011000
31711,446,0.430316,1C4,8,0000111100110001000110110000000000000000000000000000000000101000
7915,449,0.431852,260,8,0000000000000000000000000000000000000000000000001011110100100111
35444,299,0.434394,0BA,5,0100111100000000000000000000000000101110
13892,451,0.436488,622,8,0001001000000000000000000000000000000000000000000000000000000000
1627,452,0.436732,25,8,0000000000001011000000000000000111010000000000000000000000001001
21834,454,0.437324,0AA,8,0001101001101111000110100110111100011010011011110001101001101111
35445,301,0.441883,0BA,5,1110000000111000010011000000000011011001
1628,457,0.446606,25,8,0000000000001011000000000000000100010000000110010000000001100010
28254,458,0.446922,24,8,0000001000000001000000100001000101000001111111111000000000000010
21835,459,0.447275,0AA,8,0001101001101111000110100110111100011010011011110001101001101111
18610,460,0.448266,0B4,8,0000000000000000000000000000000010011100000000000000000001011000
35446,447,0.449373,0BA,5,1100011000000000000000000000000010111110
31712,462,0.450237,1C4,8,0000111101110110000110110000000000000000000000000000000001101101
7916,467,0.451769,260,8,0000000000000000000000000000000000000000000000001110110101010111
16600,468,0.452251,226,8,0000000000000000000100000000000000000000000000000000000000000000
330,469,0.453244,320,8,0000000000100000000000000000000000000000000000000000000001001011
11301,471,0.454218,2C1,8,0000000000000110000101100000010110010000110000000010100101100101
14291,472,0.456204,1C6,8,0000000000000000000000001111101011010011000101100000000000000000
1629,474,0.45681,25,8,0000000000001011000000000000000101000000001000110000000010011100
35447,168,0.456862,0BA,5,0010100100000000000000000000010000101000
21836,475,0.457237,0AA,8,0001101001101111000110100110111100011010011011110001101001101111
35448,319,0.464352,0BA,5,0100111100000000000000000000000000101110
31630,479,0.46502,389,8,0000000000100000000000000000000000000000000000000000000000000000
1630,481,0.466554,25,8,0000000000001011000000000000000101110000001000110000000011001100
28255,482,0.466844,24,8,0000001000000001000000100001110101000001111111011000000000001100
21837,483,0.467169,0AA,8,0001101001101111000110100110111100011010011011110001101001101111
18611,484,0.46819,0B4,8,0000000000000000000000000000000010011100000000000000000001011000
31713,486,0.470159,1C4,8,0000111110010111000110110000000000000000000000000000000010001110
7917,488,0.471565,260,8,0000000000000000000000000000000000000000000000010001110010000111
35449,322,0.471841,0BA,5,1110000000111000011000000000000011101101
1631,490,0.47649,25,8,0000000000001100000000000000000111000000001000010000000000011011
21838,491,0.477154,0AA,8,0001101001101111000110100110111100011010011011110001101001101111
35450,476,0.479331,0BA,5,1100011000000000000000000000000010111110
13637,495,0.47943,4B7,8,1110001001001111001000001111100000000000101111100000000100001000
16601,496,0.48014,226,8,0000000000000000000100000000000000000000000000000000000000000000
11302,497,0.484091,2C1,8,0000000000000110000011000000010111000000110000000010100110001011
14292,498,0.486095,1C6,8,0000000000000000000000001111101101011001000101110000000000000000
1632,500,0.4867,25,8,0000000000001100000000000000000100000000001010010000000001100011
35451,173,0.48682,0BA,5,0010100100000000000000000000011100101011
28256,501,0.486942,24,8,0000001000000000000000100001110101000001111110111000000000001001
21839,502,0.487165,0AA,8,0001101001101111000110100110111100011010011011110001101001101111
18612,503,0.488159,0B4,8,0000000000000000000000000000000010011100000000000000000001011000
31714,506,0.490079,1C4,8,0000111111010010000110110000000000000000000000000000000011001001
7918,509,0.491503,260,8,0000000000000000000000000000000000000000000000010001000001111011
35452,339,0.49431,0BA,5,0100111100000000000000000000000000101110
1633,513,0.496581,25,8,0000000000001100000000000000000101010000001100100000000010111100
21840,514,0.497075,0AA,8,0001101001101111000110100110111100011010011011110001101001101111
331,515,0.498117,320,8,0000000000100000000000000000000000000000000000000000000001001011
35453,342,0.501799,0BA,5,1110000000111000011111000000000000001001
1634,517,0.506365,25,8,0000000000001101000000000000000110100000001100100000000000001101
28257,518,0.506704,24,8,0000001000000001000000100001101001000001111110111000000000000111
21841,519,0.507036,0AA,8,0001101001101111000110100110111100011010011011110001101001101111
18613,520,0.508026,0B4,8,0000000000000000000000000000000010011100000000000000000001011000
35454,507,0.509289,0BA,5,1100011000000000000000000000000010111110
31715,523,0.510354,1C4,8,0000111111101101000110110000000000000000000000000000000011100100
7919,527,0.511384,260,8,0000000000000000000000000000000000000000000000010110000111001100
16602,528,0.512011,226,8,0000000000000000000100000000000000000000000000000000000000000000
11303,530,0.513981,2C1,8,0000000000000101111000000000010110111001110000000010011101010101
14293,531,0.515965,1C6,8,0000000000000000000000001111101111011110000101110000000000000000
1635,534,0.516572,25,8,0000000000001101000000000000000111100000001010010000000001000100
35455,183,0.516779,0BA,5,0010100100000000000000000000010000101000
21842,535,0.516996,0AA,8,0001101001101111000110100110111100011010011011110001101001101111
35058,330,0.519313,3D3,3,111001010000001001110001
35456,360,0.524268,0BA,5,0100111100000000000000000000000000101110
261,538,0.524786,38F,8,0000000100000000000000000000000000000000000000000000000000000000
14019,540,0.526147,442,8,0100001100000010000000000000000000000010000000000000000000000000
1636,541,0.526387,25,8,0000000000001101000000000000000100110000001100100000000010011101
28258,542,0.526628,24,8,0000001000000001000000100001111101000001111111011000000000001110
27961,543,0.526871,6C0,8,1110010000000000000000001110000010000000000000000000000000000000
21843,544,0.527095,0AA,8,0001101001101111000110100110111100011010011011110001101001101111
18614,546,0.527944,0B4,8,0000000000000000000000000000000010011100000000000000000001011000
31716,548,0.529924,1C4,8,0001000000100001000110110000000000000000000000000000000000011001
7920,550,0.531312,260,8,0000000000000000000000000000000000000000000000010110110011010111
35457,362,0.531758,0BA,5,1110000000111000100010000000000000010101
1637,552,0.536252,25,8,0000000000001101000000000000000101110000001011010000000011011000
21844,553,0.536916,0AA,8,0001101001101111000110100110111100011010011011110001101001101111
35458,536,0.539247,0BA,5,1100011000000000000000000000000010111110
16603,556,0.539901,226,8,0000000000000000000100000000000000000000000000000000000000000000
11304,558,0.543866,2C1,8,0000000000000101010111000000010110110000110000000010010011000101
14294,559,0.545857,1C6,8,0000000000000000000000001111110001101110000101110000000000000000
1638,561,0.546467,25,8,0000000000001110000000000000000111010000001100100000000000111110
28259,562,0.546706,24,8,0000001000000010000000100010100001000001111111011000000000011000
35459,192,0.546737,0BA,5,0010100100000000000000000000011100101011
21845,563,0.546929,0AA,8,0001101001101111000110100110111100011010011011110001101001101111
18615,564,0.547863,0B4,8,0000000000000000000000000000000010011100000000000000000001011000
31717,566,0.549845,1C4,8,0001000001001111000110110000000000000000000000000000000001000111
332,569,0.550853,320,8,0000000000100000000000000000000000000000000000000000000001001011
7921,570,0.551099,260,8,0000000000000000000000000000000000000000000000011000001111101110
34694,571,0.553955,380,8,0
35460,384,0.554226,0BA,5,0100111100000000000000000000000000101110
1639,574,0.556185,25,8,0000000000001110000000000000000100100000001100100000000010001110
21846,575,0.556835,0AA,8,0001101001101111000110100110111100011010011011110001101001101111
35461,387,0.561716,0BA,5,1110000000111000100010000000000000010101
1640,579,0.566151,25,8,0000000000001110000000000000000101110000001100100000000011011110
28260,580,0.566446,24,8,0000001000000010000000100010001001000001111111011000000000010010
21847,581,0.566768,0AA,8,0001101001101111000110100110111100011010011011110001101001101111
18616,582,0.567784,0B4,8,0000000000000000000000000000000010011100000000000000000001011000
35462,567,0.569205,0BA,5,1100011000000000000000000000000010111110
31718,584,0.569767,1C4,8,0001000001100101000110110000000000000000000000000000000001011101
7922,588,0.570964,260,8,0000000000000000000000000000000000000000000000011010010000001111
16604,589,0.571771,226,8,0000000000000000000100000000000000000000000000000000000000000000
11305,590,0.573745,2C1,8,0000000000000100111101100000010110101100110000000010000001010110
14295,591,0.575725,1C6,8,0000000000000000000000001111110011110010000110000000000000000000
1641,594,0.576514,25,8,0000000000001111000000000000000111010000001100100000000000111111
35463,204,0.576695,0BA,5,0010100100000000000000000000010000101000
21848,595,0.576755,0AA,8,0001101001101111000110100110111100011010011011110001101001101111
35464,400,0.584184,0BA,5,0100111100000000000000000000000000101110
1642,600,0.586074,25,8,0000000000001111000000000000000100110000001111000000000010101001
28261,601,0.586359,24,8,0000001000000001000000100010001001000001111111011000000000010001
21849,602,0.586685,0AA,8,0001101001101111000110100110111100011010011011110001101001101111
18617,603,0.587701,0B4,8,0000000000000000000000000000000010011100000000000000000001011000
31719,605,0.589688,1C4,8,0001000010010000000110110000000000000000000000000000000010001000
7923,607,0.590868,260,8,0000000000000000000000000000000000000000000000011100011000110001
35465,405,0.591674,0BA,5,1110000000111000100010000000000000010101
43640,23,0.59517,3BB,5,1010010100000000000000000000000000000000
1643,610,0.596003,25,8,0000000000010000000000000000000110100000001111000000000000011010
21850,611,0.596674,0AA,8,0001101001101111000110100110111100011010011011110001101001101111
35466,596,0.599163,0BA,5,1100011000000000000000000000000010111110
35287,18,0.599203,386,7,01001110000000000000000000000000000000000000000010110001
16605,614,0.599662,226,8,0000000000000000000100000000000000000000000000000000000000000000
333,615,0.600655,320,8,0000000000100000000000000000000000000000000000000000000001001011
11306,616,0.603609,2C1,8,0000000000000100011000110000010110010110110000000001110010101001
14296,617,0.605622,1C6,8,0000000000000000000000001111110101101101000110000000000000000000
1644,619,0.60623,25,8,0000000000010000000000000000000100000000001111000000000001111010
28262,620,0.606471,24,8,0000001000000010000000100010011001000001111110111000000000010100
35467,211,0.606653,0BA,5,0010100100000000000000000000011100101011
21851,621,0.606694,0AA,8,0001101001101111000110100110111100011010011011110001101001101111
18618,622,0.607624,0B4,8,0000000000000000000000000000000010011100000000000000000001011000
31720,625,0.609606,1C4,8,0001000010110101000110110000000000000000000000000000000010101101
7924,629,0.610862,260,8,0000000000000000000000000000000000000000000000011101110001000111
35468,422,0.614143,0BA,5,0100111100000000000000000000000000101110
1645,632,0.616113,25,8,0000000000010000000000000000000101010000001100100000000011000000
21852,633,0.616565,0AA,8,0001101001101111000110100110111100011010011011110001101001101111
35469,425,0.621632,0BA,5,1110000000111000100010000000000000010101
21594,634,0.624373,443,8,0100110100000010000000000010111100000110000000000000000000000000
1646,637,0.625911,25,8,0000000000010001000000000000000111010000010001100000000001010101
28263,638,0.626212,24,8,0000001000000010000000100010010001000001111111011000000000010100
21853,639,0.626524,0AA,8,0001101001101111000110100110111100011010011011110001101001101111
18619,640,0.627543,0B4,8,0000000000000000000000000000000010011100000000000000000001011000
35470,626,0.629122,0BA,5,1100011000000000000000000000000010111110
31721,642,0.629531,1C4,8,0001000011001000000110110000000000000000000000000000000011000000
7925,646,0.630719,260,8,0000000000000000000000000000000000000000000000011111111001101001
16606,647,0.631529,226,8,0000000000000000000100000000000000000000000000000000000000000000
11307,648,0.633507,2C1,8,0000000000000011110010010000010101100000110000000001100111010101
14297,649,0.635493,1C6,8,0000000000000000000000001111110111111010000110000000000000000000
1647,651,0.636097,25,8,0000000000010001000000000000000100110000001111000000000010101011
21854,652,0.636515,0AA,8,0001101001101111000110100110111100011010011011110001101001101111
35471,227,0.636611,0BA,5,0010100100000000000000000000010000101000
62,654,0.638505,3B7,8,1000
16347,655,0.639365,3F9,8,0111010100011000000000100000001010000000000000000000000000010101
35472,444,0.644101,0BA,5,0100111100000000000000000000000000101110
1648,659,0.645839,25,8,0000000000010010000000000000000110110000010001100000000000110110
28264,660,0.646132,24,8,0000001000000010000000100010010001000001111111011000000000010100
21855,661,0.646475,0AA,8,0001101001101111000110100110111100011010011011110001101001101111
18620,663,0.647466,0B4,8,0000000000000000000000000000000010011100000000000000000001011000
31722,665,0.649446,1C4,8,0001000011101000000110110000000000000000000000000000000011100000
334,667,0.649853,320,8,0000000000100000000000000000000000000000000000000000000001001011
14216,668,0.650448,60.0,8,1010000100000000000000000000000000000000011100000000000000000000
7926,669,0.650691,260,8,0000000000000000000000000000000000000000000000100000100101110101
13317,670,0.650845,394,3,0
35473,448,0.65159,0BA,5,1110000000111000100101000000000000100001
1649,672,0.656789,25,8,0000000000010010000000000000000100110000010010000000000010111000
21856,673,0.657401,0AA,8,0001101001101111000110100110111100011010011011110001101001101111
35474,653,0.65908,0BA,5,1100011000000000000000000000000010111110
16607,677,0.660415,226,8,0000000000000000000100000000000000000000000000000000000000000000
11308,679,0.663375,2C1,8,0000000000000011000100000000010100010011110000000001011011001100
14298,680,0.665384,1C6,8,0000000000000000000000001111111001111011000110000000000000000000
1650,682,0.665987,25,8,0000000000010011000000000000000110100000010000100000000000100011
28265,683,0.666228,24,8,0000001000000010000000100010011001000001111111011000000000010110
21857,684,0.666452,0AA,8,0001101001101111000110100110111100011010011011110001101001101111
35475,233,0.666569,0BA,5,0010100100000000000000000000011100101011
10965,685,0.666701,620,8,0001000000000000000000000000000000000000000000000000000000000000
18621,686,0.667382,0B4,8,0000000000000000000000000000000010011100000000000000000001011000
7713,688,0.669207,435,8,1000000000000101000001011111111111100000001111110000000000000011
31723,690,0.669616,1C4,8,0001000100000110000110110000000000000000000000000000000011111111
7927,692,0.670504,260,8,0000000000000000000000000000000000000000000000100001010010000000
43460,248,0.670902,423,2,10101000000000
35476,461,0.674059,0BA,5,0100111100000000000000000000000000101110
1651,696,0.675835,25,8,0000000000010011000000000000000100100000010100000000000010110001
10903,697,0.676196,436,8,0
21858,698,0.676418,0AA,8,0001101001101111000110100110111100011010011011110001101001101111
35477,464,0.681548,0BA,5,1110000000111000101100000000000000111101
1652,700,0.68567,25,8,0000000000010100000000000000000111000000010110100000000001011100
28266,701,0.685994,24,8,0000001000000001000000100010011001000001111111011000000000010101
21859,702,0.686284,0AA,8,0001101001101111000110100110111100011010011011110001101001101111
18622,703,0.687302,0B4,8,0000000000000000000000000000000010011100000000000000000001011000
35478,689,0.689038,0BA,5,1100011000000000000000000000000010111110
31724,706,0.689643,1C4,8,0001000100010001000110110000000000000000000000000000000000001010
7928,709,0.690487,260,8,0000000000000000000000000000000000000000000000100010101010010110
16608,711,0.691288,226,8,0000000000000000000100000000000000000000000000000000000000000000
11309,712,0.69333,2C1,8,0000000000000010011100000000010011010000110000000001001011100011
14299,713,0.695251,1C6,8,0000000000000000000000001111111011110011000110010000000000000000
1653,715,0.69586,25,8,0000000000010100000000000000000101000000010100000000000011010010
7774,716,0.696284,610,8,0010000000000000000000000110010011000000111111111111110101000000
21860,717,0.696506,0AA,8,0001101001101111000110100110111100011010011011110001101001101111
35479,244,0.696528,0BA,5,0010100100000000000000000000010000101000
335,719,0.698262,320,8,0000000000100000000000000000000000000000000000000000000001001011
35480,485,0.704017,0BA,5,0100111100000000000000000000000000101110
13769,720,0.704069,434,8,0100001000000000000000000000000000000000000000000000000000000000
1654,722,0.705595,25,8,0000000000010101000000000000000111100000010110100000000001111101
28267,723,0.705922,24,8,0000001000000010000000100010011001000001111111011000000000010110
21861,724,0.706205,0AA,8,0001101001101111000110100110111100011010011011110001101001101111
18623,726,0.707221,0B4,8,0000000000000000000000000000000010011100000000000000000001011000
31725,729,0.709421,1C4,8,0001000100100101000110110000000000000000000000000000000000011110
34813,731,0.70981,3C3,8,0100010000011110100100110100111011101110010110010000001110001000
7929,733,0.710262,260,8,0000000000000000000000000000000000000000000000100011011010100010
28160,735,0.711088,437,8,1111110011111111111111111111111111111111111111111111111111111111
35481,487,0.711507,0BA,5,1110000000111000110010000000000001010101
1655,737,0.71655,25,8,0000000000010110000000000000000110100000011001000000000001001000
21862,738,0.717164,0AA,8,0001101001101111000110100110111100011010011011110001101001101111
35482,718,0.718996,0BA,5,1100011000000000000000000000000010111110
16609,741,0.720173,226,8,0000000000000000000100000000000000000000000000000000000000000000
11310,742,0.723138,2C1,8,0000000000000001100011000000010001000011110000000000111001101101
31373,744,0.72493,44D,8,0100001000000010000000000000000000000001000000000000000000000000
14300,746,0.725339,1C6,8,0000000000000000000000001111111101110010000110010000000000000000
1656,747,0.72558,25,8,0000000000010110000000000000000100110000011001000000000011011000
28268,748,0.72582,24,8,0000001000000001000000100010011001000001111111011000000000010101
21863,749,0.726154,0AA,8,0001101001101111000110100110111100011010011011110001101001101111
35483,253,0.726486,0BA,5,0010100100000000000000000000011100101011
18624,750,0.727141,0B4,8,0000000000000000000000000000000010011100000000000000000001011000
31726,753,0.7293,1C4,8,0001000100110001000110110000000000000000000000000000000000101010
7930,755,0.730127,260,8,0000000000000000000000000000000000000000000000101011000100011101
35484,504,0.733975,0BA,5,0100111100000000000000000000000000101110
1657,758,0.735566,25,8,0000000000010111000000000000000111100000011001000000000010001001
21864,759,0.736084,0AA,8,0001101001101111000110100110111100011010011011110001101001101111
16279,760,0.73837,4C1,8,0000000100000000000000010000000100000000000000000000000000000000
35485,508,0.741465,0BA,5,1110000000111000110001000000000001010001
1658,764,0.745402,25,8,0000000000011000000000000000000110010000011001000000000000111010
28269,765,0.745738,24,8,0000001000000001000000100010011001000001111111011000000000010101
21865,766,0.746077,0AA,8,0001101001101111000110100110111100011010011011110001101001101111
18625,767,0.747062,0B4,8,0000000000000000000000000000000010011100000000000000000001011000
35486,752,0.748954,0BA,5,1100011000000000000000000000000010111110
31727,770,0.749224,1C4,8,0001000100110100000110110000000000000000000000000000000000101101
7931,772,0.749912,260,8,0000000000000000000000000000000000000000000000101101110101001001
16610,774,0.751048,226,8,0000000000000000000100000000000000000000000000000000000000000000
336,775,0.752046,320,8,0000000000100000000000000000000000000000000000000000000001001011
11311,776,0.753038,2C1,8,0000000000000000101001100000001110101001110000000000100111100110
14301,777,0.755024,1C6,8,0000000000000000000000001111111111110000000110010000000000000000
1659,779,0.755623,25,8,0000000000011000000000000000000101010000011110000000000000001110
21866,781,0.756037,0AA,8,0001101001101111000110100110111100011010011011110001101001101111
35487,265,0.756444,0BA,5,0010100100000000000000000000010000101000
35488,521,0.763933,0BA,5,0100111100000000000000000000000000101110
1660,785,0.765353,25,8,0000000000011001000000000000000100000000011001000000000010101011
28270,786,0.765663,24,8,0000001000000010000000100010011001000001111111011000000000010110
21867,787,0.76597,0AA,8,0001101001101111000110100110111100011010011011110001101001101111
18626,788,0.766986,0B4,8,0000000000000000000000000000000010011100000000000000000001011000
31728,790,0.768981,1C4,8,0001000100110011000110110000000000000000000000000000000000101100
7932,792,0.769818,260,8,0000000000000000000000000000000000000000000000110010000010001101
35489,524,0.771423,0BA,5,1110000000111000110000000000000001001101
1661,797,0.775349,25,8,0000000000011010000000000000000111010000011110000000000010010000
21868,798,0.775965,0AA,8,0001101001101111000110100110111100011010011011110001101001101111
35490,782,0.778913,0BA,5,1100011000000000000000000000000010111110
16611,801,0.778947,226,8,0000000000000000000100000000000000000000000000000000000000000000
35059,75,0.778969,3D3,3,011011000001001000000000
11312,802,0.782917,2C1,8,0000000000000000010110010000001101010000110000000000100000111111
14302,803,0.784923,1C6,8,0000000000000000000000000000000001100101000110100000000000000000
1662,805,0.785499,25,8,0000000000011011000000000000000110010000011011100000000001000111
28271,806,0.78574,24,8,0000001000000010000000100010011001000001111111011000000000010110
21869,807,0.785971,0AA,8,0001101001101111000110101100000100011010011011110001101001101111
35491,273,0.786402,0BA,5,0010100100000000000000000000011100101011
18627,808,0.786914,0B4,8,0000000000000000000000000000000010011100000000000000000001011000
31729,812,0.789069,1C4,8,0001000100101001000110110000000000000000000000000000000000100010
7933,814,0.789755,260,8,0000000000000000000000000000000000000000000000111000010111110010
35492,547,0.793892,0BA,5,0100111100000000000000000000000000101110
1663,817,0.795242,25,8,0000000000011011000000000000000101100000100000100000000000101011
21870,818,0.795889,0AA,8,0001101011000110000110101101110000011010011011110001101001101111
337,819,0.796875,320,8,0000000000100000000000000000000000000000000000000000000001001011
35493,549,0.801381,0BA,5,1110000000111000110011000000000001011001
1664,822,0.805349,25,8,0000000000011100000000000000000100110000011110000000000011110010
28272,823,0.805591,24,8,0000001000000010000000100010011001000001111111011000000000010110
21871,824,0.80585,0AA,8,0001101011100000000110101101110000011010011011110001101010111001
18628,825,0.806834,0B4,8,0000000000000000000000000000000010011100000000000000000001011000
31730,827,0.808831,1C4,8,0001000100010110000110110000000000000000000000000000000000001111
35494,811,0.808871,0BA,5,1100011000000000000000000000000010111110
7934,831,0.809618,260,8,0000000000000000000000000000000000000000000000111110100101010110
16612,833,0.810823,226,8,0000000000000000000100000000000000000000000000000000000000000000
11313,835,0.812816,2C1,8,0000000000000000001100110000001010011100110000000000100001100100
13958,836,0.813651,38E,8,0
27962,837,0.814471,6C0,8,1110010000000000000000001110000010000000000000000000000000000000
14303,838,0.814793,1C6,8,0000000000000000000000000000000011010110000110100000000000000000
1665,840,0.815377,25,8,0000000000011101000000000000000100010000100000100000000011011101
21872,841,0.815815,0AA,8,0001101011100000000110101101110000011010011011110001101011000011
35495,288,0.81636,0BA,5,0010100100000000000000000000010000101000
35496,565,0.82385,0BA,5,0100111100000000000000000000000000101110
14020,844,0.824719,442,8,0100001100000010000000000000000000000010000000000000000000000000
1666,846,0.825323,25,8,0000000000011110000000000000000100000000100011000000000011011000
28273,847,0.825567,24,8,0000001000000010000000100010011001000001111111111000000000011000
21873,848,0.825798,0AA,8,0001101011100000000110101101110000011010011011110001101011000011
18629,849,0.826758,0B4,8,0000000000000000000000000000000010011100000000000000000001011000
31731,851,0.829105,1C4,8,0001000100001000000110110000000000000000000000000000000000000001
7935,853,0.829558,260,8,0000000000000000000000000000000000000000000001000000101101111001
35497,568,0.831339,0BA,5,1110000000111000110011000000000001011001
1667,855,0.835068,25,8,0000000000011111000000000000000111100000100000100000000010101111
21874,856,0.835742,0AA,8,0001101011100000000110101101110000011010110100110001101011000011
16613,861,0.838718,226,8,0000000000000000000100000000000000000000000000000000000000000000
35498,842,0.838829,0BA,5,1100011000000000000000000000000010111110
11314,864,0.842697,2C1,8,0000000000000000001000000000001000000110110000000000100010111011
14304,866,0.844861,1C6,8,0000000000000000000000000000000101001000000110100000000000000000
1668,867,0.8451,25,8,0000000000100000000000000000000111010000100011000000000010101010
28274,868,0.845366,24,8,0000001000000010000000100010011001000001111111011000000000010110
21875,869,0.8457,0AA,8,0001101011100000000110101101110000011010111100100001101011000011
35499,293,0.846318,0BA,5,0010100100000000000000000000011100101011
18630,870,0.846682,0B4,8,0000000000000000000000000000000010011100000000000000000001011000
31732,873,0.848841,1C4,8,0001000011101001000110110000000000000000000000000000000011100001
7936,875,0.849429,260,8,0000000000000000000000000000000000000000000001000010000110001111
338,876,0.849674,320,8,0000000000100000000000000000000000000000000000000000000001001011
35500,583,0.853808,0BA,5,0100111100000000000000000000000000101110
1669,880,0.854986,25,8,0000000000100001000000000000000111000000100011000000000010011011
21876,881,0.855664,0AA,8,0001101011110000000110101111110000011010111100100001101011000011
35501,586,0.861298,0BA,5,1110000000111000110011000000000001011001
1670,884,0.864943,25,8,0000000000100010000000000000000111000000100101100000000010100110
28275,885,0.865293,24,8,0000001000000010000000100010011001000001111111111000000000011000
21877,886,0.865626,0AA,8,0001101100000001000110101111110000011010111100100001101011011010
18631,887,0.866606,0B4,8,0000000000000000000000000000000010011100000000000000000001011000
31733,890,0.868767,1C4,8,0001000011000000000110110000000000000000000000000000000010111000
35502,872,0.868787,0BA,5,1100011000000000000000000000000010111110
7937,892,0.869384,260,8,0000000000000000000000000000000000000000000001000100111010111100
16614,895,0.870593,226,8,0000000000000000000100000000000000000000000000000000000000000000
11315,896,0.872594,2C1,8,0000000000000000000011000000000110001100110000000000100000101100
13703,897,0.873425,3A5,8,100000000
14305,898,0.874569,1C6,8,0000000000000000000000000000000110110010000110100000000000000000
1671,900,0.875144,25,8,0000000000100011000000000000000111000000100101100000000010100111
21878,901,0.875593,0AA,8,0001101100000001000110101111110000011010111100100001101011110010
35503,303,0.876277,0BA,5,0010100100000000000000000000010000101000
35504,604,0.883766,0BA,5,0100111100000000000000000000000000101110
1672,904,0.884927,25,8,0000000000100100000000000000000111000000100101100000000010101000
28276,905,0.885241,24,8,0000001000000010000000100010011001000001111111111000000000011000
21879,906,0.885522,0AA,8,0001101100000001000110101111110000011010111100100001101011110010
18632,908,0.886605,0B4,8,0000000000000000000000000000000010011100000000000000000001011000
16348,910,0.888197,3F9,8,0111010100011000000000100000001010000000000000000000000000010101
31734,911,0.888677,1C4,8,0001000010101000000110110000000000000000000000000000000010100000
7938,913,0.889307,260,8,0000000000000000000000000000000000000000000001001100100100110111
35505,606,0.891256,0BA,5,1110000000111000110011000000000001011001
43641,433,0.892754,3BB,5,0111000000000000000000001001111100000000
1673,915,0.894841,25,8,0000000000100101000000000000000111010000101000000000000011000011
21880,916,0.895515,0AA,8,0001101100000001000110101111110000011010111100100001101011110010
31311,917,0.896416,640,8,1010100000000000000000000011011100000001110111010000000000000000
16615,920,0.898492,226,8,0000000000000000000100000000000000000000000000000000000000000000
35506,902,0.898745,0BA,5,1100011000000000000000000000000010111110
339,921,0.899484,320,8,0000000000100000000000000000000000000000000000000000000001001011
11316,922,0.902462,2C1,8,0000000000000000000001100000000100111100110000000000100011010110
34997,924,0.903311,413,8,0000000100000001000000010000100100000000000000000000000000000000
14306,927,0.904469,1C6,8,0000000000000000000000000000001000010101000110110000000000000000
1674,929,0.905053,25,8,0000000000100110000000000000000111100000101000000000000011010100
28277,930,0.905296,24,8,0000001000000011000000100010011001000001111111111000000000011001
21881,931,0.905529,0AA,8,0001101100000001000110110000100000011011000001100001101011110010
35507,314,0.906235,0BA,5,0010100100000000000000000000011100101011
18633,932,0.906455,0B4,8,0000000000000000000000000000000010011100000000000000000001011000
31735,935,0.908616,1C4,8,0001000001110010000110110000000000000000000000000000000001101010
7939,937,0.909172,260,8,0000000000000000000000000000000000000000000001001001000111111111
35508,623,0.913724,0BA,5,0100111100000000000000000000000000101110
1675,941,0.91476,25,8,0000000000100111000000000000000100000000101010100000000011111111
21882,942,0.915433,0AA,8,0001101100011001000110110001010000011011000001100001101011110010
35509,627,0.921214,0BA,5,1110000000111000110011000000000001011001
21595,944,0.923223,443,8,0100110100000010000000000010111100000110000000000000000000000000
1676,946,0.924726,25,8,0000000000101000000000000000000100100000101010100000000000100000
28278,947,0.925068,24,8,0000001000000011000000100010011001000001111111111000000000011001
21883,948,0.925393,0AA,8,0001101100011001000110110001010000011011000001100001101100010111
18634,949,0.926381,0B4,8,0000000000000000000000000000000010011100000000001001001011101010
31736,952,0.928539,1C4,8,0001000000110111000110110000000000000000000000000000000000101111
35510,934,0.928703,0BA,5,1100011000000000000000000000000010111110
7940,954,0.928977,260,8,0000000000000000000000000000000000000000000001001110000001001110
34754,956,0.93029,4DF,8,0010000000000000000000000000000100000000000000000000000000000000
16616,957,0.930537,226,8,0000000000000000000100000000000000000000000000000000000000000000
11317,958,0.932372,2C1,8,0000000000000000000000110000000011111001110000000000100010001111
14307,959,0.934348,1C6,8,0000000000000000000000000000001001111110000110110000000000000000
1677,961,0.934931,25,8,0000000000101001000000000000000101010000101101000000000001011011
21884,962,0.935356,0AA,8,0001101100011001000110110001010000011011000001100001101100010111
35511,326,0.936193,0BA,5,0010100100000000000000000000010000101000
63,965,0.937345,3B7,8,1000
35512,641,0.943683,0BA,5,0100111100000000000000000000000000101110
1678,967,0.944697,25,8,0000000000101011000000000000000110010000101101000000000010011101
28279,968,0.944993,24,8,0000001000000011000000100010011001000001111111111000000000011001
21885,969,0.945291,0AA,8,0001101100011001000110110001010000011011000001100001101100010111
18635,970,0.946299,0B4,8,0000000000000000000000000000000010011100000000001001100011110000
340,972,0.948301,320,8,0000000000100000000000000000000000000000000000000000000001001011
31737,973,0.948546,1C4,8,0001000000011000000110110000000000000000000000000000000000010000
7941,975,0.948952,260,8,0000000000000000000000000000000000000000000001010101101111001010
13318,976,0.949108,394,3,0
35513,644,0.951172,0BA,5,1110000000111000110011000000000001011001
1679,979,0.954612,25,8,0000000000101100000000000000000111000000101101000000000011001110
21886,980,0.955285,0AA,8,0001101100100100000110110001111100011011000110010001101100010111
16617,983,0.958264,226,8,0000000000000000000100000000000000000000000000000000000000000000
35514,964,0.958662,0BA,5,1100011000000000000000000000000010111110
11318,985,0.962242,2C1,8,0000000011111111111101000000000011000110110000000000011101001011
14308,986,0.964248,1C6,8,0000000000000000000000000000001011100001000110110000000000000000
1680,988,0.964828,25,8,0000000000101101000000000000000100000000101111100000000000011001
28280,989,0.965071,24,8,0000001000000011000000100010011001000001111111111000000000011001
21887,990,0.965297,0AA,8,0001101100110000000110110010101100011011000110010001101100010111
10966,991,0.965546,620,8,0001000000000000000000000000000000000000000000000000000000000000
35515,334,0.966151,0BA,5,0010100100000000000000000000011100101011
18636,992,0.966225,0B4,8,0000000000000000000000000000000010011100000000001001111011110110
31738,997,0.968516,1C4,8,0000111111010111000110110000000000000000000000000000000011001110
7942,999,0.968923,260,8,0000000000000000000000000000000000000000000001010100111110111110
35516,664,0.973641,0BA,5,0100111100000000000000000000000000101110
1681,1003,0.974562,25,8,0000000000101110000000000000000101000000101111100000000001011010
21888,1004,0.975208,0AA,8,0001101100110000000110110010101100011011000110010001101100101101
35517,666,0.98113,0BA,5,1110000000111000110011000000000001011001
1682,1007,0.984548,25,8,0000000000110000000000000000000110010000101111100000000010101100
28281,1008,0.984844,24,8,0000001000000011000000100010011001000001111111111000000000011001
21889,1009,0.985141,0AA,8,0001101100110000000110110010101100011011000110010001101100101101
18637,1010,0.986149,0B4,8,0000000000000000000000000000000010011100000000001010111000000110
31739,1014,0.988315,1C4,8,0000111110110011000110110000000000000000000000000000000010101010
35518,996,0.98862,0BA,5,1100011000000000000000000000000010111110
7943,1016,0.988719,260,8,0000000000000000000000000000000000000000000001010111110011101011
16618,1018,0.990139,226,8,0000000000000000000100000000000000000000000000000000000000000000
27799,1019,0.991128,420,8,0000000000000000000000000000000011111111000000001000000010101011
11319,1020,0.992143,2C1,8,0000000011111111111001110000000010101001110000000000011100100001
14309,1021,0.994137,1C6,8,0000000000000000000000000000001100111100000111000000000000000000
1683,1023,0.995515,25,8,0000000000110001000000000000000111110000101111100000000000001101
21890,1024,0.9961,0AA,8,0001101100110000000110110010101100011011001011000001101100101101
35519,349,0.996109,0BA,5,0010100100000000000000000000010000101000
341,1026,0.998165,320,8,0000000000100000000000000000000000000000000000000000000001001011
43399,5,0.998674,3000000.0,6,110000010000101101111010000000010000000000000000
35520,687,1.003599,0BA,5,0100111100000000000000000000000000101110
1684,1029,1.004446,25,8,0000000000110010000000000000000100100000110010000000000001001000
28282,1030,1.004764,24,8,0000001000000100000000100010011001000010000000001000000000011100
21891,1031,1.005097,0AA,8,0001101101000100000110110011111100011011001111110001101100101101
18638,1032,1.006075,0B4,8,0000000000000000000000000000000010011100000000001010111000000110
43461,312,1.006353,423,2,1000100000000
7593,1034,1.007499,3BC,8,0
31740,1036,1.008276,1C4,8,0000111101101011000110110000000000000000000000000000000001100010
7944,1038,1.008682,260,8,0000000000000000000000000000000000000000000001011000011111110110
35521,691,1.011088,0BA,5,1110000000111000110011000000000001011001
1685,1040,1.014415,25,8,0000000000110011000000000000000101100000101111100000000001111111
21892,1041,1.015055,0AA,8,0001101101000100000110110011111100011011001111110001101100110110
16619,1045,1.018038,226,8,0000000000000000000100000000000000000000000000000000000000000000
35522,1025,1.018578,0BA,5,1100011000000000000000000000000010111110
11320,1046,1.022019,2C1,8,0000000011111111111011010000000010010000110000000000011100001110
31374,1047,1.023295,44D,8,0100001000000010000000000000000000000001000000000000000000000000
14310,1048,1.024017,1C6,8,0000000000000000000000000000001110010010000111000000000000000000
1686,1050,1.024593,25,8,0000000000110101000000000000000110110000101111100000000011010001
28283,1051,1.02483,24,8,0000001000000100000000100010011001000010000000001000000000011100
21893,1052,1.025065,0AA,8,0001101101000100000110110011111100011011001111110001101100111111
18639,1053,1.025999,0B4,8,0000000000000000000000000000000010100000000000001011111100011011
35523,354,1.026067,0BA,5,0010100100000000000000000000011100101011
31741,1056,1.028165,1C4,8,0000111101000101000110110000000000000000000000000000000000111100
7945,1058,1.028568,260,8,0000000000000000000000000000000000000000000001011011010000100011
27860,1059,1.032122,4DC,8,0001110100000000000000000000000000000000000000000000000000000000
35524,704,1.033557,0BA,5,0100111100000000000000000000000000101110
1687,1065,1.03436,25,8,0000000000110110000000000000000100000000110010000000000000101100
21894,1066,1.034956,0AA,8,0001101101000100000110110011111100011011001111110001101100111111
35060,860,1.038625,3D3,3,111001010000010110010000
35525,707,1.041047,0BA,5,1110000000111000110100000000000001011101
1688,1068,1.044296,25,8,0000000000110111000000000000000101010000110010000000000001111101
28284,1069,1.044615,24,8,0000001000000100000000100010011001000010000000001000000000011100
21895,1070,1.044937,0AA,8,0001101101010111000110110100011100011011010100100001101100111111
18640,1071,1.045921,0B4,8,0000000000000000000000000000000010100000000000001011111100011011
31742,1074,1.048131,1C4,8,0000111011111001000110110000000000000000000000000000000011101111
7946,1076,1.048485,260,8,0000000000000000000000000000000000000000000001011110000101010000
35526,1055,1.048536,0BA,5,1100011000000000000000000000000010111110
16620,1079,1.04991,226,8,0000000000000000000100000000000000000000000000000000000000000000
342,1080,1.050905,320,8,0000000000100000000000000000000000000000000000000000000001001011
11321,1081,1.051918,2C1,8,0000000000000000000000110000000001111001110000000000011100001110
1524,1083,1.052758,6F3,8,0010000000000000000000000000000000000000000000000000000000000000
14311,1085,1.054074,1C6,8,0000000000000000000000000000001111100011000111000000000000000000
1689,1086,1.054314,25,8,0000000000111001000000000000000111000000110100100000000011111001
21896,1087,1.0549,0AA,8,0001101101010111000110110101000000011011010100100001101101001000
35527,366,1.056026,0BA,5,0010100100000000000000000000010000101000
34933,1090,1.057878,4C3,8,0000001100000000000000000000000100000000000000000000000000000000
35528,727,1.063515,0BA,5,0100111100000000000000000000000000101110
1690,1092,1.064242,25,8,0000000000111010000000000000000100100000110100100000000001011010
28285,1093,1.064542,24,8,0000001000000101000000100010011001000010000000011000000000011110
21897,1094,1.064834,0AA,8,0001101101010111000110110101000000011011010100100001101101010010
18641,1095,1.065851,0B4,8,0000000000000000000000000000000010100000000000001101011000110010
13517,1098,1.067171,399,8,0000000000000000000000000000000000000000111111110000000000000000
31743,1099,1.067856,1C4,8,0000111011010001000110110000000000000000000000000000000011000111
7947,1101,1.068262,260,8,0000000000000000000000000000000000000000000001011110000101010000
35529,730,1.071005,0BA,5,1110000000111000110011000000000001011001
1691,1103,1.074179,25,8,0000000000111011000000000000000101110000110010000000000010100001
21898,1104,1.074825,0AA,8,0001101101010111000110110101000000011011010110010001101101010010
16621,1107,1.077806,226,8,0000000000000000000100000000000000000000000000000000000000000000
31570,1108,1.078051,633,8,1000000100000000000000000000000000000000000000000000000000000000
35530,1088,1.078494,0BA,5,1100011000000000000000000000000010111110
11165,1109,1.080251,39A,8,0000000000000000000000000010000100000000000000000000000000000000
11322,1110,1.081795,2C1,8,0000000011111111110100000000000001010110110000000000011010110110
14312,1113,1.083795,1C6,8,0000000000000000000000000000010000101110000111000000000000000000
1692,1115,1.084375,25,8,0000000000111101000000000000000111100000110100100000000000011101
28286,1116,1.084614,24,8,0000001000000101000000100010011001000010000000011000000000011110
21899,1117,1.084842,0AA,8,0001101101101001000110110101111100011011011000010001101101010010
18642,1118,1.08577,0B4,8,0000000000000000000000000000000010100000000000001101011000110010
35531,377,1.085984,0BA,5,0010100100000000000000000000011100101011
1,1120,1.087474,3B1,8,0000000000000000000000100000101000000000000010000000000000000000
31744,1122,1.087937,1C4,8,0000111010000000000110110000000000000000000000000000000001110110
7948,1124,1.088348,260,8,0000000000000000000000000000000000000000000001011100101000111001
35532,751,1.093473,0BA,5,0100111100000000000000000000000000101110
1693,1127,1.094105,25,8,0000000000111110000000000000000100110000110010000000000001100100
21900,1128,1.09475,0AA,8,0001101101101001000110110101111100011011011000010001101101011001
343,1129,1.095734,320,8,0000000000100000000000000000000000000000000000000000000001001011
35533,754,1.100963,0BA,5,1110000000111000110011000000000001011001
1694,1134,1.104093,25,8,0000000001000000000000000000000110010000110010000000000011000110
28287,1135,1.104416,24,8,0000001000000111000000100010011001000010000000011000000000100000
21901,1136,1.104681,0AA,8,0001101101101001000110110101111100011011011000010001101101100001
18643,1137,1.105694,0B4,8,0000000000000000000000000000000010100000000000001110011101000011
31745,1140,1.107853,1C4,8,0000111001010101000110110000000000000000000000000000000001001011
7949,1142,1.108262,260,8,0000000000000000000000000000000000000000000001011111011101100110
35534,1121,1.108452,0BA,5,1100011000000000000000000000000010111110
16622,1144,1.109683,226,8,0000000000000000000100000000000000000000000000000000000000000000
11323,1146,1.111693,2C1,8,0000000011111111110011010000000001010011110000000000011010110000
27963,1148,1.112802,6C0,8,1110010000000000000000001110000010000000000000000000000000000000
14313,1150,1.113833,1C6,8,0000000000000000000000000000010001110101000111010000000000000000
1695,1151,1.114082,25,8,0000000001000001000000000000000111010000101111100000000011111101
21902,1152,1.114678,0AA,8,0001101101110000000110110101111100011011011010100001101101100001
35535,389,1.115942,0BA,5,0010100100000000000000000000010000101000
35536,768,1.123432,0BA,5,0100111100000000000000000000000000101110
14021,1155,1.123474,442,8,0100001100000010000000000000000000000010000000000000000000000000
1696,1157,1.124046,25,8,0000000001000010000000000000000100010000101111100000000000111110
28288,1158,1.124314,24,8,0000001000000111000000100010011001000010000000111000000000100010
21903,1159,1.124604,0AA,8,0001101101111000000110110110111000011011011100110001101101100001
18644,1160,1.125619,0B4,8,0000000000000000000000000000000010100000000000001110011101000011
31746,1162,1.127632,1C4,8,0000111000000001000110110000000000000000000000000000000011110111
7950,1164,1.128044,260,8,0000000000000000000000000000000000000000000001100000111001111110
35537,771,1.130921,0BA,5,1110000000111000110011000000000001011001
1697,1167,1.13498,25,8,0000000001000011000000000000000101110000101111100000000010011111
21904,1168,1.135569,0AA,8,0001101101111000000110110110111000011011011100110001101101100111
16349,1171,1.138031,3F9,8,0111010100011000000000100000001010000000000000000000000000010101
35538,1154,1.138411,0BA,5,1100011000000000000000000000000010111110
16623,1172,1.138575,226,8,0000000000000000000100000000000000000000000000000000000000000000
11324,1173,1.141572,2C1,8,0000000011111111110110100000000001010000110000000000011010111010
14314,1176,1.143719,1C6,8,0000000000000000000000000000010010111000000111010000000000000000
1698,1177,1.143957,25,8,0000000001000101000000000000000110010000101100010000000010110100
28289,1178,1.144239,24,8,0000001000001000000000100010011001000010000000111000000000100011
21905,1179,1.144559,0AA,8,0001101101111000000110110110111000011011011100110001101101101110
18645,1180,1.145541,0B4,8,0000000000000000000000000000000010100000000000001111001001001110
35539,394,1.1459,0BA,5,0010100100000000000000000000011100101011
31747,1184,1.147886,1C4,8,0000110111010110000110110000000000000000000000000000000011001011
7951,1186,1.148295,260,8,0000000000000000000000000000000000000000000001100000001001110010
344,1187,1.148536,320,8,0000000000100000000000000000000000000000000000000000000001001011
35540,789,1.15339,0BA,5,0100111100000000000000000000000000101110
1699,1190,1.153879,25,8,0000000001000110000000000000000111010000101111100000000000000010
21906,1191,1.154529,0AA,8,0001101110001001000110110111010000011011100000010001101101101110
35541,791,1.160879,0BA,5,1110000000111000111010000000000001110101
1700,1196,1.163836,25,8,0000000001000111000000000000000100010000101111100000000001000011
28290,1198,1.164253,24,8,0000001000001000000000100010011001000010000000111000000000100011
21907,1199,1.164485,0AA,8,0001101110001001000110110111101000011011100000010001101101101110
31237,1200,1.165265,4A6,8,0000000000000000000000000000000000000000000100100000000000000000
18646,1201,1.165509,0B4,8,0000000000000000000000000000000010100000000000001111110101011001
31748,1204,1.167629,1C4,8,0000110110101100000110110000000000000000000000000000000010100001
7952,1206,1.168043,260,8,0000000000000000000000000000000000000000000001100001100110001001
35542,1182,1.168369,0BA,5,1100011000000000000000000000000010111110
16624,1208,1.169455,226,8,0000000000000000000100000000000000000000000000000000000000000000
11325,1209,1.171472,2C1,8,0000000011111111111000000000000001010011110000000000011011000011
13289,1210,1.172287,30000000.0,7,0
14315,1212,1.173607,1C6,8,0000000000000000000000000000010011110110000111010000000000000000
1701,1213,1.173848,25,8,0000000001001000000000000000000101010000101111100000000010000100
21908,1214,1.174446,0AA,8,0001101110001001000110110111101000011011100000010001101101111010
35543,412,1.175858,0BA,5,0010100100000000000000000000010000101000
35544,809,1.183348,0BA,5,0100111100000000000000000000000000101110
1702,1218,1.183791,25,8,0000000001001010000000000000000110100000101111100000000011010110
28291,1219,1.184092,24,8,0000001000001001000000100010010001000010000000111000000000100010
21909,1220,1.184379,0AA,8,0001101110011000000110110111101000011011100100000001101101111010
18647,1221,1.185395,0B4,8,0000000000000000000000000000000010100000000000010000001101100000
31749,1223,1.187484,1C4,8,0000110101010101000110110000000000000000000000000000000001001010
7953,1225,1.187895,260,8,0000000000000000000000000000000000000000000001100011101010101010
43642,33,1.190339,3BB,5,1011101100000000000000000000000000100110
35545,813,1.190837,0BA,5,1110000000111000110111000000000001101001
1703,1227,1.193839,25,8,0000000001001011000000000000000111100000101111100000000000010111
21910,1228,1.194374,0AA,8,0001101110011000000110111000100100011011100100000001101101111010
7775,1229,1.195138,610,8,0010000000000000000000110110010011000000111111111111110101000000
16625,1233,1.197352,226,8,0000000000000000000100000000000000000000000000000000000000000000
35546,1215,1.198327,0BA,5,1100011000000000000000000000000010111110
345,1234,1.198346,320,8,0000000000100000000000000000000000000000000000000000000001001011
35288,59,1.198407,386,7,10100100000000000000000000000000000000000000000010000000
11326,1235,1.201347,2C1,8,0000000011111111111001000000000001000000110000000000011010110100
27940,1236,1.202197,300000000.0,8,0
14316,1238,1.203491,1C6,8,0000000000000000000000000000010100110000000111100000000000000000
1704,1239,1.203733,25,8,0000000001001100000000000000000100010000101101000000000000111110
28292,1240,1.204016,24,8,0000001000001010000000100010010001000010000000111000000000100011
21911,1241,1.20434,0AA,8,0001101110011000000110111000100100011011100100000001101110000001
18648,1242,1.205315,0B4,8,0000000000000000000000000000000010100000000000010000111001101011
35547,417,1.205817,0BA,5,0010100100000000000000000000011100101011
31750,1245,1.207479,1C4,8,0000110100101010000110110000000000000000000000000000000000011111
7954,1247,1.207888,260,8,0000000000000000000000000000000000000000000001011111011101100110
34814,1248,1.20812,3C3,8,0100010000011110100100110100111011101110010001100111100101110000
35548,826,1.213306,0BA,5,0100111100000000000000000000000000101110
1705,1253,1.21365,25,8,0000000001001101000000000000000101010000101111100000000010001001
21912,1254,1.214289,0AA,8,0001101110011110000110111000100100011011100101110001101110001001
35549,829,1.220796,0BA,5,1110000000111000111011000000000001111001
21596,1255,1.222103,443,8,0100110100000010000000000010111100000110000000000000000000000000
1706,1257,1.223637,25,8,0000000001001111000000000000000110010000101101000000000011000001
28293,1258,1.223941,24,8,0000001000001010000000100010011001000010000000111000000000100101
21913,1259,1.224227,0AA,8,0001101110100100000110111000111000011011100111110001101110001001
18649,1261,1.225236,0B4,8,0000000000000000000000000000000010100000000000010001010001110001
31751,1264,1.227283,1C4,8,0000110011111100000110110000000000000000000000000000000011110000
7955,1267,1.227859,260,8,0000000000000000000000000000000000000000000001011111011101100110
35550,1244,1.228285,0BA,5,1100011000000000000000000000000010111110
16626,1270,1.229367,226,8,0000000000000000000100000000000000000000000000000000000000000000
11327,1271,1.231247,2C1,8,0000000011111111111010100000000001000011110000000000011010111101
27920,1272,1.232094,3000000000.0,8,0
14317,1274,1.233381,1C6,8,0000000000000000000000000000010101101000000111100000000000000000
1707,1275,1.233623,25,8,0000000001010000000000000000000111000000101101000000000011110010
21914,1276,1.234226,0AA,8,0001101110100100000110111001001100011011100111110001101110001111
35551,428,1.235775,0BA,5,0010100100000000000000000000010000101000
64,1278,1.236205,3B7,8,1000
35552,850,1.243264,0BA,5,0100111100000000000000000000000000101110
1708,1281,1.243562,25,8,0000000001010001000000000000000111110000101101000000000000100011
28294,1282,1.243867,24,8,0000001000001011000000100010010001000010000000111000000000100100
21915,1283,1.244147,0AA,8,0001101110101011000110111001001100011011101001010001101110010101
18650,1284,1.245164,0B4,8,0000000000000000000000000000000010100000000000010001111101111100
346,1287,1.247159,320,8,0000000000100000000000000000000000000000000000000000000001001011
31752,1288,1.247401,1C4,8,0000110010100000000110110000000000000000000000000000000010010100
7956,1290,1.247811,260,8,0000000000000000000000000000000000000000000001100000111001111110
13319,1291,1.247966,394,3,0
35553,852,1.250754,0BA,5,1110000000111000111011000000000001111001
1709,1293,1.253496,25,8,0000000001010010000000000000000100100000101101000000000001010100
21916,1294,1.25414,0AA,8,0001101110110011000110111001100100011011101011000001101110010101
16627,1297,1.257124,226,8,0000000000000000000100000000000000000000000000000000000000000000
35554,1277,1.258243,0BA,5,1100011000000000000000000000000010111110
11328,1299,1.261121,2C1,8,0000000011111111111100000000000000111001110000000000011010111001
11225,1301,1.262228,4C8,8,0000100100000000000000000000000000000000000000000000000000000000
14318,1303,1.263301,1C6,8,0000000000000000000000000000010110011100000111100000000000000000
1710,1304,1.263538,25,8,0000000001010011000000000000000101010000101101000000000010000101
28295,1305,1.263792,24,8,0000001000001011000000100010010001000010000000111000000000100100
7654,1306,1.264033,611,8,0010000100000000000000000001000000000000000000000011110101101100
21917,1307,1.26426,0AA,8,0001101110110011000110111001111100011011101011000001101110010101
18651,1308,1.265086,0B4,8,0000000000000000000000000000000010100000000000010010010110000010
35555,437,1.265733,0BA,5,0010100100000000000000000000011100101011
31753,1311,1.26725,1C4,8,0000110001110000000110110000000000000000000000000000000001100100
7957,1313,1.267656,260,8,0000000000000000000000000000000000000000000001011111011101100110
35556,871,1.273222,0BA,5,0100111100000000000000000000000000101110
1711,1316,1.27342,25,8,0000000001010101000000000000000110010000101101000000000011000111
21918,1317,1.27408,0AA,8,0001101110111111000110111001111100011011101100100001101110011111
10967,1318,1.275799,620,8,0001000000000000000000000000000000000000000000000000000000000000
35557,874,1.280712,0BA,5,1110000000111000111111000000000010001001
1712,1321,1.28338,25,8,0000000001010110000000000000000111010000101111100000000000010010
28296,1322,1.283739,24,8,0000001000001100000000100010010001000010000000111000000000100101
21919,1323,1.284033,0AA,8,0001101110111111000110111010010100011011101110000001101110011111
18652,1324,1.28501,0B4,8,0000000000000000000000000000000010100000000000010011000010001101
7958,1326,1.286952,260,8,0000000000000000000000000000000000000000000001011011010000100011
31754,1327,1.287194,1C4,8,0000110001000001000110110000000000000000000000000000000000110101
35558,1310,1.288202,0BA,5,1100011000000000000000000000000010111110
16628,1331,1.289001,226,8,0000000000000000000100000000000000000000000000000000000000000000
11329,1333,1.291022,2C1,8,0000000000000000000000000000000000111100110000000000011011001101
14319,1336,1.293156,1C6,8,0000000000000000000000000000010111001101000111110000000000000000
1713,1337,1.293408,25,8,0000000001010111000000000000000100000000101101000000000000111001
21920,1338,1.294003,0AA,8,0001101110111111000110111010110000011011101110000001101110011111
35559,450,1.295691,0BA,5,0010100100000000000000000000010000101000
347,1341,1.295973,320,8,0000000000100000000000000000000000000000000000000000000001001011
35061,144,1.298282,3D3,3,011011000001001000000000
35560,888,1.303181,0BA,5,0100111100000000000000000000000000101110
1714,1343,1.303335,25,8,0000000001011000000000000000000101000000101111100000000010000100
28297,1344,1.303665,24,8,0000001000001100000000100010010001000010000000111000000000100101
21921,1345,1.303925,0AA,8,0001101111001100000110111010110000011011110001000001101110101001
18653,1346,1.304933,0B4,8,0000000000000000000000000000000010100100000000010011010110010110
7959,1348,1.306844,260,8,0000000000000000000000000000000000000000000001100000001001110010
31755,1350,1.307293,1C4,8,0000110000010001000110110000000000000000000000000000000000000101
35561,891,1.31067,0BA,5,1110000000111001000010000000000010010110
1715,1355,1.313268,25,8,0000000001011001000000000000000101110000101101000000000010101011
21922,1356,1.313915,0AA,8,0001101111001100000110111011000100011011110001000001101110101001
13830,1357,1.314833,4C6,8,0000011100000000000000110000000000000000000000000000000000000000
16629,1360,1.316897,226,8,0000000000000000000100000000000000000000000000000000000000000000
35562,1340,1.31816,0BA,5,1100011000000000000000000000000010111110
11330,1361,1.320898,2C1,8,0000000000000000000110010000000001000000110000000000011111101011
14320,1363,1.323069,1C6,8,0000000000000000000000000000011000000001000111110000000000000000
1716,1364,1.323314,25,8,0000000001011011000000000000000111000000101111100000000000000111
28298,1365,1.32357,24,8,0000001000001101000000100010001001000010000001011000000000100110
21923,1366,1.323848,0AA,8,0001101111010001000110111011011000011011110001000001101110101001
18654,1367,1.324855,0B4,8,0000000000000000000000000000000010100100000000010011101110011100
35563,456,1.325649,0BA,5,0010100100000000000000000000011100101011
31375,1369,1.326604,44D,8,0100001000000010000000000000000000000001000000000000000000000000
7960,1370,1.326845,260,8,0000000000000000000000000000000000000000000001011101011001000101
31756,1373,1.327443,1C4,8,0000101111100000000110110000000000000000000000000000000011010011
35564,909,1.333139,0BA,5,0100111100000000000000000000000000101110
1717,1377,1.333199,25,8,0000000001011100000000000000000111110000101101000000000000101110
21924,1378,1.333838,0AA,8,0001101111010110000110111011011000011011110011100001101110110011
35565,912,1.340628,0BA,5,1110000000111001000011000000000010011010
43462,137,1.341804,423,2,11100000000
1718,1380,1.343156,25,8,0000000001011101000000000000000100110000101111100000000001111001
28299,1382,1.343617,24,8,0000001000001110000000100010001001000010000001011000000000100111
21925,1383,1.34384,0AA,8,0001101111010110000110111011101000011011110011100001101110110011
18655,1384,1.344787,0B4,8,0000000000000000000000000000000010100100000000010100011010100111
7961,1386,1.346708,260,8,0000000000000000000000000000000000000000000001011101011001000101
31757,1387,1.346952,1C4,8,0000101101111100000110110000000000000000000000000000000001101111
35566,1371,1.348118,0BA,5,1100011000000000000000000000000010111110
16630,1391,1.348774,226,8,0000000000000000000100000000000000000000000000000000000000000000
348,1392,1.349765,320,8,0000000000100000000000000000000000000000000000000000000001001011
11331,1393,1.350801,2C1,8,0000000000000000001100110000000001000000110000000000011100000101
14321,1394,1.352776,1C6,8,0000000000000000000000000000011000110110000111110000000000000000
1719,1397,1.35414,25,8,0000000001011111000000000000000110010000101101010000000011010010
21926,1398,1.354735,0AA,8,0001101111011100000110111011111100011011110101000001101110110011
35567,473,1.355607,0BA,5,0010100100000000000000000000010000101000
35568,933,1.363097,0BA,5,0100111100000000000000000000000000101110
1720,1405,1.36311,25,8,0000000001100000000000000000000110110000101111000000000011111010
28300,1406,1.363419,24,8,0000001000001111000000100010010001000010000001011000000000101010
21927,1407,1.363695,0AA,8,0001101111100010000110111011111100011011110110110001101110111101
18656,1408,1.364702,0B4,8,0000000000000000000000000000000010100100000000010100110010101101
7962,1410,1.366622,260,8,0000000000000000000000000000000000000000000001100000001001110010
31758,1411,1.366858,1C4,8,0000101101001010000110110000000000000000000000000000000000111101
35569,936,1.370586,0BA,5,1110000000111001000011000000000010011010
1721,1414,1.373043,25,8,0000000001100001000000000000000111100000101101000000000000100011
21928,1415,1.37369,0AA,8,0001101111100010000110111100100100011011110110110001101110111101
16631,1419,1.376668,226,8,0000000000000000000100000000000000000000000000000000000000000000
35570,1399,1.378076,0BA,5,1100011000000000000000000000000010111110
11332,1420,1.380676,2C1,8,0000000000000000010011000000000000110110110000000000100000010101
14322,1422,1.382835,1C6,8,0000000000000000000000000000011001100111000111110000000000000000
1722,1423,1.383076,25,8,0000000001100010000000000000000100100000101111100000000001101110
28301,1424,1.383344,24,8,0000001000001111000000100010010001000010000001011000000000101010
21929,1425,1.383624,0AA,8,0001101111101100000110111100100100011011111001010001101111000011
18657,1426,1.384629,0B4,8,0000000000000000000000000000000010100100000000010101001010110011
35571,480,1.385566,0BA,5,0010100100000000000000000000011100101011
16350,1428,1.386343,3F9,8,0111010100011000000000100000001010000000000000000000000000010101
7963,1429,1.386588,260,8,0000000000000000000000000000000000000000000001011111011101100110
31759,1431,1.387001,1C4,8,0000101100010101000110110000000000000000000000000000000000001000
1723,1436,1.392968,25,8,0000000001100011000000000000000101100000101111100000000010101111
35572,950,1.393055,0BA,5,0100111100000000000000000000000000101110
21930,1437,1.393614,0AA,8,0001101111101100000110111100100100011011111001010001101111001001
349,1438,1.394598,320,8,0000000000100000000000000000000000000000000000000000000001001011
35573,953,1.400545,0BA,5,1110000000111000110111000000000001101001
1724,1440,1.40293,25,8,0000000001100101000000000000000110110000101111100000000000000001
28302,1441,1.403267,24,8,0000001000010000000000100010010001000010000001011000000000101011
21931,1442,1.403574,0AA,8,0001101111110010000110111101001100011011111001010001101111001001
18658,1443,1.404554,0B4,8,0000000000000000000000000000000010100100000000010101110110111110
7964,1445,1.40642,260,8,0000000000000000000000000000000000000000000001011111011101100110
31760,1446,1.406659,1C4,8,0000101011100001000110110000000000000000000000000000000011010011
35574,1430,1.408034,0BA,5,1100011000000000000000000000000010111110
16632,1450,1.408544,226,8,0000000000000000000100000000000000000000000000000000000000000000
11333,1453,1.410575,2C1,8,0000000000000000100111000000000001000000110000000000100101110000
27964,1454,1.411172,6C0,8,1110010000000000000000001110000010000000000000000000000000000000
14323,1456,1.412697,1C6,8,0000000000000000000000000000011010011010001000000000000000000000
1725,1457,1.41294,25,8,0000000001100110000000000000000111110000101111100000000001000010
21932,1458,1.41354,0AA,8,0001101111111000000110111101001100011011111011100001101111001101
35575,489,1.415524,0BA,5,0010100100000000000000000000010000101000
1726,1464,1.422878,25,8,0000000001100111000000000000000101000000110010000000000010011101
35576,971,1.423013,0BA,5,0100111100000000000000000000000000101110
28303,1465,1.423192,24,8,0000001000010001000000100010001001000010000001011000000000101010
21933,1466,1.423474,0AA,8,0001101111111000000110111101100000011011111011100001101111010001
18659,1467,1.424477,0B4,8,0000000000000000000000000000000010100100000000010110100011001001
13578,1470,1.426168,4DD,8,0001111000000000000000000000000000000000000000000000000000000000
7965,1471,1.42641,260,8,0000000000000000000000000000000000000000000001011000011111110110
31761,1472,1.426652,1C4,8,0000101010101100000110110000000000000000000000000000000010011110
35577,974,1.430503,0BA,5,1110000000111000101011000000000000111001
1727,1475,1.432814,25,8,0000000001101001000000000000000110010000101111100000000011100101
21934,1476,1.433458,0AA,8,0001110000000010000110111101110100011011111110110001101111010001
14022,1477,1.434107,442,8,0100001100000010000000000000000000000010000000000000000000000000
13893,1478,1.434377,622,8,0001001000000000000000000000000000000000000000000000000000000000
16633,1481,1.436443,226,8,0000000000000000000100000000000000000000000000000000000000000000
35578,1459,1.437992,0BA,5,1100011000000000000000000000000010111110
11334,1482,1.440449,2C1,8,0000000000000000100111000000000000110000110000000000100101100000
14324,1485,1.44258,1C6,8,0000000000000000000000000000011011010101001000000000000000000000
1728,1486,1.442823,25,8,0000000001101010000000000000000111100000110010000000000001000000
28304,1487,1.443117,24,8,0000001000010010000000100010001001000010000001011000000000101011
21935,1488,1.44342,0AA,8,0001110000000010000110111101110100011011111110110001101111011000
18660,1489,1.444402,0B4,8,0000000000000000000000000000000010100100000000010110111011001111
35579,499,1.445482,0BA,5,0010100100000000000000000000011100101011
7966,1491,1.446265,260,8,0000000000000000000000000000000000000000000001011010100100011000
31762,1493,1.446675,1C4,8,0000101001110111000110110000000000000000000000000000000001101001
350,1495,1.447395,320,8,0000000000100000000000000000000000000000000000000000000001001011
1729,1498,1.452739,25,8,0000000001101011000000000000000100100000101111100000000001110111
35580,993,1.452971,0BA,5,0100111100000000000000000000000000101110
21936,1499,1.453389,0AA,8,0001110000001100000110111110010100011100000000000001101111011000
35581,998,1.460461,0BA,5,1110000000111000011100000000000011111101
31631,1502,1.46122,389,8,0000000000100000000000000000000000000000000000000000000000000000
1730,1504,1.462723,25,8,0000000001101100000000000000000101110000110010000000000011010010
28305,1505,1.463042,24,8,0000001000010011000000100010001001000010000001101000000000101101
21937,1506,1.46332,0AA,8,0001110000001100000110111110010100011100000001010001101111011100
18661,1507,1.464324,0B4,8,0000000000000000000000000000000010100100000000010111001111010100
7967,1509,1.465966,260,8,0000000000000000000000000000000000000000000001011010100100011000
31763,1511,1.466492,1C4,8,0000101001000001000110110000000000000000000000000000000000110011
35582,1492,1.467951,0BA,5,1100011000000000000000000000000010111110
16634,1514,1.46832,226,8,0000000000000000000100000000000000000000000000000000000000000000
11335,1515,1.470347,2C1,8,0000000000000000111011000000000000101100110000000000101010101101
14325,1517,1.472472,1C6,8,0000000000000000000000000000011100001100001000000000000000000000
1731,1518,1.472708,25,8,0000000001101110000000000000000111010000110010000000000000110100
21938,1519,1.473314,0AA,8,0001110000010001000110111110100100011100000001010001101111100000
35583,511,1.47544,0BA,5,0010100100000000000000000000010000101000
13638,1522,1.476049,4B7,8,1110001001001111001000001111000000000000110000100000000100001000
1732,1525,1.482665,25,8,0000000001101111000000000000000100100000110010000000000010000101
35584,1011,1.48293,0BA,5,0100111100000000000000000000000000101110
28306,1526,1.482989,24,8,0000001000010011000000100010001001000010000001101000000000101101
21939,1527,1.483249,0AA,8,0001110000010110000110111110111000011100000011000001101111100000
18662,1528,1.484252,0B4,8,0000000000000000000000000000000010100100000000010111100111011010
7968,1531,1.485886,260,8,0000000000000000000000000000000000000000000001011011010000100011
31764,1533,1.486287,1C4,8,0000101000001001000110110000000000000000000000000000000011111011
43643,87,1.487924,3BB,5,1010010100000000000000000000000000000000
35585,1015,1.490419,0BA,5,1110000000111000001010000000000010110101
1733,1537,1.493612,25,8,0000000001110001000000000000000110110000110100010000000000100000
21940,1538,1.494208,0AA,8,0001110000011011000110111110111000011100000011000001101111100101
16635,1541,1.497208,226,8,0000000000000000000100000000000000000000000000000000000000000000
35586,1521,1.497909,0BA,5,1100011000000000000000000000000010111110
351,1542,1.498202,320,8,0000000000100000000000000000000000000000000000000000000001001011
11336,1543,1.500223,2C1,8,0000000000000000111100000000000000111001110000000000101010111110
14326,1545,1.502385,1C6,8,0000000000000000000000000000011100111111001000010000000000000000
1734,1546,1.502626,25,8,0000000001110010000000000000000111110000110100110000000001100011
28307,1547,1.502918,24,8,0000001000010100000000100010010001000010000001101000000000110000
21941,1548,1.503171,0AA,8,0001110000100000000110111111100000011100000100010001101111101010
18663,1549,1.504174,0B4,8,0000000000000000000000000000000010101000000000011000010011101001
35587,516,1.505398,0BA,5,0010100100000000000000000000011100101011
7969,1551,1.505734,260,8,0000000000000000000000000000000000000000000001011001111000001101
31765,1553,1.506338,1C4,8,0000100111010001000110110000000000000000000000000000000011000010
1735,1559,1.512512,25,8,0000000001110011000000000000000101000000110010000000000010101001
35588,1033,1.512888,0BA,5,0100111100000000000000000000000000101110
21942,1560,1.513164,0AA,8,0001110000100000000110111111100000011100000101100001101111101010
35589,1037,1.520377,0BA,5,1110000000110111111001000000000001110000
262,1561,1.520996,38F,8,0000000100000000000000000000000000000000000000000000000000000000
1736,1563,1.522473,25,8,0000000001110101000000000000000111000000110111000000000000111111
28308,1564,1.522816,24,8,0000001000010101000000100010010001000010000010001000000000110011
21943,1566,1.523233,0AA,8,0001110000100111000110111111110000011100000110110001101111110001
18664,1567,1.524101,0B4,8,0000000000000000000000000000000010101000000000011000101011101111
7970,1569,1.525681,260,8,0000000000000000000000000000000000000000000001011011010000100011
31766,1571,1.52626,1C4,8,0000100110010111000110110000000000000000000000000000000010001000
35590,1552,1.527867,0BA,5,1100011000000000000000000000000010111110
16636,1574,1.528153,226,8,0000000000000000000100000000000000000000000000000000000000000000
11337,1575,1.53012,2C1,8,0000000000000001001101100000000001000110110000000000101100010011
21597,1576,1.53094,443,8,0100110100000010000000000010111100000110000000000000000000000000
14327,1578,1.532243,1C6,8,0000000000000000000000000000011110000000001000010000000000000000
1737,1579,1.532479,25,8,0000000001110110000000000000000100100000110100100000000010010110
21944,1580,1.533083,0AA,8,0001110000100111000111000000000000011100001000000001101111110001
65,1582,1.535066,3B7,8,1000
35591,532,1.535356,0BA,5,0010100100000000000000000000010000101000
1738,1585,1.542418,25,8,0000000001111000000000000000000110010000110100100000000000001000
28309,1586,1.542746,24,8,0000001000010110000000100010001001000010000010001000000000110010
35592,1054,1.542846,0BA,5,0100111100000000000000000000000000101110
21945,1587,1.543017,0AA,8,0001110000110001000111000000000000011100001001010001101111110100
18665,1588,1.544024,0B4,8,0000000000000000000000000000000010101000000000011000111111110100
7971,1590,1.545553,260,8,0000000000000000000000000000000000000000000001010100111110111110
13320,1591,1.545706,394,3,0
352,1592,1.54602,320,8,0000000000100000000000000000000000000000000000000000000001001011
31767,1593,1.54626,1C4,8,0000100101011100000110110000000000000000000000000000000001001101
34695,1596,1.550192,380,8,0
35593,1057,1.550336,0BA,5,1110000000110111101000000000000000101100
1739,1599,1.55338,25,8,0000000001111001000000000000000100000000110010000000000001101111
21946,1600,1.553976,0AA,8,0001110000110001000111000000011100011100001010100001101111111000
16637,1604,1.556979,226,8,0000000000000000000100000000000000000000000000000000000000000000
35594,1581,1.557825,0BA,5,1100011000000000000000000000000010111110
35062,1400,1.557938,3D3,3,111001010000001001011100
11338,1606,1.559995,2C1,8,0000000000000001001100110000000001001100110000000000101100010110
14328,1608,1.562136,1C6,8,0000000000000000000000000000011110111011001000010000000000000000
1740,1609,1.562371,25,8,0000000001111010000000000000000101000000110100110000000010111011
10968,1610,1.562621,620,8,0001000000000000000000000000000000000000000000000000000000000000
28310,1611,1.562856,24,8,0000001000010111000000100010000101000010000010001000000000110010
21947,1612,1.563086,0AA,8,0001110000111011000111000000011100011100001010100001101111111000
18666,1613,1.563951,0B4,8,0000000000000000000000000000000010101000000000011001010111111010
35595,539,1.565315,0BA,5,0010100100000000000000000000011100101011
7972,1615,1.56544,260,8,0000000000000000000000000000000000000000000001011101011001000101
31768,1617,1.566114,1C4,8,0000100100011111000110110000000000000000000000000000000000010000
1741,1622,1.572285,25,8,0000000001111100000000000000000110110000110100100000000000101100
35596,1072,1.572804,0BA,5,0100111100000000000000000000000000101110
21948,1623,1.572928,0AA,8,0001110000111011000111000000101100011100001100010001110000000000
35597,1075,1.580294,0BA,5,1110000000110111011010000000000011110100
1742,1625,1.582261,25,8,0000000001111101000000000000000100010000110100100000000010001101
28311,1626,1.582593,24,8,0000001000010111000000100010001001000010000010001000000000110011
21949,1627,1.582867,0AA,8,0001110000111111000111000000111100011100001100010001110000000000
18667,1628,1.583874,0B4,8,0000000000000000000000000000000010101000000000011010000000000101
7973,1630,1.585364,260,8,0000000000000000000000000000000000000000000001010111110011101011
31769,1632,1.586031,1C4,8,0000100011100001000110110000000000000000000000000000000011010001
35598,1616,1.587783,0BA,5,1100011000000000000000000000000010111110
16638,1635,1.587862,226,8,0000000000000000000100000000000000000000000000000000000000000000
11339,1637,1.589967,2C1,8,0000000000000001011111000000000001101001110000000000110001111101
14329,1639,1.592015,1C6,8,0000000000000000000000000000011111110011001000010000000000000000
1743,1640,1.592256,25,8,0000000001111110000000000000000101100000110010000000000011010100
21950,1641,1.59287,0AA,8,0001110001000011000111000001001000011100001110010001110000000111
353,1643,1.594834,320,8,0000000000100000000000000000000000000000000000000000000001001011
35599,551,1.595273,0BA,5,0010100100000000000000000000010000101000
1744,1645,1.602182,25,8,0000000010000000000000000000000111000000110010000000000000110110
28312,1646,1.602521,24,8,0000001000011000000000100010000101000010000010101000000000110101
35600,1097,1.602762,0BA,5,0100111100000000000000000000000000101110
21951,1647,1.602788,0AA,8,0001110001001000000111000001011000011100001110010001110000000111
18668,1648,1.603794,0B4,8,0000000000000000000000000000000010101000000000011010011000001011
7974,1651,1.605346,260,8,0000000000000000000000000000000000000000000001011000011111110110
31770,1653,1.605996,1C4,8,0000100011100001000110110000000000000000000000000000000011010001
35601,1100,1.610252,0BA,5,1110000000110111001011000000000010111000
1745,1657,1.612134,25,8,0000000010000001000000000000000100010000110010000000000010000111
21952,1658,1.612778,0AA,8,0001110001001101000111000001011000011100010000000001110000001100
16639,1662,1.615758,226,8,0000000000000000000100000000000000000000000000000000000000000000
35602,1642,1.617741,0BA,5,1100011000000000000000000000000010111110
11340,1663,1.619776,2C1,8,0000000000000001100111000000000010001100110000000000110111000001
14330,1666,1.621927,1C6,8,0000000000000000000000000000100000110001001000100000000000000000
1746,1667,1.62217,25,8,0000000010000010000000000000000101010000101111100000000010111110
28313,1668,1.622446,24,8,0000001000011001000000100010000101000010000010101000000000110110
21953,1669,1.62272,0AA,8,0001110001010000000111000001111000011100010000000001110000010001
18669,1670,1.623723,0B4,8,0000000000000000000000000000000010101000000000011010110000010001
35603,560,1.625231,0BA,5,0010100100000000000000000000011100101011
7975,1672,1.625254,260,8,0000000000000000000000000000000000000000000001011110000101010000
31771,1674,1.625881,1C4,8,0000100010100011000110110000000000000000000000000000000010010011
1747,1678,1.632058,25,8,0000000010000100000000000000000110100000101111100000000000010000
21954,1679,1.63271,0AA,8,0001110001010100000111000001111000011100010010000001110000010001
35604,1119,1.632721,0BA,5,0100111100000000000000000000000000101110
31376,1680,1.634914,44D,8,0100001000000010000000000000000000000001000000000000000000000000
16351,1681,1.635742,3F9,8,0111010100011000000000100000001010000000000000000000000000010101
35605,1123,1.64021,0BA,5,1110000000110110111001000000000001101111
1748,1684,1.642013,25,8,0000000010000101000000000000000111010000101101000000000000110111
28314,1685,1.64237,24,8,0000001000011010000000100010000101000010000011001000000000111001
21955,1686,1.642666,0AA,8,0001110001011000000111000010001100011100010010000001110000010110
18670,1687,1.643644,0B4,8,0000000000000000000000000000000010101000000000011011011100011100
7976,1689,1.645104,260,8,0000000000000000000000000000000000000000000001010000110001111011
16280,1690,1.645351,4C1,8,0000000100000000000000010000000100000000000000000000000000000000
31772,1692,1.645805,1C4,8,0000100001100010000110110000000000000000000000000000000001010010
16640,1695,1.647635,226,8,0000000000000000000100000000000000000000000000000000000000000000
35606,1673,1.6477,0BA,5,1100011000000000000000000000000010111110
354,1696,1.648626,320,8,0000000000100000000000000000000000000000000000000000000001001011
14217,1697,1.649622,60.0,8,1010000100000000000000000000000000000000011100000000000000000000
11341,1698,1.649857,2C1,8,0000000000000001110101100000000010101100110000000000111000011100
14331,1700,1.651783,1C6,8,0000000000000000000000000000100001101110001000100000000000000000
1749,1701,1.652021,25,8,0000000010000110000000000000000100000000101101000000000001101000
21956,1702,1.652625,0AA,8,0001110001011100000111000010001100011100010100100001110000010110
35607,572,1.655189,0BA,5,0010100100000000000000000000010000101000
1750,1707,1.661936,25,8,0000000010000111000000000000000100110000101101000000000010011001
28315,1708,1.662297,24,8,0000001000011011000000100001111101000010000011001000000000111000
21957,1709,1.662563,0AA,8,0001110001011111000111000010011000011100010100100001110000011110
35608,1138,1.662679,0BA,5,0100111100000000000000000000000000101110
18671,1710,1.663567,0B4,8,0000000000000000000000000000000010101000000000011011110000100001
7977,1712,1.665027,260,8,0000000000000000000000000000000000000000000001010111110011101011
7714,1713,1.665447,435,8,1000000000000101000001011111111111100000001111110000000000000011
31773,1714,1.665692,1C4,8,0000100000100100000110110000000000000000000000000000000000010100
35609,1141,1.670168,0BA,5,1110000000110110101010000000000000110011
1751,1718,1.671893,25,8,0000000010001000000000000000000101010000101010100000000010110000
10904,1719,1.672427,436,8,0
21958,1720,1.672655,0AA,8,0001110001100011000111000010101000011100010101010001110000011110
16641,1724,1.67553,226,8,0000000000000000000100000000000000000000000000000000000000000000
43463,505,1.677255,423,2,10101000000000
35610,1704,1.677658,0BA,5,1100011000000000000000000000000010111110
11342,1725,1.679551,2C1,8,0000000000000010000011000000000011001100110000000000111001110011
14332,1728,1.681699,1C6,8,0000000000000000000000000000100010100111001000100000000000000000
1752,1729,1.681935,25,8,0000000010001001000000000000000101110000101010100000000011010001
28316,1730,1.682247,24,8,0000001000011100000000100001110101000010000011001000000000110111
21959,1731,1.682483,0AA,8,0001110001101101000111000010110100011100010110010001110000100000
18672,1732,1.683491,0B4,8,0000000000000000000000000000000010101100000000011100001000101011
7978,1734,1.684914,260,8,0000000000000000000000000000000000000000000001010000000101110000
35611,578,1.685147,0BA,5,0010100100000000000000000000011100101011
31774,1736,1.685655,1C4,8,0000011111101001000110110000000000000000000000000000000011011000
1753,1741,1.691815,25,8,0000000010001011000000000000000110010000101000000000000011101001
21960,1742,1.692469,0AA,8,0001110001101101000111000011000100011100011000000001110000100011
35612,1161,1.692637,0BA,5,0100111100000000000000000000000000101110
355,1743,1.693464,320,8,0000000000100000000000000000000000000000000000000000000001001011
7776,1744,1.693997,610,8,0010000000000000000001010110010011000000111111111111110101000000
35613,1163,1.700126,0BA,5,1110000000110110011010000000000011110011
13770,1745,1.700321,434,8,0100001000000000000000000000000000000000000000000000000000000000
1754,1747,1.70178,25,8,0000000010001100000000000000000110100000101000000000000011111010
28317,1748,1.702173,24,8,0000001000011101000000100001111101000010000011001000000000111010
21961,1749,1.702434,0AA,8,0001110001110100000111000011000100011100011000000001110000100110
18673,1751,1.703419,0B4,8,0000000000000000000000000000000010101100000000011100100000110001
7979,1753,1.704774,260,8,0000000000000000000000000000000000000000000001001111011001100100
31775,1755,1.705578,1C4,8,0000011111101001000110110000000000000000000000000000000011011000
34815,1757,1.706178,3C3,8,0100010000011110100100110100111011101110010001100111100101110000
28161,1759,1.707296,437,8,1111110011111111111111111111111111111111111111111111111111111111
16642,1760,1.707543,226,8,0000000000000000000100000000000000000000000000000000000000000000
35614,1735,1.707616,0BA,5,1100011000000000000000000000000010111110
11343,1762,1.709454,2C1,8,0000000000000010001000000000000100010110110000000000111011010010
27965,1763,1.709695,6C0,8,1110010000000000000000001110000010000000000000000000000000000000
14333,1765,1.711561,1C6,8,0000000000000000000000000000100011011111001000110000000000000000
1755,1766,1.711799,25,8,0000000010001101000000000000000110100000100101100000000011110001
21962,1767,1.712398,0AA,8,0001110001110100000111000011101100011100011001010001110000101010
35615,592,1.715106,0BA,5,0010100100000000000000000000010000101000
1756,1771,1.721712,25,8,0000000010001110000000000000000110010000100011000000000011011000
28318,1772,1.722071,24,8,0000001000011110000000100001111101000010000011011000000000111100
21963,1773,1.722329,0AA,8,0001110001111100000111000011101100011100011001010001110000101010
35616,1181,1.722595,0BA,5,0100111100000000000000000000000000101110
18674,1774,1.723338,0B4,8,0000000000000000000000000000000010101100000000011100110100110110
7980,1776,1.724559,260,8,0000000000000000000000000000000000000000000001001101010001000010
31776,1777,1.725385,1C4,8,0000011110101110000110110000000000000000000000000000000010011101
35617,1185,1.730085,0BA,5,1110000000110110001011000000000010110111
1757,1780,1.731654,25,8,0000000010001110000000000000000101110000100011000000000010111000
21964,1781,1.732329,0AA,8,0001110001111100000111000100000000011100011011010001110000101111
16643,1785,1.735362,226,8,0000000000000000000100000000000000000000000000000000000000000000
35618,1768,1.737574,0BA,5,1100011000000000000000000000000010111110
11344,1788,1.739373,2C1,8,0000000000000010001001100000000100101001110000000000111011101011
14334,1790,1.741467,1C6,8,0000000000000000000000000000100100011001001000110000000000000000
1758,1791,1.741706,25,8,0000000010001111000000000000000101000000011110000000000001110101
14023,1792,1.741949,442,8,0100001100000010000000000000000000000010000000000000000000000000
28319,1793,1.742187,24,8,0000001000011111000000100001111101000010000011011000000000111101
21965,1794,1.742415,0AA,8,0001110010000011000111000100000000011100011011010001110000101111
18675,1795,1.743263,0B4,8,0000000000000000000000000000000010101100000000011101100101000010
7981,1798,1.744544,260,8,0000000000000000000000000000000000000000000001001011111000101100
35619,599,1.745064,0BA,5,0010100100000000000000000000011100101011
31777,1800,1.745429,1C4,8,0000011101110001000110110000000000000000000000000000000001100000
356,1802,1.746257,320,8,0000000000100000000000000000000000000000000000000000000001001011
1759,1806,1.751672,25,8,0000000010010000000000000000000100000000011011100000000000101100
21966,1807,1.752244,0AA,8,0001110010000111000111000100010100011100011101110001110000110100
35620,1202,1.752553,0BA,5,0100111100000000000000000000000000101110
35621,1205,1.760043,0BA,5,1110000000110110000001000000000010001111
1760,1810,1.761536,25,8,0000000010010001000000000000000111000000011011100000000011101101
28320,1811,1.761924,24,8,0000001000100001000000100001110101000010000011011000000000111101
21967,1812,1.762206,0AA,8,0001110010001011000111000100010100011100011101110001110000110100
18676,1813,1.763191,0B4,8,0000000000000000000000000000000010101100000000011101111001000111
7982,1815,1.764358,260,8,0000000000000000000000000000000000000000000001000010110110011011
31778,1817,1.765351,1C4,8,0000011100110110000110110000000000000000000000000000000000100101
16644,1820,1.767182,226,8,0000000000000000000100000000000000000000000000000000000000000000
35622,1799,1.767532,0BA,5,1100011000000000000000000000000010111110
11345,1822,1.769232,2C1,8,0000000000000010010001100000000100111100110000000000111100011111
14335,1824,1.771333,1C6,8,0000000000000000000000000000100101001110001000110000000000000000
1761,1825,1.771574,25,8,0000000010010001000000000000000101010000010110100000000001101001
21968,1826,1.772174,0AA,8,0001110010001110000111000100101000011100011111000001110000110110
35623,609,1.775022,0BA,5,0010100100000000000000000000010000101000
1762,1829,1.781503,25,8,0000000010010010000000000000000111110000010110100000000000001010
28321,1830,1.781858,24,8,0000001000100001000000100001111101000010000011011000000000111111
21969,1831,1.782107,0AA,8,0001110010010010000111000100101000011100011111110001110000110110
35624,1222,1.782511,0BA,5,0100111100000000000000000000000000101110
18677,1832,1.783118,0B4,8,0000000000000000000000000000000010101100000000011110100101010010
7983,1835,1.784465,260,8,0000000000000000000000000000000000000000000001000101101011001000
31779,1836,1.785169,1C4,8,0000011100110110000110110000000000000000000000000000000000100101
43644,1460,1.785509,3BB,5,0111000000000000000000001001111100000000
35625,1224,1.790001,0BA,5,1110000000110101101111000000000001000110
1763,1839,1.791428,25,8,0000000010010010000000000000000101100000010001100000000001100110
21970,1840,1.792102,0AA,8,0001110010011001000111000101001000011100100000110001110000111110
16645,1843,1.795083,226,8,0000000000000000000100000000000000000000000000000000000000000000
357,1844,1.796078,320,8,0000000000100000000000000000000000000000000000000000000001001011
35626,1827,1.79749,0BA,5,1100011000000000000000000000000010111110
35289,830,1.79761,386,7,11000100000000000000000000000000000000000000000010101010
11346,1845,1.79911,2C1,8,0000000000000010010010010000000101010110110000000000111100111100
14336,1848,1.801226,1C6,8,0000000000000000000000000000100101111111001000110000000000000000
1764,1849,1.801464,25,8,0000000010010011000000000000000111100000010001100000000011100111
28322,1850,1.801787,24,8,0000001000100010000000100001111101000010000011011000000001000000
21971,1851,1.802066,0AA,8,0001110010011001000111000101001000011100100001110001110000111110
18678,1852,1.803043,0B4,8,0000000000000000000000000000000010101100000000011110111101011000
7984,1855,1.804217,260,8,0000000000000000000000000000000000000000000001000010000110001111
35627,618,1.80498,0BA,5,0010100100000000000000000000011100101011
31780,1857,1.805213,1C4,8,0000011011111011000110110000000000000000000000000000000011101001
13959,1862,1.809922,38E,8,0
1765,1864,1.811385,25,8,0000000010010011000000000000000101000000001111000000000000111101
21972,1865,1.812002,0AA,8,0001110010100001000111000101110000011100100010110001110001000001
35628,1243,1.81247,0BA,5,0100111100000000000000000000000000101110
35063,203,1.817594,3D3,3,011011000001001000000000
35629,1246,1.819959,0BA,5,1110000000110101011001000000000011101110
1766,1868,1.821321,25,8,0000000010010100000000000000000110100000001100100000000010010100
28323,1869,1.821717,24,8,0000001000100011000000100001111101000010000011001000000001000000
21973,1870,1.821995,0AA,8,0001110010100100000111000101110000011100100011100001110001000101
18679,1871,1.822977,0B4,8,0000000000000000000000000000000010110000000000011111010101100010
7985,1873,1.824145,260,8,0000000000000000000000000000000000000000000000111101001101000000
31781,1875,1.825139,1C4,8,0000011011000000000110110000000000000000000000000000000010101110
16646,1878,1.826967,226,8,0000000000000000000100000000000000000000000000000000000000000000
35630,1856,1.827449,0BA,5,1100011000000000000000000000000010111110
11347,1879,1.829015,2C1,8,0000000000000010010100110000000101111001110000000000111101101001
14337,1881,1.831119,1C6,8,0000000000000000000000000000100111000010001001000000000000000000
1767,1882,1.831356,25,8,0000000010010100000000000000000111100000001010010000000011001011
21974,1883,1.831956,0AA,8,0001110010101000000111000101111000011100100100100001110001000110
66,1886,1.833948,3B7,8,1000
35631,631,1.834938,0BA,5,0010100100000000000000000000010000101000
21598,1887,1.8398,443,8,0100110100000010000000000010111100000110000000000000000000000000
1768,1889,1.841246,25,8,0000000010010100000000000000000100010000001010010000000011111011
28324,1890,1.841646,24,8,0000001000100100000000100001111101000010000010101000000000111111
21975,1891,1.841922,0AA,8,0001110010101010000111000101111000011100100101110001110001001000
35632,1262,1.842428,0BA,5,0100111100000000000000000000000000101110
18680,1892,1.842905,0B4,8,0000000000000000000000000000000010110000000000011111101001100111
7986,1894,1.844072,260,8,0000000000000000000000000000000000000000000000111101001101000000
13321,1895,1.844226,394,3,0
358,1896,1.844902,320,8,0000000000100000000000000000000000000000000000000000000001001011
31782,1897,1.845144,1C4,8,0000011011000000000110110000000000000000000000000000000010101110
35633,1266,1.849917,0BA,5,1110000000110101000111000000000010100110
1769,1901,1.851216,25,8,0000000010010100000000000000000101000000000111110000000000100001
21976,1902,1.851885,0AA,8,0001110010101101000111000110001100011100100101110001110001001010
16647,1905,1.85487,226,8,0000000000000000000100000000000000000000000000000000000000000000
35634,1884,1.857407,0BA,5,1100011000000000000000000000000010111110
11348,1907,1.858899,2C1,8,0000000000000010010101100000000101111001110000000000111101101100
14338,1909,1.861041,1C6,8,0000000000000000000000000000100111111111001001000000000000000000
1770,1910,1.861277,25,8,0000000010010101000000000000000110010000001000110000000001110110
10969,1911,1.861526,620,8,0001000000000000000000000000000000000000000000000000000000000000
28325,1912,1.861764,24,8,0000001000100101000000100001111101000010000010101000000001000000
21977,1913,1.86199,0AA,8,0001110010110010000111000110001100011100100111000001110001001101
18681,1914,1.862836,0B4,8,0000000000000000000000000000000010110000000000100000000001101110
7987,1916,1.863999,260,8,0000000000000000000000000000000000000000000001000000101101111001
35635,636,1.864896,0BA,5,0010100100000000000000000000011100101011
31783,1918,1.864993,1C4,8,0000011010000101000110110000000000000000000000000000000001110011
13704,1923,1.869708,3A5,8,100000000
1771,1925,1.871143,25,8,0000000010010101000000000000000111000000001000110000000010100110
21978,1926,1.871815,0AA,8,0001110010110010000111000110100000011100100111110001110001010000
35636,1286,1.872386,0BA,5,0100111100000000000000000000000000101110
35637,1289,1.879875,0BA,5,1110000000110100111000000000000001101001
1772,1930,1.881133,25,8,0000000010010101000000000000000100010000001100100000000000000101
28326,1931,1.881527,24,8,0000001000100110000000100001111101000010000001101000000000111101
21979,1932,1.881754,0AA,8,0001110010111010000111000110100000011100101000110001110001010100
18682,1934,1.882763,0B4,8,0000000000000000000000000000000010110000000000100000011001110100
7988,1936,1.883923,260,8,0000000000000000000000000000000000000000000000111011110100101010
16352,1937,1.884594,3F9,8,0111010100011000000000100000001010000000000000000000000000010101
31784,1938,1.884831,1C4,8,0000011001001010000110110000000000000000000000000000000000111000
16648,1942,1.886752,226,8,0000000000000000000100000000000000000000000000000000000000000000
35638,1917,1.887365,0BA,5,1100011000000000000000000000000010111110
11349,1943,1.888806,2C1,8,0000000000000010010110010000000110000110110000000000111101111100
14339,1945,1.89091,1C6,8,0000000000000000000000000000101000111000001001000000000000000000
1773,1946,1.891148,25,8,0000000010010101000000000000000101010000001011010000000001000000
7777,1947,1.891385,610,8,0010000010000000000001010110010011000000000000010010100101000000
21980,1948,1.891737,0AA,8,0001110010111101000111000110111100011100101001010001110001010110
359,1950,1.893725,320,8,0000000000100000000000000000000000000000000000000000000001001011
35639,650,1.894855,0BA,5,0010100100000000000000000000010000101000
34998,1952,1.899599,413,8,0000000100000001000000010000100100000000000000000000000000000000
1774,1954,1.901055,25,8,0000000010010110000000000000000110110000001100100000000010100110
28327,1955,1.901458,24,8,0000001000100110000000100010000101000010000001101000000000111111
21981,1956,1.901685,0AA,8,0001110011000001000111000111001100011100101010000001110001011001
35640,1309,1.902344,0BA,5,0100111100000000000000000000000000101110
18683,1957,1.902692,0B4,8,0000000000000000000000000000000010110000000000100001000101111111
31312,1958,1.903133,640,8,1010100000000000000000000011011100000001110111010000000000000000
7989,1960,1.903859,260,8,0000000000000000000000000000000000000000000000111101001101000000
31785,1962,1.904888,1C4,8,0000011001001010000110110000000000000000000000000000000000111000
35641,1312,1.909834,0BA,5,1110000000110100100110000000000000100001
1775,1966,1.912025,25,8,0000000010010110000000000000000100100000001111110000000000100011
21982,1967,1.912638,0AA,8,0001110011001001000111000111011100011100101100000001110001011100
16649,1971,1.915648,226,8,0000000000000000000100000000000000000000000000000000000000000000
35642,1949,1.917323,0BA,5,1100011000000000000000000000000010111110
11350,1972,1.918692,2C1,8,0000000000000010011000000000000101111100110000000000111101111001
14340,1974,1.920793,1C6,8,0000000000000000000000000000101001111101001001000000000000000000
1776,1975,1.921032,25,8,0000000010010110000000000000000101110000001101110000000001101011
28328,1976,1.921362,24,8,0000001000100110000000100010000101000010000001011000000000111110
21983,1977,1.921635,0AA,8,0001110011001011000111000111100100011100101100100001110001100000
18684,1978,1.922616,0B4,8,0000000000000000000000000000000010110000000000100001011010000100
7990,1980,1.923786,260,8,0000000000000000000000000000000000000000000000111010011100010100
31786,1982,1.924786,1C4,8,0000011000001101000110110000000000000000000000000000000011111011
35643,658,1.924813,0BA,5,0010100100000000000000000000011100101011
1777,1986,1.93096,25,8,0000000010010111000000000000000111100000001111000000000011100001
21984,1988,1.93157,0AA,8,0001110011001101000111000111110000011100101101010001110001100010
35644,1325,1.932302,0BA,5,0100111100000000000000000000000000101110
35645,1329,1.939792,0BA,5,1110000000110100010101000000000011011101
1778,1992,1.940886,25,8,0000000010010111000000000000000101010000010001100000000001011011
28329,1993,1.941291,24,8,0000001000100111000000100010000101000010000001101000000001000000
21985,1994,1.941563,0AA,8,0001110011001111000111000111111000011100101110000001110001100101
18685,1995,1.942546,0B4,8,0000000000000000000000000000000010110000000000100001110010001010
31377,1996,1.943246,44D,8,0100001000000010000000000000000000000001000000000000000000000000
7991,1998,1.943711,260,8,0000000000000000000000000000000000000000000000111011001000011111
31787,2000,1.944709,1C4,8,0000011000001101000110110000000000000000000000000000000011111011
16650,2003,1.946535,226,8,0000000000000000000100000000000000000000000000000000000000000000
35646,1981,1.947281,0BA,5,1100011000000000000000000000000010111110
360,2005,1.947585,320,8,0000000000100000000000000000000000000000000000000000000001001011
11351,2006,1.948594,2C1,8,0000000000000010010101100000000101111100110000000000111101101111
14341,2008,1.950687,1C6,8,0000000000000000000000000000101011000100001001010000000000000000
1779,2009,1.950926,25,8,0000000010011000000000000000000111000000001111000000000011000010
21986,2010,1.951527,0AA,8,0001110011010010000111001000000100011100101111000001110001100111
35647,671,1.954771,0BA,5,0010100100000000000000000000010000101000
34755,2013,1.956592,4DF,8,0010000000000000000000000000000100000000000000000000000000000000
31238,2014,1.959906,4A6,8,0000000000000000000000000000000000000000000100110000000000000000
1780,2016,1.960846,25,8,0000000010011000000000000000000100110000010001100000000000111100
28330,2017,1.96122,24,8,0000001000100111000000100010000101000010000001101000000001000000
21987,2018,1.961463,0AA,8,0001110011010101000111001000001100011100110001000001110001101010
35648,1347,1.96226,0BA,5,0100111100000000000000000000000000101110
18686,2019,1.962473,0B4,8,0000000000000000000000000000000010110100000000100010001010010100
7992,2020,1.963299,260,8,0000000000000000000000000000000000000000000000111100100000110101
31788,2023,1.964534,1C4,8,0000010111001110000110110000000000000000000000000000000010111011
35649,1351,1.96975,0BA,5,1110000000110100000111000000000010100101
1781,2026,1.970782,25,8,0000000010011001000000000000000111000000010100000000000011010111
21988,2027,1.971452,0AA,8,0001110011011000000111001000011000011100110001010001110001110010
16651,2030,1.974436,226,8,0000000000000000000100000000000000000000000000000000000000000000
35650,2011,1.97724,0BA,5,1100011000000000000000000000000010111110
11352,2031,1.978476,2C1,8,0000000000000010011001100000000110001001110000000000111110001100
14342,2034,1.980578,1C6,8,0000000000000000000000000000101100000110001001010000000000000000
1782,2035,1.98082,25,8,0000000010011001000000000000000100110000010001100000000000111101
28331,2036,1.981149,24,8,0000001000100111000000100001111101000010000001101000000000111110
21989,2037,1.981417,0AA,8,0001110011011100000111001000110100011100110001100001110001110010
18687,2038,1.982396,0B4,8,0000000000000000000000000000000010110100000000100010011110011001
7993,2039,1.983361,260,8,0000000000000000000000000000000000000000000000111011110100101010
31789,2043,1.984561,1C4,8,0000010110001101000110110000000000000000000000000000000001111010
35651,681,1.984729,0BA,5,0010100100000000000000000000011100101011
34934,2045,1.985392,4C3,8,0000001100000000000000000000000100000000000000000000000000000000
27800,2046,1.986388,420,8,0000000000000000000000000000000011111111000000001000000010101011
1783,2049,1.990709,25,8,0000000010011010000000000000000110110000010001100000000010111110
21990,2050,1.991383,0AA,8,0001110011100100000111001000110100011100110010010001110001111001
35652,1368,1.992219,0BA,5,0100111100000000000000000000000000101110
361,2051,1.992382,320,8,0000000000100000000000000000000000000000000000000000000001001011
43400,1,1.997349,3000000.0,6,000010000000000000000000000000000000000000101000
35653,1374,1.999708,0BA,5,1110000000110011111001000000000001101100
1784,2055,2.000675,25,8,0000000010011010000000000000000100100000010001100000000000101110
28332,2056,2.001079,24,8,0000001000100111000000100010000101000010000010001000000001000010
21991,2057,2.001344,0AA,8,0001110011100111000111001001011100011100110011010001110001111001
18688,2058,2.002332,0B4,8,0000000000000000000000000000000010110100000000100010110110011111
7994,2060,2.003079,260,8,0000000000000000000000000000000000000000000000111100100000110101
7594,2062,2.003862,3BC,8,0
31790,2064,2.004487,1C4,8,0000010110001101000110110000000000000000000000000000000001111010
16652,2067,2.006321,226,8,0000000000000000000100000000000000000000000000000000000000000000
35654,2042,2.007198,0BA,5,1100011000000000000000000000000010111110
11353,2069,2.008384,2C1,8,0000000000000010011001100000000110001001110000000000111110001100
14343,2071,2.010474,1C6,8,0000000000000000000000000000101101000110001001010000000000000000
1785,2072,2.010716,25,8,0000000010011011000000000000000110100000010001100000000010101111
21992,2073,2.01131,0AA,8,0001110011101011000111001001100100011100110101010001110001111110
43464,1352,2.012706,423,2,1000100000000
27966,2076,2.01289,6C0,8,1110010000000000000000001110000010000000000000000000000000000000
35655,695,2.014687,0BA,5,0010100100000000000000000000010000101000
1786,2078,2.020634,25,8,0000000010011011000000000000000100010000010001100000000000011111
28333,2079,2.021008,24,8,0000001000101000000000100010000101000010000010001000000001000011
21993,2080,2.02125,0AA,8,0001110011110000000111001001110000011100110101100001110001111110
35656,1385,2.022177,0BA,5,0100111100000000000000000000000000101110
18689,2081,2.022254,0B4,8,0000000000000000000000000000000010110100000000100011100010101010
7995,2082,2.022994,260,8,0000000000000000000000000000000000000000000000111000010111110010
31791,2084,2.024327,1C4,8,0000010101001010000110110000000000000000000000000000000000110111
27861,2086,2.02849,4DC,8,0001110100000000000000000000000000000000000000000000000000000000
35657,1389,2.029666,0BA,5,1110000000110011100111000000000000100100
1787,2089,2.03057,25,8,0000000010011011000000000000000101110000001111000000000001110101
21994,2090,2.03124,0AA,8,0001110011110010000111001001110000011100110101110001110010000011
16653,2093,2.034222,226,8,0000000000000000000100000000000000000000000000000000000000000000
35658,2074,2.037156,0BA,5,1100011000000000000000000000000010111110
11354,2094,2.038262,2C1,8,0000000000000010011110010000000110010011110000000000111110101001
14344,2096,2.04036,1C6,8,0000000000000000000000000000101110000111001001010000000000000000
1788,2097,2.040601,25,8,0000000010011100000000000000000111100000001111000000000011100110
28334,2098,2.040937,24,8,0000001000101000000000100001111101000010000010101000000001000011
21995,2099,2.041203,0AA,8,0001110011110101000111001001110000011100110111110001110010000101
18690,2100,2.042186,0B4,8,0000000000000000000000000000000010110100000000100011111010110000
7996,2101,2.04293,260,8,0000000000000000000000000000000000000000000000111000010111110010
31792,2104,2.044349,1C4,8,0000010101001010000110110000000000000000000000000000000000110111
35659,699,2.044645,0BA,5,0010100100000000000000000000011100101011
362,2106,2.045179,320,8,0000000000100000000000000000000000000000000000000000000001001011
1525,2110,2.049077,6F3,8,0010000000000000000000000000000000000000000000000000000000000000
14024,2111,2.049531,442,8,0100001100000010000000000000000000000010000000000000000000000000
1789,2113,2.050497,25,8,0000000010011100000000000000000100110000001100100000000000101100
21996,2114,2.051166,0AA,8,0001110011111010000111001010001100011100111000010001110010001000
35660,1409,2.052135,0BA,5,0100111100000000000000000000000000101110
35661,1412,2.059625,0BA,5,1110000000110011011111000000000000000100
1790,2117,2.060486,25,8,0000000010011101000000000000000110100000001111000000000010100111
28335,2119,2.060866,24,8,0000001000101001000000100001111101000010000011001000000001000110
21997,2120,2.061108,0AA,8,0001110011111100000111001010001100011100111001000001110010001010
18691,2122,2.062114,0B4,8,0000000000000000000000000000000010110100000000100100001110110101
7997,2123,2.062828,260,8,0000000000000000000000000000000000000000000000111011001000011111
13518,2125,2.063541,399,8,0000000000000000000000000000000000000000111111110000000000000000
31793,2127,2.064279,1C4,8,0000010100000111000110110000000000000000000000000000000011110100
16654,2130,2.066101,226,8,0000000000000001000100000000000000000000000000000000000000000000
35662,2103,2.067114,0BA,5,1100011000000000000000000000000010111110
11355,2132,2.068176,2C1,8,0000000000000010100100000000000110101001110000000000111111010110
14345,2134,2.070256,1C6,8,0000000000000000000000000000101111000100001001100000000000000000
1791,2135,2.070495,25,8,0000000010011101000000000000000111110000001100100000000011101101
21998,2136,2.071093,0AA,8,0001110011111111000111001010011000011100111010010001110010001101
35663,714,2.074604,0BA,5,0010100100000000000000000000010000101000
11166,2138,2.076989,39A,8,0000000000000000000000000010000100000000000000000000000000000000
35064,1928,2.077251,3D3,3,111001010000000101011111
31571,2139,2.077528,633,8,1000000100000000000000000000000000000000000000000000000000000000
1792,2142,2.080415,25,8,0000000010011101000000000000000101000000001100100000000000111101
28336,2143,2.080817,24,8,0000001000101010000000100010000101000010000011011000000001001010
21999,2144,2.081045,0AA,8,0001110100000110000111001010100100011100111011000001110010010000
18692,2145,2.082041,0B4,8,0000000000000000000000000000000010111000000000100100111111000101
35664,1427,2.082093,0BA,5,0100111100000000000000000000000000101110
7998,2146,2.082749,260,8,0000000000000000000000000000000000000000000000111001000011111101
43645,64,2.083094,3BB,5,1011101100000000000000000000000000100110
2,2148,2.083808,3B1,8,0000000000000000000000100000101000000000000010000000000000000000
31794,2149,2.084112,1C4,8,0000010100000111000110110000000000000000000000000000000011110100
35665,1432,2.089583,0BA,5,1110000000110011010000000000000011001000
1793,2152,2.090351,25,8,0000000010011110000000000000000110100000001100100000000010011110
22000,2153,2.091023,0AA,8,0001110100001010000111001010110100011100111100000001110010010100
16655,2156,2.094006,226,8,0000000000000000000100000000000000000000000000000000000000000000
363,2158,2.094999,320,8,0000000000100000000000000000000000000000000000000000000001001011
35666,2137,2.097072,0BA,5,1100011000000000000000000000000010111110
11356,2159,2.098048,2C1,8,0000000000000010100001100000000110100011110000000000111111000110
14346,2161,2.100152,1C6,8,0000000000000000000000000000101111111100001001100000000000000000
1794,2162,2.100392,25,8,0000000010011110000000000000000111100000001100100000000011011110
28337,2163,2.10075,24,8,0000001000101011000000100010000101000010000011011000000001001011
22001,2164,2.100986,0AA,8,0001110100001110000111001011001000011100111100100001110010011001
18693,2165,2.101971,0B4,8,0000000000000000000000000000000010111000000000100101010011001010
7999,2166,2.102708,260,8,0000000000000000000000000000000000000000000000111011110100101010
31795,2169,2.104138,1C4,8,0000010010111110000110110000000000000000000000000000000010101010
35667,721,2.104562,0BA,5,0010100100000000000000000000011100101011
1795,2174,2.11028,25,8,0000000010011110000000000000000100110000001100100000000000101110
22002,2176,2.110952,0AA,8,0001110100010011000111001011011100011100111101010001110010011001
35668,1444,2.112051,0BA,5,0100111100000000000000000000000000101110
35669,1448,2.119541,0BA,5,1110000000110011000010000000000010010000
1796,2178,2.120239,25,8,0000000010011110000000000000000101110000001010010000000001100101
28338,2179,2.120657,24,8,0000001000101100000000100001111101000010000011111000000001001100
22003,2180,2.120915,0AA,8,0001110100010011000111001011010100011100111110100001110010011100
18694,2181,2.1219,0B4,8,0000000000000000000000000000000010111000000000100110000011010110
8000,2182,2.122553,260,8,0000000000000000000000000000000000000000000000111011110100101010
31796,2185,2.124064,1C4,8,0000010010111110000110110000000000000000000000000000000010101010
16656,2189,2.125888,226,8,0000000000000000000100000000000000000000000000000000000000000000
35670,2168,2.12703,0BA,5,1100011000000000000000000000000010111110
11357,2191,2.127959,2C1,8,0000000000000010100110010000000111100000110000000000111100010110
14347,2193,2.130043,1C6,8,0000000000000000000000000000110000011011001001100000000000000000
1797,2194,2.130282,25,8,0000000010011111000000000000000111000000001010010000000010110110
22004,2195,2.130882,0AA,8,0001110100010011000111001011011000011101000001000001110010011110
67,2198,2.132868,3B7,8,1000
16353,2199,2.134092,3F9,8,0111010100011000000000100000001010000000000000000000000000010101
35671,736,2.13452,0BA,5,0010100100000000000000000000010000101000
1798,2201,2.140199,25,8,0000000010011111000000000000000100010000001100100000000000001111
28339,2202,2.140583,24,8,0000001000101101000000100001101001000010000011111000000001001000
22005,2203,2.140817,0AA,8,0001110100011101000111001011011100011101000001000001110010100001
18695,2204,2.141824,0B4,8,0000000000000000000000000000000010111000000000100110000011010110
35672,1469,2.142009,0BA,5,0100111100000000000000000000000000101110
8001,2205,2.142478,260,8,0000000000000000000000000000000000000000000000111100100000110101
13322,2206,2.142632,394,3,0
364,2209,2.143825,320,8,0000000000100000000000000000000000000000000000000000000001001011
31797,2210,2.144071,1C4,8,0000010010111110000110110000000000000000000000000000000010101010
21599,2212,2.148735,443,8,0100110100000010000000000010111100000110000000000000000000000000
35673,1473,2.149499,0BA,5,1110000000110010110100000000000001010111
1799,2214,2.151164,25,8,0000000010011111000000000000000101100000001011010000000001011010
22006,2215,2.15178,0AA,8,0001110100100000000111001011110100011101000001100001110010100010
16657,2218,2.154785,226,8,0000000000000000000100000000000000000000000000000000000000000000
35674,2196,2.156989,0BA,5,1100011000000000000000000000000010111110
11358,2220,2.157836,2C1,8,0000000000000010111001100000001000011001110000000001000010011110
14348,2223,2.159984,1C6,8,0000000000000000000000000000110000111000001001110000000000000000
1800,2224,2.160224,25,8,0000000010100000000000000000000110100000001010010000000010010111
10970,2225,2.160473,620,8,0001000000000000000000000000000000000000000000000000000000000000
28340,2226,2.160706,24,8,0000001000101111000000100001111101000010000100011000000001010001
22007,2227,2.160933,0AA,8,0001110100100100000111001100010000011101000010110001110010100011
18696,2228,2.161751,0B4,8,0000000000000000000000000000000010111000000000100110010111011011
8002,2229,2.162467,260,8,0000000000000000000000000000000000000000000000111100100000110101
31798,2232,2.163916,1C4,8,0000010001110110000110110000000000000000000000000000000001100010
35675,745,2.164478,0BA,5,0010100100000000000000000000011100101011
1801,2236,2.170072,25,8,0000000010100000000000000000000111100000001010010000000011010111
22008,2237,2.170733,0AA,8,0001110100101001000111001100100100011101000011110001110010101011
35676,1490,2.171968,0BA,5,0100111100000000000000000000000000101110
35677,1494,2.179457,0BA,5,1110000000110010101101000000000000111011
1802,2240,2.18003,25,8,0000000010100000000000000000000100110000001100100000000000110000
28341,2241,2.180444,24,8,0000001000101111000000100010000101000010000011111000000001010001
22009,2242,2.180699,0AA,8,0001110100110011000111001100101100011101000100110001110010101101
18697,2243,2.181686,0B4,8,0000000000000000000000000000000010111000000000100111000011100110
8003,2244,2.182232,260,8,0000000000000000000000000000000000000000000000111010011100010100
31799,2247,2.183841,1C4,8,0000010001110110000110110000000000000000000000000000000001100010
16658,2250,2.185673,226,8,0000000000000000000100000000000000000000000000000000000000000000
35678,2231,2.186947,0BA,5,1100011000000000000000000000000010111110
11359,2251,2.187738,2C1,8,0000000000000010110101100000001000011001110000000001000010001110
14349,2253,2.189722,1C6,8,0000000000000000000000000000110001010011001001110000000000000000
1803,2255,2.191018,25,8,0000000010100000000000000000000101110000001010010000000001100111
22010,2256,2.191632,0AA,8,0001110100110011000111001100110100011101000101010001110010110000
365,2259,2.193645,320,8,0000000000100000000000000000000000000000000000000000000001001011
35679,757,2.194436,0BA,5,0010100100000000000000000000010000101000
1804,2262,2.199981,25,8,0000000010100001000000000000000111000000001011000000000010111011
28342,2263,2.200377,24,8,0000001000110000000000100001110101000010000011111000000001001110
22011,2264,2.200601,0AA,8,0001110100110011000111001100101100011101000110010001110010110000
18698,2265,2.20161,0B4,8,0000000000000000000000000000000010111100000000100111110011110110
35680,1508,2.201926,0BA,5,0100111100000000000000000000000000101110
8004,2266,2.202125,260,8,0000000000000000000000000000000000000000000000111001000011111101
31800,2269,2.203819,1C4,8,0000010000110011000110110000000000000000000000000000000000011111
34816,2271,2.204206,3C3,8,0100011000011110100100110100111011101110010001100111100101110000
35681,1512,2.209415,0BA,5,1110000000110010100011000000000000010011
1805,2274,2.209922,25,8,0000000010100001000000000000000100010000001100100000000000010001
22012,2275,2.210591,0AA,8,0001110100110011000111001100101100011101000111010001110010110000
16659,2278,2.213568,226,8,0000000000000001000100000000000000000000000000000000000000000000
35682,2258,2.216905,0BA,5,1100011000000000000000000000000010111110
11360,2279,2.21762,2C1,8,0000000000000011001001100000001000111001110000000001000011111111
14350,2281,2.219744,1C6,8,0000000000000000000000000000110001010100001001110000000000000000
1806,2282,2.219985,25,8,0000000010100001000000000000000101100000001100100000000001100001
28343,2283,2.220299,24,8,0000001000110001000000100001100001000010000011011000000001001000
22013,2284,2.220535,0AA,8,0001110100111000000111001101000000011101001000100001110010110111
18699,2285,2.221538,0B4,8,0000000000000000000000000000000010111100000000100111110011110110
8005,2286,2.222087,260,8,0000000000000000000000000000000000000000000000111010011100010100
31801,2289,2.223705,1C4,8,0000010000110011000110110000000000000000000000000000000000011111
35683,763,2.224394,0BA,5,0010100100000000000000000000011100101011
1807,2294,2.22985,25,8,0000000010100010000000000000000110110000001100100000000010110010
22014,2295,2.230521,0AA,8,0001110100111101000111001101010100011101001000100001110010110111
35684,1529,2.231884,0BA,5,0100111100000000000000000000000000101110
11226,2297,2.236948,4C8,8,0000100100000000000000000000000000000000000000000000000000000000
35685,1534,2.239374,0BA,5,1110000000110010011101000000000011111011
1808,2299,2.239829,25,8,0000000010100010000000000000000100000000001100100000000000000010
28344,2300,2.240236,24,8,0000001000110001000000100001110101000010000011111000000001001111
22015,2301,2.240485,0AA,8,0001110101000010000111001101101000011101001000100001110010111100
18700,2303,2.241469,0B4,8,0000000000000000000000000000000010111100000000101000000111111011
8006,2304,2.241818,260,8,0000000000000000000000000000000000000000000000111000010111110010
31802,2307,2.243632,1C4,8,0000010000110011000110110000000000000000000000000000000000011111
16660,2310,2.24546,226,8,0000000000000000000100000000000000000000000000000000000000000000
366,2311,2.246451,320,8,0000000000100000000000000000000000000000000000000000000001001011
35686,2288,2.246863,0BA,5,1100011000000000000000000000000010111110
11361,2312,2.247531,2C1,8,0000000000000011001011000000001000111001110000000001000000000101
14351,2314,2.24961,1C6,8,0000000000000000000000000000110001001011001001110000000000000000
1809,2315,2.249852,25,8,0000000010100010000000000000000101000000001011010000000000111101
22016,2316,2.250446,0AA,8,0001110101000010000111001101101000011101001010010001110010111110
31378,2318,2.251608,44D,8,0100001000000010000000000000000000000001000000000000000000000000
35687,778,2.254353,0BA,5,0010100100000000000000000000010000101000
7655,2322,2.258685,611,8,0010000100000000000000000001000000000000000000000011110101101100
1810,2324,2.259768,25,8,0000000010100011000000000000000110110000001111000000000010111101
28345,2325,2.26016,24,8,0000001000110010000000100001110101000010000011001000000001001101
22017,2326,2.260388,0AA,8,0001110101000101000111001101110000011101001100110001110011000001
18701,2327,2.261397,0B4,8,0000000000000000000000000000000010111100000000101000011100000001
8007,2329,2.261753,260,8,0000000000000000000000000000000000000000000000110110111011011011
35688,1550,2.261842,0BA,5,0100111100000000000000000000000000101110
31803,2331,2.263479,1C4,8,0000001111111010000110110000000000000000000000000000000011100101
35689,1554,2.269332,0BA,5,1110000000110010011100000000000011110111
1811,2334,2.269711,25,8,0000000010100011000000000000000100000000001100100000000000000011
22018,2335,2.270379,0AA,8,0001110101001001000111001101111100011101001100100001110011000100
13831,2336,2.27104,4C6,8,0000011100000000000000110000000000000000000000000000000000000000
16661,2339,2.27336,226,8,0000000000000001000100000000000000000000000000000000000000000000
35690,2317,2.276821,0BA,5,1100011000000000000000000000000010111110
11362,2341,2.277411,2C1,8,0000000000000011110000110000001001011100110000000001000010111111
14352,2343,2.279529,1C6,8,0000000000000000000000000000110001000010001010000000000000000000
1812,2344,2.279771,25,8,0000000010100011000000000000000101000000001011010000000000111110
28346,2345,2.280113,24,8,0000001000110010000000100001011001000010000011001000000001000110
22019,2346,2.280343,0AA,8,0001110101001100000111001110010000011101001100010001110011000110
18702,2347,2.281323,0B4,8,0000000000000000000000000000000010111100000000101000110100000111
8008,2348,2.281643,260,8,0000000000000000000000000000000000000000000000110111101011100111
31804,2351,2.283486,1C4,8,0000001111111010000110110000000000000000000000000000000011100101
35691,784,2.284311,0BA,5,0010100100000000000000000000011100101011
1813,2355,2.289632,25,8,0000000010100100000000000000000110100000001100100000000010100100
22020,2357,2.290405,0AA,8,0001110101001001000111001110010000011101001100110001110011001001
367,2358,2.291292,320,8,0000000000100000000000000000000000000000000000000000000001001011
35692,1568,2.2918,0BA,5,0100111100000000000000000000000000101110
35693,1572,2.29929,0BA,5,1110000000110010011100000000000011110111
1814,2360,2.299602,25,8,0000000010100100000000000000000100000000001111000000000000001110
28347,2361,2.300045,24,8,0000001000110010000000100001010001000010000011001000000001000100
22021,2362,2.300272,0AA,8,0001110101001011000111001101111100011101001101010001110011001010
18703,2363,2.301257,0B4,8,0000000000000000000000000000000011000000000000101001001000010000
8009,2364,2.301503,260,8,0000000000000000000000000000000000000000000000110011011110100100
31805,2367,2.303409,1C4,8,0000001111011110000110110000000000000000000000000000000011001001
16662,2370,2.305247,226,8,0000000000000000000100000000000000000000000000000000000000000000
27967,2372,2.306441,6C0,8,1110010000000000000000001110000010000000000000000000000000000000
35694,2350,2.306779,0BA,5,1100011000000000000000000000000010111110
11363,2374,2.307319,2C1,8,0000000000000100001111000000001011100000110000000001000110111110
14353,2376,2.309395,1C6,8,0000000000000000000000000000110000101011001010000000000000000000
1815,2377,2.309637,25,8,0000000010100100000000000000000101010000001100100000000001010100
22022,2378,2.310237,0AA,8,0001110101001110000111001110000100011101001110000001110011001011
35695,795,2.314269,0BA,5,0010100100000000000000000000010000101000
1816,2383,2.31955,25,8,0000000010100101000000000000000110110000001100100000000010110101
28348,2384,2.319947,24,8,0000001000110011000000100001010001000010000011001000000001000101
22023,2385,2.320176,0AA,8,0001110101010011000111001110010000011101001110000001110011001101
18704,2386,2.321183,0B4,8,0000000000000000000000000000000011000000000000101001001000010000
8010,2387,2.321469,260,8,0000000000000000000000000000000000000000000000110110001111010000
35696,1589,2.321759,0BA,5,0100111100000000000000000000000000101110
31806,2390,2.32327,1C4,8,0000001111011110000110110000000000000000000000000000000011001001
35697,1594,2.329248,0BA,5,1110000000110010011100000000000011110111
1817,2394,2.329488,25,8,0000000010100101000000000000000111110000001011010000000011110000
22024,2395,2.330158,0AA,8,0001110101010011000111001110100100011101001111010001110011001110
16663,2398,2.333143,226,8,0000000000000000000100000000000000000000000000000000000000000000
35698,2379,2.336738,0BA,5,1100011000000000000000000000000010111110
35065,271,2.336907,3D3,3,011011000001001000000000
11364,2399,2.337198,2C1,8,0000000000000100100000000000001011100110110000000001001000001001
14354,2402,2.33947,1C6,8,0000000000000000000000000000101111111011001010000000000000000000
1818,2403,2.339712,25,8,0000000010100101000000000000000100110000001011010000000000110000
28349,2404,2.339947,24,8,0000001000110011000000100001001101000010000011001000000001000100
22025,2405,2.340176,0AA,8,0001110101010010000111001110011100011101001111100001110011010000
18705,2406,2.341108,0B4,8,0000000000000000000000000000000011000000000000101001001000010000
8011,2407,2.341409,260,8,0000000000000000000000000000000000000000000000110010000010001101
31807,2410,2.34327,1C4,8,0000001111011110000110110000000000000000000000000000000011001001
368,2412,2.344104,320,8,0000000000100000000000000000000000000000000000000000000001001011
35699,804,2.344227,0BA,5,0010100100000000000000000000011100101011
43465,201,2.348157,423,2,11100000000
1819,2415,2.349417,25,8,0000000010100110000000000000000110010000001100100000000010010110
22026,2416,2.350095,0AA,8,0001110101010001000111001110011000011101001111110001110011010010
35700,1614,2.351717,0BA,5,0100111100000000000000000000000000101110
35701,1618,2.359206,0BA,5,1110000000110010100011000000000000010011
1820,2420,2.359406,25,8,0000000010100110000000000000000111010000001010010000000011001101
28350,2421,2.35981,24,8,0000001000110011000000100000110001000010000010101000000000111011
22027,2422,2.360035,0AA,8,0001110101010110000111001110100100011101001111110001110011010010
14025,2423,2.360279,442,8,0100001100000010000000000000000000000010000000000000000000000000
18706,2424,2.361038,0B4,8,0000000000000000000000000000000011000000000000101001100000010110
8012,2425,2.361293,260,8,0000000000000000000000000000000000000000000000110011011110100100
31808,2428,2.3632,1C4,8,0000001111101000000110110000000000000000000000000000000011010011
16664,2431,2.365028,226,8,0000000000000000000100000000000000000000000000000000000000000000
35702,2409,2.366696,0BA,5,1100011000000000000000000000000010111110
11365,2432,2.367105,2C1,8,0000000000000100101111000000001101011100110000000001001110111101
14355,2434,2.369184,1C6,8,0000000000000000000000000000101111001111001010010000000000000000
1821,2435,2.369422,25,8,0000000010100110000000000000000100100000001100100000000000100110
22028,2436,2.37002,0AA,8,0001110101011011000111001110110000011101010000000001110011010010
35703,816,2.374185,0BA,5,0010100100000000000000000000010000101000
1822,2440,2.379338,25,8,0000000010100110000000000000000101100000001011010000000001100001
28351,2441,2.379739,24,8,0000001000110100000000100000110101000010000010101000000000111101
22029,2442,2.379966,0AA,8,0001110101011000000111001111000000011101010000100001110011010011
43646,149,2.380679,3BB,5,1010010100000000000000000000000000000000
18707,2443,2.380969,0B4,8,0000000000000000000000000000000011000000000000101001100000010110
8013,2444,2.38121,260,8,0000000000000000000000000000000000000000000000110101100011000101
35704,1629,2.381675,0BA,5,0100111100000000000000000000000000101110
16354,2447,2.382592,3F9,8,0111010100011000000000100000001010000000000000000000000000010101
31809,2448,2.38307,1C4,8,0000001111101000000110110000000000000000000000000000000011010011
35705,1633,2.389164,0BA,5,1110000000110010101000000000000000100111
7778,2452,2.390143,610,8,0010000000000000000001110110010011000000000000010010100101000000
1823,2453,2.390381,25,8,0000000010100111000000000000000110110000001000110000000010101000
22030,2455,2.390978,0AA,8,0001110101010110000111001110111000011101010000100001110011010101
16665,2459,2.393924,226,8,0000000000000000000100000000000000000000000000000000000000000000
369,2460,2.394916,320,8,0000000000100000000000000000000000000000000000000000000001001011
35706,2437,2.396654,0BA,5,1100011000000000000000000000000010111110
35290,1112,2.396814,386,7,01010100000000000000000000000000000000000000000000000000
11366,2461,2.396985,2C1,8,0000000000000100111001100000001101010011110000000001010011011111
14356,2463,2.399066,1C6,8,0000000000000000000000000000101110100110001010010000000000000000
1824,2464,2.399307,25,8,0000000010100111000000000000000111100000001001100000000011011011
28352,2465,2.399668,24,8,0000001000110100000000100000110001000010000010101000000000111100
22031,2466,2.399914,0AA,8,0001110101011000000111001110111100011101010001000001110011010111
18708,2467,2.400895,0B4,8,0000000000000000000000000000000011000000000000101001110100011011
8014,2468,2.40114,260,8,0000000000000000000000000000000000000000000000110100001010101111
31810,2471,2.403063,1C4,8,0000010000001100000110110000000000000000000000000000000011111000
35707,821,2.404144,0BA,5,0010100100000000000000000000011100101011
1825,2477,2.409207,25,8,0000000010100111000000000000000100100000001001100000000000011011
22032,2478,2.409875,0AA,8,0001110101100010000111001111000000011101010000110001110011010111
35708,1650,2.411633,0BA,5,0100111100000000000000000000000000101110
35709,1654,2.419123,0BA,5,1110000000110010101100000000000000110111
1826,2481,2.419192,25,8,0000000010100111000000000000000101010000001000110000000001001000
28353,2482,2.419593,24,8,0000001000110100000000100000101001000010000010001000000000111000
22033,2483,2.419824,0AA,8,0001110101100011000111001111100000011101010000100001110011010111
18709,2484,2.420821,0B4,8,0000000000000000000000000000000011000100000000101001110100011111
8015,2486,2.421242,260,8,0000000000000000000000000000000000000000000000110011011110100100
31811,2489,2.422989,1C4,8,0000010000001100000110110000000000000000000000000000000011111000
16666,2492,2.424812,226,8,0000000000000000000100000000000000000000000000000000000000000000
35710,2470,2.426612,0BA,5,1100011000000000000000000000000010111110
11367,2493,2.426889,2C1,8,0000000000000100110010010000001110110110110000000001011000100111
14357,2495,2.428961,1C6,8,0000000000000000000000000000101101011010001010010000000000000000
1827,2496,2.429205,25,8,0000000010101000000000000000000110010000000111110000000010000101
13894,2497,2.429454,622,8,0001001000000000000000000000000000000000000000000000000000000000
22034,2498,2.429799,0AA,8,0001110101100101000111001111011000011101010000100001110011010111
68,2500,2.431789,3B7,8,1000
13579,2501,2.432531,4DD,8,0001111000000000000000000000000000000000000000000000000000000000
35711,839,2.434102,0BA,5,0010100100000000000000000000010000101000
1828,2504,2.43912,25,8,0000000010101000000000000000000111000000000111110000000010110101
28354,2505,2.439527,24,8,0000001000110101000000100000110001000010000010101000000000111101
22035,2506,2.439753,0AA,8,0001110101100000000111001111010100011101010001110001110011010111
18710,2507,2.440746,0B4,8,0000000000000000000000000000000011000100000000101010100100101011
8016,2508,2.440989,260,8,0000000000000000000000000000000000000000000000110010110010011001
13323,2509,2.441142,394,3,0
35712,1671,2.441591,0BA,5,0100111100000000000000000000000000101110
370,2511,2.442748,320,8,0000000000100000000000000000000000000000000000000000000001001011
31812,2512,2.442995,1C4,8,0000010000001100000110110000000000000000000000000000000011111000
1829,2516,2.449058,25,8,0000000010101000000000000000000111100000000110100000000011010000
35713,1675,2.449081,0BA,5,1110000000110010101100000000000000110111
22036,2517,2.449733,0AA,8,0001110101100101000111001111100000011101010001110001110011011100
16667,2520,2.452714,226,8,0000000000000000000100000000000000000000000000000000000000000000
35714,2499,2.45657,0BA,5,1100011000000000000000000000000010111110
11368,2524,2.456774,2C1,8,0000000000000100100010010000010000001001110000000001011100111100
21600,2525,2.457602,443,8,0100110100000010000000000010111100000110000000000000000000000000
31632,2526,2.457848,389,8,0000000000100000000000000000000000000000000000000000000000000000
14358,2528,2.458849,1C6,8,0000000000000000100000000000101100010011001010010000000000000000
1830,2529,2.45909,25,8,0000000010101000000000000000000100000000000110100000000011110000
10971,2530,2.459339,620,8,0001000000000000000000000000000000000000000000000000000000000000
28355,2531,2.459577,24,8,0000001000110101000000100000110001000010000010101000000000111101
22037,2532,2.459803,0AA,8,0001110101101001000111001111101100011101010001110001110011011011
18711,2533,2.460679,0B4,8,0000000000000000000000000000000011000100000000101010100100101011
8017,2534,2.460921,260,8,0000000000000000000000000000000000000000000000110010000010001101
31813,2537,2.462838,1C4,8,0000010001001001000110110000000000000000000000000000000000110101
35715,845,2.46406,0BA,5,0010100100000000000000000000011100101011
1831,2541,2.468984,25,8,0000000010101000000000000000000100110000000101100000000000011100
22038,2542,2.469662,0AA,8,0001110101101110000111001111111100011101010001110001110011011010
35716,1688,2.471549,0BA,5,0100111100000000000000000000000000101110
13639,2544,2.472879,4B7,8,1110001011001111001000001111000000000000110001000000000100001000
1832,2546,2.478979,25,8,0000000010101000000000000000000101000000000101100000000000101100
35717,1693,2.479039,0BA,5,1110000000110010101100000000000000110111
28356,2547,2.479405,24,8,0000001000110101000000100001000101000010000011001000000001000100
22039,2548,2.47963,0AA,8,0001110101101110000111010000000100011101010010010001110011011100
8018,2549,2.480533,260,8,0000000000000000000000000000000000000000000000110010110010011001
18712,2550,2.480774,0B4,8,0000000000000000000000000000000011000100000000101010111000110000
31814,2554,2.482766,1C4,8,0000010001001001000110110000000000000000000000000000000000110101
16668,2557,2.484595,226,8,0000000000000000000100000000000000000000000000000000000000000000
35718,2536,2.486529,0BA,5,1100011000000000000000000000000010111110
11369,2559,2.486684,2C1,8,0000000000000100011101100000001111111001110000000001011100011000
14359,2561,2.488744,1C6,8,0000000000000000100000000000101011010010001010100000000000000000
1833,2562,2.488984,25,8,0000000010101000000000000000000101010000000101100000000000111100
22040,2563,2.489586,0AA,8,0001110101101100000111010000000100011101010010100001110011011101
371,2565,2.491585,320,8,0000000000100000000000000000000000000000000000000000000001001011
35719,854,2.494018,0BA,5,0010100100000000000000000000010000101000
1834,2567,2.498905,25,8,0000000010101000000000000000000101100000000100000000000001000110
28357,2568,2.499339,24,8,0000001000110101000000100001001101000010000011011000000001000111
22041,2569,2.499568,0AA,8,0001110101110011000111010000000100011101010011000001110011011111
8019,2570,2.500432,260,8,0000000000000000000000000000000000000000000000110000101001110111
18713,2571,2.500672,0B4,8,0000000000000000000000000000000011000100000000101010111000110000
35720,1711,2.501508,0BA,5,0100111100000000000000000000000000101110
31815,2575,2.502855,1C4,8,0000010010001110000110110000000000000000000000000000000001111010
1835,2578,2.508841,25,8,0000000010101000000000000000000101100000000011000000000001000010
35721,1715,2.508997,0BA,5,1110000000110010101100000000000000110111
22042,2579,2.509514,0AA,8,0001110101111000000111010000101100011101010100010001110011100001
16669,2583,2.512498,226,8,0000000000000000000100000000000000000000000000000000000000000000
35722,2564,2.516487,0BA,5,1100011000000000000000000000000010111110
11370,2584,2.516562,2C1,8,0000000000000100100000000000001101011001110000000001011110000010
263,2585,2.517409,38F,8,0000000100000000000000000000000000000000000000000000000000000000
14360,2587,2.518663,1C6,8,0000000000000000100000000000101010110101001010100000000000000000
1836,2588,2.518906,25,8,0000000010101000000000000000000101100000000010100000000001000000
28358,2590,2.51932,24,8,0000001000110110000000100001100001000010000100011000000001010001
22043,2591,2.519549,0AA,8,0001110101111100000111010000110000011101010101100001110011100011
8020,2593,2.520442,260,8,0000000000000000000000000000000000000000000000101101110101001001
18714,2594,2.520684,0B4,8,0000000000000000000000000000000011001000000000101011010000111010
31816,2597,2.522622,1C4,8,0000010010001110000110110000000000000000000000000000000001111010
35723,865,2.523976,0BA,5,0010100100000000000000000000011100101011
1837,2601,2.528771,25,8,0000000010101000000000000000000101100000000010000000000000111110
22044,2602,2.529442,0AA,8,0001110101111011000111010000111000011101010101110001110011100110
35724,1733,2.531466,0BA,5,0100111100000000000000000000000000101110
1838,2605,2.538737,25,8,0000000010101000000000000000000101100000000001110000000000111101
35725,1737,2.538955,0BA,5,1110000000110010101100000000000000110111
28359,2606,2.539165,24,8,0000001000110110000000100001101101000010000100111000000001010110
22045,2607,2.539414,0AA,8,0001110110000000000111010001000000011101010110000001110011100111
8021,2608,2.54028,260,8,0000000000000000000000000000000000000000000000101000010011110000
18715,2609,2.540521,0B4,8,0000000000000000000000000000000011001000000000101011111101000101
31817,2612,2.54255,1C4,8,0000010010111100000110110000000000000000000000000000000010101000
16670,2615,2.544381,226,8,0000000000000000000100000000000000000000000000000000000000000000
372,2616,2.545374,320,8,0000000000100000000000000000000000000000000000000000000001001011
35726,2596,2.546445,0BA,5,1100011000000000000000000000000010111110
11371,2617,2.546471,2C1,8,0000000000000100010100110000001110011001110000000001011110010101
34696,2618,2.546726,380,8,0
14361,2620,2.548529,1C6,8,0000000000000000100000000000101010101001001010100000000000000000
1839,2621,2.54877,25,8,0000000010101000000000000000000101100000000001100000000000111100
22046,2622,2.549371,0AA,8,0001110110001010000111010001010000011101010110110001110011101001
16281,2626,2.551746,4C1,8,0000000100000000000000010000000100000000000000000000000000000000
35727,879,2.553934,0BA,5,0010100100000000000000000000010000101000
1840,2628,2.558694,25,8,0000000010101000000000000000000101100000000001010000000000111011
28360,2629,2.559101,24,8,0000001000110111000000100001111101000010000101001000000001011100
22047,2630,2.559328,0AA,8,0001110110001011000111010001100000011101011000100001110011101011
31379,2631,2.560015,44D,8,0100001000000010000000000000000000000001000000000000000000000000
8022,2632,2.560259,260,8,0000000000000000000000000000000000000000000000110110111011011011
18716,2633,2.560498,0B4,8,0000000000000000000000000000000011001000000000101100010101001011
35728,1752,2.561424,0BA,5,0100111100000000000000000000000000101110
31818,2635,2.562415,1C4,8,0000010010111100000110110000000000000000000000000000000010101000
1841,2639,2.568625,25,8,0000000010101001000000000000000110010000000001010000000001101100
35729,1756,2.568913,0BA,5,1110000000110010101101000000000000111011
22048,2640,2.569303,0AA,8,0001110110001000000111010001010100011101011001000001110011101111
16671,2643,2.572281,226,8,0000000000000000000100000000000000000000000000000000000000000000
11372,2645,2.576349,2C1,8,0000000000000100010000110000001111000000110000000001011110101100
35730,2623,2.576403,0BA,5,1100011000000000000000000000000010111110
14362,2647,2.578448,1C6,8,0000000000000000100000000000101010011101001010110000000000000000
1842,2648,2.57869,25,8,0000000010101001000000000000000111000000000001010000000010011100
28361,2649,2.579027,24,8,0000001000110111000000100001111101000010000100111000000001011011
22049,2650,2.579252,0AA,8,0001110110000101000111010001001000011101011010010001110011110011
8023,2651,2.580113,260,8,0000000000000000000000000000000000000000000000111011001000011111
18717,2652,2.580356,0B4,8,0000000000000000000000000000000011001000000000101100101001010000
31819,2655,2.582406,1C4,8,0000010011000101000110110000000000000000000000000000000010110001
35731,883,2.583893,0BA,5,0010100100000000000000000000011100101011
1843,2661,2.588558,25,8,0000000010101001000000000000000111110000000111010000000011100100
22050,2662,2.589233,0AA,8,0001110110001010000111010001000000011101011011000001110011110101
373,2663,2.590215,320,8,0000000000100000000000000000000000000000000000000000000001001011
35732,1775,2.591382,0BA,5,0100111100000000000000000000000000101110
35066,2457,2.596563,3D3,3,111001010000000100110110
1844,2665,2.598522,25,8,0000000010101001000000000000000100010000000111010000000000000100
35733,1778,2.598872,0BA,5,1110000000110010110111000000000001100011
28362,2666,2.598956,24,8,0000001000111001000000100001100001000010000100011000000001010100
22051,2667,2.599189,0AA,8,0001110110011001000111010001110100011101011011100001110011110110
8024,2668,2.600037,260,8,0000000000000000000000000000000000000000000000110001010110000010
18718,2669,2.60028,0B4,8,0000000000000000000000000000000011001000000000101100101001010000
31820,2673,2.602332,1C4,8,0000010011000101000110110000000000000000000000000000000010110001
16672,2676,2.604166,226,8,0000000000000000000100000000000000000000000000000000000000000000
27968,2677,2.604774,6C0,8,1110010000000000000000001110000010000000000000000000000000000000
11373,2679,2.606257,2C1,8,0000000000000100001110010000001110110110110000000001011110011000
35734,2654,2.606361,0BA,5,1100011000000000000000000000000010111110
14363,2680,2.608237,1C6,8,0000000000000000100000000000101010110001001010110000000000000000
1845,2682,2.609511,25,8,0000000010101001000000000000000100110000000110010000000000100000
22052,2683,2.610127,0AA,8,0001110110011010000111010010000000011101011011100001110011111000
35735,899,2.613851,0BA,5,0010100100000000000000000000010000101000
1846,2687,2.618476,25,8,0000000010101001000000000000000101010000000110010000000001000000
28363,2688,2.618882,24,8,0000001000111010000000100001110101000010000100011000000001011010
22053,2689,2.619111,0AA,8,0001110110010111000111010010010000011101011100100001110011111010
8025,2690,2.619938,260,8,0000000000000000000000000000000000000000000000110011011110100100
18719,2691,2.62018,0B4,8,0000000000000000000000000000000011001100000000101101000001011010
35736,1796,2.62134,0BA,5,0100111100000000000000000000000000101110
31821,2693,2.622204,1C4,8,0000010011000000000110110000000000000000000000000000000010101100
1847,2696,2.628412,25,8,0000000010101001000000000000000101010000000101000000000000111011
35737,1801,2.62883,0BA,5,1110000000110010111010000000000001101111
22054,2697,2.629088,0AA,8,0001110110010100000111010001111100011101011101100001110011111100
16673,2700,2.632066,226,8,0000000000000000000100000000000000000000000000000000000000000000
16355,2701,2.632302,3F9,8,0111010100011000000000100000001010000000000000000000000000010101
11374,2703,2.636139,2C1,8,0000000000000100001101100000001111000000110000000001011110011111
35738,2684,2.636319,0BA,5,1100011000000000000000000000000010111110
14364,2705,2.638217,1C6,8,0000000000000000100000000000101011111010001010110000000000000000
1848,2706,2.638455,25,8,0000000010101001000000000000000101010000000011100000000000110101
28364,2707,2.638818,24,8,0000001000111010000000100001110101000010000011011000000001010110
22055,2708,2.639051,0AA,8,0001110110011001000111010010100100011101011110110001110011111111
8026,2710,2.639863,260,8,0000000000000000000000000000000000000000000000110001010110000010
18720,2711,2.640109,0B4,8,0000000000000000000000000000000011001100000000101101011001100000
31822,2714,2.642194,1C4,8,0000010011000000000110110000000000000000000000000000000010101100
374,2716,2.643023,320,8,0000000000100000000000000000000000000000000000000000000001001011
35739,903,2.643809,0BA,5,0010100100000000000000000000011100101011
14218,2717,2.644017,60.0,8,1010000100000000000000000000000000000000011100000000000000000000
1849,2720,2.648345,25,8,0000000010101001000000000000000101010000000010110000000000110010
22056,2721,2.649011,0AA,8,0001110110100101000111010010111000011101011110110001110100000100
35740,1814,2.651298,0BA,5,0100111100000000000000000000000000101110
1850,2726,2.658329,25,8,0000000010101001000000000000000101010000000010010000000000110000
28365,2727,2.658748,24,8,0000001000111010000000100001101001000010000011111000000001010101
35741,1818,2.658788,0BA,5,1110000000110010111100000000000001110111
22057,2728,2.658979,0AA,8,0001110110100111000111010011001100011101011111000001110100000100
14026,2729,2.659221,442,8,0100001100000010000000000000000000000010000000000000000000000000
8027,2730,2.659746,260,8,0000000000000000000000000000000000000000000000101110100001010100
18721,2731,2.659994,0B4,8,0000000000000000000000000000000011001100000000101101101101100101
7715,2733,2.661888,435,8,1000000000000101000001011111111111100000001111110000000000000011
31823,2734,2.662127,1C4,8,0000010011000000000110110000000000000000000000000000000010101100
16674,2738,2.66395,226,8,0000000000000000000100000000000000000000000000000000000000000000
11375,2740,2.66604,2C1,8,0000000000000100010000110000001111001100110000000001100010111001
35742,2713,2.666278,0BA,5,1100011000000000000000000000000010111110
14365,2741,2.668028,1C6,8,0000000000000000100000000000101100111110001010110000000000000000
10905,2742,2.668873,436,8,0
1851,2744,2.669452,25,8,0000000010101001000000000000000101100000000001110000000000111110
22058,2745,2.669913,0AA,8,0001110110100111000111010010111000011101100000010001110100000100
35743,914,2.673767,0BA,5,0010100100000000000000000000010000101000
43647,2479,2.678263,3BB,5,0111000000000000000000001001111100000000
1852,2748,2.678296,25,8,0000000010101001000000000000000101010000000001100000000000101101
28366,2749,2.678702,24,8,0000001000111010000000100001101001000010000011111000000001010101
22059,2750,2.678927,0AA,8,0001110110101001000111010010111100011101100001010001110100001001
8028,2751,2.679588,260,8,0000000000000000000000000000000000000000000000101111010001100000
18722,2752,2.679886,0B4,8,0000000000000000000000000000000011001100000000101110011101110001
35744,1833,2.681257,0BA,5,0100111100000000000000000000000000101110
31824,2754,2.681988,1C4,8,0000010011000000000110110000000000000000000000000000000010101100
43466,761,2.683608,423,2,10101000000000
1853,2758,2.688201,25,8,0000000010101001000000000000000101100000000001010000000000111100
35745,1837,2.688746,0BA,5,1110000000110010111100000000000001110111
22060,2759,2.688872,0AA,8,0001110110101100000111010011000100011101100011000001110100001011
16675,2762,2.691854,226,8,0000000000000000000100000000000000000000000000000000000000000000
375,2763,2.692846,320,8,0000000000100000000000000000000000000000000000000000000001001011
11376,2764,2.695922,2C1,8,0000000000000100010000110000001111000110110000000001100110110100
35746,2746,2.696236,0BA,5,1100011000000000000000000000000010111110
13771,2765,2.696769,434,8,0100001000000000000000000000000000000000000000000000000000000000
14366,2767,2.698024,1C6,8,0000000000000000100000000000101101111100001011000000000000000000
1854,2768,2.698265,25,8,0000000010101001000000000000000101100000000001010000000000111100
28367,2770,2.698682,24,8,0000001000111011000000100001110101000010000011111000000001011001
22061,2771,2.698908,0AA,8,0001110110101111000111010011100000011101100011000001110100001110
8029,2772,2.699543,260,8,0000000000000000000000000000000000000000000000110000101001110111
18723,2773,2.699813,0B4,8,0000000000000000000000000000000011001100000000101110011101110001
31825,2776,2.70198,1C4,8,0000010011000100000110110000000000000000000000000000000010110000
34817,2778,2.702367,3C3,8,0100011000011110100100110100111011101110010001100111100101110000
35747,928,2.703725,0BA,5,0010100100000000000000000000011100101011
28162,2781,2.703747,437,8,1111110011111111111111111111111111111111111111111111111111111111
1855,2784,2.708138,25,8,0000000010101001000000000000000101100000000001000000000000111011
22062,2785,2.708796,0AA,8,0001110110110001000111010011101000011101100011100001110100010000
35748,1854,2.711215,0BA,5,0100111100000000000000000000000000101110
1856,2789,2.718121,25,8,0000000010101001000000000000000101100000000001000000000000111011
28368,2790,2.718535,24,8,0000001000111011000000100001101101000010000011011000000001010101
35749,1858,2.718704,0BA,5,1110000000110010111100000000000001110111
22063,2791,2.718759,0AA,8,0001110110111001000111010011110000011101100100110001110100010010
8030,2792,2.719321,260,8,0000000000000000000000000000000000000000000000110010000010001101
18724,2793,2.719742,0B4,8,0000000000000000000000000000000011010000000000101110110001111010
31826,2796,2.721907,1C4,8,0000010011000100000110110000000000000000000000000000000010110000
16676,2799,2.723734,226,8,0000000000000000000100000000000000000000000000000000000000000000
11377,2800,2.725834,2C1,8,0000000000000100010011000000001111000110110000000001101010111110
35750,2775,2.726194,0BA,5,1100011000000000000000000000000010111110
14367,2802,2.727885,1C6,8,0000000000000000100000000000101111010011001011000000000000000000
1857,2803,2.728131,25,8,0000000010101001000000000000000101110000000001000000000001001011
22064,2804,2.728723,0AA,8,0001110110111011000111010011111100011101100101110001110100010111
69,2806,2.730713,3B7,8,1000
35751,940,2.733683,0BA,5,0010100100000000000000000000010000101000
1858,2810,2.738054,25,8,0000000010101010000000000000000110010000000000110000000001101011
28369,2811,2.738466,24,8,0000001000111011000000100001100001000010000011111000000001010100
22065,2812,2.738697,0AA,8,0001110110111110000111010100010000011101100110010001110100011010
8031,2813,2.739181,260,8,0000000000000000000000000000000000000000000000110010110010011001
13324,2814,2.739336,394,3,0
18725,2815,2.739673,0B4,8,0000000000000000000000000000000011010000000000101111001010000000
35752,1872,2.741173,0BA,5,0100111100000000000000000000000000101110
376,2817,2.74167,320,8,0000000000100000000000000000000000000000000000000000000001001011
31827,2818,2.741907,1C4,8,0000010011010001000110110000000000000000000000000000000010111101
35753,1876,2.748663,0BA,5,1110000000110010111100000000000001110111
1859,2822,2.749015,25,8,0000000010101010000000000000000110100000000000110000000001111011
22066,2823,2.749624,0AA,8,0001110110111111000111010100011100011101100111100001110100011101
16677,2826,2.752633,226,8,0000000000000000000100000000000000000000000000000000000000000000
11378,2828,2.755718,2C1,8,0000000000000100010111000000001111100000110000000001101011101000
35754,2805,2.756152,0BA,5,1100011000000000000000000000000010111110
21601,2829,2.756546,443,8,0100110100000010000000000010111100000110000000000000000000000000
14368,2831,2.757803,1C6,8,0000000000000000100000000000110000100100001011000000000000000000
1860,2832,2.758042,25,8,0000000010101010000000000000000110110000000000110000000010001011
31239,2833,2.758292,4A6,8,0000000000000000000000000000000000000000000100110000000000000000
28370,2834,2.758525,24,8,0000001000111100000000100001101001000010000011001000000001010100
22067,2835,2.758753,0AA,8,0001110111000000000111010100100100011101101000110001110100011111
10972,2836,2.759003,620,8,0001000000000000000000000000000000000000000000000000000000000000
8032,2837,2.759246,260,8,0000000000000000000000000000000000000000000000110010110010011001
18726,2838,2.759601,0B4,8,0000000000000000000000000000000011010000000000101111011110000101
31828,2841,2.761767,1C4,8,0000010011010001000110110000000000000000000000000000000010111101
35755,945,2.763642,0BA,5,0010100100000000000000000000011100101011
1861,2847,2.767912,25,8,0000000010101010000000000000000111010000000000110000000010101011
22068,2848,2.768588,0AA,8,0001110111001000000111010100110000011101101000110001110100100010
35756,1893,2.771131,0BA,5,0100111100000000000000000000000000101110
1862,2850,2.777907,25,8,0000000010101010000000000000000111100000000010110000000011000011
28371,2851,2.778331,24,8,0000001000111100000000100001110101000010000011011000000001011000
22069,2852,2.778554,0AA,8,0001110111001101000111010100111000011101101001010001110100101001
35757,1898,2.778621,0BA,5,1110000000110010111100000000000001110111
8033,2854,2.779001,260,8,0000000000000000000000000000000000000000000000110100001010101111
18727,2855,2.779538,0B4,8,0000000000000000000000000000000011010000000000101111110110001011
31829,2859,2.781695,1C4,8,0000010011100001000110110000000000000000000000000000000011001101
16678,2862,2.783526,226,8,0000000000000000000100000000000000000000000000000000000000000000
11379,2863,2.78563,2C1,8,0000000000000100011000110000010000011100110000000001101000101100
35758,2840,2.78611,0BA,5,1100011000000000000000000000000010111110
14369,2865,2.787678,1C6,8,0000000000000000100000000000110001101111001011010000000000000000
1863,2866,2.787918,25,8,0000000010101010000000000000000100000000000010110000000011100011
22070,2867,2.788519,0AA,8,0001110111001111000111010100111000011101101011000001110100101011
377,2869,2.7905,320,8,0000000000100000000000000000000000000000000000000000000001001011
35759,960,2.7936,0BA,5,0010100100000000000000000000010000101000
1864,2872,2.797837,25,8,0000000010101010000000000000000100010000000010110000000011110011
28372,2873,2.798265,24,8,0000001000111101000000100001101101000010000011001000000001010110
22071,2874,2.798493,0AA,8,0001110111010100000111010101001100011101101100010001110100101110
8034,2875,2.798925,260,8,0000000000000000000000000000000000000000000000110111101011100111
18728,2876,2.799465,0B4,8,0000000000000000000000000000000011010100000000110000100010011011
35760,1915,2.801089,0BA,5,0100111100000000000000000000000000101110
31830,2879,2.801666,1C4,8,0000010011100001000110110000000000000000000000000000000011001101
13960,2881,2.806395,38E,8,0
1865,2883,2.80778,25,8,0000000010101010000000000000000100110000000011110000000000010111
22072,2884,2.808452,0AA,8,0001110111010101000111010101100000011101101101000001110100110011
35761,1919,2.808579,0BA,5,1110000000110010111101000000000001111011
16679,2887,2.811432,226,8,0000000000000000000100000000000000000000000000000000000000000000
11380,2889,2.815518,2C1,8,0000000000000100011001100000010000010110110000000001101000101001
35762,2868,2.816068,0BA,5,1100011000000000000000000000000010111110
14370,2891,2.817601,1C6,8,0000000000000000100000000000110011001010001011010000000000000000
1866,2892,2.817845,25,8,0000000010101010000000000000000101000000000011110000000000100111
28373,2893,2.818201,24,8,0000001000111101000000100001101101000010000011011000000001010111
22073,2894,2.818426,0AA,8,0001110111010111000111010101110100011101101101000001110100110011
8035,2895,2.818904,260,8,0000000000000000000000000000000000000000000000110100001010101111
18729,2896,2.819399,0B4,8,0000000000000000000000000000000011010100000000110000100010011011
31831,2899,2.821561,1C4,8,0000010011110010000110110000000000000000000000000000000011011110
35763,966,2.823558,0BA,5,0010100100000000000000000000011100101011
1867,2903,2.827709,25,8,0000000010101010000000000000000101010000000011110000000000110111
22074,2904,2.828381,0AA,8,0001110111011010000111010101101100011101101101110001110100110101
35764,1935,2.831048,0BA,5,0100111100000000000000000000000000101110
1868,2908,2.837672,25,8,0000000010101010000000000000000101100000000011110000000001000111
28374,2909,2.838135,24,8,0000001000111101000000100001101101000010000011011000000001010111
22075,2910,2.838359,0AA,8,0001110111100001000111010101111000011101101111110001110100111000
35765,1940,2.838537,0BA,5,1110000000110010111101000000000001111011
8036,2911,2.838755,260,8,0000000000000000000000000000000000000000000000110011011110100100
18730,2912,2.839328,0B4,8,0000000000000000000000000000000011010100000000110000111010100001
31832,2915,2.841493,1C4,8,0000010011110010000110110000000000000000000000000000000011011110
16680,2918,2.843322,226,8,0000000000000000000100000000000000000000000000000000000000000000
378,2920,2.844319,320,8,0000000000100000000000000000000000000000000000000000000001001011
11381,2922,2.845502,2C1,8,0000000000000100011010010000010000110000110000000001101001000110
35766,2898,2.846027,0BA,5,1100011000000000000000000000000010111110
14371,2924,2.847472,1C6,8,0000000000000000100000000000110100101010001011010000000000000000
1869,2925,2.847714,25,8,0000000010101011000000000000000110010000000011000000000001110101
22076,2926,2.848314,0AA,8,0001110111100101000111010110001000011101110000010001110100111101
35767,978,2.853516,0BA,5,0010100100000000000000000000010000101000
35067,332,2.85622,3D3,3,011011000001001000000000
1870,2930,2.857641,25,8,0000000010101011000000000000000110100000000011000000000010000101
28375,2931,2.858128,24,8,0000001000111110000000100001101101000010000011111000000001011010
22077,2932,2.858296,0AA,8,0001110111101000000111010110011100011101110000010001110100111110
31380,2933,2.858535,44D,8,0100001000000010000000000000000000000001000000000000000000000000
8037,2934,2.858778,260,8,0000000000000000000000000000000000000000000000110100001010101111
18731,2935,2.859258,0B4,8,0000000000000000000000000000000011010100000000110001100110101100
35768,1959,2.861006,0BA,5,0100111100000000000000000000000000101110
31833,2937,2.86138,1C4,8,0000010100000000000110110000000000000000000000000000000011101101
13705,2940,2.866192,3A5,8,100000000
1871,2942,2.867579,25,8,0000000010101011000000000000000110110000000011000000000010010101
22078,2943,2.868247,0AA,8,0001110111101010000111010110011100011101110000110001110101000000
35769,1963,2.868495,0BA,5,1110000000110010111101000000000001111011
16681,2946,2.871227,226,8,0000000000000001000100000000000000000000000000000000000000000000
11382,2947,2.875311,2C1,8,0000000000000100011001100000010000111001110000000001101001001100
35770,2927,2.875985,0BA,5,1100011000000000000000000000000010111110
14372,2949,2.877379,1C6,8,0000000000000000100000000000110110000010001011010000000000000000
1872,2950,2.877621,25,8,0000000010101011000000000000000111010000000011000000000010110101
28376,2952,2.878162,24,8,0000001000111110000000100001100001000010000100011000000001011001
22079,2953,2.878384,0AA,8,0001110111101111000111010110100100011101110010000001110101000010
8038,2954,2.878683,260,8,0000000000000000000000000000000000000000000000110100001010101111
18732,2955,2.879198,0B4,8,0000000000000000000000000000000011010100000000110001111110110010
16356,2957,2.881046,3F9,8,0111010100011000000000100000001010000000000000000000000000010101
31834,2959,2.88146,1C4,8,0000010100000000000110110000000000000000000000000000000011101101
35771,987,2.883474,0BA,5,0010100100000000000000000000011100101011
1873,2963,2.888534,25,8,0000000010101011000000000000000111100000000011010000000011000110
7779,2964,2.889137,610,8,0010000000000000000010000110010011000000000000010010100101000000
22080,2965,2.889363,0AA,8,0001110111110010000111010110110100011101110011010001110101000100
379,2966,2.890165,320,8,0000000000100000000000000000000000000000000000000000000001001011
35772,1979,2.890964,0BA,5,0100111100000000000000000000000000101110
34999,2968,2.896089,413,8,0000000100000001000000010000100100000000000000000000000000000000
1874,2971,2.897475,25,8,0000000010101011000000000000000111110000000011010000000011010110
28377,2972,2.897955,24,8,0000001000111111000000100001100001000010000100111000000001011100
22081,2973,2.898184,0AA,8,0001110111110100000111010110111000011101110011010001110101000101
35773,1983,2.898453,0BA,5,1110000000110010111101000000000001111011
8039,2974,2.898556,260,8,0000000000000000000000000000000000000000000000110100110110111010
18733,2975,2.899125,0B4,8,0000000000000000000000000000000011011000000000110010010010111011
31313,2977,2.901091,640,8,1010100000000000000000000011011100000001110111010000000000000000
31835,2978,2.901331,1C4,8,0000010100010001000110110000000000000000000000000000000011111110
16682,2982,2.903118,226,8,0000000000000000000100000000000000000000000000000000000000000000
27969,2983,2.903361,6C0,8,1110010000000000000000001110000010000000000000000000000000000000
11383,2985,2.905224,2C1,8,0000000000000100011010010000010000111100110000000001101101010011
35774,2958,2.905943,0BA,5,1100011000000000000000000000000010111110
14373,2987,2.907271,1C6,8,0000000000000000100000000000110111011100001011100000000000000000
1875,2988,2.907508,25,8,0000000010101011000000000000000100000000000011010000000011100110
22082,2989,2.908174,0AA,8,0001110111110101000111010111001100011101110011100001110101000111
34935,2991,2.910093,4C3,8,0000001100000000000000000000000100000000000000000000000000000000
35775,1002,2.913433,0BA,5,0010100100000000000000000000010000101000
1876,2996,2.917425,25,8,0000000010101011000000000000000100010000000011010000000011110110
28378,2997,2.917862,24,8,0000001000111111000000100001100001000010000100111000000001011100
22083,2998,2.918145,0AA,8,0001110111111001000111010111100000011101110100010001110101001100
8040,2999,2.918367,260,8,0000000000000000000000000000000000000000000000110101100011000101
18734,3000,2.91906,0B4,8,0000000000000000000000000000000011011000000000110010101011000001
35776,1997,2.920922,0BA,5,0100111100000000000000000000000000101110
31836,3002,2.921175,1C4,8,0000010100010001000110110000000000000000000000000000000011111110
1877,3006,2.927489,25,8,0000000010101011000000000000000100100000000010110000000000000100
22084,3007,2.928045,0AA,8,0001110111111101000111010111100000011101110101010001110101010001
35777,2001,2.928412,0BA,5,1110000000110010111101000000000001111011
16683,3010,2.931022,226,8,0000000000000001000100000000000000000000000000000000000000000000
11384,3011,2.935131,2C1,8,0000000000000100011100000000010000110011110000000001110101010011
35778,2990,2.935901,0BA,5,1100011000000000000000000000000010111110
14374,3013,2.937167,1C6,8,0000000000000000100000000000111000111111001011100000000000000000
1878,3014,2.937407,25,8,0000000010101011000000000000000100110000000010010000000000010010
28379,3015,2.937795,24,8,0000001001000000000000100001100001000010000100111000000001011101
22085,3016,2.938026,0AA,8,0001110111111111000111010111100000011101110110000001110101010001
8041,3017,2.93837,260,8,0000000000000000000000000000000000000000000000110110001111010000
18735,3018,2.938994,0B4,8,0000000000000000000000000000000011011000000000110011000011000111
31837,3021,2.941158,1C4,8,0000010100100101000110110000000000000000000000000000000000010010
380,3023,2.941984,320,8,0000000000100000000000000000000000000000000000000000000001001011
35779,1005,2.943391,0BA,5,0010100100000000000000000000011100101011
1879,3027,2.947303,25,8,0000000010101011000000000000000100110000000010010000000000010010
22086,3028,2.947973,0AA,8,0001111000000100000111010111101100011101110110010001110101010001
35780,2021,2.95088,0BA,5,0100111100000000000000000000000000101110
1880,3031,2.957268,25,8,0000000010101011000000000000000101000000000010010000000000100010
28380,3032,2.957729,24,8,0000001001000001000000100001100001000010000101001000000001011111
22087,3033,2.957961,0AA,8,0001111000001010000111011000000000011101111000000001110101010011
8042,3034,2.958209,260,8,0000000000000000000000000000000000000000000000110110111011011011
35781,2024,2.95837,0BA,5,1110000000110010111110000000000001111111
14027,3035,2.958447,442,8,0100001100000010000000000000000000000010000000000000000000000000
18736,3036,2.958924,0B4,8,0000000000000000000000000000000011011000000000110011000011000111
31838,3041,2.961083,1C4,8,0000010100100101000110110000000000000000000000000000000000010010
16684,3044,2.962914,226,8,0000000000000000000100000000000000000000000000000000000000000000
11385,3045,2.965034,2C1,8,0000000000000100100011000000010001001001110000000001111110000111
35782,3020,2.965859,0BA,5,1100011000000000000000000000000010111110
14375,3047,2.967063,1C6,8,0000000000000000000000000000111010011010001011100000000000000000
1881,3048,2.967307,25,8,0000000010101011000000000000000101000000000010010000000000100010
22088,3049,2.967912,0AA,8,0001111000001101000111011000000100011101111001010001110101011000
35783,1022,2.973349,0BA,5,0010100100000000000000000000010000101000
43648,100,2.975848,3BB,5,1011101100000000000000000000000000100110
1882,3054,2.977227,25,8,0000000010101011000000000000000101010000000010010000000000110010
28381,3055,2.977662,24,8,0000001001000001000000100001101001000010000101101000000001100011
22089,3056,2.977891,0AA,8,0001111000001011000111011000001000011101111001010001110101011001
8043,3057,2.978136,260,8,0000000000000000000000000000000000000000000000110111101011100111
18737,3058,2.978856,0B4,8,0000000000000000000000000000000011011100000000110011101111010110
35784,2040,2.980838,0BA,5,0100111100000000000000000000000000101110
27801,3061,2.980851,420,8,0000000000000000000000000000000011111111000000001000000010101011
31839,3062,2.981089,1C4,8,0000010100110111000110110000000000000000000000000000000000100100
34756,3064,2.983111,4DF,8,0010000000000000000000000000000100000000000000000000000000000000
1883,3066,2.987168,25,8,0000000010101011000000000000000101100000000010010000000001000010
22090,3067,2.987837,0AA,8,0001111000001101000111011000001000011101111010100001110101011101
35785,2044,2.988328,0BA,5,1110000000110011000001000000000010001100
16685,3070,2.990821,226,8,0000000000000000000100000000000000000000000000000000000000000000
381,3071,2.991814,320,8,0000000000100000000000000000000000000000000000000000000001001011
11386,3073,2.994912,2C1,8,0000000000000100100101100000010001010110110000000010010010100011
35786,3050,2.995817,0BA,5,1100011000000000000000000000000010111110
35291,1147,2.996017,386,7,11011011000000000000000000000000000001100000000000000011
43401,1174,2.996023,3000000.0,6,101011000000000000000000000000000000000000000000
14376,3075,2.996964,1C6,8,0000000000000000000000000000111011101111001011110000000000000000
1884,3076,2.997201,25,8,0000000010101011000000000000000101110000000010000000000001010001
28382,3077,2.997594,24,8,0000001001000010000000100001100001000010000101001000000001100000
22091,3078,2.997822,0AA,8,0001111000010010000111011000011100011101111011000001110101100000
8044,3079,2.998123,260,8,0000000000000000000000000000000000000000000000110111101011100111
18738,3080,2.998788,0B4,8,0000000000000000000000000000000011011100000000110011101111010110
7595,3082,3.000371,3BC,8,0
31840,3084,3.000949,1C4,8,0000010100110111000110110000000000000000000000000000000000100100
35787,1028,3.003307,0BA,5,0010100100000000000000000000011100101011
1885,3090,3.007096,25,8,0000000010101100000000000000000110010000000001110000000001110001
22092,3091,3.007775,0AA,8,0001111000010100000111011000110000011101111100000001110101100010
35788,2061,3.010797,0BA,5,0100111100000000000000000000000000101110
1886,3094,3.017062,25,8,0000000010101100000000000000000110100000000001110000000010000001
28383,3095,3.017525,24,8,0000001001000010000000100001101001000010000101101000000001100100
22093,3096,3.017752,0AA,8,0001111000011001000111011000111100011101111100110001110101100100
8045,3097,3.017993,260,8,0000000000000000000000000000000000000000000000110111101011100111
35789,2065,3.018286,0BA,5,1110000000110011000100000000000010011000
18739,3098,3.018722,0B4,8,0000000000000000000000000000000011011100000000110100000111011100
43467,2380,3.01906,423,2,1000100000000
31841,3101,3.020881,1C4,8,0000010101001010000110110000000000000000000000000000000000110111
16686,3104,3.022711,226,8,0000000000000000000100000000000000000000000000000000000000000000
11387,3105,3.024903,2C1,8,0000000000000100101100110000010010010110110000000010010000000000
27862,3108,3.025467,4DC,8,0001110100000000000000000000000000000000000000000000000000000000
35790,3083,3.025776,0BA,5,1100011000000000000000000000000010111110
14377,3110,3.026862,1C6,8,0000000000000000000000000000111101101010001011110000000000000000
1887,3111,3.027099,25,8,0000000010101100000000000000000110110000000001110000000010010001
22094,3112,3.027701,0AA,8,0001111000100001000111011001000000011101111101100001110101101001
70,3114,3.029692,3B7,8,1000
35791,1039,3.033265,0BA,5,0010100100000000000000000000010000101000
1888,3116,3.03702,25,8,0000000010101100000000000000000110110000000001110000000010010001
28384,3117,3.037459,24,8,0000001001000011000000100001100001000010000101101000000001100011
22095,3118,3.037685,0AA,8,0001111000100001000111011001001100011101111110110001110101101100
8046,3119,3.037926,260,8,0000000000000000000000000000000000000000000000110111101011100111
13325,3121,3.03821,394,3,0
18740,3122,3.038648,0B4,8,0000000000000000000000000000000011011100000000110100110011100111
382,3124,3.040653,320,8,0000000000100000000000000000000000000000000000000000000001001011
35792,2083,3.040755,0BA,5,0100111100000000000000000000000000101110
31842,3125,3.04089,1C4,8,0000010101001010000110110000000000000000000000000000000000110111
1526,3129,3.045594,6F3,8,0010000000000000000000000000000000000000000000000000000000000000
1889,3131,3.046959,25,8,0000000010101100000000000000000110110000000001110000000010010001
22096,3132,3.047635,0AA,8,0001111000100011000111011001011000011110000000000001110101101110
35793,2085,3.048244,0BA,5,1110000000110011001010000000000010110000
16687,3135,3.050617,226,8,0000000000000000000100000000000000000000000000000000000000000000
11167,3137,3.052499,39A,8,0000000000000000000000000000000100000000000000000000000000000000
11388,3138,3.054711,2C1,8,0000000000000100110001100000010010111100110000000010010000111001
21602,3139,3.055541,443,8,0100110100000010000000000010111100000110000000000000000000000000
35794,3113,3.055734,0BA,5,1100011000000000000000000000000010111110
10973,3140,3.056496,620,8,0001000000000000000000000000000000000000000000000000000000000000
14378,3142,3.056908,1C6,8,0000000000000000000000000000111111011100001011110000000000000000
1890,3143,3.05715,25,8,0000000010101100000000000000000111000000000001110000000010100001
28385,3144,3.057391,24,8,0000001001000011000000100001101001000010000110001000000001100111
22097,3145,3.057619,0AA,8,0001111000101000000111011001101100011110000000110001110101110001
8047,3147,3.058043,260,8,0000000000000000000000000000000000000000000000110111101011100111
18741,3148,3.058589,0B4,8,0000000000000000000000000000000011100000000000110101000111110000
13519,3150,3.060197,399,8,0000000000000000000000000000000000000000111111110000000000000000
31843,3152,3.060747,1C4,8,0000010101100101000110110000000000000000000000000000000001010010
35795,1049,3.063223,0BA,5,0010100100000000000000000000011100101011
1891,3156,3.066903,25,8,0000000010101100000000000000000111000000000001110000000010100001
31572,3157,3.067375,633,8,1000000100000000000000000000000000000000000000000000000000000000
22098,3158,3.067603,0AA,8,0001111000101101000111011010000000011110000000110001110101110010
35796,2102,3.070713,0BA,5,0100111100000000000000000000000000101110
1892,3161,3.076877,25,8,0000000010101100000000000000000111000000000001100000000010100000
28386,3162,3.07735,24,8,0000001001000100000000100001101001000010000110001000000001101000
22099,3163,3.077578,0AA,8,0001111000110010000111011010001000011110000010000001110101110100
8048,3164,3.077822,260,8,0000000000000000000000000000000000000000000000110100001010101111
35797,2105,3.078202,0BA,5,1110000000110011001101000000000010111100
18742,3165,3.07852,0B4,8,0000000000000000000000000000000011100000000000110101110111111100
3,3167,3.080339,3B1,8,0000000000000000000000100000101000000000000010000000000000000000
31844,3169,3.080748,1C4,8,0000010101100101000110110000000000000000000000000000000001010010
16688,3172,3.082508,226,8,0000000000000000000100000000000000000000000000000000000000000000
11389,3173,3.084624,2C1,8,0000000000000100111001100000010011000110110000000010010001100011
35798,3151,3.085692,0BA,5,1100011000000000000000000000000010111110
14379,3174,3.086611,1C6,8,0000000000000000000000000001000001000101001011110000000000000000
1893,3176,3.087852,25,8,0000000010101100000000000000000111000000000001010000000010011111
22100,3177,3.088472,0AA,8,0001111000110011000111011010010100011110000010110001110101110110
383,3181,3.09048,320,8,0000000000100000000000000000000000000000000000000000000001001011
35799,1064,3.093182,0BA,5,0010100100000000000000000000010000101000
1894,3183,3.096823,25,8,0000000010101100000000000000000111000000000001010000000010011111
28387,3184,3.097286,24,8,0000001001000101000000100001101001000010000101101000000001100111
22101,3185,3.097511,0AA,8,0001111000110110000111011010011000011110000011010001110101111000
8049,3186,3.097757,260,8,0000000000000000000000000000000000000000000000101111111101101011
18743,3187,3.098449,0B4,8,0000000000000000000000000000000011100000000000110110001000000001
31845,3190,3.100647,1C4,8,0000010110000011000110110000000000000000000000000000000001110000
35800,2124,3.100671,0BA,5,0100111100000000000000000000000000101110
1895,3195,3.106781,25,8,0000000010101100000000000000000111000000000001000000000010011110
22102,3196,3.107429,0AA,8,0001111000111011000111011010011100011110000100000001110101111010
35801,2128,3.108161,0BA,5,1110000000110011001011000000000010110100
16689,3199,3.110418,226,8,0000000000000000000100000000000000000000000000000000000000000000
11390,3200,3.114514,2C1,8,0000000000000100111100110000010100000011110000000010010010101110
35802,3179,3.11565,0BA,5,1100011000000000000000000000000010111110
35068,2993,3.115876,3D3,3,111001010000000110111001
14380,3202,3.116585,1C6,8,0000000000000000000000000001000010000010001100000000000000000000
1896,3203,3.116826,25,8,0000000010101100000000000000000111000000000001000000000010011110
28388,3204,3.117191,24,8,0000001001000101000000100001100001000010000101101000000001100101
22103,3205,3.117427,0AA,8,0001111001000000000111011010110000011110000100100001110101111110
8050,3206,3.117669,260,8,0000000000000000000000000000000000000000000000100111100111100101
18744,3207,3.118379,0B4,8,0000000000000000000000000000000011100000000000110110001000000001
31846,3210,3.120541,1C4,8,0000010110000011000110110000000000000000000000000000000001110000
35803,1067,3.12314,0BA,5,0010100100000000000000000000011100101011
1897,3215,3.126691,25,8,0000000010101100000000000000000111000000000000110000000010011101
22104,3216,3.127367,0AA,8,0001111001000001000111011010111100011110000101000001110110000000
16357,3217,3.130609,3F9,8,0111010100011000000000100000001010000000000000000000000000010101
35804,2147,3.130629,0BA,5,0100111100000000000000000000000000101110
1898,3219,3.136656,25,8,0000000010101100000000000000000111000000000000110000000010011101
28389,3220,3.137126,24,8,0000001001000110000000100001101001000010000110001000000001101010
22105,3221,3.137354,0AA,8,0001111001000011000111011011000100011110000111000001110110000000
8051,3222,3.1376,260,8,0000000000000000000000000000000000000000000000011010111100011010
35805,2150,3.138119,0BA,5,1110000000110011001101000000000010111100
18745,3223,3.138309,0B4,8,0000000000000000000000000000000011100100000000110110100000001011
31847,3227,3.14047,1C4,8,0000010110100011000110110000000000000000000000000000000010010000
16690,3230,3.142304,226,8,0000000000000000000100000000000000000000000000000000000000000000
384,3231,3.143296,320,8,0000000000100000000000000000000000000000000000000000000001001011
11391,3232,3.144425,2C1,8,0000000000000100111110010000010100100000110000000010010111010010
35806,3209,3.145608,0BA,5,1100011000000000000000000000000010111110
14381,3234,3.146459,1C6,8,0000000000000000000000000001000010101010001100000000000000000000
1899,3235,3.146699,25,8,0000000010101100000000000000000111000000000000110000000010011101
22106,3236,3.147292,0AA,8,0001111001001000000111011011010100011110000111010001110110000101
35807,1084,3.153098,0BA,5,0010100100000000000000000000010000101000
1900,3242,3.156613,25,8,0000000010101100000000000000000111000000000000110000000010011101
31381,3243,3.156936,44D,8,0100001000000010000000000000000000000001000000000000000000000000
28390,3244,3.157168,24,8,0000001001000111000000100001101001000010000101101000000001101001
22107,3245,3.157395,0AA,8,0001111001001100000111011011011100011110000111100001110110001000
8052,3246,3.15764,260,8,0000000000000000000000000000000000000000000000010110000111001100
18746,3247,3.158243,0B4,8,0000000000000000000000000000000011100100000000110110111000010001
31848,3249,3.160373,1C4,8,0000010111000111000110110000000000000000000000000000000010110100
35808,2167,3.160587,0BA,5,0100111100000000000000000000000000101110
1901,3252,3.166554,25,8,0000000010101100000000000000000111000000000000100000000010011100
22108,3254,3.167225,0AA,8,0001111001001111000111011011100100011110000111110001110110001100
35809,2170,3.168077,0BA,5,1110000000110011001101000000000010111100
16691,3257,3.170211,226,8,0000000000000000000100000000000000000000000000000000000000000000
11392,3259,3.174313,2C1,8,0000000000000101000000000000010100111100110000000010010111110110
35810,3237,3.175567,0BA,5,1100011000000000000000000000000010111110
14382,3261,3.176378,1C6,8,0000000000000000000000000001000011001111001100000000000000000000
1902,3262,3.176619,25,8,0000000010101100000000000000000111000000000000100000000010011100
28391,3263,3.17699,24,8,0000001001000111000000100001101001000010000101101000000001101001
22109,3264,3.177226,0AA,8,0001111001010011000111011011111000011110001001000001110110001101
8053,3265,3.177469,260,8,0000000000000000000000000000000000000000000000010010100010010011
18747,3266,3.178177,0B4,8,0000000000000000000000000000000011100100000000110111100100011100
31849,3269,3.18034,1C4,8,0000010111000111000110110000000000000000000000000000000010110100
35811,1091,3.183056,0BA,5,0010100100000000000000000000011100101011
1903,3273,3.186486,25,8,0000000010101100000000000000000110110000000000100000000010001100
22110,3274,3.187155,0AA,8,0001111001010110000111011100001100011110001010100001110110001111
385,3275,3.18815,320,8,0000000000100000000000000000000000000000000000000000000001001011
35812,2183,3.190546,0BA,5,0100111100000000000000000000000000101110
1904,3278,3.196582,25,8,0000000010101100000000000000000110100000000000100000000001111100
8054,3279,3.196885,260,8,0000000000000000000000000000000000000000000000010011010010011111
28392,3280,3.197117,24,8,0000001001001000000000100001101101000010000101101000000001101011
22111,3281,3.197342,0AA,8,0001111001010111000111011100010100011110001011100001110110010100
35813,2186,3.198035,0BA,5,1110000000110011001101000000000010111100
18748,3282,3.198172,0B4,8,0000000000000000000000000000000011100100000000110111111000100001
31850,3285,3.200266,1C4,8,0000010111101001000110110000000000000000000000000000000011010110
34818,3287,3.20102,3C3,8,0100011000011110100100110100111011101110010001100111100101110000
27970,3289,3.201691,6C0,8,1110010000000000000000001110000010000000000000000000000000000000
16692,3290,3.202096,226,8,0000000000000000000100000000000000000000000000000000000000000000
11393,3292,3.204223,2C1,8,0000000000000101000010010000010101110000110000000010010100110011
35814,3268,3.205525,0BA,5,1100011000000000000000000000000010111110
14383,3295,3.20625,1C6,8,0000000000000000000000000001000010100110001100010000000000000000
1905,3296,3.206492,25,8,0000000010101100000000000000000110010000000000100000000001101100
22112,3297,3.207094,0AA,8,0001111001011000000111011100011000011110001100000001110110011001
11227,3299,3.211874,4C8,8,0000100100000000000000000000000000000000000000000000000000000000
35815,1102,3.213014,0BA,5,0010100100000000000000000000010000101000
1906,3301,3.21641,25,8,0000000010101011000000000000000101100000000000100000000000111011
8055,3302,3.216758,260,8,0000000000000000000000000000000000000000000000001111100001100010
28393,3303,3.21699,24,8,0000001001001000000000100001101001000010000101101000000001101010
22113,3304,3.217216,0AA,8,0001111001100001000111011100101100011110001100100001110110011011
18749,3306,3.218037,0B4,8,0000000000000000000000000000000011101000000000111000010000101011
31851,3308,3.220178,1C4,8,0000010111101001000110110000000000000000000000000000000011010110
35816,2207,3.220504,0BA,5,0100111100000000000000000000000000101110
1907,3312,3.227379,25,8,0000000010101011000000000000000101010000000000100000000000101011
13832,3313,3.227629,4C6,8,0000011100000000000000110000000000000000000000000000000000000000
35817,2211,3.227993,0BA,5,1110000000110011001101000000000010111100
22114,3314,3.227997,0AA,8,0001111001100100000111011101000000011110001101100001110110011110
16693,3318,3.230999,226,8,0000000000000000000100000000000000000000000000000000000000000000
11394,3320,3.234173,2C1,8,0000000000000101000110010000010110010110110000000010010101101001
35818,3298,3.235483,0BA,5,1100011000000000000000000000000010111110
14384,3322,3.236146,1C6,8,0000000000000000000000000000111111101101001100010000000000000000
1908,3323,3.236389,25,8,0000000010101011000000000000000101010000000000100000000000101011
8056,3324,3.236701,260,8,0000000000000000000000000000000000000000000000001111100001100010
28394,3325,3.236933,24,8,0000001001001001000000100001101101000010000101101000000001101100
22115,3326,3.237157,0AA,8,0001111001100110000111011101001100011110001110010001110110011110
18750,3328,3.237969,0B4,8,0000000000000000000000000000000011101000000000111000101000110001
31852,3331,3.240138,1C4,8,0000011000001100000110110000000000000000000000000000000011111010
386,3333,3.240963,320,8,0000000000100000000000000000000000000000000000000000000001001011
35819,1114,3.242972,0BA,5,0010100100000000000000000000011100101011
1909,3336,3.246284,25,8,0000000010101011000000000000000101010000000000100000000000101011
22116,3337,3.246965,0AA,8,0001111001101011000111011101010000011110001111100001110110100000
35820,2230,3.250462,0BA,5,0100111100000000000000000000000000101110
1910,3341,3.256282,25,8,0000000010101011000000000000000100110000000000000000000000001001
8057,3342,3.256607,260,8,0000000000000000000000000000000000000000000000001110110101010111
28395,3343,3.256838,24,8,0000001001001001000000100001101101000010000101001000000001101010
22117,3344,3.257073,0AA,8,0001111001110000000111011101010000011110010000010001110110100111
14028,3345,3.257316,442,8,0100001100000010000000000000000000000010000000000000000000000000
7656,3346,3.257577,611,8,0010000100000000000000000001000000000000000000000011110101101100
18751,3347,3.257898,0B4,8,0000000000000000000000000000000011101000000000111000111100110110
35821,2233,3.257952,0BA,5,1110000000110011001101000000000010111100
31853,3350,3.260068,1C4,8,0000011000110001000110110000000000000000000000000000000000011111
16694,3353,3.261893,226,8,0000000000000000000100000000000000000000000000000000000000000000
11395,3354,3.264024,2C1,8,0000000000000101001000110000010110010110110000000010010101110011
35822,3330,3.265441,0BA,5,1100011000000000000000000000000010111110
14385,3356,3.266084,1C6,8,0000000000000000000000000000111101000001001100010000000000000000
1911,3357,3.266326,25,8,0000000010101011000000000000000100001111111111110000000011100111
22118,3358,3.266884,0AA,8,0001111001110011000111011101100100011110010000100001110110101100
35823,1126,3.272931,0BA,5,0010100100000000000000000000010000101000
43649,206,3.273433,3BB,5,1010010100000000000000000000000000000000
1912,3362,3.276209,25,8,0000000010101011000000000000000111101111111001110000000010101111
8058,3363,3.276487,260,8,0000000000000000000000000000000000000000000000001110110101010111
28396,3364,3.276717,24,8,0000001001001001000000100001110101000010000101001000000001101100
22119,3365,3.276943,0AA,8,0001111001111000000111011101111000011110010001110001110110101100
18752,3366,3.277831,0B4,8,0000000000000000000000000000000011101000000000111001010100111100
31854,3368,3.279975,1C4,8,0000011000110001000110110000000000000000000000000000000000011111
35824,2245,3.28042,0BA,5,0100111100000000000000000000000000101110
1913,3372,3.286149,25,8,0000000010101011000000000000000110101111111001110000000001101111
22120,3374,3.286816,0AA,8,0001111001111000000111011110001100011110010011010001110110101101
35825,2248,3.28791,0BA,5,1110000000110011001101000000000010111100
16695,3377,3.289801,226,8,0000000000000000000100000000000000000000000000000000000000000000
387,3378,3.290793,320,8,0000000000100000000000000000000000000000000000000000000001001011
11396,3379,3.29391,2C1,8,0000000000000101001010010000010110101001110000000010010110001100
35826,3359,3.295399,0BA,5,1100011000000000000000000000000010111110
14386,3381,3.295945,1C6,8,0000000000000000000000000000111010100010001100010000000000000000
1914,3382,3.296199,25,8,0000000010101010000000000000000101101111111000010000000000101000
8059,3383,3.296436,260,8,0000000000000000000000000000000000000000000000010001110010000111
28397,3384,3.296661,24,8,0000001001001001000000100001110101000010000101001000000001101100
22121,3385,3.296882,0AA,8,0001111001111010000111011110001100011110010100010001110110110010
18753,3387,3.297766,0B4,8,0000000000000000000000000000000011101100000000111001101101000110
31855,3390,3.299929,1C4,8,0000011001011000000110110000000000000000000000000000000001000110
35827,1133,3.302889,0BA,5,0010100100000000000000000000011100101011
1915,3396,3.306079,25,8,0000000010101010000000000000000100111111110111110000000011110110
22122,3397,3.306758,0AA,8,0001111001111101000111011110010000011110010100100001110110110110
35828,2267,3.310378,0BA,5,0100111100000000000000000000000000101110
1916,3399,3.316043,25,8,0000000010101010000000000000000100001111110111110000000011000110
8060,3400,3.316359,260,8,0000000000000000000000000000000000000000000000010001000001111011
28398,3401,3.316591,24,8,0000001001001001000000100001101101000010000101001000000001101010
22123,3402,3.316817,0AA,8,0001111010000001000111011110011100011110010101000001110110111011
18754,3404,3.317697,0B4,8,0000000000000000000000000000000011101100000000111010000001001011
35829,2270,3.317868,0BA,5,1110000000110011001101000000000010111100
31856,3408,3.319861,1C4,8,0000011001111010000110110000000000000000000000000000000001101000
16696,3411,3.321689,226,8,0000000000000000000100000000000000000000000000000000000000000000
11397,3412,3.323822,2C1,8,0000000000000101001100000000010110111001110000000010010110100011
35830,3389,3.325357,0BA,5,1100011000000000000000000000000010111110
14387,3414,3.325843,1C6,8,0000000000000000000000000000110111100000001100100000000000000000
1917,3415,3.326082,25,8,0000000010101010000000000000000111011111110111110000000010010110
22124,3416,3.326692,0AA,8,0001111010001000000111011110110000011110010110010001110110111110
71,3418,3.32867,3B7,8,1000
35831,1149,3.332847,0BA,5,0010100100000000000000000000010000101000
1918,3421,3.336,25,8,0000000010101010000000000000000110101111111000110000000001101010
8061,3422,3.336272,260,8,0000000000000000000000000000000000000000000000010011010010011111
28399,3423,3.336507,24,8,0000001001001001000000100001110101000010000101101000000001101110
22125,3424,3.336739,0AA,8,0001111010001011000111011111000000011110011000000001110110111111
13326,3425,3.336893,394,3,0
18755,3426,3.337627,0B4,8,0000000000000000000000000000000011101100000000111010011001010001
388,3428,3.339628,320,8,0000000000100000000000000000000000000000000000000000000001001011
31857,3429,3.339866,1C4,8,0000011001111010000110110000000000000000000000000000000001101000
35832,2287,3.340336,0BA,5,0100111100000000000000000000000000101110
1919,3432,3.34594,25,8,0000000010101001000000000000000101101111111001110000000000101101
22126,3434,3.346618,0AA,8,0001111010001100000111011111001000011110011001010001110111000001
35833,2290,3.347826,0BA,5,1110000000110011001101000000000010111100
16697,3437,3.349598,226,8,0000000000000000000100000000000000000000000000000000000000000000
11398,3440,3.353737,2C1,8,0000000000000101001101100000010111001001110000000010010110111001
43468,267,3.354511,423,2,11100000000
21603,3441,3.354537,443,8,0100110100000010000000000010111100000110000000000000000000000000
35834,3417,3.355316,0BA,5,1100011000000000000000000000000010111110
10974,3442,3.355336,620,8,0001000000000000000000000000000000000000000000000000000000000000
14388,3444,3.355745,1C6,8,0000000000000000000000000000110100101101001100100000000000000000
1920,3445,3.355986,25,8,0000000010101001000000000000000101011111111001110000000000011101
8062,3446,3.356247,260,8,0000000000000000000000000000000000000000000000010001110010000111
28400,3447,3.356481,24,8,0000001001001010000000100001111101000010000101001000000001101111
22127,3448,3.356712,0AA,8,0001111010010000000111011111010000011110011001100001110111000100
18756,3449,3.357562,0B4,8,0000000000000000000000000000000011101100000000111011000101011100
31858,3452,3.35973,1C4,8,0000011010011111000110110000000000000000000000000000000010001101
35835,1156,3.362805,0BA,5,0010100100000000000000000000011100101011
1921,3457,3.365877,25,8,0000000010101001000000000000000100111111111011000000000000000010
22128,3458,3.366549,0AA,8,0001111010010110000111011111110000011110011001110001110111001010
35836,2305,3.370295,0BA,5,0100111100000000000000000000000000101110
35069,401,3.375533,3D3,3,011011000001001000000000
1922,3461,3.375842,25,8,0000000010101001000000000000000100101111111011000000000011110010
8063,3462,3.376108,260,8,0000000000000000000000000000000000000000000000010011010010011111
28401,3463,3.376343,24,8,0000001001001010000000100001111101000010000110001000000001110011
22129,3464,3.376574,0AA,8,0001111010011011000111100000001100011110011011000001110111001111
18757,3465,3.377496,0B4,8,0000000000000000000000000000000011110000000000111011011101100110
35837,2308,3.377784,0BA,5,1110000000110011001101000000000010111100
16358,3467,3.37929,3F9,8,0111010100011000000000100000001010000000000000000000000000010101
31859,3469,3.379698,1C4,8,0000011011000000000110110000000000000000000000000000000010101110
16698,3472,3.381484,226,8,0000000000000000000100000000000000000000000000000000000000000000
11399,3473,3.383622,2C1,8,0000000000000101010000110000010111010011110000000010010011001111
7780,3475,3.385206,610,8,0010000000000000000010010110010011000000000000010010100101000000
35838,3451,3.385274,0BA,5,1100011000000000000000000000000010111110
14389,3476,3.385602,1C6,8,0000000000000000000000000000110010000111001100100000000000000000
1923,3478,3.386834,25,8,0000000010101001000000000000000100011111111011000000000011100010
22130,3479,3.387445,0AA,8,0001111010011101000111100000001100011110011100010001110111001111
389,3481,3.389466,320,8,0000000000100000000000000000000000000000000000000000000001001011
35839,1166,3.392763,0BA,5,0010100100000000000000000000010000101000
1924,3483,3.395801,25,8,0000000010101001000000000000000100011111111100010000000011100111
8064,3484,3.396051,260,8,0000000000000000000000000000000000000000000000010101011011000001
28402,3485,3.396285,24,8,0000001001001010000000100001111101000010000110001000000001110011
22131,3486,3.396517,0AA,8,0001111010011111000111100000001100011110011101000001110111010010
18758,3487,3.397427,0B4,8,0000000000000000000000000000000011110000000000111100001001110001
31860,3490,3.39963,1C4,8,0000011011000000000110110000000000000000000000000000000010101110
35840,2330,3.400253,0BA,5,0100111100000000000000000000000000101110
1925,3494,3.405738,25,8,0000000010101001000000000000000100011111111101010000000011101011
22132,3495,3.40641,0AA,8,0001111010100111000111100000101100011110011101100001110111011001
35841,2332,3.407742,0BA,5,1110000000110011001101000000000010111100
16699,3499,3.409389,226,8,0000000000000001000100000000000000000000000000000000000000000000
11400,3501,3.413544,2C1,8,0000000000000101010010010000010111010110110000000010010011011000
35842,3480,3.415232,0BA,5,1100011000000000000000000000000010111110
14390,3503,3.415563,1C6,8,0000000000000000000000000000110000000101001100110000000000000000
1926,3504,3.4158,25,8,0000000010101001000000000000000100011111111101110000000011101101
8065,3505,3.416047,260,8,0000000000000000000000000000000000000000000000011001100100000100
28403,3506,3.416278,24,8,0000001001001010000000100001101101000010000110001000000001101111
22133,3507,3.416506,0AA,8,0001111010101110000111100000111000011110011111010001110111011100
18759,3509,3.417361,0B4,8,0000000000000000000000000000000011110000000000111100100001110111
31861,3512,3.419523,1C4,8,0000011011100010000110110000000000000000000000000000000011010000
35843,1175,3.422721,0BA,5,0010100100000000000000000000011100101011
13895,3515,3.424167,622,8,0001001000000000000000000000000000000000000000000000000000000000
1927,3518,3.425673,25,8,0000000010101001000000000000000100011111111110010000000011101111
22134,3519,3.426347,0AA,8,0001111010110001000111100001010000011110011111110001110111011110
35844,2349,3.430211,0BA,5,0100111100000000000000000000000000101110
1928,3523,3.435634,25,8,0000000010101001000000000000000100011111111110100000000011110000
8066,3524,3.435879,260,8,0000000000000000000000000000000000000000000000011101000100111100
28404,3525,3.436124,24,8,0000001001001011000000100001110101000010000110001000000001110010
22135,3526,3.436351,0AA,8,0001111010110011000111100001011100011110100001000001110111100001
18760,3527,3.437296,0B4,8,0000000000000000000000000000000011110000000000111101001110000010
35845,2352,3.437701,0BA,5,1110000000110011001101000000000010111100
13580,3529,3.439102,4DD,8,0001111000000000000000000000000000000000000000000000000000000000
31862,3531,3.439508,1C4,8,0000011100000101000110110000000000000000000000000000000011110100
16700,3534,3.44128,226,8,0000000000000000000100000000000000000000000000000000000000000000
390,3535,3.442275,320,8,0000000000100000000000000000000000000000000000000000000001001011
11401,3536,3.443419,2C1,8,0000000000000101010100000000010111101001110000000010010011110010
35846,3511,3.44519,0BA,5,1100011000000000000000000000000010111110
14391,3537,3.445437,1C6,8,0000000000000000000000000000101110010110001100110000000000000000
1929,3539,3.446626,25,8,0000000010101001000000000000000100011111111110110000000011110001
22136,3540,3.447244,0AA,8,0001111010110011000111100001100000011110100001100001110111100100
35847,1189,3.45268,0BA,5,0010100100000000000000000000010000101000
31633,3544,3.454219,389,8,0000000000100000000000000000000000000000000000000000000000000000
31382,3546,3.455431,44D,8,0100001000000010000000000000000000000001000000000000000000000000
1930,3547,3.455671,25,8,0000000010101001000000000000000100011111111110110000000011110001
8067,3548,3.455914,260,8,0000000000000000000000000000000000000000000000011101110001000111
28405,3549,3.456145,24,8,0000001001001011000000100001110101000010000101101000000001110000
22137,3550,3.456366,0AA,8,0001111010111010000111100001110100011110100010010001110111100111
18761,3551,3.457219,0B4,8,0000000000000000000000000000000011110100000000111101100010001011
16282,3553,3.458703,4C1,8,0000000100000000000000010000000100000000000000000000000000000000
31863,3554,3.459369,1C4,8,0000011100000101000110110000000000000000000000000000000011110100
35848,2365,3.460169,0BA,5,0100111100000000000000000000000000101110
1931,3557,3.465538,25,8,0000000010101001000000000000000100011111111111000000000011110010
22138,3559,3.466206,0AA,8,0001111011000000000111100010001000011110100011100001110111101010
35849,2368,3.467659,0BA,5,1110000000110011001101000000000010111100
16701,3562,3.469189,226,8,0000000000000000000100000000000000000000000000000000000000000000
13640,3563,3.469898,4B7,8,1110001011011111001000001111000000000000110001000000000100001000
11402,3564,3.473341,2C1,8,0000000000000101010110010000010111101100110000000010010011111110
35850,3541,3.475148,0BA,5,1100011000000000000000000000000010111110
14392,3567,3.475361,1C6,8,0000000000000000000000000000101100110000001100110000000000000000
1932,3568,3.475603,25,8,0000000010101001000000000000000100011111111111000000000011110010
8068,3569,3.475853,260,8,0000000000000000000000000000000000000000000000100001010010000000
28406,3570,3.476083,24,8,0000001001001011000000100001110101000010000110001000000001110010
22139,3571,3.476308,0AA,8,0001111011000010000111100010001100011110100100000001110111101111
18762,3572,3.477151,0B4,8,0000000000000000000000000000000011110100000000111101111010010001
31864,3576,3.479318,1C4,8,0000011100101001000110110000000000000000000000000000000000011000
35851,1195,3.482638,0BA,5,0010100100000000000000000000011100101011
1933,3581,3.485467,25,8,0000000010101001000000000000000100011111111111000000000011110010
22140,3582,3.486146,0AA,8,0001111011000100000111100010010000011110100101110001110111110010
28220,3583,3.486823,618,8,0010001000000000000000000001010001000000000000000000000000000000
391,3584,3.487125,320,8,0000000000100000000000000000000000000000000000000000000001001011
35852,2388,3.490127,0BA,5,0100111100000000000000000000000000101110
8069,3587,3.495358,260,8,0000000000000000000000000000000000000000000000100111100111100101
1934,3588,3.495625,25,8,0000000010101001000000000000000100011111111111010000000011110011
28407,3589,3.49595,24,8,0000001001001101000000100001110101000010000110001000000001110100
22141,3590,3.496179,0AA,8,0001111011000111000111100010100000011110100110100001110111110100
18763,3591,3.497092,0B4,8,0000000000000000000000000000000011110100000000111110010010010111
35853,2391,3.497617,0BA,5,1110000000110011010001000000000011001100
13763,3594,3.498778,61C,8,0010011000000000000000000000000000000000000000000000000000011001
31865,3596,3.499252,1C4,8,0000011101010001000110110000000000000000000000000000000001000000
27971,3599,3.500269,6C0,8,1110010000000000000000001110000010000000000000000000000000000000
16702,3600,3.501081,226,8,0000000000000000000100000000000000000000000000000000000000000000
11403,3602,3.503226,2C1,8,0000000000000101010110010000010111011001110000000010001111101010
35854,3575,3.505106,0BA,5,1100011000000000000000000000000010111110
14393,3603,3.505206,1C6,8,0000000000000000000000000000101011101001001100110000000000000000
1935,3605,3.506426,25,8,0000000010101001000000000000000100011111111111010000000011110011
22142,3606,3.507046,0AA,8,0001111011001110000111100010111000011110100111000001110111111001
35855,1211,3.512596,0BA,5,0010100100000000000000000000010000101000
264,3608,3.51402,38F,8,0000000100000000000000000000000000000000000000000000000000000000
8070,3611,3.51531,260,8,0000000000000000000000000000000000000000000000101101001000111110
1936,3612,3.515551,25,8,0000000010101001000000000000000100011111111111010000000011110011
28408,3613,3.515858,24,8,0000001001001101000000100001101101000010000110111000000001110101
22143,3614,3.516082,0AA,8,0001111011010011000111100011001000011110101000110001110111111110
18764,3615,3.517024,0B4,8,0000000000000000000000000000000011111000000000111110111110100110
31866,3617,3.519178,1C4,8,0000011101111100000110110000000000000000000000000000000001101011
35856,2408,3.520086,0BA,5,0100111100000000000000000000000000101110
1937,3620,3.525333,25,8,0000000010101001000000000000000100011111111111010000000011110011
22144,3621,3.526009,0AA,8,0001111011010100000111100011001000011110101010000001111000000001
35857,2411,3.527575,0BA,5,1110000000110011010000000000000011001000
16703,3624,3.529089,226,8,0000000000000000000100000000000000000000000000000000000000000000
11404,3626,3.533113,2C1,8,0000000000000101011000000000010111001100110000000010001111100100
35858,3607,3.535065,0BA,5,1100011000000000000000000000000010111110
14394,3628,3.53516,1C6,8,0000000000000000000000000000101011010100001101000000000000000000
1938,3629,3.535397,25,8,0000000010101001000000000000000100011111111111100000000011110100
8071,3630,3.535641,260,8,0000000000000000000000000000000000000000000000110010110010011001
28409,3631,3.535872,24,8,0000001001001110000000100001110101000010000110101000000001110111
22145,3632,3.536102,0AA,8,0001111011011000000111100011011000011110101010110001111000000010
18765,3633,3.536954,0B4,8,0000000000000000000000000000000011111000000000111111010110101100
31867,3636,3.539123,1C4,8,0000011101111100000110110000000000000000000000000000000001101011
392,3639,3.539944,320,8,0000000000100000000000000000000000000000000000000000000001001011
35859,1217,3.542554,0BA,5,0010100100000000000000000000011100101011
34697,3641,3.543264,380,8,0
1939,3643,3.54526,25,8,0000000010101001000000000000000100011111111111100000000011110100
22146,3644,3.545945,0AA,8,0001111011011101000111100011110000011110101100010001111000000100
35860,2426,3.550044,0BA,5,0100111100000000000000000000000000101110
8072,3649,3.555173,260,8,0000000000000000000000000000000000000000000000110010000010001101
1940,3650,3.555412,25,8,0000000010101001000000000000000100011111111111100000000011110100
14029,3651,3.555655,442,8,0100001100000010000000000000000000000010000000000000000000000000
28410,3652,3.555887,24,8,0000001001001110000000100001110101000010000110111000000001111000
22147,3653,3.556115,0AA,8,0001111011100011000111100100000100011110101100110001111000001001
31240,3654,3.556361,4A6,8,0000000000000000000000000000000000000000000100110000000000000000
18766,3655,3.556882,0B4,8,0000000000000000000000000000000011111000000000111111101010110001
35861,2429,3.557533,0BA,5,1110000000110011010010000000000011010000
31868,3658,3.559046,1C4,8,0000011110100011000110110000000000000000000000000000000010010010
16704,3661,3.560872,226,8,0000000000000000000100000000000000000000000000000000000000000000
11405,3662,3.56302,2C1,8,0000000000000101011001100000010111010000110000000010001111101110
35862,3635,3.565023,0BA,5,1100011000000000000000000000000010111110
1941,3665,3.565198,25,8,0000000010101001000000000000000100011111111111100000000011110100
14395,3666,3.565443,1C6,8,0000000000000000000000000000101010111111001101000000000000000000
22148,3667,3.565881,0AA,8,0001111011101100000111100100010100011110101110100001111000001111
43650,3498,3.571018,3BB,5,0111000000000000000000001001111100000000
35863,1226,3.572512,0BA,5,0010100100000000000000000000010000101000
8073,3670,3.575049,260,8,0000000000000000000000000000000000000000000000110001010110000010
1942,3671,3.575262,25,8,0000000010101001000000000000000100011111111111100000000011110100
28411,3672,3.575657,24,8,0000001001001111000000100001111101000010000110111000000001111011
22149,3673,3.575885,0AA,8,0001111011101100000111100100011000011110101110100001111000010011
18767,3674,3.576822,0B4,8,0000000000000000000000000000000011111000000001000000010110111101
31869,3676,3.578972,1C4,8,0000011111001100000110110000000000000000000000000000000010111011
35864,2445,3.580002,0BA,5,0100111100000000000000000000000000101110
1943,3680,3.586149,25,8,0000000010101001000000000000000100011111111111100000000011110100
22150,3681,3.586769,0AA,8,0001111011110000000111100100010000011110110000110001111000010101
35865,2449,3.587491,0BA,5,1110000000110011010110000000000011100000
16705,3684,3.58978,226,8,0000000000000000000100000000000000000000000000000000000000000000
393,3685,3.590775,320,8,0000000000100000000000000000000000000000000000000000000001001011
11406,3686,3.592907,2C1,8,0000000000000101011011000000010111010011110000000010001111110111
14396,3688,3.594921,1C6,8,0000000000000000000000000000101010101101001101000000000000000000
35866,3668,3.594981,0BA,5,1100011000000000000000000000000010111110
1944,3689,3.595161,25,8,0000000010101001000000000000000100011111111111100000000011110100
35292,67,3.595221,386,7,01001110000000000000000000000000000000000000000010110001
8074,3690,3.595404,260,8,0000000000000000000000000000000000000000000000101101110101001001
28412,3691,3.59564,24,8,0000001001010000000000100001111101000010000111011000000001111110
22151,3692,3.595868,0AA,8,0001111011110100000111100100101100011110110011010001111000011000
18768,3694,3.596746,0B4,8,0000000000000000000000000000000011111100000001000000101111000111
31870,3697,3.598915,1C4,8,0000011111110100000110110000000000000000000000000000000011100011
35867,1237,3.602471,0BA,5,0010100100000000000000000000011100101011
1945,3703,3.605064,25,8,0000000010101001000000000000000100011111111111100000000011110100
22152,3704,3.605731,0AA,8,0001111011111000000111100101000100011110110011100001111000011101
35868,2469,3.60996,0BA,5,0100111100000000000000000000000000101110
8075,3707,3.614887,260,8,0000000000000000000000000000000000000000000000101010010100010001
1946,3708,3.615129,25,8,0000000010101001000000000000000100011111111111110000000011110101
28413,3709,3.615524,24,8,0000001001010001000000100001110101000010000111111000000001111111
22153,3710,3.615752,0AA,8,0001111100000010000111100101011000011110110011010001111000100001
18769,3711,3.616678,0B4,8,0000000000000000000000000000000011111100000001000001000111001101
35869,2472,3.61745,0BA,5,1110000000110011011100000000000011111000
31871,3714,3.618845,1C4,8,0000100000011000000110110000000000000000000000000000000000001000
16706,3718,3.620669,226,8,0000000000000000000100000000000000000000000000000000000000000000
11407,3719,3.622822,2C1,8,0000000000000101011000000000010111001001110000000010001011100000
14397,3721,3.624824,1C6,8,0000000000000000000000000000101011011111001101010000000000000000
35870,3696,3.624939,0BA,5,1100011000000000000000000000000010111110
1947,3722,3.625065,25,8,0000000010101001000000000000000100011111111111110000000011110101
22154,3723,3.625669,0AA,8,0001111100000111000111100101011100011110110101100001111000100110
72,3725,3.627649,3B7,8,1000
16359,3726,3.628815,3F9,8,0111010100011000000000100000001010000000000000000000000000010101
35871,1252,3.632429,0BA,5,0010100100000000000000000000010000101000
8076,3729,3.6348,260,8,0000000000000000000000000000000000000000000000101010010100010001
1948,3730,3.635042,25,8,0000000010101001000000000000000100011111111111110000000011110101
35070,3520,3.635189,3D3,3,111001010000001010000011
13327,3731,3.635197,394,3,0
28414,3732,3.635457,24,8,0000001001010001000000100001110101000010000111111000000001111111
22155,3733,3.63569,0AA,8,0001111100000101000111100101100100011110110110000001111000100110
18770,3734,3.636613,0B4,8,0000000000000000000000000000000011111100000001000001110011011000
394,3736,3.638616,320,8,0000000000100000000000000000000000000000000000000000000001001011
31872,3737,3.638867,1C4,8,0000100000011000000110110000000000000000000000000000000000001000
14219,3739,3.639605,60.0,8,1010000100000000000000000000000000000000011100000000000000000000
35872,2487,3.639918,0BA,5,0100111100000000000000000000000000101110
1949,3742,3.645954,25,8,0000000010101001000000000000000100011111111111110000000011110101
22156,3743,3.646569,0AA,8,0001111100001101000111100101111000011110110111010001111000101000
35873,2490,3.647408,0BA,5,1110000000110011011010000000000011110000
16707,3746,3.649576,226,8,0000000000000000000100000000000000000000000000000000000000000000
11408,3748,3.652709,2C1,8,0000000000000101011000000000010111010011110000000010001011101010
21604,3749,3.653535,443,8,0100110100000010000000000010111100000110000000000000000000000000
10975,3750,3.654175,620,8,0001000000000000000000000000000000000000000000000000000000000000
14398,3752,3.654754,1C6,8,0000000000000000000000000000101100001101001101010000000000000000
35874,3724,3.654897,0BA,5,1100011000000000000000000000000010111110
1950,3753,3.654993,25,8,0000000010101001000000000000000100011111111111110000000011110101
8077,3754,3.655241,260,8,0000000000000000000000000000000000000000000000101000111111111011
28415,3755,3.655476,24,8,0000001001010010000000100001110101000010000111111000000010000000
22157,3756,3.655703,0AA,8,0001111100010011000111100110010100011110111000010001111000101101
18771,3757,3.656543,0B4,8,0000000000000000000000000000000000000000000001000010001011100010
31873,3760,3.658719,1C4,8,0000100000111010000110110000000000000000000000000000000000101010
7716,3762,3.659523,435,8,1000000000000101000001011111111111100000001111110000000000000011
35875,1256,3.662387,0BA,5,0010100100000000000000000000011100101011
1951,3766,3.664857,25,8,0000000010101001000000000000000100011111111111110000000011110101
22158,3767,3.665528,0AA,8,0001111100011001000111100110101000011110111001100001111000110000
10906,3768,3.666508,436,8,0
35876,2510,3.669876,0BA,5,0100111100000000000000000000000000101110
8078,3771,3.674673,260,8,0000000000000000000000000000000000000000000000100110110111011001
1952,3772,3.674893,25,8,0000000010101001000000000000000100011111111111110000000011110101
28416,3773,3.675348,24,8,0000001001010010000000100001110101000010000111111000000010000000
22159,3774,3.675575,0AA,8,0001111100011001000111100110101100011110111010110001111000110101
18772,3775,3.676473,0B4,8,0000000000000000000000000000000000000000000001000010110111101101
35877,2513,3.677366,0BA,5,1110000000110011011101000000000011111100
31874,3779,3.678638,1C4,8,0000100001011010000110110000000000000000000000000000000001001010
16708,3782,3.680471,226,8,0000000000000000000100000000000000000000000000000000000000000000
11409,3783,3.682623,2C1,8,0000000000000101011000000000010110110110110000000010000111001100
14399,3786,3.684621,1C6,8,0000000000000000000000000000101100111000001101010000000000000000
35878,3759,3.684856,0BA,5,1100011000000000000000000000000010111110
1953,3787,3.684863,25,8,0000000010101001000000000000000100011111111111110000000011110101
22160,3788,3.685468,0AA,8,0001111100011111000111100110110000011110111011000001111000110111
395,3790,3.687445,320,8,0000000000100000000000000000000000000000000000000000000001001011
43469,1012,3.689962,423,2,10101000000000
35879,1273,3.692345,0BA,5,0010100100000000000000000000010000101000
13772,3791,3.693417,434,8,0100001000000000000000000000000000000000000000000000000000000000
8079,3792,3.694368,260,8,0000000000000000000000000000000000000000000000100110001011001110
1954,3795,3.694979,25,8,0000000010101001000000000000000100011111111111110000000011110101
28417,3796,3.695287,24,8,0000001001010100000000100001110101000010000111111000000010000010
22161,3797,3.695521,0AA,8,0001111100100100000111100111000000011110111011000001111000110111
18773,3798,3.696404,0B4,8,0000000000000000000000000000000000000000000001000011001011110010
31875,3801,3.698624,1C4,8,0000100001111000000110110000000000000000000000000000000001101000
34819,3803,3.699003,3C3,8,0100011000011110100100110100111011101110010001100111100101110000
35880,2535,3.699835,0BA,5,0100111100000000000000000000000000101110
28163,3804,3.700393,437,8,1111110011111111111111111111111111111111111111111111111111111111
1955,3806,3.704723,25,8,0000000010101001000000000000000100011111111111110000000011110101
22162,3807,3.705391,0AA,8,0001111100100110000111100111010100011110111100010001111000111100
35881,2538,3.707324,0BA,5,1110000000110011011101000000000011111100
16709,3810,3.708378,226,8,0000000000000000000100000000000000000000000000000000000000000000
11410,3812,3.712505,2C1,8,0000000000000101011000110000010110100110110000000010000110111111
14400,3814,3.714514,1C6,8,0000000000000000000000000000101110001101001101010000000000000000
1956,3815,3.714756,25,8,0000000010101001000000000000000100011111111111110000000011110101
35882,3789,3.714814,0BA,5,1100011000000000000000000000000010111110
8080,3816,3.714999,260,8,0000000000000000000000000000000000000000000000100100000110101101
28418,3817,3.715235,24,8,0000001001010100000000100001110101000010000111111000000010000010
22163,3818,3.715465,0AA,8,0001111100101010000111100111100100011110111101110001111001000001
18774,3819,3.716344,0B4,8,0000000000000000000000000000000000000100000001000011100011111100
31876,3822,3.718519,1C4,8,0000100010010100000110110000000000000000000000000000000010000100
35883,1280,3.722303,0BA,5,0010100100000000000000000000011100101011
1957,3826,3.724652,25,8,0000000010101001000000000000000100011111111111110000000011110101
22164,3827,3.725324,0AA,8,0001111100101010000111100111101000011110111110010001111001000100
35884,2551,3.729793,0BA,5,0100111100000000000000000000000000101110
8081,3831,3.734151,260,8,0000000000000000000000000000000000000000000000100100000110101101
1958,3833,3.734731,25,8,0000000010101001000000000000000100011111111111110000000011110101
28419,3834,3.735122,24,8,0000001001010101000000100001110101000010001000011000000010000101
22165,3835,3.735355,0AA,8,0001111100110010000111100111110000011110111111010001111001000110
18775,3836,3.736272,0B4,8,0000000000000000000000000000000000000100000001000100001100000111
35885,2555,3.737282,0BA,5,1110000000110011011101000000000011111100
31877,3839,3.738443,1C4,8,0000100010110000000110110000000000000000000000000000000010100000
16710,3842,3.740265,226,8,0000000000000000000100000000000000000000000000000000000000000000
396,3843,3.741255,320,8,0000000000100000000000000000000000000000000000000000000001001011
11411,3844,3.742421,2C1,8,0000000000000101010101100000010110000000110000000010000010001011
14401,3846,3.744406,1C6,8,0000000000000000000000000000101111110011001101100000000000000000
35886,3821,3.744772,0BA,5,1100011000000000000000000000000010111110
1959,3848,3.745608,25,8,0000000010101001000000000000000100011111111111110000000011110101
22166,3849,3.746237,0AA,8,0001111100111000000111101000000000011111000000000001111001001001
35887,1292,3.752261,0BA,5,0010100100000000000000000000010000101000
31383,3853,3.753889,44D,8,0100001000000010000000000000000000000001000000000000000000000000
8082,3854,3.754129,260,8,0000000000000000000000000000000000000000000000100011011010100010
1960,3856,3.754705,25,8,0000000010101001000000000000000100011111111111110000000011110101
28420,3857,3.755058,24,8,0000001001010101000000100001101101000010001000011000000010000011
22167,3858,3.755297,0AA,8,0001111100111110000111101000100100011111000000100001111001001101
18776,3859,3.756204,0B4,8,0000000000000000000000000000000000000100000001000100100100001101
31878,3861,3.758372,1C4,8,0000100011001010000110110000000000000000000000000000000010111010
35888,2572,3.759751,0BA,5,0100111100000000000000000000000000101110
1961,3865,3.76452,25,8,0000000010101001000000000000000100011111111111110000000011110101
22168,3866,3.765197,0AA,8,0001111100111001000111101000100100011111000001110001111001010010
35889,2576,3.76724,0BA,5,1110000000110011011101000000000011111100
16711,3869,3.768179,226,8,0000000000000000000100000000000000000000000000000000000000000000
11412,3870,3.772317,2C1,8,0000000000000101010101100000010101110110110000000010000010000001
8083,3871,3.774009,260,8,0000000000000000000000000000000000000000000000100010101010010110
14402,3873,3.77442,1C6,8,0000000000000000000000000000110001010000001101100000000000000000
1962,3874,3.774662,25,8,0000000010101001000000000000000100011111111111110000000011110101
35890,3850,3.77473,0BA,5,1100011000000000000000000000000010111110
28421,3875,3.774995,24,8,0000001001010101000000100001110101000010001000011000000010000101
22169,3876,3.775228,0AA,8,0001111100111100000111101000100100011111000011010001111001010101
18777,3878,3.776253,0B4,8,0000000000000000000000000000000000000100000001000101010000011000
31879,3881,3.778308,1C4,8,0000100011001010000110110000000000000000000000000000000010111010
35891,1302,3.78222,0BA,5,0010100100000000000000000000011100101011
1963,3885,3.784454,25,8,0000000010101001000000000000000100011111111111110000000011110101
22170,3886,3.785133,0AA,8,0001111101000100000111101000111000011111000100100001111001010101
397,3887,3.786121,320,8,0000000000100000000000000000000000000000000000000000000001001011
35892,2595,3.789709,0BA,5,0100111100000000000000000000000000101110
8084,3889,3.79392,260,8,0000000000000000000000000000000000000000000000100001111110001011
1964,3891,3.794495,25,8,0000000010101001000000000000000100011111111111110000000011110101
28422,3892,3.794951,24,8,0000001001010101000000100001110101000010000111111000000010000011
22171,3893,3.795165,0AA,8,0001111101001101000111101001001100011111000101010001111001011010
18778,3894,3.796079,0B4,8,0000000000000000000000000000000000001000000001000101010000011100
35893,2598,3.797199,0BA,5,1110000000110011011101000000000011111100
31880,3898,3.798247,1C4,8,0000100011100011000110110000000000000000000000000000000011010011
27972,3900,3.798672,6C0,8,1110010000000000000000001110000010000000000000000000000000000000
16712,3902,3.800068,226,8,0000000000000000000100000000000000000000000000000000000000000000
11413,3904,3.802231,2C1,8,0000000000000101010100000000010101100110110000000001111001101001
13961,3905,3.803059,38E,8,0
14403,3907,3.804226,1C6,8,0000000000000000000000000000110010111110001101100000000000000000
1965,3908,3.804467,25,8,0000000010101001000000000000000100011111111111110000000011110101
35894,3880,3.804688,0BA,5,1100011000000000000000000000000010111110
22172,3909,3.805068,0AA,8,0001111101001111000111101001010100011111000110010001111001011111
35895,1315,3.812178,0BA,5,0010100100000000000000000000010000101000
8085,3913,3.813902,260,8,0000000000000000000000000000000000000000000000011111111001101001
1966,3915,3.81448,25,8,0000000010101001000000000000000100011111111111110000000011110101
28423,3916,3.814866,24,8,0000001001010111000000100001110101000010001000011000000010000111
22173,3917,3.815094,0AA,8,0001111101001110000111101001101000011111000111110001111001100100
18779,3918,3.816012,0B4,8,0000000000000000000000000000000000001000000001000101111100100111
31881,3920,3.818193,1C4,8,0000100011111010000110110000000000000000000000000000000011101010
35896,2610,3.819667,0BA,5,0100111100000000000000000000000000101110
1967,3923,3.824327,25,8,0000000010101001000000000000000100011111111111110000000011110101
22174,3924,3.825004,0AA,8,0001111101010011000111101001111100011111001000110001111001101001
35897,2613,3.827157,0BA,5,1110000000110011011110000000000000000000
16713,3928,3.827981,226,8,0000000000000000000100000000000000000000000000000000000000000000
11414,3929,3.83212,2C1,8,0000000000000101010001100000010101010110110000000001110001001101
8086,3930,3.833778,260,8,0000000000000000000000000000000000000000000000011100011000110001
14404,3932,3.83419,1C6,8,0000000000000000000000000000110101010000001101110000000000000000
1968,3933,3.834432,25,8,0000000010101001000000000000000100011111111111110000000011110101
35898,3910,3.834646,0BA,5,1100011000000000000000000000000010111110
28424,3934,3.834802,24,8,0000001001010111000000100001110101000010001000011000000010000111
22175,3935,3.835035,0AA,8,0001111101011110000111101010001100011111001001000001111001100110
18780,3936,3.835945,0B4,8,0000000000000000000000000000000000001000000001000110010100101101
31882,3939,3.838126,1C4,8,0000100100001100000110110000000000000000000000000000000011111101
398,3942,3.839001,320,8,0000000000100000000000000000000000000000000000000000000001001011
34936,3943,3.839933,4C3,8,0000001100000000000000000000000100000000000000000000000000000000
35899,1320,3.842136,0BA,5,0010100100000000000000000000011100101011
1969,3946,3.844264,25,8,0000000010101001000000000000000100011111111111110000000011110101
22176,3947,3.844936,0AA,8,0001111101100000000111101010011000011111001010100001111001101110
35900,2634,3.849625,0BA,5,0100111100000000000000000000000000101110
8087,3949,3.853697,260,8,0000000000000000000000000000000000000000000000011000001111101110
1970,3951,3.854271,25,8,0000000010101001000000000000000100011111111111110000000011110101
14030,3952,3.854515,442,8,0100001100000010000000000000000000000010000000000000000000000000
28425,3953,3.854748,24,8,0000001001011000000000100001111101000010001000011000000010001010
22177,3954,3.854984,0AA,8,0001111101011111000111101010101000011111001011000001111001110101
18781,3955,3.855886,0B4,8,0000000000000000000000000000000000001100000001000111000000111100
35901,2636,3.857115,0BA,5,1110000000110011011110000000000000000000
31883,3959,3.85812,1C4,8,0000100100100001000110110000000000000000000000000000000000010010
16714,3962,3.859874,226,8,0000000000000000000100000000000000000000000000000000000000000000
11415,3964,3.862037,2C1,8,0000000000000101001110010000010101001001110000000001101100110010
13706,3965,3.862866,3A5,8,100000000
14405,3966,3.864028,1C6,8,0000000000000000000000000000110111010111001101110000000000000000
35902,3938,3.864605,0BA,5,1100011000000000000000000000000010111110
1971,3968,3.865226,25,8,0000000010101001000000000000000100010000000000000000000011100111
22178,3969,3.865846,0AA,8,0001111101011111000111101010111000011111001101000001111001110110
43651,127,3.868603,3BB,5,1011101100000000000000000000000000100110
35903,1335,3.872094,0BA,5,0010100100000000000000000000010000101000
8088,3971,3.873622,260,8,0000000000000000000000000000000000000000000000010111011111100010
1972,3974,3.874242,25,8,0000000010101001000000000000000100010000000000000000000011100111
28426,3975,3.874701,24,8,0000001001011000000000100001110101000010001000101000000010001001
22179,3976,3.874935,0AA,8,0001111101101000000111101011011000011111001101000001111001111010
18782,3977,3.875817,0B4,8,0000000000000000000000000000000000001100000001000111011001000010
16360,3979,3.877746,3F9,8,0111010100011000000000100000001010000000000000000000000000010101
31884,3980,3.877992,1C4,8,0000100100110110000110110000000000000000000000000000000000100111
35904,2653,3.879584,0BA,5,0100111100000000000000000000000000101110
7781,3983,3.884323,610,8,0010000010000000000010110110010011000000000000010001000101000000
1973,3985,3.885161,25,8,0000000010101001000000000000000100010000000000000000000011100111
22180,3986,3.885777,0AA,8,0001111101110011000111101011100000011111001101010001111001111111
35905,2656,3.887073,0BA,5,1110000000110011011110000000000000000000
16715,3989,3.888785,226,8,0000000000000000000100000000000000000000000000000000000000000000
399,3990,3.889777,320,8,0000000000100000000000000000000000000000000000000000000001001011
11416,3992,3.891935,2C1,8,0000000000000101001100000000010101000011110000000001101000100010
35000,3993,3.89277,413,8,0000000100000001000000010000100100000000000000000000000000000000
8089,3994,3.893585,260,8,0000000000000000000000000000000000000000000000010011010010011111
14406,3996,3.893996,1C6,8,0000000000000000000000000000111001010101001101110000000000000000
1974,3997,3.894241,25,8,0000000010101001000000000000000111110000000000000000000011000111
35906,3970,3.894563,0BA,5,1100011000000000000000000000000010111110
28427,3998,3.894659,24,8,0000001001011001000000100001101101000010001000101000000010001000
35071,470,3.894845,3D3,3,011011000001001000000000
22181,3999,3.894874,0AA,8,0001111101110101000111101011101000011111001110010001111010000010
18783,4000,3.895756,0B4,8,0000000000000000000000000000000000001100000001000111110001001000
31314,4001,3.896252,640,8,1010100000000000000000000011011100000001110111010000000000000000
31885,4004,3.897936,1C4,8,0000100101001001000110110000000000000000000000000000000000111010
35907,1342,3.902052,0BA,5,0010100100000000000000000000011100101011
1975,4009,3.904071,25,8,0000000010101001000000000000000111010000000000000000000010100111
22182,4010,3.904778,0AA,8,0001111101110100000111101011101000011111010000010001111010000110
35908,2671,3.909542,0BA,5,0100111100000000000000000000000000101110
8090,4012,3.913377,260,8,0000000000000000000000000000000000000000000000010011010010011111
1976,4014,3.914053,25,8,0000000010101001000000000000000110110000000000000000000010000111
28428,4015,3.914554,24,8,0000001001011001000000100001111101000010001001101000000010010000
22183,4016,3.91479,0AA,8,0001111101111000000111101100010100011111010001000001111010001010
18784,4017,3.915687,0B4,8,0000000000000000000000000000000000010000000001001000011101010111
35909,2674,3.917031,0BA,5,1110000000110011011110000000000000000000
31886,4020,3.917871,1C4,8,0000100101011100000110110000000000000000000000000000000001001101
16716,4023,3.919684,226,8,0000000000000000000100000000000000000000000000000000000000000000
11417,4024,3.92186,2C1,8,0000000000000101000111000000010100110011110000000001100111111101
14407,4027,3.92384,1C6,8,0000000000000000000000000000111100000111001101110000000000000000
1977,4028,3.924076,25,8,0000000010101001000000000000000110011111111010110000000001100001
35910,4003,3.924521,0BA,5,1100011000000000000000000000000010111110
22184,4029,3.924679,0AA,8,0001111101111011000111101100101000011111010001010001111010001100
73,4032,3.926668,3B7,8,1000
35911,1354,3.93201,0BA,5,0010100100000000000000000000010000101000
8091,4033,3.933328,260,8,0000000000000000000000000000000000000000000000010110000111001100
13328,4034,3.933562,394,3,0
1978,4036,3.93406,25,8,0000000010101000000000000000000101011111111010110000000000100000
28429,4037,3.934491,24,8,0000001001011010000000100001110101000010001001101000000010001111
22185,4038,3.934725,0AA,8,0001111110000011000111101100100100011111010010100001111010001111
18785,4039,3.935622,0B4,8,0000000000000000000000000000000000010000000001001000110001011100
400,4041,3.937624,320,8,0000000000100000000000000000000000000000000000000000000001001011
31887,4042,3.937864,1C4,8,0000100101101111000110110000000000000000000000000000000001100000
35912,2692,3.9395,0BA,5,0100111100000000000000000000000000101110
1979,4047,3.944966,25,8,0000000010101000000000000000000100011111111001010000000011011010
22186,4048,3.945583,0AA,8,0001111110000111000111101100011100011111010011100001111010010000
35913,2694,3.94699,0BA,5,1110000000110011011110000000000000000000
16717,4052,3.948592,226,8,0000000000000000000100000000000000000000000000000000000000000000
11418,4054,3.951743,2C1,8,0000000000000101000010010000010100100000110000000001100011010110
21605,4055,3.952567,443,8,0100110100000010000000000010111100000110000000000000000000000000
10976,4056,3.95305,620,8,0001000000000000000000000000000000000000000000000000000000000000
8092,4057,3.953298,260,8,0000000000000000000000000000000000000000000000010101011011000001
14408,4059,3.953769,1C6,8,0000000000000000000000000000111110101011001110000000000000000000
1980,4060,3.954007,25,8,0000000010101000000000000000000111111111111001010000000010111010
28430,4061,3.954423,24,8,0000001001011010000000100001101101000010001001001000000010001011
35914,4031,3.954479,0BA,5,1100011000000000000000000000000010111110
22187,4062,3.954653,0AA,8,0001111110001001000111101100111000011111010100110001111010010011
18786,4063,3.955559,0B4,8,0000000000000000000000000000000000010000000001001001001001100010
31888,4067,3.957736,1C4,8,0000100101111110000110110000000000000000000000000000000001101111
35915,1362,3.961969,0BA,5,0010100100000000000000000000011100101011
1981,4071,3.963872,25,8,0000000010101000000000000000000110101111110011100000000001010011
22188,4072,3.96455,0AA,8,0001111110010000000111101101001100011111010110010001111010011000
35916,2712,3.969458,0BA,5,0100111100000000000000000000000000101110
8093,4074,3.973007,260,8,0000000000000000000000000000000000000000000000010010100010010011
1982,4076,3.973842,25,8,0000000010100111000000000000000101011111110101110000000000001011
28431,4077,3.97436,24,8,0000001001011010000000100001101101000010001001101000000010001101
22189,4078,3.974593,0AA,8,0001111110010101000111101101100000011111010110010001111010011101
18787,4079,3.975492,0B4,8,0000000000000000000000000000000000010100000001001001100001101100
35917,2715,3.976948,0BA,5,1110000000110011011110000000000000000000
31889,4083,3.977682,1C4,8,0000100110001111000110110000000000000000000000000000000010000000
16718,4086,3.979494,226,8,0000000000000000000100000000000000000000000000000000000000000000
27802,4087,3.980482,420,8,0000000000000000000000000000000011111111000000001000000010101011
11419,4088,3.981664,2C1,8,0000000000000100111011000000010100000011110000000001011010011001
14409,4090,3.983651,1C6,8,0000000000000000000000000001000001000100001110000000000000000000
1983,4091,3.983892,25,8,0000000010100111000000000000000100011111110100110000000011000111
35918,4066,3.984437,0BA,5,1100011000000000000000000000000010111110
22190,4092,3.984487,0AA,8,0001111110011000000111101101100100011111010111110001111010100010
401,4094,3.986469,320,8,0000000000100000000000000000000000000000000000000000000001001011
35919,1376,3.991927,0BA,5,0010100100000000000000000000010000101000
8094,4097,3.99292,260,8,0000000000000000000000000000000000000000000000010000010001101111
1984,4099,3.993784,25,8,0000000010100111000000000000000110111111110001000000000001011000
28432,4100,3.994305,24,8,0000001001011011000000100001111101000010001001001000000010010000
22191,4101,3.99456,0AA,8,0001111110011110000111101101101000011111011000100001111010100010
43402,24,3.994697,3000000.0,6,110000010000101101111010000000010000000000000000
18788,4102,3.995434,0B4,8,0000000000000000000000000000000000010100000001001010001101110111
7596,4104,3.997068,3BC,8,0
31890,4106,3.997636,1C4,8,0000100110011011000110110000000000000000000000000000000010001100
35920,2732,3.999416,0BA,5,0100111100000000000000000000000000101110
1985,4109,4.003745,25,8,0000000010100110000000000000000101001111110001000000000011100111
22192,4110,4.004422,0AA,8,0001111110100011000111101101111100011111011011010001111010100101
35921,2736,4.006906,0BA,5,1110000000110011011110000000000000000000
16719,4114,4.0074,226,8,0000000000000000000100000000000000000000000000000000000000000000
34757,4116,4.009929,4DF,8,0010000000000000000000000000000100000000000000000000000000000000
11420,4117,4.011554,2C1,8,0000000000000100110101100000010011111001110000000001011001111000
8095,4118,4.012846,260,8,0000000000000000000000000000000000000000000000010001110010000111
14410,4120,4.013572,1C6,8,0000000000000000000000000001000011110110001110000000000000000000
1986,4121,4.013812,25,8,0000000010100110000000000000000111111111110011100000000010100001
28433,4122,4.014234,24,8,0000001001011011000000100001110101000010001001001000000010001110
35922,4093,4.014395,0BA,5,1100011000000000000000000000000010111110
22193,4123,4.014465,0AA,8,0001111110100111000111101110011000011111011011110001111010101011
18789,4124,4.015367,0B4,8,0000000000000000000000000000000000010100000001001010100101111101
31891,4127,4.017551,1C4,8,0000100110101001000110110000000000000000000000000000000010011010
27863,4131,4.021716,4DC,8,0001110100000000000000000000000000000000000000000000000000000000
35923,1379,4.021885,0BA,5,0010100100000000000000000000011100101011
1987,4133,4.023681,25,8,0000000010100110000000000000000110011111110001000000000000110111
22194,4134,4.024358,0AA,8,0001111110101000000111101110111000011111011100000001111010101110
43470,3403,4.025413,423,2,1000100000000
35924,2753,4.029375,0BA,5,0100111100000000000000000000000000101110
8096,4135,4.032797,260,8,0000000000000000000000000000000000000000000000010001110010000111
1988,4137,4.033654,25,8,0000000010100101000000000000000100001111101100000000000010010010
28434,4138,4.034169,24,8,0000001001011011000000100001101101000010001001001000000010001100
22195,4139,4.034403,0AA,8,0001111110101101000111101110111000011111011101000001111010101110
18790,4140,4.0353,0B4,8,0000000000000000000000000000000000011000000001001011010010001100
35925,2756,4.036864,0BA,5,1110000000110011011110000000000000000000
31892,4144,4.03765,1C4,8,0000100110110110000110110000000000000000000000000000000010100111
16720,4147,4.039295,226,8,0000000000000000000100000000000000000000000000000000000000000000
402,4148,4.04029,320,8,0000000000100000000000000000000000000000000000000000000001001011
11421,4149,4.04153,2C1,8,0000000000000100110000000000010011100011110000000001010101001011
1527,4151,4.042302,6F3,8,0010000000000000000000000000000000000000000000000000000000000000
14411,4153,4.043454,1C6,8,0000000000000000000000000001000110101110001110010000000000000000
1989,4154,4.043694,25,8,0000000010100101000000000000000110011111101110100000000000101100
22196,4155,4.04429,0AA,8,0001111110110010000111101111000100011111011110110001111010110000
35926,4126,4.044354,0BA,5,1100011000000000000000000000000010111110
11168,4158,4.049631,39A,8,0000000000000000000000000000000100000000000000000000000000000000
35927,1396,4.051843,0BA,5,0010100100000000000000000000010000101000
31384,4159,4.052418,44D,8,0100001000000010000000000000000000000001000000000000000000000000
8097,4160,4.05266,260,8,0000000000000000000000000000000000000000000000010001110010000111
1990,4162,4.053611,25,8,0000000010100100000000000000000100011111101110100000000010101011
28435,4165,4.054157,24,8,0000001001011011000000100001110101000010001001001000000010001110
22197,4166,4.054386,0AA,8,0001111110111010000111101111010100011111011111110001111010111000
18791,4167,4.055235,0B4,8,0000000000000000000000000000000000011000000001001011100110010001
13520,4169,4.056782,399,8,0000000000000000000000000000000000000000111111110000000000000000
31893,4170,4.057427,1C4,8,0000100111000001000110110000000000000000000000000000000010110010
35928,2774,4.059333,0BA,5,0100111100000000000000000000000000101110
31573,4172,4.062337,633,8,1000000100000000000000000000000000000000000000000000000000000000
1991,4174,4.064576,25,8,0000000010100011000000000000000101111111101011110000000011111111
22198,4175,4.065203,0AA,8,0001111110111101000111101111100000011111100001100001111010111111
35929,2777,4.066822,0BA,5,1110000000110011011110000000000000000000
16721,4178,4.068273,226,8,0000000000000000000100000000000000000000000000000000000000000000
11422,4180,4.071361,2C1,8,0000000000000100101000110000010011011001110000000001010100100100
8098,4183,4.072633,260,8,0000000000000000000000000000000000000000000000010001000001111011
14412,4185,4.073376,1C6,8,0000000000000000000000000001001001011000001110010000000000000000
1992,4186,4.073613,25,8,0000000010100011000000000000000100001111101100110000000010010011
28436,4187,4.074075,24,8,0000001001011011000000100001111101000010001001001000000010010000
22199,4188,4.074307,0AA,8,0001111111000001000111101111101000011111100010000001111011000010
35930,4156,4.074312,0BA,5,1100011000000000000000000000000010111110
18792,4189,4.075171,0B4,8,0000000000000000000000000000000000011000000001001100010110011101
4,4191,4.077061,3B1,8,0000000000000000000000100000101000000000000010000000000000000000
31894,4193,4.077479,1C4,8,0000100111001011000110110000000000000000000000000000000010111100
35931,1404,4.081801,0BA,5,0010100100000000000000000000011100101011
1993,4197,4.083493,25,8,0000000010100010000000000000000101111111101100000000000011111111
22200,4198,4.084169,0AA,8,0001111111000100000111110000010100011111100010110001111011000010
403,4199,4.085149,320,8,0000000000100000000000000000000000000000000000000000000001001011
35932,2794,4.089291,0BA,5,0100111100000000000000000000000000101110
8099,4201,4.092545,260,8,0000000000000000000000000000000000000000000000010001000001111011
1994,4203,4.093452,25,8,0000000010100010000000000000000100001111101110100000000010011001
28437,4204,4.094007,24,8,0000001001011100000000100001110101000010001001001000000010001111
22201,4205,4.094242,0AA,8,0001111111001000000111110000011100011111100011010001111011001001
18793,4206,4.095108,0B4,8,0000000000000000000000000000000000011100000001001100101010100110
35933,2797,4.09678,0BA,5,1110000000110011011110000000000000000000
27973,4209,4.097278,6C0,8,1110010000000000000000001110000010000000000000000000000000000000
31895,4210,4.097519,1C4,8,0000100111010100000110110000000000000000000000000000000011000101
16722,4214,4.099104,226,8,0000000000000000000100000000000000000000000000000000000000000000
11423,4216,4.101283,2C1,8,0000000000000100100011000000010010111100110000000001010111110000
14413,4220,4.103265,1C6,8,0000000000000000000000000001001100001000001110010000000000000000
1995,4221,4.103508,25,8,0000000010100001000000000000000101111111101100000000000011111110
22202,4222,4.104106,0AA,8,0001111111001001000111110000110000011111100101000001111011001101
35934,4192,4.10427,0BA,5,1100011000000000000000000000000010111110
35935,1413,4.111759,0BA,5,0010100100000000000000000000010000101000
8100,4224,4.112482,260,8,0000000000000000000000000000000000000000000000010001000001111011
1996,4226,4.113414,25,8,0000000010100001000000000000000100001111101110100000000010011000
28438,4227,4.113917,24,8,0000001001011100000000100001110101000010001001001000000010001111
22203,4228,4.114149,0AA,8,0001111111010010000111110000110100011111100111100001111011010000
18794,4229,4.115044,0B4,8,0000000000000000000000000000000000011100000001001101011010110010
31896,4231,4.117228,1C4,8,0000100111011100000110110000000000000000000000000000000011001101
35936,2816,4.119249,0BA,5,0100111100000000000000000000000000101110
1997,4236,4.123368,25,8,0000000010100000000000000000000101111111101100000000000011111101
22204,4237,4.124032,0AA,8,0001111111010001000111110001001000011111101000010001111011010011
35937,2819,4.126739,0BA,5,1110000000110011100000000000000000001000
16723,4240,4.127046,226,8,0000000000000000000100000000000000000000000000000000000000000000
16361,4241,4.127318,3F9,8,0111010100011000000000100000001010000000000000000000000000010101
11424,4242,4.131274,2C1,8,0000000000000100011111000000010010110000110000000001010111010100
8101,4244,4.132378,260,8,0000000000000000000000000000000000000000000000010001000001111011
14414,4246,4.133181,1C6,8,0000000000000000000000000001001111001110001110010000000000000000
1998,4247,4.133424,25,8,0000000010100000000000000000000100001111101110100000000010010111
28439,4248,4.133858,24,8,0000001001011100000000100001111101000010001001001000000010010001
22205,4249,4.134092,0AA,8,0001111111010000000111110001100100011111101000110001111011011000
35938,4223,4.134228,0BA,5,1100011000000000000000000000000010111110
18795,4250,4.134982,0B4,8,0000000000000000000000000000000000011100000001001101101110110111
31897,4255,4.137245,1C4,8,0000100111100011000110110000000000000000000000000000000011010100
404,4258,4.137974,320,8,0000000000100000000000000000000000000000000000000000000001001011
35939,1421,4.141718,0BA,5,0010100100000000000000000000011100101011
1999,4260,4.143297,25,8,0000000010100000000000000000000110011111101110100000000000100111
22206,4261,4.144003,0AA,8,0001111111011010000111110001100100011111101001100001111011100000
35940,2839,4.149207,0BA,5,0100111100000000000000000000000000101110
8102,4264,4.152305,260,8,0000000000000000000000000000000000000000000000001111100001100010
2000,4266,4.15326,25,8,0000000010011111000000000000000100001111101100000000000010001100
14031,4267,4.153505,442,8,0100001100000010000000000000000000000010000000000000000000000000
28440,4268,4.153793,24,8,0000001001011011000000100001111101000010001000011000000010001101
22207,4269,4.154034,0AA,8,0001111111011111000111110001110000011111101010000001111011100000
35072,4050,4.154502,3D3,3,111001010000001111000101
18796,4270,4.154918,0B4,8,0000000000000000000000000000000000100000000001001110000111000001
35941,2842,4.156697,0BA,5,1110000000110011011110000000000000000000
31898,4273,4.157103,1C4,8,0000100111101010000110110000000000000000000000000000000011011011
16724,4276,4.158909,226,8,0000000000000000000100000000000000000000000000000000000000000000
11425,4277,4.161141,2C1,8,0000000000000100011010010000010010100000110000000001010110110001
13290,4278,4.161901,30000000.0,7,0
14415,4280,4.163077,1C6,8,0000000000000000000000000001010010000110001110100000000000000000
2001,4281,4.163318,25,8,0000000010011111000000000000000110011111101110100000000000100110
22208,4282,4.163911,0AA,8,0001111111100100000111110010000000011111101100010001111011100111
35942,4254,4.164186,0BA,5,1100011000000000000000000000000010111110
43652,268,4.166188,3BB,5,1010010100000000000000000000000000000000
35943,1435,4.171676,0BA,5,0010100100000000000000000000010000101000
8103,4285,4.172152,260,8,0000000000000000000000000000000000000000000000010000010001101111
2002,4287,4.173221,25,8,0000000010011110000000000000000100011111101110100000000010100101
28441,4288,4.173728,24,8,0000001001011011000000100001110101000010001000011000000010001011
22209,4289,4.173958,0AA,8,0001111111100101000111110010010100011111101101100001111011101100
18797,4290,4.174851,0B4,8,0000000000000000000000000000000000100000000001001110110011001100
31899,4292,4.17705,1C4,8,0000100111110000000110110000000000000000000000000000000011100001
35944,2857,4.179165,0BA,5,0100111100000000000000000000000000101110
2003,4296,4.183164,25,8,0000000010011110000000000000000110101111101110100000000000110101
22210,4297,4.183845,0AA,8,0001111111101100000111110010101000011111101101010001111011110000
13833,4298,4.184088,4C6,8,0000011100000000000000110000000000000000000000000000000000000000
35945,2860,4.186655,0BA,5,1110000000110011011110000000000000000000
16725,4302,4.18682,226,8,0000000000000000000100000000000000000000000000000000000000000000
11228,4303,4.18707,4C8,8,0000100100000000000000000000000000000000000000000000000000000000
405,4304,4.187814,320,8,0000000000100000000000000000000000000000000000000000000001001011
11426,4305,4.191055,2C1,8,0000000000000100010100110000010010000110110000000001010110000001
27941,4306,4.191827,300000000.0,8,0
8104,4307,4.192077,260,8,0000000000000000000000000000000000000000000000001111100001100010
14416,4309,4.192994,1C6,8,0000000000000000000000000001010100110000001110100000000000000000
2004,4310,4.193233,25,8,0000000010011101000000000000000100101111101110100000000010110100
28442,4311,4.193665,24,8,0000001001011011000000100001111101000010001000011000000010001101
22211,4312,4.19391,0AA,8,0001111111110000000111110010111000011111101101100001111011110011
35946,4283,4.194144,0BA,5,1100011000000000000000000000000010111110
35293,1082,4.194424,386,7,10100100000000000000000000000000000000000000000010000000
18798,4313,4.194788,0B4,8,0000000000000000000000000000000000100100000001001111001011010110
31900,4316,4.196976,1C4,8,0000100111110101000110110000000000000000000000000000000011100110
34820,4319,4.197534,3C3,8,0100011000011110100100110100111011101110010001100111100101110000
35947,1439,4.201634,0BA,5,0010100100000000000000000000011100101011
2005,4324,4.203105,25,8,0000000010011101000000000000000110111111101110100000000001000100
22212,4325,4.203775,0AA,8,0001111111110011000111110011000100011111101110110001111011110110
35948,2877,4.209124,0BA,5,0100111100000000000000000000000000101110
8105,4326,4.211923,260,8,0000000000000000000000000000000000000000000000001111100001100010
2006,4328,4.213066,25,8,0000000010011100000000000000000100111111101110100000000011000011
28443,4329,4.213604,24,8,0000001001011011000000100001111101000010001000101000000010001110
22213,4330,4.213839,0AA,8,0001111111110011000111110011000100011111110001000001111011111011
18799,4331,4.214722,0B4,8,0000000000000000000000000000000000100100000001001111011111011011
35949,2880,4.216613,0BA,5,1110000000110011100100000000000000011000
31901,4334,4.216923,1C4,8,0000100111111010000110110000000000000000000000000000000011101011
16726,4338,4.218716,226,8,0000000000000000000100000000000000000000000000000000000000000000
11427,4339,4.220896,2C1,8,0000000000000100010001100000010001011001110000000001010001000110
27921,4340,4.221729,3000000000.0,8,0
14417,4342,4.222888,1C6,8,0000000000000000000000000001010111111001001110100000000000000000
2007,4343,4.223127,25,8,0000000010011100000000000000000111001111101110100000000001010011
22214,4344,4.223716,0AA,8,0001111111110101000111110011010000011111110000010001111011111110
35950,4315,4.224103,0BA,5,1100011000000000000000000000000010111110
74,4346,4.225697,3B7,8,1000
35951,1455,4.231592,0BA,5,0010100100000000000000000000010000101000
8106,4348,4.231802,260,8,0000000000000000000000000000000000000000000000010000010001101111
13329,4349,4.231863,394,3,0
2008,4351,4.233028,25,8,0000000010011011000000000000000101001111101110100000000011010010
28444,4353,4.233541,24,8,0000001001011011000000100001110101000010001000101000000010001100
22215,4354,4.233778,0AA,8,0001111111111011000111110011101100011111110001100001111100000010
18800,4355,4.234659,0B4,8,0000000000000000000000000000000000100100000001001111110111100001
406,4357,4.236658,320,8,0000000000100000000000000000000000000000000000000000000001001011
31902,4358,4.236901,1C4,8,0000100111111011000110110000000000000000000000000000000011101100
35952,2897,4.239082,0BA,5,0100111100000000000000000000000000101110
2009,4361,4.242973,25,8,0000000010011011000000000000000111011111101110100000000001100010
22216,4362,4.243657,0AA,8,0010000000000000000111110011111100011111110011000001111100000110
35953,2900,4.246571,0BA,5,1110000000110011101000000000000000101000
16727,4365,4.24666,226,8,0000000000000000000100000000000000000000000000000000000000000000
11428,4369,4.250787,2C1,8,0000000000000100001100110000010001001001110000000001010000100011
21606,4370,4.251614,443,8,0100110100000010000000000010111100000110000000000000000000000000
8107,4371,4.251863,260,8,0000000000000000000000000000000000000000000000001111100001100010
7657,4372,4.252104,611,8,0010000100000000000000000001000000000000000000000011110101101100
14418,4374,4.252798,1C6,8,0000000000000000000000000001011010110100001110100000000000000000
2010,4375,4.253038,25,8,0000000010011010000000000000000101011111101110100000000011100001
28445,4376,4.253473,24,8,0000001001011011000000100001110101000010001001001000000010001110
22217,4377,4.253711,0AA,8,0010000000000101000111110100001000011111110100010001111100001010
35954,4345,4.254061,0BA,5,1100011000000000000000000000000010111110
18801,4378,4.254588,0B4,8,0000000000000000000000000000000000101000000001010000100011110001
31903,4382,4.256932,1C4,8,0000100111111001000110110000000000000000000000000000000011101010
35955,1463,4.26155,0BA,5,0010100100000000000000000000011100101011
2011,4385,4.26291,25,8,0000000010011010000000000000000111101111101110100000000001110001
22218,4386,4.263595,0AA,8,0010000000000111000111110100100000011111110100000001111100001111
10977,4387,4.263896,620,8,0001000000000000000000000000000000000000000000000000000000000000
35956,2913,4.26904,0BA,5,0100111100000000000000000000000000101110
8108,4390,4.271565,260,8,0000000000000000000000000000000000000000000000001111100001100010
2012,4392,4.272874,25,8,0000000010011001000000000000000101011111101100000000000011010110
28446,4393,4.273443,24,8,0000001001011011000000100001111101000010001001101000000010010010
22219,4394,4.273682,0AA,8,0010000000001011000111110100101000011111110110010001111100010001
18802,4395,4.274534,0B4,8,0000000000000000000000000000000000101000000001010000111011110111
35957,2916,4.276529,0BA,5,1110000000110011100011000000000000010100
31904,4398,4.276731,1C4,8,0000100111111000000110110000000000000000000000000000000011101001
16728,4401,4.278527,226,8,0000000000000000000100000000000000000000000000000000000000000000
11429,4402,4.280711,2C1,8,0000000000000100001001100000010000111001110000000001010000000110
14419,4405,4.282805,1C6,8,0000000000000000000000000001011101100001001110100000000000000000
2013,4406,4.283049,25,8,0000000010011001000000000000000111101111101110100000000001110000
22220,4407,4.283522,0AA,8,0010000000001111000111110100111000011111110111000001111100010111
35958,4380,4.284019,0BA,5,1100011000000000000000000000000010111110
407,4409,4.285503,320,8,0000000000100000000000000000000000000000000000000000000001001011
8109,4410,4.291469,260,8,0000000000000000000000000000000000000000000000001111100001100010
35959,1474,4.291509,0BA,5,0010100100000000000000000000010000101000
2014,4412,4.292838,25,8,0000000010011000000000000000000101011111101100000000000011010101
28447,4413,4.293378,24,8,0000001001011011000000100001111101000010001001101000000010010010
22221,4414,4.293629,0AA,8,0010000000010000000111110101000100011111111000000001111100011100
18803,4415,4.294464,0B4,8,0000000000000000000000000000000000101000000001010001100100000010
31905,4418,4.296678,1C4,8,0000100111110011000110110000000000000000000000000000000011100100
35960,2936,4.298998,0BA,5,0100111100000000000000000000000000101110
2015,4422,4.302784,25,8,0000000010011000000000000000000111101111101110100000000001101111
22222,4423,4.303457,0AA,8,0010000000010110000111110101011100011111111000110001111100011011
16729,4426,4.306435,226,8,0000000000000000000100000000000000000000000000000000000000000000
35961,2938,4.306488,0BA,5,1110000000110011101011000000000000110100
11430,4427,4.310609,2C1,8,0000000000000100000101100000010000100000110000000001010011011101
8110,4429,4.311484,260,8,0000000000000000000000000000000000000000000000010000010001101111
14420,4431,4.312616,1C6,8,0000000000000000000000000001100000010011001110100000000000000000
2016,4432,4.312857,25,8,0000000010010111000000000000000101011111101100000000000011010100
28448,4433,4.313289,24,8,0000001001011011000000100001110101000010001001001000000010001110
22223,4434,4.313523,0AA,8,0010000000011010000111110101101100011111111010010001111100011110
35962,4408,4.313977,0BA,5,1100011000000000000000000000000010111110
18804,4435,4.314404,0B4,8,0000000000000000000000000000000000101100000001010001111100001100
31906,4440,4.316746,1C4,8,0000100111101111000110110000000000000000000000000000000011100000
35963,1484,4.321467,0BA,5,0010100100000000000000000000011100101011
2017,4444,4.322719,25,8,0000000010010111000000000000000111101111101110100000000001101110
22224,4445,4.323397,0AA,8,0010000000011111000111110110000000011111111010100001111100100110
35964,2956,4.328956,0BA,5,0100111100000000000000000000000000101110
8111,4447,4.331334,260,8,0000000000000000000000000000000000000000000000010000010001101111
2018,4450,4.332683,25,8,0000000010010110000000000000000101011111101100000000000011010011
28449,4451,4.333226,24,8,0000001001011011000000100001111101000010001001001000000010010000
22225,4452,4.333463,0AA,8,0010000000011111000111110110010100011111111100000001111100101011
18805,4453,4.334335,0B4,8,0000000000000000000000000000000000101100000001010010010000010001
35965,2960,4.336446,0BA,5,1110000000110011101101000000000000111100
31907,4456,4.336537,1C4,8,0000100111101111000110110000000000000000000000000000000011100000
16730,4459,4.33833,226,8,0000000000000000000100000000000000000000000000000000000000000000
408,4460,4.339322,320,8,0000000000100000000000000000000000000000000000000000000001001011
11431,4461,4.340521,2C1,8,0000000000000100000010010000001111110110110000000001010010100101
14421,4462,4.342537,1C6,8,0000000000000000000000000001100011000000001110100000000000000000
2019,4464,4.343675,25,8,0000000010010110000000000000000111011111101110000000000001011011
35966,4438,4.343935,0BA,5,1100011000000000000000000000000010111110
22226,4465,4.344297,0AA,8,0010000000100101000111110110101000011111111101010001111100101111
31241,4469,4.35057,4A6,8,0000000000000000000000000000000000000000000100110000000000000000
8112,4470,4.351319,260,8,0000000000000000000000000000000000000000000000001111100001100010
35967,1497,4.351425,0BA,5,0010100100000000000000000000010000101000
2020,4472,4.352642,25,8,0000000010010101000000000000000101001111101010000000000010111010
28450,4473,4.353159,24,8,0000001001011100000000100010000101000010001001001000000010010011
22227,4474,4.353394,0AA,8,0010000000101001000111110110111000011111111101010001111100101111
18806,4475,4.35427,0B4,8,0000000000000000000000000000000000110000000001010011000000100001
31385,4477,4.355878,44D,8,0100001000000010000000000000000000000001000000000000000000000000
31908,4478,4.356468,1C4,8,0000100111101000000110110000000000000000000000000000000011011001
35968,2976,4.358914,0BA,5,0100111100000000000000000000000000101110
43471,331,4.360864,423,2,11100000000
2021,4481,4.362587,25,8,0000000010010101000000000000000111001111101100000000000001000010
22228,4482,4.363281,0AA,8,0010000000110001000111110110111100011111111110010001111100110111
16283,4486,4.365771,4C1,8,0000000100000000000000010000000100000000000000000000000000000000
16731,4487,4.366244,226,8,0000000000000000000100000000000000000000000000000000000000000000
35969,2980,4.366404,0BA,5,1110000000110011101101000000000000111100
11432,4488,4.370562,2C1,8,0000000000000100000001100000001111110011110000000001001110011110
8113,4489,4.371238,260,8,0000000000000000000000000000000000000000000000001110000101001011
14422,4491,4.37242,1C6,8,0000000000000000000000000001100101100001001110100000000000000000
2022,4492,4.372665,25,8,0000000010010100000000000000000100111111101100000000000010110001
28451,4493,4.373097,24,8,0000001001011100000000100001110101000010001000101000000010001101
22229,4494,4.373331,0AA,8,0010000000110001000111110111001000011111111111100001111100111100
35970,4466,4.373894,0BA,5,1100011000000000000000000000000010111110
18807,4495,4.374203,0B4,8,0000000000000000000000000000000000110000000001010011101100101100
31909,4500,4.376412,1C4,8,0000100111100000000110110000000000000000000000000000000011010001
16362,4502,4.37681,3F9,8,0111010100011000000000100000001010000000000000000000000000010101
35971,1503,4.381383,0BA,5,0010100100000000000000000000011100101011
2023,4505,4.382519,25,8,0000000010010100000000000000000110111111101100000000000000110001
22230,4506,4.383204,0AA,8,0010000000110110000111110111100100100000000001000001111100111111
7782,4507,4.383442,610,8,0010000000000000000011010110010011000000000000010001000101000000
409,4508,4.384178,320,8,0000000000100000000000000000000000000000000000000000000001001011
35972,3001,4.388873,0BA,5,0100111100000000000000000000000000101110
8114,4509,4.391222,260,8,0000000000000000000000000000000000000000000000001111100001100010
2024,4511,4.392506,25,8,0000000010010011000000000000000100101111101100000000000010100000
28452,4512,4.393034,24,8,0000001001011100000000100001110101000010001000101000000010001101
22231,4513,4.393271,0AA,8,0010000000110111000111110111110100100000000001100001111100111110
18808,4514,4.394148,0B4,8,0000000000000000000000000000000000110000000001010100000000110001
31910,4518,4.396341,1C4,8,0000100111010101000110110000000000000000000000000000000011000110
35973,3003,4.396362,0BA,5,1110000000110011101011000000000000110100
16732,4522,4.398142,226,8,0000000000000000000100000000000000000000000000000000000000000000
11433,4524,4.400336,2C1,8,0000000000000011111101100000001111100110110000000001001110000000
14423,4526,4.402313,1C6,8,0000000000000000000000000001100111111101001110100000000000000000
2025,4527,4.402556,25,8,0000000010010011000000000000000110101111101100000000000000100000
22232,4528,4.403138,0AA,8,0010000000111100000111111000000100100000000010110001111101001000
35974,4499,4.403852,0BA,5,1100011000000000000000000000000010111110
27974,4531,4.405807,6C0,8,1110010000000000000000001110000010000000000000000000000000000000
8115,4532,4.410962,260,8,0000000000000000000000000000000000000000000000001110110101010111
35975,1516,4.411341,0BA,5,0010100100000000000000000000010000101000
2026,4534,4.412448,25,8,0000000010010010000000000000000100001111101001100000000001110101
28453,4535,4.41297,24,8,0000001001011100000000100010000101000010001000011000000010010000
22233,4536,4.413207,0AA,8,0010000001000000000111111000001000100000000011100001111101001110
18809,4538,4.414079,0B4,8,0000000000000000000000000000000000110100000001010100011000111011
35073,537,4.414158,3D3,3,011011000001001000000000
31911,4540,4.416411,1C4,8,0000100111001001000110110000000000000000000000000000000010111010
35976,3019,4.418831,0BA,5,0100111100000000000000000000000000101110
13896,4542,4.422311,622,8,0001001000000000000000000000000000000000000000000000000000000000
2027,4544,4.423437,25,8,0000000010010001000000000000000101011111101001100000000011000100
22234,4545,4.424039,0AA,8,0010000001001000000111111000010000100000000101010001111101010010
35977,3022,4.42632,0BA,5,1110000000110011101101000000000000111100
16733,4548,4.427043,226,8,0000000000000000000100000000000000000000000000000000000000000000
11434,4550,4.430222,2C1,8,0000000000000011111011000000001111001001110000000001001101011001
8116,4551,4.431022,260,8,0000000000000000000000000000000000000000000000001110110101010111
14424,4553,4.432235,1C6,8,0000000000000000000000000001101010011011001110100000000000000000
2028,4554,4.432477,25,8,0000000010010001000000000000000111011111101010000000000001000110
28454,4555,4.432907,24,8,0000001001011100000000100010000101000010001000011000000010010000
22235,4556,4.433141,0AA,8,0010000001001011000111111000101100100000000111010001111101010111
35978,4529,4.43381,0BA,5,1100011000000000000000000000000010111110
18810,4557,4.434012,0B4,8,0000000000000000000000000000000000110100000001010100110001000001
31912,4561,4.436217,1C4,8,0000100110111011000110110000000000000000000000000000000010101100
410,4563,4.437009,320,8,0000000000100000000000000000000000000000000000000000000001001011
35979,1524,4.441299,0BA,5,0010100100000000000000000000011100101011
2029,4566,4.442324,25,8,0000000010010000000000000000000100111111101001100000000010100011
22236,4567,4.443008,0AA,8,0010000001010100000111111001001100100000000111010001111101011010
13581,4570,4.44585,4DD,8,0001111000000000000000000000000000000000000000000000000000000000
35980,3038,4.448789,0BA,5,0100111100000000000000000000000000101110
8117,4571,4.450703,260,8,0000000000000000000000000000000000000000000000001111100001100010
31634,4572,4.450997,389,8,0000000000100000000000000000000000000000000000000000000000000000
2030,4574,4.452293,25,8,0000000010010000000000000000000110111111101100000000000000101101
28455,4575,4.452842,24,8,0000001001011011000000100001111101000010001000101000000010001110
22237,4576,4.453078,0AA,8,0010000001011000000111111001010000100000001000000001111101011101
18811,4577,4.453948,0B4,8,0000000000000000000000000000000000110100000001010101011101001100
31913,4580,4.456161,1C4,8,0000100110101100000110110000000000000000000000000000000010011101
35981,3042,4.456279,0BA,5,1110000000110011101101000000000000111100
16734,4583,4.457942,226,8,0000000000000000000100000000000000000000000000000000000000000000
11435,4584,4.460144,2C1,8,0000000000000011111000000000001111000110110000000001001101001010
14032,4586,4.461154,442,8,0100001100000010000000000000000000000010000000000000000000000000
14425,4589,4.462277,1C6,8,0000000000000000000000000001101100101110001110010000000000000000
2031,4590,4.462518,25,8,0000000010001111000000000000000100011111101001100000000010000010
22238,4591,4.462944,0AA,8,0010000001011011000111111001011100100000001001010001111101100011
35982,4560,4.463768,0BA,5,1100011000000000000000000000000010111110
43653,4530,4.463772,3BB,5,0111000000000000000000001001111100000000
13641,4594,4.467097,4B7,8,1110001011011111001000001111000000000000110111100000000100001000
8118,4595,4.47056,260,8,0000000000000000000000000000000000000000000000010000010001101111
35983,1536,4.471258,0BA,5,0010100100000000000000000000010000101000
2032,4597,4.472257,25,8,0000000010001110000000000000000101111111101001100000000011100001
28456,4598,4.472805,24,8,0000001001011011000000100010000101000010001001001000000010010010
22239,4599,4.473039,0AA,8,0010000001011101000111111001101000100000001011010001111101101001
18812,4600,4.473885,0B4,8,0000000000000000000000000000000000111000000001010101110101010110
31914,4603,4.476087,1C4,8,0000100110011101000110110000000000000000000000000000000010001110
35984,3059,4.478747,0BA,5,0100111100000000000000000000000000101110
2033,4607,4.48323,25,8,0000000010001110000000000000000111101111101011110000000001011010
22240,4608,4.483885,0AA,8,0010000001100100000111111001111000100000001100000001111101101010
35985,3063,4.486237,0BA,5,1110000000110011101101000000000000111100
16735,4611,4.486849,226,8,0000000000000000000100000000000000000000000000000000000000000000
411,4612,4.487842,320,8,0000000000100000000000000000000000000000000000000000000001001011
11436,4613,4.490031,2C1,8,0000000000000011110101100000001110100011110000000001001100011101
8119,4614,4.490499,260,8,0000000000000000000000000000000000000000000000010000010001101111
14426,4616,4.492038,1C6,8,0000000000000000000000000001101110110101001110010000000000000000
2034,4617,4.492276,25,8,0000000010001101000000000000000101101111101100110000000011011101
28457,4618,4.492742,24,8,0000001001011011000000100010000101000010001001101000000010010100
22241,4619,4.492977,0AA,8,0010000001101010000111111010011000100000001101000001111101101011
35986,4592,4.493726,0BA,5,1100011000000000000000000000000010111110
18813,4620,4.493817,0B4,8,0000000000000000000000000000000000111000000001010110100001100001
31915,4625,4.49603,1C4,8,0000100110000111000110110000000000000000000000000000000001111000
35987,1544,4.501216,0BA,5,0010100100000000000000000000011100101011
2035,4629,4.502135,25,8,0000000010001101000000000000000111011111101001100000000001000000
22242,4630,4.502813,0AA,8,0010000001101111000111111010111100100000001110000001111101110010
35988,3081,4.508705,0BA,5,0100111100000000000000000000000000101110
8120,4632,4.510395,260,8,0000000000000000000000000000000000000000000000001111100001100010
265,4633,4.510807,38F,8,0000000100000000000000000000000000000000000000000000000000000000
2036,4636,4.51211,25,8,0000000010001100000000000000000101001111101100000000000010111001
28458,4637,4.512655,24,8,0000001001011010000000100001111101000010001001001000000010001111
22243,4638,4.512889,0AA,8,0010000001110011000111111011000100100000001111000001111101111000
18814,4639,4.513754,0B4,8,0000000000000000000000000000000000111100000001010110110101101010
31916,4642,4.51596,1C4,8,0000100101110010000110110000000000000000000000000000000001100011
35989,3085,4.516195,0BA,5,1110000000110011101101000000000000111100
16736,4645,4.517748,226,8,0000000000000000000100000000000000000000000000000000000000000000
11437,4646,4.51995,2C1,8,0000000000000011110100000000001110010110110000000001001100001010
14427,4648,4.521931,1C6,8,0000000000000000000000000001110000110011001110010000000000000000
2037,4649,4.522173,25,8,0000000010001100000000000000000111001111101100000000000000111001
22244,4650,4.522748,0AA,8,0010000001110101000111111011001000100000010000010001111101111000
35990,4624,4.523684,0BA,5,1100011000000000000000000000000010111110
75,4652,4.52473,3B7,8,1000
8121,4655,4.530332,260,8,0000000000000000000000000000000000000000000000001111100001100010
13330,4656,4.530542,394,3,0
35991,1558,4.531174,0BA,5,0010100100000000000000000000010000101000
2038,4658,4.532066,25,8,0000000010001011000000000000000100111111101100000000000010101000
28459,4659,4.532588,24,8,0000001001011010000000100010000101000010001000101000000010001111
22245,4660,4.532824,0AA,8,0010000001110101000111111011101100100000010010000001111101111100
18815,4661,4.533686,0B4,8,0000000000000000000000000000000000111100000001010111100101110110
412,4663,4.535691,320,8,0000000000100000000000000000000000000000000000000000000001001011
31917,4664,4.53593,1C4,8,0000100101011100000110110000000000000000000000000000000001001101
35992,3099,4.538663,0BA,5,0100111100000000000000000000000000101110
34698,4666,4.540081,380,8,0
2039,4668,4.542013,25,8,0000000010001011000000000000000110111111101100000000000000101000
22246,4669,4.542688,0AA,8,0010000001110111000111111100000000100000010010000001111110000011
16737,4673,4.545661,226,8,0000000000000000000100000000000000000000000000000000000000000000
35993,3102,4.546153,0BA,5,1110000000110011101101000000000000111100
11438,4675,4.549843,2C1,8,0000000000000011110000110000001110000110110000000001000111101011
8122,4676,4.550204,260,8,0000000000000000000000000000000000000000000000001111100001100010
10978,4677,4.550834,620,8,0001000000000000000000000000000000000000000000000000000000000000
14428,4679,4.551852,1C6,8,0000000000000000000000000001110010101000001110000000000000000000
2040,4680,4.552092,25,8,0000000010001010000000000000000100101111101100000000000010010111
28460,4681,4.552525,24,8,0000001001011010000000100010000101000010001000101000000010001111
22247,4682,4.552761,0AA,8,0010000001111101000111111100000100100000010100010001111110000111
18816,4683,4.55363,0B4,8,0000000000000000000000000000000000111100000001011000010010000001
35994,4651,4.553643,0BA,5,1100011000000000000000000000000010111110
31918,4687,4.555834,1C4,8,0000100101000011000110110000000000000000000000000000000000110100
21607,4690,4.560632,443,8,0100110100000010000000000010111100000110000000000000000000000000
35995,1562,4.561132,0BA,5,0010100100000000000000000000011100101011
2041,4692,4.561944,25,8,0000000010001010000000000000000110101111101100000000000000010111
22248,4693,4.562624,0AA,8,0010000001111101000111111100001000100000010101110001111110001000
35996,3123,4.568622,0BA,5,0100111100000000000000000000000000101110
8123,4695,4.570143,260,8,0000000000000000000000000000000000000000000000001111100001100010
2042,4697,4.571934,25,8,0000000010001001000000000000000100001111101001100000000001101100
28461,4698,4.572467,24,8,0000001001011010000000100001111101000010001000101000000010001101
22249,4699,4.572702,0AA,8,0010000010001000000111111100011000100000010101110001111110001111
18817,4700,4.57356,0B4,8,0000000000000000000000000000000001000000000001011000010010000101
31919,4703,4.57578,1C4,8,0000100100101001000110110000000000000000000000000000000000011010
35997,3126,4.576111,0BA,5,1110000000110011101101000000000000111100
16738,4707,4.577559,226,8,0000000000000000000100000000000000000000000000000000000000000000
11439,4708,4.579769,2C1,8,0000000000000011101100110000001110000000110000000000111111010011
14429,4710,4.58175,1C6,8,0000000000000000000000000001110100010100001110000000000000000000
2043,4711,4.581991,25,8,0000000010001001000000000000000110011111101110100000000000010000
22250,4712,4.582556,0AA,8,0010000010001101000111111100100000100000010111010001111110010101
35998,4686,4.583601,0BA,5,1100011000000000000000000000000010111110
413,4714,4.584534,320,8,0000000000100000000000000000000000000000000000000000000001001011
8124,4716,4.590102,260,8,0000000000000000000000000000000000000000000000001110110101010111
35999,1577,4.59109,0BA,5,0010100100000000000000000000010000101000
2044,4718,4.591872,25,8,0000000010001000000000000000000100001111101100000000000001110101
28462,4719,4.592406,24,8,0000001001011010000000100001111101000010001000101000000010001101
22251,4720,4.592637,0AA,8,0010000010001101000111111100110100100000011000010001111110010111
18818,4722,4.593506,0B4,8,0000000000000000000000000000000001000000000001011000111110010000
31920,4725,4.595715,1C4,8,0000100100001110000110110000000000000000000000000000000011111111
36000,3149,4.59858,0BA,5,0100111100000000000000000000000000101110
2045,4728,4.601815,25,8,0000000010000111000000000000000101111111101100000000000011100100
22252,4729,4.602487,0AA,8,0010000010001110000111111101001000100000011001010001111110011011
16739,4732,4.605466,226,8,0000000000000000000100000000000000000000000000000000000000000000
36001,3153,4.606069,0BA,5,1110000000110011101110000000000001000000
11440,4734,4.609656,2C1,8,0000000000000011100110010000001101110110110000000000110110101101
8125,4735,4.610017,260,8,0000000000000000000000000000000000000000000000010000010001101111
14430,4737,4.611661,1C6,8,0000000000000000000000000001110101101010001101110000000000000000
2046,4738,4.611902,25,8,0000000010000111000000000000000100001111101110100000000001111110
28463,4739,4.612342,24,8,0000001001011010000000100001111101000010001000101000000010001101
22253,4740,4.612578,0AA,8,0010000010010100000111111101011000100000011011010001111110100000
18819,4741,4.613433,0B4,8,0000000000000000000000000000000001000100000001011001010110011010
36002,4713,4.613559,0BA,5,1100011000000000000000000000000010111110
31921,4745,4.615657,1C4,8,0000100011110001000110110000000000000000000000000000000011100001
36003,1584,4.621048,0BA,5,0010100100000000000000000000011100101011
2047,4748,4.621746,25,8,0000000010000111000000000000000110011111101110100000000000001110
22254,4749,4.622429,0AA,8,0010000010011011000111111101110000100000011011000001111110101000
16363,4751,4.62563,3F9,8,0111010100011000000000100000001010000000000000000000000000010101
36004,3166,4.628538,0BA,5,0100111100000000000000000000000000101110
8126,4752,4.629944,260,8,0000000000000000000000000000000000000000000000010000010001101111
2048,4754,4.631712,25,8,0000000010000110000000000000000100001111101100000000000001110011
28464,4755,4.632275,24,8,0000001001011010000000100001110101000010001001001000000010001101
22255,4756,4.632509,0AA,8,0010000010011111000111111101101000100000011011000001111110101000
18820,4758,4.63337,0B4,8,0000000000000000000000000000000001000100000001011010000010100101
31922,4761,4.63558,1C4,8,0000100011010101000110110000000000000000000000000000000011000101
36005,3170,4.636028,0BA,5,1110000000110011101110000000000001000000
16740,4764,4.637363,226,8,0000000000000000000100000000000000000000000000000000000000000000
414,4765,4.638354,320,8,0000000000100000000000000000000000000000000000000000000001001011
14220,4766,4.63935,60.0,8,1010000100000000000000000000000000000000011100000000000000000000
11441,4767,4.639589,2C1,8,0000000000000011100000110000001101011100110000000000101001111010
14431,4769,4.641551,1C6,8,0000000000000000000000000001110110110011001101110000000000000000
2049,4770,4.641789,25,8,0000000010000101000000000000000101111111101100000000000011100010
22256,4772,4.642359,0AA,8,0010000010011110000111111101101100100000011101100001111110101100
36006,4744,4.643517,0BA,5,1100011000000000000000000000000010111110
8127,4775,4.649843,260,8,0000000000000000000000000000000000000000000000001111100001100010
36007,1598,4.651007,0BA,5,0010100100000000000000000000010000101000
2050,4777,4.651676,25,8,0000000010000101000000000000000100001111101110100000000001111100
28465,4778,4.652213,24,8,0000001001011001000000100001101101000010001001101000000010001100
22257,4779,4.652447,0AA,8,0010000010011100000111111110000100100000011101110001111110110101
18821,4780,4.653301,0B4,8,0000000000000000000000000000000001000100000001011010011010101011
7717,4783,4.655342,435,8,1000000000000101000001011111111111100000001111110000000000000011
31923,4784,4.655578,1C4,8,0000100011010101000110110000000000000000000000000000000011000101
36008,3188,4.658496,0BA,5,0100111100000000000000000000000000101110
2051,4788,4.661626,25,8,0000000010000101000000000000000110011111101110100000000000001100
22258,4789,4.662298,0AA,8,0010000010011110000111111110010100100000011110000001111110110011
10907,4790,4.662546,436,8,0
31386,4793,4.66473,44D,8,0100001000000010000000000000000000000001000000000000000000000000
16741,4794,4.665274,226,8,0000000000000000000100000000000000000000000000000000000000000000
36009,3191,4.665986,0BA,5,1110000000110011101110000000000001000000
11442,4795,4.669465,2C1,8,0000000000000011011000110000001100101100110000000000101000101010
8128,4796,4.669742,260,8,0000000000000000000000000000000000000000000000010001110010000111
14432,4798,4.671475,1C6,8,0000000000000000000000000001110111110111001101100000000000000000
2052,4799,4.671712,25,8,0000000010000100000000000000000100011111101110100000000010001011
28466,4800,4.672171,24,8,0000001001011000000000100001101001000010001001101000000010001010
22259,4801,4.672407,0AA,8,0010000010100100000111111110101100100000011110110001111110111100
18822,4802,4.673237,0B4,8,0000000000000000000000000000000001001000000001011010011010101111
36010,4773,4.673475,0BA,5,1100011000000000000000000000000010111110
35074,4593,4.673814,3D3,3,111001010000010000001011
31924,4807,4.675453,1C4,8,0000100010111100000110110000000000000000000000000000000010101100
36011,1607,4.680965,0BA,5,0010100100000000000000000000011100101011
2053,4810,4.681556,25,8,0000000010000100000000000000000110101111101110100000000000011011
22260,4811,4.682241,0AA,8,0010000010100111000111111110100100100000011111000001111111000101
415,4812,4.68321,320,8,0000000000100000000000000000000000000000000000000000000001001011
36012,3208,4.688454,0BA,5,0100111100000000000000000000000000101110
8129,4813,4.689517,260,8,0000000000000000000000000000000000000000000000001111100001100010
13773,4814,4.690235,434,8,0100001000000000000000000000000000000000000000000000000000000000
2054,4817,4.69152,25,8,0000000010000011000000000000000100101111101110100000000010011010
28467,4818,4.692109,24,8,0000001001011000000000100001100001000010001001001000000010000110
22261,4819,4.692345,0AA,8,0010000010100111000111111110101000100000100000000001111111000101
18823,4820,4.693196,0B4,8,0000000000000000000000000000000001001000000001011010101110110100
27975,4822,4.694347,6C0,8,1110010000000000000000001110000010000000000000000000000000000000
31925,4824,4.695397,1C4,8,0000100010101001000110110000000000000000000000000000000010011001
34821,4826,4.695846,3C3,8,0100011000011110100100110100111011101110010001100111100101110000
36013,3211,4.695944,0BA,5,1110000000110011101110000000000001000000
43472,1279,4.696315,423,2,10101000000000
16742,4829,4.697168,226,8,0000000000000000000100000000000000000000000000000000000000000000
28164,4830,4.697417,437,8,1111110011111111111111111111111111111111111111111111111111111111
11443,4832,4.699383,2C1,8,0000000000000011010011000000001011101100110000000000101011010010
14433,4833,4.701367,1C6,8,0000000000000000000000000001111000101101001101100000000000000000
2055,4835,4.702517,25,8,0000000010000011000000000000000110101111101110000000000000011000
22262,4836,4.703139,0AA,8,0010000010100100000111111110101000100000100001100001111111000100
36014,4806,4.703433,0BA,5,1100011000000000000000000000000010111110
8130,4839,4.70944,260,8,0000000000000000000000000000000000000000000000010000010001101111
36015,1620,4.710923,0BA,5,0010100100000000000000000000010000101000
2056,4841,4.711489,25,8,0000000010000010000000000000000101001111110010010000000011001000
28468,4842,4.712023,24,8,0000001001011000000000100001001101000010001000101000000001111111
22263,4843,4.712259,0AA,8,0010000010100101000111111110101100100000100000100001111111001010
18824,4844,4.713117,0B4,8,0000000000000000000000000000000001001100000001011011000110111110
31926,4846,4.715328,1C4,8,0000100010011101000110110000000000000000000000000000000010001101
36016,3225,4.718413,0BA,5,0100111100000000000000000000000000101110
2057,4850,4.721429,25,8,0000000010000010000000000000000111011111101110100000000001001001
22264,4851,4.722136,0AA,8,0010000010100101000111111110100100100000100000010001111111001011
16743,4855,4.725078,226,8,0000000000000000000100000000000000000000000000000000000000000000
36017,3228,4.725902,0BA,5,1110000000110011101110000000000001000000
11444,4857,4.729377,2C1,8,0000000000000011001100110000001001110011110000000000101001000000
8131,4858,4.729548,260,8,0000000000000000000000000000000000000000000000001111100001100010
14434,4860,4.731287,1C6,8,0000000000000000000000000001111001001110001101100000000000000000
2058,4861,4.731528,25,8,0000000010000001000000000000000101101111110001000000000011100010
28469,4862,4.731961,24,8,0000001001010111000000100000110101000010001000011000000001110111
22265,4863,4.732193,0AA,8,0010000010100110000111111110101100100000100010100001111111001101
18825,4864,4.733051,0B4,8,0000000000000000000000000000000001001100000001011011000110111110
36018,4837,4.733392,0BA,5,1100011000000000000000000000000010111110
31927,4868,4.735268,1C4,8,0000100010010111000110110000000000000000000000000000000010000111
416,4870,4.736042,320,8,0000000000100000000000000000000000000000000000000000000001001011
36019,1624,4.740881,0BA,5,0010100100000000000000000000011100101011
2059,4873,4.741363,25,8,0000000010000001000000000000000100001111110001000000000010000010
22266,4874,4.742037,0AA,8,0010000010100110000111111110101100100000100001110001111111001100
36020,3248,4.748371,0BA,5,0100111100000000000000000000000000101110
8132,4876,4.749291,260,8,0000000000000000000000000000000000000000000000001111100001100010
2060,4878,4.75133,25,8,0000000010000001000000000000000110111111110011100000000000111100
28470,4879,4.751898,24,8,0000001001010111000000100000101001000010001000011000000001110100
22267,4880,4.752133,0AA,8,0010000010100110000111111110110000100000100011000001111111010000
18826,4881,4.752989,0B4,8,0000000000000000000000000000000001001100000001011011000110111110
31928,4884,4.755205,1C4,8,0000100010010111000110110000000000000000000000000000000010000111
36021,3250,4.75586,0BA,5,1110000000110011101110000000000001000000
16744,4888,4.75698,226,8,0000000000000000000100000000000000000000000000000000000000000000
11445,4889,4.759197,2C1,8,0000000000000011000100000000001001000110110000000000101011110000
14435,4892,4.76127,1C6,8,0000000000000000000000000001111001101100001101010000000000000000
43654,159,4.761357,3BB,5,1011101100000000000000000000000000100110
2061,4893,4.761508,25,8,0000000010000000000000000000000101011111110011100000000011011011
22268,4894,4.761981,0AA,8,0010000010100111000111111110111100100000100011000001111111001101
36022,4867,4.76335,0BA,5,1100011000000000000000000000000010111110
34937,4896,4.763959,4C3,8,0000001100000000000000000000000100000000000000000000000000000000
14033,4897,4.769015,442,8,0100001100000010000000000000000000000010000000000000000000000000
8133,4898,4.769276,260,8,0000000000000000000000000000000000000000000000001111100001100010
36023,1638,4.770839,0BA,5,0010100100000000000000000000010000101000
2062,4900,4.771299,25,8,0000000010000000000000000000000100011111110100110000000010100000
28471,4901,4.771838,24,8,0000001001010111000000100000011001000010001000011000000001110000
22269,4902,4.772072,0AA,8,0010000010100111000111111111000000100000100010010001111111001101
18827,4904,4.77292,0B4,8,0000000000000000000000000000000001010000000001011011000111000010
31929,4906,4.775147,1C4,8,0000100010100001000110110000000000000000000000000000000010010001
36024,3267,4.778329,0BA,5,0100111100000000000000000000000000101110
2063,4909,4.782265,25,8,0000000010000000000000000000000111011111110101110000000001100100
22270,4910,4.782887,0AA,8,0010000010101000000111111110111000100000100010110001111111010010
36025,3270,4.785818,0BA,5,1110000000110011101110000000000001000000
16745,4914,4.785893,226,8,0000000000000000000100000000000000000000000000000000000000000000
417,4915,4.786885,320,8,0000000000100000000000000000000000000000000000000000000001001011
8134,4917,4.789069,260,8,0000000000000000000000000000000000000000000000001111100001100010
11446,4918,4.789308,2C1,8,0000000000000010111110010000001000100000110000000000101010110010
14436,4920,4.791107,1C6,8,0000000000000000000000000001111010001000001101010000000000000000
2064,4921,4.791347,25,8,0000000010000000000000000000000110011111110101000000000000100001
28472,4922,4.791778,24,8,0000001001010111000000100000001101000010001000011000000001101101
22271,4923,4.792009,0AA,8,0010000010100110000111111110111000100000100011010001111111010001
18828,4924,4.792861,0B4,8,0000000000000000000000000000000001010000000001011011011111001000
36026,4895,4.793308,0BA,5,1100011000000000000000000000000010111110
35294,1964,4.793628,386,7,11000100000000000000000000000000000000000000000010101010
31930,4928,4.795082,1C4,8,0000100010110011000110110000000000000000000000000000000010100011
13962,4931,4.799998,38E,8,0
36027,1644,4.800798,0BA,5,0010100100000000000000000000011100101011
2065,4933,4.801207,25,8,0000000001111111000000000000000101011111110110100000000011100110
22272,4934,4.801828,0AA,8,0010000010100110000111111110111100100000100010110001111111010010
36028,3283,4.808287,0BA,5,0100111100000000000000000000000000101110
8135,4936,4.809053,260,8,0000000000000000000000000000000000000000000000010001110010000111
2066,4938,4.811175,25,8,0000000001111111000000000000000100101111111000110000000010111111
28473,4939,4.811718,24,8,0000001001010101000000100000000001000010001000011000000001101000
22273,4940,4.811952,0AA,8,0010000010100111000111111111000100100000100001110001111111010011
18829,4941,4.812802,0B4,8,0000000000000000000000000000000001010100000001011011011111001100
31931,4944,4.815346,1C4,8,0000100010110011000110110000000000000000000000000000000010100011
36029,3286,4.815777,0BA,5,1110000000110011101110000000000001000000
16746,4947,4.816799,226,8,0000000000000000000100000000000000000000000000000000000000000000
11447,4948,4.819017,2C1,8,0000000000000010110111000000000111111100110000000000101001110000
14437,4950,4.820999,1C6,8,0000000000000000000000000001111010000101001101000000000000000000
2067,4951,4.821246,25,8,0000000001111111000000000000000111111111111000110000000010001111
22274,4953,4.821797,0AA,8,0010000010101000000111111111001100100000100011000001111111010101
36030,4927,4.823266,0BA,5,1100011000000000000000000000000010111110
76,4955,4.823778,3B7,8,1000
8136,4957,4.828909,260,8,0000000000000000000000000000000000000000000000010001110010000111
13331,4958,4.829093,394,3,0
36031,1656,4.830756,0BA,5,0010100100000000000000000000010000101000
2068,4960,4.831097,25,8,0000000001111111000000000000000111001111110111110000000001011011
28474,4961,4.83166,24,8,0000001001010101000000100000000001000010001000011000000001101000
22275,4962,4.831894,0AA,8,0010000010101011000111111111010000100000100010010001111111010101
18830,4963,4.832743,0B4,8,0000000000000000000000000000000001010100000001011011011111001100
418,4965,4.83474,320,8,0000000000100000000000000000000000000000000000000000000001001011
31932,4966,4.834978,1C4,8,0000100011001010000110110000000000000000000000000000000010111010
36032,3307,4.838245,0BA,5,0100111100000000000000000000000000101110
2069,4970,4.842085,25,8,0000000001111111000000000000000110011111111001010000000000110001
22276,4971,4.842704,0AA,8,0010000010101000000111111111010100100000100011010001111111010101
16747,4974,4.84571,226,8,0000000000000000000100000000000000000000000000000000000000000000
36033,3309,4.845735,0BA,5,1110000000110011101110000000000001000000
8137,4977,4.848879,260,8,0000000000000000000000000000000000000000000000010000010001101111
11448,4978,4.849114,2C1,8,0000000000000010101110010000000111010000110000000000101000100001
10979,4979,4.849742,620,8,0001000000000000000000000000000000000000000000000000000000000000
14438,4981,4.850924,1C6,8,0000000000000000000000000001111010000010001101000000000000000000
2070,4982,4.851167,25,8,0000000001111110000000000000000101101111111001010000000000000000
28475,4983,4.851601,24,8,0000001001010100000000100000000001000010001000011000000001100111
22277,4984,4.85184,0AA,8,0010000010101010000111111111100000100000100010000001111111010101
18831,4985,4.852679,0B4,8,0000000000000000000000000000000001011000000001011011110011010101
36034,4954,4.853224,0BA,5,1100011000000000000000000000000010111110
31933,4990,4.854909,1C4,8,0000100011100010000110110000000000000000000000000000000011010010
13707,4992,4.859715,3A5,8,100000000
36035,1665,4.860714,0BA,5,0010100100000000000000000000011100101011
2071,4994,4.861005,25,8,0000000001111110000000000000000100111111111001110000000011010010
22278,4995,4.861675,0AA,8,0010000010101011000111111111100000100000100001110001111111010100
36036,3329,4.868203,0BA,5,0100111100000000000000000000000000101110
8138,4996,4.868782,260,8,0000000000000000000000000000000000000000000000010010100010010011
21608,4997,4.86967,443,8,0100110100000010000000000010111100000110000000000000000000000000
2072,5000,4.870962,25,8,0000000001111110000000000000000100011111111001110000000010110010
28476,5001,4.871564,24,8,0000001001010011000000011111111101000010001000011000000001100100
22279,5002,4.871798,0AA,8,0010000010101110000111111111101000100000100011010001111111010011
18832,5003,4.872617,0B4,8,0000000000000000000000000000000001011000000001011011110011010101
16364,5005,4.874548,3F9,8,0111010100011000000000100000001010000000000000000000000000010101
31934,5007,4.874958,1C4,8,0000100011111010000110110000000000000000000000000000000011101010
36037,3332,4.875693,0BA,5,1110000000110011101110000000000001000000
16748,5010,4.876611,226,8,0000000000000000000100000000000000000000000000000000000000000000
11449,5011,4.878835,2C1,8,0000000000000010101000110000000110111100110000000000101011110111
7783,5012,4.879623,610,8,0010000000000000000011110110010011000000000000010001000101000000
14439,5014,4.880822,1C6,8,0000000000000000000000000001111001111111001100110000000000000000
2073,5015,4.881064,25,8,0000000001111110000000000000000111111111111001110000000010010010
22280,5016,4.88161,0AA,8,0010000010101101000111111111101000100000100010100001111111011100
36038,4989,4.883182,0BA,5,1100011000000000000000000000000010111110
419,5018,4.883592,320,8,0000000000100000000000000000000000000000000000000000000001001011
8139,5020,4.888723,260,8,0000000000000000000000000000000000000000000000010011010010011111
35001,5021,4.889622,413,8,0000000100000001000000010000100100000000000000000000000000000000
36039,1677,4.890672,0BA,5,0010100100000000000000000000010000101000
2074,5024,4.890955,25,8,0000000001111110000000000000000111011111111010110000000001110110
28477,5025,4.891504,24,8,0000001001010011000000011111111101000010001000101000000001100101
22281,5026,4.891738,0AA,8,0010000010101111000111111111101100100000100010100001111111010110
31315,5027,4.891977,640,8,1010100000000000000000000011011100000001110111010000000000000000
18833,5028,4.892553,0B4,8,0000000000000000000000000000000001011000000001011011110011010101
31935,5031,4.894794,1C4,8,0000100100010000000110110000000000000000000000000000000000000001
36040,3348,4.898162,0BA,5,0100111100000000000000000000000000101110
2075,5034,4.901924,25,8,0000000001111110000000000000000110111111111010110000000001010110
22282,5035,4.902527,0AA,8,0010000010110000000111111111110100100000100011000001111111011010
16749,5039,4.905521,226,8,0000000000000000000100000000000000000000000000000000000000000000
36041,3351,4.905651,0BA,5,1110000000110011101110000000000001000000
8140,5040,4.90856,260,8,0000000000000000000000000000000000000000000000010100000010101011
11450,5041,4.908799,2C1,8,0000000000000010100011000000000110011100110000000000101011000000
14440,5043,4.910812,1C6,8,0000000000000000000000000001111001101110001100110000000000000000
2076,5044,4.911054,25,8,0000000001111110000000000000000110101111111011100000000001001001
28478,5045,4.911419,24,8,0000001001010011000000100000000001000010001000101000000001100111
22283,5046,4.911652,0AA,8,0010000010110011000111111111110100100000100011010001111111011101
18834,5047,4.912494,0B4,8,0000000000000000000000000000000001011100000001011011110011011001
36042,5017,4.913141,0BA,5,1100011000000000000000000000000010111110
31936,5052,4.914721,1C4,8,0000100100100010000110110000000000000000000000000000000000010011
36043,1683,4.92063,0BA,5,0010100100000000000000000000011100101011
2077,5056,4.920816,25,8,0000000001111101000000000000000101111111111100000000000000011010
22284,5057,4.921488,0AA,8,0010000010110110000111111111111100100000100010100001111111011100
36044,3367,4.92812,0BA,5,0100111100000000000000000000000000101110
8141,5058,4.928475,260,8,0000000000000000000000000000000000000000000000010100000010101011
2078,5060,4.930784,25,8,0000000001111101000000000000000101101111111100000000000000001010
28479,5061,4.93136,24,8,0000001001010011000000100000000101000010001000101000000001101000
22285,5062,4.931592,0AA,8,0010000010110011000111111111110100100000100011110001111111011010
18835,5063,4.932433,0B4,8,0000000000000000000000000000000001011100000001011100001011011111
35075,598,4.933471,3D3,3,011011000001001000000000
31937,5066,4.934665,1C4,8,0000100100110001000110110000000000000000000000000000000000100010
36045,3369,4.935609,0BA,5,1110000000110011101110000000000001000000
16750,5070,4.936426,226,8,0000000000000000000100000000000000000000000000000000000000000000
420,5071,4.937424,320,8,0000000000100000000000000000000000000000000000000000000001001011
11451,5072,4.93866,2C1,8,0000000000000010011100000000000110001001110000000000101010010001
14441,5074,4.940635,1C6,8,0000000000000000000000000001111001011001001100100000000000000000
2079,5075,4.94088,25,8,0000000001111101000000000000000101011111111100000000000011111010
22286,5076,4.941428,0AA,8,0010000010110110000111111111111100100000100011010001111111011101
36046,5051,4.943099,0BA,5,1100011000000000000000000000000010111110
8142,5079,4.948258,260,8,0000000000000000000000000000000000000000000000010100101110110110
36047,1699,4.950588,0BA,5,0010100100000000000000000000010000101000
2080,5081,4.950775,25,8,0000000001111101000000000000000101011111111100110000000011111101
28480,5082,4.951299,24,8,0000001001010100000000100000001101000010001001001000000001101101
22287,5083,4.951538,0AA,8,0010000010110001000111111111111100100000100011000001111111011100
18836,5085,4.952374,0B4,8,0000000000000000000000000000000001100000000001011100001011100011
31938,5088,4.954609,1C4,8,0000100100111000000110110000000000000000000000000000000000101001
36048,3388,4.958078,0BA,5,0100111100000000000000000000000000101110
2081,5091,4.960719,25,8,0000000001111101000000000000000101001111111101100000000011110000
22288,5092,4.961368,0AA,8,0010000010110110001000000000001100100000100100010001111111010111
16751,5095,4.964376,226,8,0000000000000000000100000000000000000000000000000000000000000000
36049,3391,4.965567,0BA,5,1110000000110011101110000000000001000000
8143,5096,4.968281,260,8,0000000000000000000000000000000000000000000000010101011011000001
11452,5098,4.968779,2C1,8,0000000000000010011001100000000110011100110000000000101010011010
14442,5100,4.970563,1C6,8,0000000000000000000000000001111001000100001100100000000000000000
2082,5101,4.970804,25,8,0000000001111101000000000000000100111111111101110000000011100001
28481,5102,4.971237,24,8,0000001001010011000000100000001101000010001001101000000001101110
22289,5103,4.971475,0AA,8,0010000010111011001000000000011000100000100101000001111111011001
18837,5104,4.972318,0B4,8,0000000000000000000000000000000001100000000001011100001011100011
31387,5105,4.972891,44D,8,0100001000000010000000000000000000000001000000000000000000000000
36050,5077,4.973057,0BA,5,1100011000000000000000000000000010111110
31939,5110,4.974549,1C4,8,0000100100111001000110110000000000000000000000000000000000101010
27803,5112,4.975305,420,8,0000000000000000000000000000000011111111000000001000000010101011
36051,1706,4.980547,0BA,5,0010100100000000000000000000011100101011
2083,5115,4.980657,25,8,0000000001111101000000000000000100101111111101110000000011010001
22290,5116,4.981311,0AA,8,0010000010111111001000000000101000100000100100000001111111011100
421,5117,4.982287,320,8,0000000000100000000000000000000000000000000000000000000001001011
36052,3405,4.988036,0BA,5,0100111100000000000000000000000000101110
8144,5120,4.988125,260,8,0000000000000000000000000000000000000000000000010101011011000001
2084,5122,4.990624,25,8,0000000001111101000000000000000100101111111101110000000011010001
28482,5123,4.991182,24,8,0000001001010100000000100000011001000010001010001000000001110100
22291,5124,4.991414,0AA,8,0010000010110101001000000000101000100000100101000001111111011000
18838,5125,4.992254,0B4,8,0000000000000000000000000000000001100000000001011100011111101000
27976,5126,4.992811,6C0,8,1110010000000000000000001110000010000000000000000000000000000000
43403,35,4.993371,3000000.0,6,000010000000000000000000000000000000000000101000
7597,5128,4.993954,3BC,8,0
31940,5130,4.994487,1C4,8,0000100100110001000110110000000000000000000000000000000000100010
36053,3409,4.995526,0BA,5,1110000000110011101110000000000001000000
16752,5133,4.996245,226,8,0000000000000000000100000000000000000000000000000000000000000000
11453,5135,4.998475,2C1,8,0000000000000010010011000000000101111001110000000000101001011101
14443,5137,5.000457,1C6,8,0000000000000000000000000001111000101011001100010000000000000000
2085,5138,5.000698,25,8,0000000001111101000000000000000100011111111101110000000011000001
22292,5140,5.001243,0AA,8,0010000010110110001000000000100100100000100101000001111111011010
36054,5109,5.003015,0BA,5,1100011000000000000000000000000010111110
8145,5142,5.008012,260,8,0000000000000000000000000000000000000000000000010101011011000001
36055,1717,5.010505,0BA,5,0010100100000000000000000000010000101000
2086,5144,5.010588,25,8,0000000001111101000000000000000100001111111101110000000010110001
28483,5145,5.011119,24,8,0000001001010100000000100000100001000010001001101000000001110100
22293,5146,5.011352,0AA,8,0010000011000000001000000000101100100000100101110001111111011101
18839,5147,5.012188,0B4,8,0000000000000000000000000000000001100100000001011100011111101100
31941,5149,5.014432,1C4,8,0000100100100110000110110000000000000000000000000000000000010111
36056,3427,5.017994,0BA,5,0100111100000000000000000000000000101110
27864,5153,5.018609,4DC,8,0001110100000000000000000000000000000000000000000000000000000000
2087,5155,5.02054,25,8,0000000001111101000000000000000111111111111110000000000010100010
22294,5156,5.021181,0AA,8,0010000011001000001000000000101100100000100110110001111111011011
16753,5159,5.024159,226,8,0000000000000000000100000000000000000000000000000000000000000000
36057,3430,5.025484,0BA,5,1110000000110011101110000000000001000000
8146,5160,5.027951,260,8,0000000000000000000000000000000000000000000000010100101110110110
11454,5161,5.028373,2C1,8,0000000000000010001111000000000101110011110000000000101001000111
14444,5163,5.030379,1C6,8,0000000000000000000000000001111000000110001100010000000000000000
2088,5164,5.030625,25,8,0000000001111101000000000000000111011111111110000000000010000010
28484,5165,5.031058,24,8,0000001001010100000000100000100001000010001001101000000001110100
22295,5166,5.031292,0AA,8,0010000011001001001000000000101000100000100101110001111111011111
43473,4442,5.031766,423,2,1000100000000
18840,5167,5.032129,0B4,8,0000000000000000000000000000000001100100000001011100110111110010
36058,5141,5.032973,0BA,5,1100011000000000000000000000000010111110
31942,5172,5.034367,1C4,8,0000100100100110000110110000000000000000000000000000000000010111
422,5174,5.035122,320,8,0000000000100000000000000000000000000000000000000000000001001011
34758,5175,5.036723,4DF,8,0010000000000000000000000000000100000000000000000000000000000000
1528,5177,5.039197,6F3,8,0010000000000000000000000000000000000000000000000000000000000000
36059,1727,5.040463,0BA,5,0010100100000000000000000000011100101011
2089,5179,5.040471,25,8,0000000001111101000000000000000111001111111110000000000001110010
22296,5180,5.04112,0AA,8,0010000011000000001000000000101100100000100101010001111111100001
11169,5183,5.046963,39A,8,0000000000000000000000000000000100000000000000000000000000000000
8147,5184,5.047833,260,8,0000000000000000000000000000000000000000000000010001000001111011
36060,3450,5.047952,0BA,5,0100111100000000000000000000000000101110
2090,5187,5.050535,25,8,0000000001111101000000000000000110101111111110000000000001010010
28485,5188,5.050996,24,8,0000001001010100000000100000100001000010001010011000000001110111
22297,5189,5.051227,0AA,8,0010000010111001001000000000101000100000100111100001111111100100
18841,5190,5.052068,0B4,8,0000000000000000000000000000000001101000000001011101001111111100
13521,5192,5.053678,399,8,0000000000000000000000000000000000000000111111110000000000000000
31943,5194,5.054314,1C4,8,0000100100011100000110110000000000000000000000000000000000001101
36061,3453,5.055442,0BA,5,1110000000110011101110000000000001000000
16754,5197,5.056061,226,8,0000000000000000000100000000000000000000000000000000000000000000
31574,5198,5.057511,633,8,1000000100000000000000000000000000000000000000000000000000000000
11455,5199,5.058292,2C1,8,0000000000000010001100110000000101100000110000000000101000101011
43655,328,5.058942,3BB,5,1010010100000000000000000000000000000000
14445,5201,5.060272,1C6,8,0000000000000000000000000001110111100011001100010000000000000000
2091,5202,5.060519,25,8,0000000001111100000000000000000101111111111100000000000000011001
22298,5203,5.061061,0AA,8,0010000010111011001000000000111100100000100110110001111111100000
36062,5171,5.062932,0BA,5,1100011000000000000000000000000010111110
8148,5206,5.067792,260,8,0000000000000000000000000000000000000000000000010001110010000111
2092,5208,5.070408,25,8,0000000001111100000000000000000101001111111100000000000011101001
36063,1740,5.070421,0BA,5,0010100100000000000000000000010000101000
28486,5209,5.070963,24,8,0000001001010100000000100000011001000010001010011000000001110101
22299,5210,5.071195,0AA,8,0010000011000011001000000001001100100000100110110001111111100010
18842,5211,5.072006,0B4,8,0000000000000000000000000000000001101000000001011101001111111100
5,5213,5.073953,3B1,8,0000000000000000000000100000101000000000000010000000000000000000
31944,5214,5.074246,1C4,8,0000100100001111000110110000000000000000000000000000000000000000
36064,3466,5.077911,0BA,5,0100111100000000000000000000000000101110
14034,5216,5.080016,442,8,0100001100000010000000000000000000000010000000000000000000000000
2093,5218,5.080496,25,8,0000000001111100000000000000000100011111111001110000000010110000
22300,5219,5.080999,0AA,8,0010000011000011001000000000101100100000100110100001111111100110
16755,5224,5.083977,226,8,0000000000000000000100000000000000000000000000000000000000000000
423,5225,5.084971,320,8,0000000000100000000000000000000000000000000000000000000001001011
36065,3470,5.0854,0BA,5,1110000000110011101111000000000001000100
8149,5226,5.087794,260,8,0000000000000000000000000000000000000000000000010001000001111011
11456,5227,5.088194,2C1,8,0000000000000010001100000000000101101100110000000000101000110100
14446,5229,5.090198,1C6,8,0000000000000000000000000001110111000011001100000000000000000000
2094,5230,5.090443,25,8,0000000001111100000000000000000111011111110111110000000001101000
28487,5231,5.090904,24,8,0000001001010101000000100000011001000010001010011000000001110110
22301,5232,5.091139,0AA,8,0010000010111111001000000000011100100000100110010001111111100110
18843,5233,5.091942,0B4,8,0000000000000000000000000000000001101100000001011100110111111010
36066,5204,5.09289,0BA,5,1100011000000000000000000000000010111110
31945,5237,5.094197,1C4,8,0000100100000010000110110000000000000000000000000000000011110011
2095,5242,5.100308,25,8,0000000001111100000000000000000110011111110101110000000000100000
36067,1746,5.100379,0BA,5,0010100100000000000000000000011100101011
22302,5243,5.100941,0AA,8,0010000010111011001000000000100100100000101000000001111111100100
8150,5245,5.107615,260,8,0000000000000000000000000000000000000000000000010001000001111011
36068,3488,5.107869,0BA,5,0100111100000000000000000000000000101110
2096,5247,5.110255,25,8,0000000001111011000000000000000101001111110101110000000011001111
28488,5248,5.110818,24,8,0000001001010100000000100000010101000010001010011000000001110100
22303,5249,5.111049,0AA,8,0010000010111100001000000000111000100000100111010001111111100111
18844,5250,5.111887,0B4,8,0000000000000000000000000000000001101100000001011101001100000000
31946,5253,5.11413,1C4,8,0000100011111010000110110000000000000000000000000000000011101010
36069,3491,5.115358,0BA,5,1110000000110011101111000000000001000100
16756,5257,5.115879,226,8,0000000000000000000100000000000000000000000000000000000000000000
11457,5258,5.118172,2C1,8,0000000000000010001000110000000101100110110000000000101000100001
14447,5260,5.120098,1C6,8,0000000000000000000000000001110110001110001100000000000000000000
2097,5261,5.12034,25,8,0000000001111011000000000000000111111111110011100000000001110110
22304,5262,5.120876,0AA,8,0010000010111100001000000001000000100000100110110001111111100110
36070,5236,5.122848,0BA,5,1100011000000000000000000000000010111110
77,5264,5.122864,3B7,8,1000
16365,5265,5.1246,3F9,8,0111010100011000000000100000001010000000000000000000000000010101
8151,5266,5.12755,260,8,0000000000000000000000000000000000000000000000001111100001100010
13332,5267,5.127736,394,3,0
2098,5269,5.130221,25,8,0000000001111011000000000000000110011111110001000000000000001100
36071,1764,5.130337,0BA,5,0010100100000000000000000000010000101000
28489,5270,5.130759,24,8,0000001001010011000000100000000101000010001010001000000001101110
22305,5271,5.130998,0AA,8,0010000010111110001000000001000000100000100111000001111111101100
18845,5273,5.131849,0B4,8,0000000000000000000000000000000001101100000001011100110111111010
424,5275,5.133827,320,8,0000000000100000000000000000000000000000000000000000000001001011
31947,5276,5.134072,1C4,8,0000100011110100000110110000000000000000000000000000000011100100
36072,3510,5.137827,0BA,5,0100111100000000000000000000000000101110
2099,5279,5.140173,25,8,0000000001111010000000000000000100101111110001000000000010011011
22306,5280,5.140821,0AA,8,0010000010111101001000000000110000100000100110110001111111101111
13834,5281,5.141064,4C6,8,0000011100000000000000110000000000000000000000000000000000000000
16757,5284,5.143794,226,8,0000000000000000000100000000000000000000000000000000000000000000
36073,3513,5.145317,0BA,5,1110000000110011110001000000000001001100
8152,5287,5.14748,260,8,0000000000000000000000000000000000000000000000001110000101001011
11458,5289,5.14824,2C1,8,0000000000000010000111000000000101011100110000000000101000010000
31242,5290,5.148675,4A6,8,0000000000000000000000000000000000000000000011110000000000000000
10980,5291,5.148944,620,8,0001000000000000000000000000000000000000000000000000000000000000
14448,5293,5.150021,1C6,8,0000000000000000000000000001110101011101001100000000000000000000
2100,5294,5.150259,25,8,0000000001111010000000000000000110111111101110100000000000100001
28490,5295,5.1507,24,8,0000001001010011000000100000000101000010001001001000000001101010
22307,5296,5.150933,0AA,8,0010000010111010001000000000100100100000100110110001111111101110
18846,5297,5.151762,0B4,8,0000000000000000000000000000000001110000000001011100110111111110
36074,5263,5.152806,0BA,5,1100011000000000000000000000000010111110
31948,5301,5.154007,1C4,8,0000100011110010000110110000000000000000000000000000000011100010
2101,5304,5.160105,25,8,0000000001111001000000000000000100111111101110100000000010100000
36075,1770,5.160296,0BA,5,0010100100000000000000000000011100101011
22308,5305,5.160756,0AA,8,0010000010111110001000000000111100100000101000000001111111101101
11229,5306,5.162283,4C8,8,0000100100000000000000000000000000000000000000000000000000000000
8153,5308,5.167359,260,8,0000000000000000000000000000000000000000000000001100100100110011
36076,3528,5.167785,0BA,5,0100111100000000000000000000000000101110
2102,5310,5.170102,25,8,0000000001111001000000000000000110111111101100000000000000010110
28491,5311,5.170643,24,8,0000001001010011000000100000000001000010001001001000000001101001
22309,5312,5.170882,0AA,8,0010000010111110001000000001000000100000100111000001111111110011
18847,5313,5.171701,0B4,8,0000000000000000000000000000000001110000000001011100110111111110
31949,5317,5.173947,1C4,8,0000100011110011000110110000000000000000000000000000000011100011
36077,3532,5.175275,0BA,5,1110000000110011110101000000000001011100
16758,5320,5.175692,226,8,0000000000000000000100000000000000000000000000000000000000000000
11459,5321,5.177934,2C1,8,0000000000000010000100000000000101110000110000000000101000011000
21609,5322,5.178739,443,8,0100110100000010000000000010111100000110000000000000000000000000
14449,5323,5.179918,1C6,8,0000000000000000000000000001110100101111001011110000000000000000
2103,5326,5.181179,25,8,0000000001111000000000000000000100011111101011110000000001110100
22310,5327,5.181667,0AA,8,0010000010111110001000000000111100100000100110100001111111101110
36078,5300,5.182764,0BA,5,1100011000000000000000000000000010111110
425,5329,5.183668,320,8,0000000000100000000000000000000000000000000000000000000001001011
8154,5330,5.187152,260,8,0000000000000000000000000000000000000000000000001100100100110011
2104,5332,5.190025,25,8,0000000001111000000000000000000110011111101010000000000011101101
36079,1779,5.190254,0BA,5,0010100100000000000000000000010000101000
28492,5333,5.190583,24,8,0000001001010011000000100000000001000010001001001000000001101001
22311,5334,5.190816,0AA,8,0010000010111100001000000000110000100000100111110001111111101110
18848,5335,5.191638,0B4,8,0000000000000000000000000000000001110100000001011100110100000010
35076,5118,5.193127,3D3,3,111001010000001011000110
31950,5338,5.193884,1C4,8,0000100011110111000110110000000000000000000000000000000011100111
34822,5340,5.19434,3C3,8,0100011000011110100100110100111011101110010001100111100101110000
36080,3552,5.197743,0BA,5,0100111100000000000000000000000000101110
2105,5344,5.199989,25,8,0000000001110111000000000000000111101111100111000000000000110000
22312,5345,5.200631,0AA,8,0010000010111111001000000000110000100000100111100001111111101110
16759,5348,5.203613,226,8,0000000000000000000100000000000000000000000000000000000000000000
36081,3555,5.205233,0BA,5,1110000000110011110100000000000001011000
8155,5349,5.207069,260,8,0000000000000000000000000000000000000000000000001001100100000011
11460,5350,5.207832,2C1,8,0000000000000010000001100000000101100011110000000000101000000001
14450,5352,5.209841,1C6,8,0000000000000000000000000001110011111101001011110000000000000000
2106,5353,5.210082,25,8,0000000001110110000000000000000100111111100111000000000001111111
28493,5354,5.210519,24,8,0000001001010010000000011111111101000010001000011000000001100011
22313,5355,5.210754,0AA,8,0010000010111110001000000000111100100000100110110001111111101110
18849,5357,5.211576,0B4,8,0000000000000000000000000000000001110100000001011100110100000010
36082,5328,5.212722,0BA,5,1100011000000000000000000000000010111110
31951,5362,5.213827,1C4,8,0000100011111111000110110000000000000000000000000000000011101111
2107,5365,5.219924,25,8,0000000001110101000000000000000101111111100100100000000010110100
36083,1789,5.220212,0BA,5,0010100100000000000000000000011100101011
22314,5366,5.220573,0AA,8,0010000010111111001000000001001100100000100111100001111111101011
8156,5368,5.22695,260,8,0000000000000000000000000000000000000000000000001010011000010000
36084,3573,5.227702,0BA,5,0100111100000000000000000000000000101110
2108,5371,5.229887,25,8,0000000001110101000000000000000111011111100111000000000000011110
28494,5372,5.23046,24,8,0000001001010010000000011111111101000010000111111000000001100001
22315,5373,5.230697,0AA,8,0010000010111110001000000001001000100000100111000001111111101111
18850,5374,5.231515,0B4,8,0000000000000000000000000000000001111000000001011101001100001100
31952,5377,5.233851,1C4,8,0000100011111111000110110000000000000000000000000000000011101111
36085,3577,5.235191,0BA,5,1110000000110011110010000000000001010000
16760,5380,5.23551,226,8,0000000000000000000100000000000000000000000000000000000000000000
426,5381,5.236506,320,8,0000000000100000000000000000000000000000000000000000000001001011
11461,5383,5.237753,2C1,8,0000000000000001111111000000000101100011110000000000101011110110
14451,5385,5.239734,1C6,8,0000000000000000000000000001110011001011001011110000000000000000
2109,5386,5.239973,25,8,0000000001110100000000000000000100011111100100100000000001010011
22316,5387,5.240513,0AA,8,0010000010111110001000000001000000100000101000000001111111101111
36086,5361,5.242681,0BA,5,1100011000000000000000000000000010111110
8157,5391,5.246902,260,8,0000000000000000000000000000000000000000000000001000111011111000
7658,5392,5.247326,611,8,0010000100000000000000000001000000000000000000000011110101101100
2110,5394,5.249854,25,8,0000000001110011000000000000000101001111100010000000000001111000
36087,1804,5.25017,0BA,5,0010100100000000000000000000010000101000
28495,5395,5.250397,24,8,0000001001010001000000011111111101000010000110111000000001011100
22317,5396,5.250632,0AA,8,0010000010111100001000000001000000100000100111100001111111101111
18851,5397,5.251455,0B4,8,0000000000000000000000000000000001111000000001011101001100001100
31953,5399,5.253705,1C4,8,0000100100001001000110110000000000000000000000000000000011111010
36088,3592,5.25766,0BA,5,0100111100000000000000000000000000101110
2111,5402,5.259796,25,8,0000000001110011000000000000000110011111100100100000000011010010
22318,5403,5.260448,0AA,8,0010000010111100001000000001001100100000100110010001111111101111
16761,5407,5.263427,226,8,0000000000000000000100000000000000000000000000000000000000000000
36089,3597,5.265149,0BA,5,1110000000110011110111000000000001100100
8158,5408,5.266851,260,8,0000000000000000000000000000000000000000000000001000001011101100
11462,5409,5.267653,2C1,8,0000000000000001111100000000000101011001110000000000101011100000
14452,5411,5.269656,1C6,8,0000000000000000000000000001110010011100001011110000000000000000
2112,5412,5.269897,25,8,0000000001110010000000000000000110111111011111100000000011011101
28496,5413,5.270365,24,8,0000001001010000000000011111110101000010000110101000000001011000
22319,5414,5.270601,0AA,8,0010000010111111001000000001010100100000100111110001111111110011
18852,5415,5.271393,0B4,8,0000000000000000000000000000000001111000000001011101001100001100
36090,5388,5.272639,0BA,5,1100011000000000000000000000000010111110
16284,5418,5.273095,4C1,8,0000000100000000000000010000000100000000000000000000000000000000
31954,5420,5.273644,1C4,8,0000100100010101000110110000000000000000000000000000000000000110
2113,5425,5.279739,25,8,0000000001110001000000000000000111101111100010000000000000010110
36091,1809,5.280128,0BA,5,0010100100000000000000000000011100101011
22320,5426,5.280392,0AA,8,0010000010111110001000000001011000100000100111010001111111110001
427,5427,5.281369,320,8,0000000000100000000000000000000000000000000000000000000001001011
31388,5428,5.281672,44D,8,0100001000000010000000000000000000000001000000000000000000000000
8159,5429,5.286732,260,8,0000000000000000000000000000000000000000000000001000001011101100
36092,3616,5.287618,0BA,5,0100111100000000000000000000000000101110
2114,5431,5.289709,25,8,0000000001110000000000000000000100001111011111100000000000101011
28497,5432,5.290304,24,8,0000001001001111000000011111111101000010000110001000000001010111
22321,5433,5.290546,0AA,8,0010000010111110001000000001100000100000100111000001111111110000
18853,5434,5.291335,0B4,8,0000000000000000000000000000000001111100000001011101001100010000
27977,5435,5.291579,6C0,8,1110010000000000000000001110000010000000000000000000000000000000
31955,5438,5.293592,1C4,8,0000100100011101000110110000000000000000000000000000000000001110
36093,3618,5.295107,0BA,5,1110000000110011110001000000000001001100
16762,5442,5.295325,226,8,0000000000000000000100000000000000000000000000000000000000000000
11463,5444,5.297571,2C1,8,0000000000000001111001100000000101010000110000000000101011001101
14453,5446,5.299555,1C6,8,0000000000000000000000000001110001101100001011110000000000000000
2115,5447,5.299794,25,8,0000000001101111000000000000000100111111100010000000000001100100
22322,5448,5.300329,0AA,8,0010000010111111001000000001011000100000100111100001111111110001
36094,5419,5.302597,0BA,5,1100011000000000000000000000000010111110
8160,5451,5.306702,260,8,0000000000000000000000000000000000000000000000000101111011001000
2116,5453,5.30967,25,8,0000000001101110000000000000000101001111011101000000000001011111
36095,1823,5.310086,0BA,5,0010100100000000000000000000010000101000
28498,5454,5.310218,24,8,0000001001001110000000100000000001000010000101101000000001010110
22323,5455,5.310453,0AA,8,0010000010111110001000000001010100100000100111110001111111110011
18854,5456,5.311271,0B4,8,0000000000000000000000000000000001111100000001011101100000010101
31956,5459,5.313523,1C4,8,0000100100100111000110110000000000000000000000000000000000011000
36096,3634,5.317576,0BA,5,0100111100000000000000000000000000101110
2117,5462,5.320639,25,8,0000000001101101000000000000000101011111100000010000000001111011
22324,5463,5.32124,0AA,8,0010000010111110001000000001011000100000100110110001111111110000
16763,5466,5.324242,226,8,0000000000000000000100000000000000000000000000000000000000000000
36097,3637,5.325066,0BA,5,1110000000110011111010000000000001110000
8161,5468,5.326561,260,8,0000000000000000000000000000000000000000000000000110101011010100
11464,5469,5.32747,2C1,8,0000000000000001110101100000000101000110110000000000101010110011
14454,5472,5.329477,1C6,8,0000000000000000000000000001110000110101001011100000000000000000
2118,5473,5.329714,25,8,0000000001101101000000000000000110011111011110110000000010110101
28499,5474,5.330159,24,8,0000001001001101000000100000000001000010000101101000000001010101
22325,5475,5.330394,0AA,8,0010000010111011001000000001101000100000100111110001111111110101
18855,5476,5.331214,0B4,8,0000000000000000000000000000000010000000000001011101100000011001
36098,5449,5.332555,0BA,5,1100011000000000000000000000000010111110
31957,5480,5.333468,1C4,8,0000100100110011000110110000000000000000000000000000000000100100
428,5482,5.334205,320,8,0000000000100000000000000000000000000000000000000000000001001011
2119,5484,5.339551,25,8,0000000001101100000000000000000110101111011101000000000010111101
36099,1828,5.340045,0BA,5,0010100100000000000000000000011100101011
22326,5486,5.34021,0AA,8,0010000010111111001000000001101000100000100110110001111111110101
8162,5489,5.346542,260,8,0000000000000000000000000000000000000000000000000101001010111100
36100,3656,5.347534,0BA,5,0100111100000000000000000000000000101110
2120,5491,5.349519,25,8,0000000001101011000000000000000111001111011111100000000011100110
28500,5492,5.3501,24,8,0000001001001100000000100000000001000010000101101000000001010100
22327,5493,5.350334,0AA,8,0010000010110111001000000001100000100000100110110001111111110100
18856,5494,5.351152,0B4,8,0000000000000000000000000000000010000000000001011101100000011001
31958,5497,5.353421,1C4,8,0000100100110111000110110000000000000000000000000000000000101000
36101,3659,5.355024,0BA,5,1110000000110011110010000000000001010000
16764,5500,5.355153,226,8,0000000000000000000100000000000000000000000000000000000000000000
43656,5547,5.356527,3BB,5,0111000000000000000000001001111100000000
11465,5501,5.357441,2C1,8,0000000000000001110010010000000101010000110000000000101010110000
14455,5503,5.359378,1C6,8,0000000000000000000000000001110000000011001011100000000000000000
2121,5504,5.359615,25,8,0000000001101010000000000000000111101111011111100000000000000101
22328,5505,5.360142,0AA,8,0010000010111100001000000001100100100000100111010001111111111010
36102,5479,5.362513,0BA,5,1100011000000000000000000000000010111110
8163,5509,5.366469,260,8,0000000000000000000000000000000000000000000000000100011110110001
43474,396,5.367217,423,2,11100000000
2122,5511,5.369548,25,8,0000000001101001000000000000000100001111011111100000000000100100
36103,1838,5.370003,0BA,5,0010100100000000000000000000010000101000
28501,5512,5.370049,24,8,0000001001001010000000100000000101000010000101001000000001010001
22329,5513,5.370271,0AA,8,0010000010111110001000000001101000100000100111010001111111111011
18857,5514,5.371089,0B4,8,0000000000000000000000000000000010000000000001011101001100010100
16366,5516,5.373089,3F9,8,0111010100011000000000100000001010000000000000000000000000010101
31959,5517,5.373375,1C4,8,0000100100111100000110110000000000000000000000000000000000101101
36104,3675,5.377492,0BA,5,0100111100000000000000000000000000101110
7784,5520,5.378881,610,8,0010000000000000000011110110010011000000000000010001000101000000
2123,5522,5.380457,25,8,0000000001101000000000000000000100011111100000010000000000110110
22330,5523,5.381049,0AA,8,0010000010111100001000000001110100100000100110110001111111111001
16765,5526,5.384054,226,8,0000000000000000000100000000000000000000000000000000000000000000
36105,3677,5.384982,0BA,5,1110000000110011110010000000000001010000
429,5527,5.385049,320,8,0000000000100000000000000000000000000000000000000000000001001011
8164,5528,5.386337,260,8,0000000000000000000000000000000000000000000000000100011110110001
11466,5529,5.387287,2C1,8,0000000000000001110000110000000101000000110000000000101010011010
14035,5530,5.387818,442,8,0100001100000010000000000000000000000010000000000000000000000000
14456,5532,5.389296,1C6,8,0000000000000000000000000001101111010100001011100000000000000000
2124,5533,5.389537,25,8,0000000001100111000000000000000101001111011110110000000001011111
28502,5534,5.389975,24,8,0000001001001001000000100000000101000010000101101000000001010010
22331,5535,5.39021,0AA,8,0010000010111001001000000001110100100000100111100001111111111110
18858,5536,5.391029,0B4,8,0000000000000000000000000000000010000100000001011101001100011000
36106,5507,5.392471,0BA,5,1100011000000000000000000000000010111110
35295,4181,5.392831,386,7,01010100000000000000000000000000000000000000000000000000
31960,5541,5.393354,1C4,8,0000100101000001000110110000000000000000000000000000000000110010
2125,5545,5.399369,25,8,0000000001100110000000000000000101101111011111100000000010000001
36107,1847,5.399961,0BA,5,0010100100000000000000000000011100101011
22332,5546,5.400023,0AA,8,0010000010111011001000000010000000100000100110010001111111111100
8165,5549,5.406204,260,8,0000000000000000000000000000000000000000000000000100011110110001
36108,3695,5.407451,0BA,5,0100111100000000000000000000000000101110
2126,5552,5.40952,25,8,0000000001100110000000000000000110101111100010000000000011001011
28503,5553,5.409915,24,8,0000001001001000000000100000001101000010000101101000000001010011
22333,5554,5.41015,0AA,8,0010000010111011001000000001111100100000100110110001111111111000
18859,5555,5.410964,0B4,8,0000000000000000000000000000000010000100000001011101100000011101
31961,5558,5.413223,1C4,8,0000100101000011000110110000000000000000000000000000000000110100
36109,3698,5.41494,0BA,5,1110000000110011111100000000000001111000
16766,5561,5.414957,226,8,0000000000000000000100000000000000000000000000000000000000000000
11467,5562,5.417211,2C1,8,0000000000000001101100110000000100111001110000000000101010000011
13897,5563,5.417728,622,8,0001001000000000000000000000000000000000000000000000000000000000
14457,5565,5.419196,1C6,8,0000000000000000000000000001101110011101001011100000000000000000
2127,5566,5.419435,25,8,0000000001100101000000000000000111001111011111100000000011100000
22334,5567,5.41996,0AA,8,0010000010111011001000000010010000100000101000000001111111111011
78,5569,5.421939,3B7,8,1000
36110,5540,5.42243,0BA,5,1100011000000000000000000000000010111110
8166,5571,5.426213,260,8,0000000000000000000000000000000000000000000000000010111110011001
13333,5572,5.426362,394,3,0
2128,5574,5.429305,25,8,0000000001100100000000000000000111111111100010000000000000011001
28504,5575,5.429859,24,8,0000001001000111000000100000001101000010000101001000000001010000
36111,1863,5.429919,0BA,5,0010100100000000000000000000010000101000
22335,5576,5.430096,0AA,8,0010000010110110001000000010010100100000100111000001111111111111
18860,5578,5.430904,0B4,8,0000000000000000000000000000000010001000000001011101100000100001
430,5580,5.432904,320,8,0000000000100000000000000000000000000000000000000000000001001011
31962,5581,5.433163,1C4,8,0000100101000001000110110000000000000000000000000000000000110010
36112,3712,5.437409,0BA,5,0100111100000000000000000000000000101110
2129,5584,5.439251,25,8,0000000001100011000000000000000100101111100010000000000001001000
22336,5585,5.439898,0AA,8,0010000010110101001000000010010100100000100110100001111111111000
16767,5589,5.442876,226,8,0000000000000000000100000000000000000000000000000000000000000000
36113,3715,5.444898,0BA,5,1110000000110011111100000000000001111000
8167,5591,5.446051,260,8,0000000000000000000000000000000000000000000000000010111110011001
11468,5592,5.447107,2C1,8,0000000000000001101100000000000101001100110000000000101010010011
10981,5593,5.447622,620,8,0001000000000000000000000000000000000000000000000000000000000000
31635,5594,5.447952,389,8,0000000000100000000000000000000000000000000000000000000000000000
14458,5596,5.449114,1C6,8,0000000000000000000000000001101101101010001011010000000000000000
2130,5597,5.449356,25,8,0000000001100010000000000000000101011111100010000000000001110111
28505,5598,5.449797,24,8,0000001001000110000000100000011001000010000100111000000001010001
22337,5599,5.450031,0AA,8,0010000010110101001000000010010100100000100110010001111111111101
18861,5600,5.450842,0B4,8,0000000000000000000000000000000010001000000001011101100000100001
36114,5568,5.452388,0BA,5,1100011000000000000000000000000010111110
35077,662,5.452783,3D3,3,011011000001001000000000
13582,5603,5.452796,4DD,8,0001111000000000000000000000000000000000000000000000000000000000
31963,5605,5.453207,1C4,8,0000100100111100000110110000000000000000000000000000000000101101
2131,5609,5.459183,25,8,0000000001100010000000000000000110101111100100100000000011010001
22338,5610,5.459836,0AA,8,0010000010111000001000000010010100100000100110010001111111111111
36115,1867,5.459877,0BA,5,0010100100000000000000000000011100101011
13642,5611,5.464467,4B7,8,1110001011011111001000001111000000000000111010000000000100001000
8168,5612,5.465825,260,8,0000000000000000000000000000000000000000000000000100011110110001
36116,3735,5.467367,0BA,5,0100111100000000000000000000000000101110
2132,5615,5.469156,25,8,0000000001100001000000000000000111011111100010000000000011110110
28506,5616,5.469764,24,8,0000001001000101000000100000011001000010000100011000000001001110
22339,5617,5.470001,0AA,8,0010000010111100001000000010010100100000100111100001111111111110
18862,5618,5.470786,0B4,8,0000000000000000000000000000000010001100000001011101100000100101
31964,5621,5.473043,1C4,8,0000100100111100000110110000000000000000000000000000000000101101
36117,3738,5.474856,0BA,5,1110000000110011111001000000000001101100
16768,5626,5.47487,226,8,0000000000000000000100000000000000000000000000000000000000000000
11469,5627,5.477038,2C1,8,0000000000000001101100000000000100110011110000000000101001111010
14459,5629,5.479017,1C6,8,0000000000000000000000000001101100111011001011010000000000000000
2133,5630,5.47926,25,8,0000000001100000000000000000000100011111100100100000000000111111
22340,5631,5.479783,0AA,8,0010000010111001001000000010011100100000100110000010000000000010
431,5633,5.481757,320,8,0000000000100000000000000000000000000000000000000000000001001011
36118,5604,5.482346,0BA,5,1100011000000000000000000000000010111110
8169,5634,5.485741,260,8,0000000000000000000000000000000000000000000000000010111110011001
21610,5635,5.487808,443,8,0100110100000010000000000010111100000110000000000000000000000000
2134,5637,5.489124,25,8,0000000001011111000000000000000101101111100111000000000010011000
28507,5638,5.489709,24,8,0000001001000100000000100000100001000010000100011000000001001111
36119,1880,5.489836,0BA,5,0010100100000000000000000000010000101000
22341,5639,5.489944,0AA,8,0010000010110101001000000010011100100000100110010010000000000101
18863,5640,5.490725,0B4,8,0000000000000000000000000000000010001100000001011101100000100101
31965,5644,5.493006,1C4,8,0000100100110100000110110000000000000000000000000000000000100101
36120,3758,5.497325,0BA,5,0100111100000000000000000000000000101110
2135,5648,5.499072,25,8,0000000001011111000000000000000111001111100111000000000011111000
22342,5649,5.499717,0AA,8,0010000010110010001000000011000100100000100110110010000000000110
16769,5652,5.502695,226,8,0000000000000000000100000000000000000000000000000000000000000000
36121,3761,5.504815,0BA,5,1110000000110011111101000000000001111100
8170,5654,5.505671,260,8,0000000000000000000000000000000000000000000000000010111110011001
11470,5655,5.506931,2C1,8,0000000000000001101011000000000100110011110000000000101001110110
266,5657,5.507765,38F,8,0000000100000000000000000000000000000000000000000000000000000000
14460,5659,5.508954,1C6,8,0000000000000000000000000001101100000101001011010000000000000000
2136,5660,5.509187,25,8,0000000001011110000000000000000100011111100111000000000001000111
28508,5661,5.50962,24,8,0000001001000011000000100000100001000010000100111000000001010000
22343,5662,5.509854,0AA,8,0010000010110110001000000010111100100000100101110010000000000100
18864,5663,5.510665,0B4,8,0000000000000000000000000000000010001100000001011101100000100101
36122,5632,5.512304,0BA,5,1100011000000000000000000000000010111110
31966,5667,5.512925,1C4,8,0000100100101010000110110000000000000000000000000000000000011011
2137,5670,5.519015,25,8,0000000001011101000000000000000101101111100111000000000010010110
22344,5671,5.519656,0AA,8,0010000010110101001000000010111000100000100101100010000000001001
36123,1888,5.519794,0BA,5,0010100100000000000000000000011100101011
8171,5673,5.525605,260,8,0000000000000000000000000000000000000000000000000010001110001101
36124,3776,5.527283,0BA,5,0100111100000000000000000000000000101110
2138,5675,5.528979,25,8,0000000001011101000000000000000111001111100111000000000011110110
28509,5676,5.529567,24,8,0000001001000010000000100000011001000010000011111000000001001001
22345,5677,5.5298,0AA,8,0010000010110101001000000010111100100000100111000010000000001011
18865,5678,5.530607,0B4,8,0000000000000000000000000000000010010000000001011101111000101111
31967,5681,5.532872,1C4,8,0000100100100000000110110000000000000000000000000000000000010001
16770,5685,5.534594,226,8,0000000000000000000100000000000000000000000000000000000000000000
36125,3780,5.534773,0BA,5,1110000000110011111001000000000001101100
432,5686,5.535587,320,8,0000000000100000000000000000000000000000000000000000000001001011
11471,5687,5.536855,2C1,8,0000000000000001101010010000000100101001110000000000101001101001
34699,5688,5.53711,380,8,0
14461,5689,5.538841,1C6,8,0000000000000000000000000001101011001110001011010000000000000000
2139,5691,5.539966,25,8,0000000001011100000000000000000100101111101011110000000001101000
22346,5693,5.540565,0AA,8,0010000010110001001000000010111000100000100111010010000000001110
36126,5666,5.542262,0BA,5,1100011000000000000000000000000010111110
8172,5696,5.545523,260,8,0000000000000000000000000000000000000000000000000010111110011001
2140,5698,5.548938,25,8,0000000001011100000000000000000110101111101010000000000011100001
28510,5699,5.549502,24,8,0000001001000001000000100000011001000010000011011000000001000110
22347,5700,5.549737,0AA,8,0010000010110000001000000010111000100000100111000010000000010000
36127,1900,5.549752,0BA,5,0010100100000000000000000000010000101000
18866,5701,5.55054,0B4,8,0000000000000000000000000000000010010000000001011101111000101111
31968,5703,5.552804,1C4,8,0000100100010101000110110000000000000000000000000000000000000110
36128,3799,5.557241,0BA,5,0100111100000000000000000000000000101110
2141,5707,5.558882,25,8,0000000001011011000000000000000100001111101001100000000000111110
22348,5708,5.559532,0AA,8,0010000010110001001000000010110000100000100111000010000000010001
16771,5712,5.56251,226,8,0000000000000000000100000000000000000000000000000000000000000000
36129,3802,5.564731,0BA,5,1110000000110011111110000000000010000000
8173,5713,5.565457,260,8,0000000000000000000000000000000000000000000000000010001110001101
11472,5714,5.566813,2C1,8,0000000000000001101001100000000100100110110000000000101001100011
14462,5716,5.568763,1C6,8,0000000000000000000000000001101010011100001011010000000000000000
2142,5717,5.569002,25,8,0000000001011010000000000000000101111111101100000000000010110111
28511,5718,5.569433,24,8,0000001001000000000000100000011001000010000011011000000001000101
22349,5719,5.569666,0AA,8,0010000010110010001000000010101000100000100110010010000000010100
18867,5721,5.570542,0B4,8,0000000000000000000000000000000010010100000001011101100000101101
36130,5694,5.572221,0BA,5,1100011000000000000000000000000010111110
31969,5725,5.572868,1C4,8,0000100100001111000110110000000000000000000000000000000000000000
2143,5728,5.578819,25,8,0000000001011010000000000000000100001111101110100000000001010001
28226,5729,5.579151,619,8,0010001100000000000000000000000000010000000000000111000001000000
22350,5730,5.579477,0AA,8,0010000010110000001000000010111000100000100110110010000000011010
36131,1908,5.57971,0BA,5,0010100100000000000000000000011100101011
433,5731,5.58045,320,8,0000000000100000000000000000000000000000000000000000000001001011
8174,5732,5.585423,260,8,0000000000000000000000000000000000000000000000000010001110001101
36132,3820,5.5872,0BA,5,0100111100000000000000000000000000101110
2144,5734,5.588792,25,8,0000000001011001000000000000000101111111101100000000000010110110
28512,5736,5.589383,24,8,0000001000111111000000100000010101000010000011011000000001000011
22351,5737,5.589623,0AA,8,0010000010110000001000000010111100100000100111110010000000010111
31389,5738,5.589986,44D,8,0100001000000010000000000000000000000001000000000000000000000000
27978,5739,5.590228,6C0,8,1110010000000000000000001110000010000000000000000000000000000000
18868,5740,5.59047,0B4,8,0000000000000000000000000000000010010100000001011101100000101101
31970,5743,5.592686,1C4,8,0000100100001000000110110000000000000000000000000000000011111001
16772,5746,5.594407,226,8,0000000000000000000100000000000000000000000000000000000000000000
36133,3823,5.594689,0BA,5,1110000000110011111110000000000010000000
11473,5748,5.596675,2C1,8,0000000000000001101000000000000100101100110000000000101001100011
14463,5750,5.598654,1C6,8,0000000000000000000000000001101001101000001011010000000000000000
2145,5752,5.59977,25,8,0000000001011001000000000000000111111111101110000000000000111110
22352,5753,5.600381,0AA,8,0010000010110100001000000011000100100000100111100010000000010101
36134,5723,5.602179,0BA,5,1100011000000000000000000000000010111110
8175,5755,5.605302,260,8,0000000000000000000000000000000000000000000000000000101101110101
2146,5758,5.608737,25,8,0000000001011000000000000000000101111111101100110000000010111000
28513,5759,5.609325,24,8,0000001000111110000000100000010101000010000011001000000001000001
22353,5760,5.609557,0AA,8,0010000010110100001000000010111000100000100110010010000000011101
36135,1924,5.609668,0BA,5,0010100100000000000000000000010000101000
18869,5761,5.610357,0B4,8,0000000000000000000000000000000010011000000001011101100000110001
31971,5763,5.612629,1C4,8,0000100100000111000110110000000000000000000000000000000011111000
36136,3837,5.617158,0BA,5,0100111100000000000000000000000000101110
2147,5766,5.618699,25,8,0000000001011000000000000000000100001111101110100000000001001111
22354,5767,5.61935,0AA,8,0010000010110010001000000011000100100000101000000010000000011110
16773,5771,5.622329,226,8,0000000000000000000100000000000000000000000000000000000000000000
16367,5772,5.622629,3F9,8,0111010100011000000000100000001010000000000000000000000000010101
36137,3840,5.624647,0BA,5,1110000000110011111110000000000010000000
8176,5774,5.625233,260,8,0000000000000000000000000000000000000000000000000000101101110101
11474,5775,5.626569,2C1,8,0000000000000001100111000000000100101100110000000000101001011111
14464,5777,5.628577,1C6,8,0000000000000000000000000001101000101110001011010000000000000000
2148,5778,5.628815,25,8,0000000001011000000000000000000110011111101110100000000011011111
28514,5779,5.629261,24,8,0000001000111100000000100000000101000010000011011000000000111100
22355,5780,5.629499,0AA,8,0010000010110000001000000011000100100000100110000010000000011010
18870,5782,5.630293,0B4,8,0000000000000000000000000000000010011000000001011101100000110001
36138,5754,5.632137,0BA,5,1100011000000000000000000000000010111110
31972,5785,5.632562,1C4,8,0000100100001010000110110000000000000000000000000000000011111011
434,5787,5.633288,320,8,0000000000100000000000000000000000000000000000000000000001001011
14221,5788,5.634281,60.0,8,1010000100000000000000000000000000000000011100000000000000000000
2149,5791,5.638635,25,8,0000000001010111000000000000000100101111110001000000000001111000
22356,5792,5.639285,0AA,8,0010000010110100001000000011011000100000100111100010000000011010
36139,1929,5.639626,0BA,5,0010100100000000000000000000011100101011
8177,5794,5.645167,260,8,0000000000000000000000000000000000000000000000000001011110000001
36140,3860,5.647116,0BA,5,0100111100000000000000000000000000101110
2150,5796,5.648604,25,8,0000000001010111000000000000000110111111101110100000000011111110
28515,5797,5.649201,24,8,0000001000111011000000100000000101000010000011111000000000111101
22357,5798,5.649438,0AA,8,0010000010110100001000000011011100100000100110110010000000011111
18871,5799,5.650234,0B4,8,0000000000000000000000000000000010011000000001011101100000110001
7718,5802,5.652402,435,8,1000000000000101000001011111111111100000001111110000000000000011
31973,5803,5.65264,1C4,8,0000100100010011000110110000000000000000000000000000000000000100
43657,186,5.654112,3BB,5,1011101100000000000000000000000000100110
16774,5806,5.654223,226,8,0000000000000000000100000000000000000000000000000000000000000000
36141,3862,5.654605,0BA,5,1110000000110011111010000000000001110000
11475,5808,5.656487,2C1,8,0000000000000001100101100000000100110000110000000000101001011101
14465,5810,5.658476,1C6,8,0000000000000000000000000001100111111001001011000000000000000000
2151,5811,5.658718,25,8,0000000001010110000000000000000101001111110001000000000010010111
22358,5812,5.659222,0AA,8,0010000010110100001000000011011000100000100101010010000000011100
10908,5813,5.659469,436,8,0
36142,5784,5.662095,0BA,5,1100011000000000000000000000000010111110
8178,5816,5.665021,260,8,0000000000000000000000000000000000000000000000000010001110001101
2152,5818,5.668541,25,8,0000000001010110000000000000000111101111110001000000000000110111
28516,5819,5.669165,24,8,0000001000111010000000100000000101000010000011111000000000111100
22359,5820,5.669401,0AA,8,0010000010110010001000000011001100100000100110010010000000011101
36143,1944,5.669585,0BA,5,0010100100000000000000000000010000101000
18872,5821,5.67017,0B4,8,0000000000000000000000000000000010011100000001011101111000111011
31974,5824,5.672443,1C4,8,0000100100011000000110110000000000000000000000000000000000001001
36144,3879,5.677074,0BA,5,0100111100000000000000000000000000101110
2153,5827,5.67951,25,8,0000000001010101000000000000000101101111110000010000000010110011
22360,5828,5.680131,0AA,8,0010000010101111001000000011000100100000100110010010000000011100
16775,5831,5.683138,226,8,0000000000000000000100000000000000000000000000000000000000000000
435,5832,5.684164,320,8,0000000000100000000000000000000000000000000000000000000001001011
36145,3882,5.684564,0BA,5,1110000000110011111110000000000010000000
8179,5833,5.68481,260,8,0000000000000000000000000000000000000000000000000001011110000001
11476,5834,5.686424,2C1,8,0000000000000001100100000000000100111001110000000000101001100000
13774,5836,5.687233,434,8,0100001000000000000000000000000000000000000000000000000000000000
14466,5838,5.688401,1C6,8,0000000000000000000000000001100111001000001011000000000000000000
2154,5839,5.688639,25,8,0000000001010101000000000000000100011111110010010000000001101011
28517,5840,5.689107,24,8,0000001000111010000000011111111101000010000011111000000000111001
22361,5841,5.689339,0AA,8,0010000010110001001000000011001100100000100101100010000000011010
18873,5844,5.690105,0B4,8,0000000000000000000000000000000010011100000001011101111000111011
36146,5814,5.692053,0BA,5,1100011000000000000000000000000010111110
31975,5847,5.692387,1C4,8,0000100100011000000110110000000000000000000000000000000000001001
34823,5849,5.693051,3C3,8,0100011000011110100100110100111011101110010001100111100101110000
34938,5851,5.694098,4C3,8,0000001100000000000000000000000100000000000000000000000000000000
28165,5852,5.694346,437,8,1111110011111111111111111111111111111111111111111111111111111111
14036,5853,5.695731,442,8,0100001100000010000000000000000000000010000000000000000000000000
2155,5855,5.698444,25,8,0000000001010101000000000000000110111111110001000000000000000110
22362,5856,5.699102,0AA,8,0010000010110001001000000011001100100000100101100010000000011110
36147,1953,5.699543,0BA,5,0010100100000000000000000000011100101011
43475,1532,5.702668,423,2,10101000000000
8180,5858,5.70475,260,8,0000000000000000000000000000000000000000000000000001011110000001
36148,3896,5.707032,0BA,5,0100111100000000000000000000000000101110
2156,5860,5.708408,25,8,0000000001010100000000000000000101001111110001000000000010010101
28518,5861,5.709019,24,8,0000001000111001000000011111111101000010000100011000000000111010
22363,5862,5.709252,0AA,8,0010000010110000001000000011001100100000100101110010000000011101
18874,5863,5.710056,0B4,8,0000000000000000000000000000000010100000000001011101111000111111
31976,5866,5.712329,1C4,8,0000100100100000000110110000000000000000000000000000000000010001
35078,5653,5.71244,3D3,3,111001010000000111111110
16776,5869,5.714044,226,8,0000000000000000000100000000000000000000000000000000000000000000
36149,3899,5.714522,0BA,5,1110000000110011111110000000000010000000
11477,5870,5.716312,2C1,8,0000000000000001100100000000000100111100110000000000101001100011
14467,5872,5.718296,1C6,8,0000000000000000000000000001100110010001001011000000000000000000
2157,5873,5.718585,25,8,0000000001010100000000000000000111111111110011100000000001001111
22364,5874,5.719044,0AA,8,0010000010101011001000000011001100100000100101000010000000011011
79,5877,5.721027,3B7,8,1000
36150,5846,5.722011,0BA,5,1100011000000000000000000000000010111110
8181,5879,5.724639,260,8,0000000000000000000000000000000000000000000000000001011110000001
13334,5880,5.724791,394,3,0
2158,5883,5.728361,25,8,0000000001010100000000000000000110011111110001000000000011100101
28519,5884,5.728962,24,8,0000001000111000000000100000000001000010000100111000000000111101
22365,5885,5.729193,0AA,8,0010000010101110001000000011000100100000100110100010000000011010
36151,1965,5.729501,0BA,5,0010100100000000000000000000010000101000
18875,5886,5.729994,0B4,8,0000000000000000000000000000000010100000000001011101111000111111
436,5888,5.73199,320,8,0000000000100000000000000000000000000000000000000000000001001011
31977,5889,5.732275,1C4,8,0000100100101100000110110000000000000000000000000000000000011101
36152,3919,5.73699,0BA,5,0100111100000000000000000000000000101110
2159,5893,5.739332,25,8,0000000001010011000000000000000100101111110010100000000001111010
22366,5894,5.739954,0AA,8,0010000010101000001000000011000100100000100101110010000000011110
16777,5897,5.742957,226,8,0000000000000000000100000000000000000000000000000000000000000000
36153,3921,5.74448,0BA,5,1110000000110011111110000000000010000000
8182,5899,5.744536,260,8,0000000000000000000000000000000000000000000000000010001110001101
11478,5900,5.746209,2C1,8,0000000000000001100001100000000100111100110000000000101001011001
10982,5901,5.746567,620,8,0001000000000000000000000000000000000000000000000000000000000000
14468,5903,5.748227,1C6,8,0000000000000000000000000001100101011111001011000000000000000000
2160,5904,5.748497,25,8,0000000001010011000000000000000111011111110010010000000000101001
28520,5905,5.748907,24,8,0000001000111000000000100000000001000010000101001000000000111110
22367,5906,5.74914,0AA,8,0010000010101100001000000011001100100000100100110010000000011111
18876,5908,5.749928,0B4,8,0000000000000000000000000000000010100100000001011101111001000011
36154,5876,5.75197,0BA,5,1100011000000000000000000000000010111110
31978,5911,5.752211,1C4,8,0000100100110111000110110000000000000000000000000000000000101000
2161,5916,5.758245,25,8,0000000001010010000000000000000101111111110011100000000011001101
22368,5917,5.758926,0AA,8,0010000010110001001000000011011000100000100101110010000000011010
36155,1973,5.759459,0BA,5,0010100100000000000000000000011100101011
8183,5918,5.764455,260,8,0000000000000000000000000000000000000000000000000010111110011001
36156,3937,5.766949,0BA,5,0100111100000000000000000000000000101110
2162,5920,5.768258,25,8,0000000001010010000000000000000100101111110011100000000001111101
28521,5922,5.76888,24,8,0000001000110111000000100000000001000010000101001000000000111101
22369,5923,5.769112,0AA,8,0010000010101100001000000011011100100000100111100010000000011111
18877,5924,5.769873,0B4,8,0000000000000000000000000000000010100100000001011101100000111101
31979,5927,5.772157,1C4,8,0000100101000010000110110000000000000000000000000000000000110011
16778,5930,5.773866,226,8,0000000000000000000100000000000000000000000000000000000000000000
36157,3940,5.774438,0BA,5,1110000000110011111110000000000010000000
11479,5931,5.776168,2C1,8,0000000000000001100000110000000101000011110000000000101101011110
14469,5933,5.778128,1C6,8,0000000000000000000000000001100100110000001010110000000000000000
2163,5934,5.778363,25,8,0000000001010010000000000000000111011111110011100000000000101101
22370,5935,5.778867,0AA,8,0010000010101100001000000011100000100000100101110010000000011101
437,5937,5.780842,320,8,0000000000100000000000000000000000000000000000000000000001001011
36158,5910,5.781928,0BA,5,1100011000000000000000000000000010111110
8184,5938,5.784391,260,8,0000000000000000000000000000000000000000000000000100011110110001
2164,5941,5.788187,25,8,0000000001010001000000000000000101111111110011100000000011001100
28522,5942,5.78879,24,8,0000001000110111000000100000000101000010000101001000000000111110
22371,5943,5.789024,0AA,8,0010000010101110001000000011011000100000100110010010000000011111
36159,1985,5.789417,0BA,5,0010100100000000000000000000010000101000
18878,5944,5.789818,0B4,8,0000000000000000000000000000000010100100000001011101100000111101
21611,5948,5.792017,443,8,0100110100000010000000000010111100000110000000000000000000000000
31980,5949,5.792272,1C4,8,0000100101001010000110110000000000000000000000000000000000111011
13963,5951,5.796903,38E,8,0
36160,3956,5.796907,0BA,5,0100111100000000000000000000000000101110
2165,5953,5.798135,25,8,0000000001010001000000000000000100011111110001000000000001100010
22372,5954,5.79881,0AA,8,0010000010110001001000000011011000100000100101010010000000100100
16779,5958,5.801782,226,8,0000000000000001000100000000000000000000000000000000000000000000
8185,5959,5.804364,260,8,0000000000000000000000000000000000000000000000000010001110001101
36161,3960,5.804396,0BA,5,1110000000110011111110000000000010000000
11480,5960,5.806047,2C1,8,0000000000000001011111000000000101001100110000000000101101100000
13952,5961,5.80636,614,8,0010100100000000000000000011000000000000000000000000000000000000
14470,5963,5.808048,1C6,8,0000000000000000000000000001100011111011001010110000000000000000
2166,5964,5.808289,25,8,0000000001010001000000000000000111001111110011100000000000011100
28523,5965,5.808736,24,8,0000001000110111000000100000000101000010000101001000000000111110
22373,5966,5.808968,0AA,8,0010000010110001001000000011011100100000100101110010000000100010
18879,5968,5.809759,0B4,8,0000000000000000000000000000000010101000000001011101100001000001
36162,5936,5.811886,0BA,5,1100011000000000000000000000000010111110
31981,5971,5.812045,1C4,8,0000100101010000000110110000000000000000000000000000000001000001
2167,5975,5.818235,25,8,0000000001010000000000000000000101001111101110100000000010000111
22374,5976,5.818754,0AA,8,0010000010110001001000000011100000100000100110110010000000011111
36163,1991,5.819375,0BA,5,0010100100000000000000000000011100101011
8186,5978,5.824265,260,8,0000000000000000000000000000000000000000000000000001011110000001
36164,3978,5.826865,0BA,5,0100111100000000000000000000000000101110
2168,5980,5.828039,25,8,0000000001010000000000000000000111101111110001000000000000110001
28524,5981,5.828676,24,8,0000001000110111000000100000001101000010000101001000000001000000
22375,5982,5.828907,0AA,8,0010000010101111001000000011100100100000100101100010000000100011
18880,5983,5.829697,0B4,8,0000000000000000000000000000000010101000000001011101100001000001
31982,5986,5.831978,1C4,8,0000100101010101000110110000000000000000000000000000000001000110
16780,5989,5.83369,226,8,0000000000000000000100000000000000000000000000000000000000000000
36165,3981,5.834355,0BA,5,1110000000110011111111000000000010000100
438,5991,5.834683,320,8,0000000000100000000000000000000000000000000000000000000001001011
11481,5992,5.835965,2C1,8,0000000000000001011101100000000101001001110000000000101101010111
14471,5994,5.83795,1C6,8,0000000000000000000000000001100011000100001010110000000000000000
2169,5995,5.838275,25,8,0000000001001111000000000000000101111111110001000000000011000000
22376,5996,5.838696,0AA,8,0010000010101111001000000011110100100000100101000010000000011111
36166,5970,5.841844,0BA,5,1100011000000000000000000000000010111110
8187,5999,5.844198,260,8,0000000000000000000000000000000000000000000000000010001110001101
2170,6001,5.848012,25,8,0000000001001111000000000000000100001111101110100000000001000110
28525,6002,5.848623,24,8,0000001000110111000000100000001101000010000101001000000001000000
22377,6003,5.848857,0AA,8,0010000010101111001000000011111100100000100100100010000000011110
36167,2007,5.849334,0BA,5,0010100100000000000000000000010000101000
18881,6004,5.849637,0B4,8,0000000000000000000000000000000010101100000001011101111001001011
31983,6007,5.851929,1C4,8,0000100101011000000110110000000000000000000000000000000001001001
13708,6010,5.856731,3A5,8,100000000
36168,4002,5.856823,0BA,5,0100111100000000000000000000000000101110
2171,6012,5.857969,25,8,0000000001001111000000000000000110011111101110100000000011010110
22378,6013,5.858639,0AA,8,0010000010110010001000000011111100100000100100100010000000011111
16781,6016,5.861614,226,8,0000000000000000000100000000000000000000000000000000000000000000
8188,6017,5.864118,260,8,0000000000000000000000000000000000000000000000000010001110001101
36169,4005,5.864313,0BA,5,1110000000110011111111000000000010000100
11482,6018,5.865869,2C1,8,0000000000000001011110010000000101011001110000000000101101101010
14472,6021,5.867877,1C6,8,0000000000000000000000000001100010010010001010110000000000000000
2172,6022,5.868124,25,8,0000000001001110000000000000000100001111101100000000000000111011
22379,6023,5.868577,0AA,8,0010000010110001001000000011110100100000100101100010000000011111
28526,6024,5.868813,24,8,0000001000110110000000100000010101000010000100111000000001000000
18882,6026,5.869578,0B4,8,0000000000000000000000000000000010101100000001011101111001001011
36170,5997,5.871802,0BA,5,1100011000000000000000000000000010111110
31984,6029,5.87187,1C4,8,0000100101011000000110110000000000000000000000000000000001001001
16368,6031,5.87227,3F9,8,0111010100011000000000100000001010000000000000000000000000010101
2173,6033,5.877903,25,8,0000000001001110000000000000000110011111101110100000000011010101
7785,6034,5.878144,610,8,0010000010000000000011110110010011000000000000000111011001000000
22380,6035,5.878576,0AA,8,0010000010110001001000000011111100100000100101100010000000011110
36171,2015,5.879292,0BA,5,0010100100000000000000000000011100101011
439,6036,5.87956,320,8,0000000000100000000000000000000000000000000000000000000001001011
8189,6039,5.884078,260,8,0000000000000000000000000000000000000000000000000010111110011001
35002,6040,5.886673,413,8,0000000100000001000000010000100100000000000000000000000000000000
36172,4018,5.886781,0BA,5,0100111100000000000000000000000000101110
2174,6042,5.887873,25,8,0000000001001101000000000000000100001111101100000000000000111010
28527,6043,5.88853,24,8,0000001000110110000000100000100001000010000100111000000001000011
22381,6044,5.888764,0AA,8,0010000010101111001000000011111000100000100101000010000000100011
18883,6045,5.88952,0B4,8,0000000000000000000000000000000010110000000001011110010001010101
31316,6046,5.89007,640,8,1010100000000000000000000011011100000001110111100000000000000000
31985,6049,5.89183,1C4,8,0000100101010101000110110000000000000000000000000000000001000110
16782,6052,5.893517,226,8,0000000000000000000100000000000000000000000000000000000000000000
31390,6053,5.893757,44D,8,0100001000000010000000000000000000000001000000000000000000000000
27979,6054,5.894,6C0,8,1110010000000000000000001110000010000000000000000000000000000000
36173,4021,5.894271,0BA,5,1110000000110011111111000000000010000100
11483,6056,5.895793,2C1,8,0000000000000001011100110000000101010011110000000000101101011110
14473,6058,5.897778,1C6,8,0000000000000000000000000001100001100000001010110000000000000000
2175,6059,5.898018,25,8,0000000001001100000000000000000101111111101100000000000010101001
22382,6060,5.898519,0AA,8,0010000010110100001000000100001000100000100110100010000000100100
36174,6028,5.90176,0BA,5,1100011000000000000000000000000010111110
8190,6063,5.903944,260,8,0000000000000000000000000000000000000000000000000011101010100100
2176,6065,5.907835,25,8,0000000001001100000000000000000100001111101110100000000001000011
28528,6066,5.908449,24,8,0000001000110101000000100000100001000010000100111000000001000010
22383,6067,5.908682,0AA,8,0010000010110010001000000100010000100000100110110010000000100010
36175,2025,5.90925,0BA,5,0010100100000000000000000000010000101000
18884,6068,5.909462,0B4,8,0000000000000000000000000000000010110000000001011110010001010101
31986,6070,5.911752,1C4,8,0000100101001101000110110000000000000000000000000000000000111110
36176,4040,5.91674,0BA,5,0100111100000000000000000000000000101110
2177,6074,5.917779,25,8,0000000001001011000000000000000101101111101001100000000010001110
22384,6075,5.91846,0AA,8,0010000010110001001000000100011100100000100110010010000000100100
16783,6079,5.921437,226,8,0000000000000000000100000000000000000000000000000000000000000000
8191,6080,5.923851,260,8,0000000000000000000000000000000000000000000000000010111110011001
36177,4043,5.924229,0BA,5,1110000000110011111111000000000010000100
11484,6081,5.925697,2C1,8,0000000000000001011110010000000101011001110000000000101101101010
2178,6083,5.927778,25,8,0000000001001011000000000000000111111111101110100000000000110010
14474,6084,5.92802,1C6,8,0000000000000000000000000001100000101100001010110000000000000000
28529,6085,5.928391,24,8,0000001000110100000000100000101001000010000100111000000001000011
22385,6086,5.928626,0AA,8,0010000010110000001000000100101000100000100111110010000000101100
18885,6088,5.929403,0B4,8,0000000000000000000000000000000010110000000001011110010001010101
31987,6091,5.931698,1C4,8,0000100101000011000110110000000000000000000000000000000000110100
36178,6062,5.931719,0BA,5,1100011000000000000000000000000010111110
440,6094,5.932401,320,8,0000000000100000000000000000000000000000000000000000000001001011
2179,6096,5.937726,25,8,0000000001001010000000000000000101011111101001100000000001111101
22386,6097,5.938404,0AA,8,0010000010110001001000000100010000100000100110110010000000101010
36179,2033,5.939208,0BA,5,0010100100000000000000000000011100101011
8192,6099,5.943607,260,8,0000000000000000000000000000000000000000000000000010111110011001
36180,4065,5.946698,0BA,5,0100111100000000000000000000000000101110
31243,6100,5.946883,4A6,8,0000000000000000000000000000000000000000000011110000000000000000
2180,6102,5.947691,25,8,0000000001001010000000000000000111011111101100000000000000000111
28530,6104,5.948419,24,8,0000001000110011000000100000110001000010000100111000000001000100
22387,6105,5.948654,0AA,8,0010000010110001001000000100011100100000100110100010000000101111
18886,6107,5.94935,0B4,8,0000000000000000000000000000000010110100000001011110010001011001
31988,6110,5.951641,1C4,8,0000100100111000000110110000000000000000000000000000000000101001
43658,391,5.951696,3BB,5,1010010100000000000000000000000000000000
16784,6113,5.953346,226,8,0000000000000000000100000000000000000000000000000000000000000000
36181,4068,5.954187,0BA,5,1110000000110011111111000000000010000100
11485,6114,5.955648,2C1,8,0000000000000001011111000000000100111001110000000000101101001101
14475,6116,5.957612,1C6,8,0000000000000000000000000001011111111100001010110000000000000000
2181,6117,5.957851,25,8,0000000001001001000000000000000101001111101100000000000001110110
22388,6118,5.958346,0AA,8,0010000010110100001000000100100100100000101000000010000000110001
36182,6090,5.961677,0BA,5,1100011000000000000000000000000010111110
8193,6120,5.963516,260,8,0000000000000000000000000000000000000000000000000000101101110101
2182,6123,5.967663,25,8,0000000001001001000000000000000111001111101100000000000011110110
28531,6124,5.968282,24,8,0000001000110010000000100000110001000010000100011000000001000001
22389,6125,5.968534,0AA,8,0010000010110000001000000100110000100000101000000010000000110010
36183,2048,5.969166,0BA,5,0010100100000000000000000000010000101000
18887,6126,5.96929,0B4,8,0000000000000000000000000000000010110100000001011110010001011001
27804,6128,5.971293,420,8,0000000000000000000000000000000011111111000000001000000010101011
31989,6130,5.971649,1C4,8,0000100100111000000110110000000000000000000000000000000000101001
35079,734,5.972096,3D3,3,011011000001001000000000
36184,4080,5.976656,0BA,5,0100111100000000000000000000000000101110
2183,6133,5.97761,25,8,0000000001001000000000000000000100111111101100000000000001100101
22390,6134,5.978287,0AA,8,0010000010101111001000000100111000100000100111100010000000110011
16785,6138,5.981271,226,8,0000000000000000000100000000000000000000000000000000000000000000
441,6139,5.982258,320,8,0000000000100000000000000000000000000000000000000000000001001011
8194,6141,5.983454,260,8,0000000000000000000000000000000000000000000000000001011110000001
36185,4084,5.984145,0BA,5,1110000000110011111111000000000010000100
11486,6142,5.985566,2C1,8,0000000000000001011111000000000100100011110000000000101100110111
14476,6144,5.987538,1C6,8,0000000000000000000000000001011111010000001010100000000000000000
2184,6145,5.987778,25,8,0000000001001000000000000000000110111111101100000000000011100101
28532,6146,5.988226,24,8,0000001000110010000000100000101001000010000011111000000000111101
22391,6147,5.988457,0AA,8,0010000010110010001000000100111100100000101000110010000000111010
18888,6149,5.989228,0B4,8,0000000000000000000000000000000010111000000001011110100101100010
7598,6151,5.990962,3BC,8,0
31990,6153,5.991521,1C4,8,0000100100110000000110110000000000000000000000000000000000100001
36186,6119,5.991635,0BA,5,1100011000000000000000000000000010111110
35296,4217,5.992035,386,7,11011011000000000000000000000000000001100000000000000011
43404,4243,5.992046,3000000.0,6,101011000000000000000000000000000000000000000000
14037,6156,5.99471,442,8,0100001100000010000000000000000000000010000000000000000000000000
2185,6159,5.9976,25,8,0000000001000111000000000000000100101111101100000000000001010100
22392,6160,5.998198,0AA,8,0010000010110101001000000100100100100000101001010010000000111001
36187,2054,5.999125,0BA,5,0010100100000000000000000000011100101011
8195,6161,6.003408,260,8,0000000000000000000000000000000000000000000000000000000001101010
36188,4103,6.006614,0BA,5,0100111100000000000000000000000000101110
2186,6163,6.007519,25,8,0000000001000111000000000000000110101111101100000000000011010100
28533,6164,6.008167,24,8,0000001000110001000000100000101001000010000011001000000000111001
22393,6165,6.0084,0AA,8,0010000010110111001000000100111000100000101000010010000000111111
18889,6166,6.009174,0B4,8,0000000000000000000000000000000010111000000001011110100101100010
31991,6169,6.011469,1C4,8,0000100100100111000110110000000000000000000000000000000000011000
16786,6173,6.013167,226,8,0000000000000000000100000000000000000000000000000000000000000000
36189,4107,6.014104,0BA,5,1110000000110011111111000000000010000100
11487,6175,6.015452,2C1,8,0000000000000001100000000000000100011100110000000000101100110100
27865,6176,6.015702,4DC,8,0001110100000000000000000000000000000000000000000000000000000000
13697,6177,6.015941,615,8,0010101000000000011101100000101000000000000000000000000000000000
14477,6178,6.017435,1C6,8,0000000000000000000000000001011110011011001010100000000000000000
2187,6180,6.018519,25,8,0000000001000110000000000000000100001111101011110000000000110010
22394,6181,6.019147,0AA,8,0010000010110101001000000100111000100000101001010010000001000010
80,6183,6.021152,3B7,8,1000
36190,6152,6.021593,0BA,5,1100011000000000000000000000000010111110
8196,6185,6.023282,260,8,0000000000000000000000000000000000000000111111111111010001011101
13335,6186,6.023435,394,3,0
2188,6188,6.02749,25,8,0000000001000110000000000000000110101111101111100000000011100001
28534,6189,6.028122,24,8,0000001000110000000000100000100001000010000011001000000000110110
22395,6190,6.028346,0AA,8,0010000010110110001000000101000100100000101000010010000000111011
36191,2070,6.029083,0BA,5,0010100100000000000000000000010000101000
18890,6191,6.029116,0B4,8,0000000000000000000000000000000010111100000001011110100101100110
442,6194,6.031117,320,8,0000000000100000000000000000000000000000000000000000000001001011
31992,6195,6.031408,1C4,8,0000100100100010000110110000000000000000000000000000000000010011
1529,6198,6.036223,6F3,8,0010000000000000000000000000000000000000000000000000000000000000
36192,4125,6.036572,0BA,5,0100111100000000000000000000000000101110
2189,6200,6.037431,25,8,0000000001000101000000000000000100011111101100000000000001000010
43476,5467,6.038119,423,2,1000100000000
22396,6201,6.038121,0AA,8,0010000010110110001000000101000100100000101001110010000000111100
16787,6204,6.041093,226,8,0000000000000000000100000000000000000000000000000000000000000000
8197,6206,6.043187,260,8,0000000000000000000000000000000000000000111111111111010001011101
36193,4128,6.044062,0BA,5,1110000000110011111111000000000010000100
11170,6207,6.044395,39A,8,0000000000000000000000000000000100000000000000000000000000000000
11488,6208,6.045357,2C1,8,0000000000000001100000110000000100011001110000000000101100110100
10983,6209,6.045608,620,8,0001000000000000000000000000000000000000000000000000000000000000
14478,6212,6.047364,1C6,8,0000000000000000000000000001011101101010001010100000000000000000
2190,6213,6.047601,25,8,0000000001000101000000000000000110101111101110100000000011011100
28535,6215,6.04805,24,8,0000001000101111000000100000011001000010000010101000000000110001
22397,6216,6.048288,0AA,8,0010000010111010001000000101001000100000101010000010000000111110
18891,6218,6.049054,0B4,8,0000000000000000000000000000000010111100000001011110111101101100
13522,6220,6.050706,399,8,0000000000000000000000000000000000000000111111110000000000000000
31993,6222,6.051358,1C4,8,0000100100011101000110110000000000000000000000000000000000001110
36194,6182,6.051551,0BA,5,1100011000000000000000000000000010111110
31575,6224,6.052848,633,8,1000000100000000000000000000000000000000000000000000000000000000
2191,6226,6.057374,25,8,0000000001000100000000000000000100101111101110100000000001011011
22398,6227,6.058054,0AA,8,0010000010111011001000000101001100100000101000010010000000111011
36195,2077,6.059041,0BA,5,0010100100000000000000000000011100101011
8198,6229,6.063155,260,8,0000000000000000000000000000000000000000111111111101110001000101
34759,6230,6.063797,4DF,8,0010000000000000000000000000000100000000000000000000000000000000
36196,4141,6.06653,0BA,5,0100111100000000000000000000000000101110
2192,6232,6.067343,25,8,0000000001000100000000000000000110111111101110100000000011101011
28536,6233,6.068019,24,8,0000001000101111000000100000001101000010000011001000000000110000
22399,6234,6.068252,0AA,8,0010000010110101001000000101010000100000101001000010000000111011
18892,6235,6.068999,0B4,8,0000000000000000000000000000000010111100000001011110111101101100
6,6238,6.071172,3B1,8,0000000000000000000000100000101000000000000010000000000000000000
31994,6239,6.071415,1C4,8,0000100100011100000110110000000000000000000000000000000000001101
16788,6242,6.072996,226,8,0000000000000000000100000000000000000000000000000000000000000000
36197,4145,6.07402,0BA,5,1110000000110011111111000000000010000100
11489,6243,6.075292,2C1,8,0000000000000001100000110000000100011001110000000000101100110100
14479,6245,6.077266,1C6,8,0000000000000000000000000001011100111101001010100000000000000000
2193,6246,6.077506,25,8,0000000001000011000000000000000100111111101110100000000001101010
22400,6248,6.078,0AA,8,0010000010101110001000000101000000100000101001100010000000111110
443,6251,6.079976,320,8,0000000000100000000000000000000000000000000000000000000001001011
36198,6221,6.081509,0BA,5,1100011000000000000000000000000010111110
8199,6252,6.083137,260,8,0000000000000000000000000000000000000000111111111111010001011101
2194,6254,6.087287,25,8,0000000001000011000000000000000111011111110001000000000000010100
28537,6255,6.087966,24,8,0000001000101111000000100000000101000010000010101000000000101100
22401,6256,6.088225,0AA,8,0010000010101110001000000100110100100000101000110010000000111001
18893,6257,6.088949,0B4,8,0000000000000000000000000000000011000000000001011110111101110000
36199,2088,6.088999,0BA,5,0010100100000000000000000000010000101000
21612,6260,6.091148,443,8,0100110100000010000000000010111100000110000000000000000000000000
31995,6261,6.091388,1C4,8,0000100100100010000110110000000000000000000000000000000000010011
13309,6264,6.096377,61A,8,0010010000000000000000000000000000000000000000000011011001000000
36200,4168,6.096489,0BA,5,0100111100000000000000000000000000101110
13835,6265,6.097636,4C6,8,0000011100000000000000110000000000000000000000000000000000000000
2195,6267,6.098285,25,8,0000000001000010000000000000000101011111110000010000000010010000
22402,6268,6.098907,0AA,8,0010000010110111001000000100111000100000101000110010000000111001
16789,6271,6.101911,226,8,0000000000000000000100000000000000000000000000000000000000000000
8200,6272,6.102981,260,8,0000000000000000000000000000000000000000111111111111010001011101
36201,4171,6.103978,0BA,5,1110000000110011111111000000000010000100
11490,6273,6.105188,2C1,8,0000000000000001100000000000000100010000110000000000101100101000
14480,6275,6.107193,1C6,8,0000000000000000000000000001011100001011001010100000000000000000
2196,6276,6.107437,25,8,0000000001000010000000000000000111111111101111100000000000101101
28538,6277,6.10788,24,8,0000001000101110000000100000000001000010000001011000000000100101
22403,6278,6.10812,0AA,8,0010000010111001001000000100111000100000101000010010000001000001
18894,6280,6.108882,0B4,8,0000000000000000000000000000000011000000000001011110111101110000
31996,6283,6.111187,1C4,8,0000100100101101000110110000000000000000000000000000000000011110
36202,6249,6.111468,0BA,5,1100011000000000000000000000000010111110
2197,6288,6.1172,25,8,0000000001000010000000000000000110011111110001000000000011010011
22404,6289,6.117883,0AA,8,0010000010111011001000000101001100100000101000000010000000111111
36203,2095,6.118957,0BA,5,0010100100000000000000000000011100101011
16369,6290,6.121241,3F9,8,0111010100011000000000100000001010000000000000000000000000010101
8201,6291,6.122917,260,8,0000000000000000000000000000000000000000111111111101000000111001
36204,4190,6.126447,0BA,5,0100111100000000000000000000000000101110
2198,6293,6.127171,25,8,0000000001000001000000000000000100101111110001000000000001100010
28539,6294,6.127823,24,8,0000001000101110000000100000000001000010000001101000000000100110
22405,6295,6.128117,0AA,8,0010000010110110001000000101001100100000101001010010000001000000
18895,6297,6.128824,0B4,8,0000000000000000000000000000000011000100000001011110100101101110
31997,6300,6.131131,1C4,8,0000100100111000000110110000000000000000000000000000000000101001
16790,6303,6.13282,226,8,0000000000000000000100000000000000000000000000000000000000000000
444,6304,6.133812,320,8,0000000000100000000000000000000000000000000000000000000001001011
36205,4194,6.133936,0BA,5,1110000000110011111111000000000010000100
11491,6305,6.135114,2C1,8,0000000000000001011101100000000100101001110000000000101100110111
14481,6307,6.137097,1C6,8,0000000000000000000000000001011011011001001010100000000000000000
2199,6308,6.137341,25,8,0000000001000001000000000000000111011111110011100000000000011100
11230,6309,6.137786,4C8,8,0000100100000000000000000000000000000000000000000000000000000000
22406,6310,6.138019,0AA,8,0010000010101111001000000101001100100000101000000010000001000010
36206,6282,6.141426,0BA,5,1100011000000000000000000000000010111110
8202,6314,6.142855,260,8,0000000000000000000000000000000000000000111111111101110001000101
2200,6317,6.147139,25,8,0000000001000000000000000000000101111111110011100000000010111011
28540,6318,6.147763,24,8,0000001000101101000000100000000001000010000011001000000000101011
22407,6319,6.148001,0AA,8,0010000010110110001000000101001100100000101000000010000000111110
18896,6320,6.148767,0B4,8,0000000000000000000000000000000011000100000001011110111101110100
36207,2112,6.148915,0BA,5,0010100100000000000000000000010000101000
31998,6322,6.151067,1C4,8,0000100101000101000110110000000000000000000000000000000000110110
36208,4207,6.156405,0BA,5,0100111100000000000000000000000000101110
2201,6325,6.157087,25,8,0000000001000000000000000000000100101111110011100000000001101011
22408,6326,6.15777,0AA,8,0010000010110110001000000101000100100000101001010010000000111110
16791,6329,6.160744,226,8,0000000000000000000100000000000000000000000000000000000000000000
8203,6331,6.162739,260,8,0000000000000000000000000000000000000000111111111101110001000101
36209,4211,6.163894,0BA,5,1110000000110011111111000000000010000100
11492,6332,6.165017,2C1,8,0000000000000001011110010000000100111100110000000000101101001101
14482,6334,6.167026,1C6,8,0000000000000000000000000001011010101011001010100000000000000000
2202,6335,6.167269,25,8,0000000001000000000000000000000111011111110011100000000000011011
28541,6337,6.167815,24,8,0000001000101100000000100000000001000010000011111000000000101101
22409,6338,6.168051,0AA,8,0010000010110010001000000101001100100000101001110010000001000000
18897,6339,6.168711,0B4,8,0000000000000000000000000000000011001000000001011110111101111000
31999,6342,6.17102,1C4,8,0000100101010011000110110000000000000000000000000000000001000100
36210,6311,6.171384,0BA,5,1100011000000000000000000000000010111110
2203,6346,6.177029,25,8,0000000001000000000000000000000110011111110100110000000011100000
22410,6348,6.177707,0AA,8,0010000010101011001000000101001100100000101000110010000000111111
445,6349,6.17869,320,8,0000000000100000000000000000000000000000000000000000000001001011
36211,2116,6.178874,0BA,5,0010100100000000000000000000011100101011
16285,6350,6.180202,4C1,8,0000000100000000000000010000000100000000000000000000000000000000
8204,6351,6.182542,260,8,0000000000000000000000000000000000000000111111111101110001000101
36212,4230,6.186363,0BA,5,0100111100000000000000000000000000101110
2204,6353,6.186997,25,8,0000000000111111000000000000000100111111110011100000000001111010
27980,6354,6.187242,6C0,8,1110010000000000000000001110000010000000000000000000000000000000
28542,6355,6.187654,24,8,0000001000101011000000100000000101000010000011111000000000101101
22411,6356,6.187885,0AA,8,0010000010101111001000000101011000100000101001010010000000111100
18898,6357,6.188651,0B4,8,0000000000000000000000000000000011001000000001011110100101110010
32000,6360,6.190954,1C4,8,0000100101011101000110110000000000000000000000000000000001001110
34824,6362,6.191433,3C3,8,0100011000011110100100110100111011101110010001100111100101110000
31391,6364,6.192165,44D,8,0100001000000010000000000000000000000001000000000000000000000000
16792,6365,6.192645,226,8,0000000000000000000100000000000000000000000000000000000000000000
36213,4232,6.193853,0BA,5,1110000000110011111111000000000010000100
11493,6368,6.194945,2C1,8,0000000000000001011101100000000101000000110000000000101101001110
14483,6370,6.196929,1C6,8,0000000000000000000000000001011001111101001010100000000000000000
2205,6371,6.197177,25,8,0000000000111111000000000000000111101111110011100000000000101010
22412,6372,6.197647,0AA,8,0010000010110010001000000101100000100000100111110010000001000011
36214,6341,6.201342,0BA,5,1100011000000000000000000000000010111110
8205,6374,6.202457,260,8,0000000000000000000000000000000000000000111111111101110001000101
2206,6376,6.206965,25,8,0000000000111111000000000000000110011111110011100000000011011010
22413,6378,6.207587,0AA,8,0010000010110110001000000101011000100000101000110010000001000111
28543,6379,6.207824,24,8,0000001000101010000000100000000101000010000011011000000000101010
18899,6380,6.208595,0B4,8,0000000000000000000000000000000011001000000001011110111101111000
36215,2133,6.208832,0BA,5,0010100100000000000000000000010000101000
32001,6383,6.210899,1C4,8,0000100101101000000110110000000000000000000000000000000001011001
36216,4252,6.216321,0BA,5,0100111100000000000000000000000000101110
2207,6386,6.216919,25,8,0000000000111110000000000000000100111111110011100000000001111001
22414,6387,6.217589,0AA,8,0010000010110101001000000101011000100000101001010010000001000111
16793,6390,6.220571,226,8,0000000000000000000100000000000000000000000000000000000000000000
8206,6392,6.222341,260,8,0000000000000000000000000000000000000000111111111101110001000101
36217,4256,6.223811,0BA,5,1110000000110011111111000000000010000100
11494,6393,6.224843,2C1,8,0000000000000001011101100000000101010110110000000000101101100100
14484,6396,6.226852,1C6,8,0000000000000000000000000001011001001100001010100000000000000000
2208,6397,6.227096,25,8,0000000000111110000000000000000111101111110011100000000000101001
28544,6399,6.227652,24,8,0000001000101001000000100000010101000010000011001000000000101100
22415,6400,6.227885,0AA,8,0010000010101101001000000101011000100000101000100010000001001001
18900,6401,6.228541,0B4,8,0000000000000000000000000000000011001100000001011110111101111100
32002,6404,6.230841,1C4,8,0000100101101000000110110000000000000000000000000000000001011001
36218,6373,6.2313,0BA,5,1100011000000000000000000000000010111110
446,6406,6.231534,320,8,0000000000100000000000000000000000000000000000000000000001001011
35080,6184,6.231752,3D3,3,111001010000000111111110
2209,6408,6.236854,25,8,0000000000111110000000000000000110011111110011100000000011011001
22416,6409,6.237541,0AA,8,0010000010110001001000000101100000100000101000000010000001001000
36219,2141,6.23879,0BA,5,0010100100000000000000000000011100101011
8207,6412,6.242264,260,8,0000000000000000000000000000000000000000111111111101110001000101
7659,6414,6.245902,611,8,0010000100000000000000000001000000000000000000000011110101101100
36220,4271,6.246279,0BA,5,0100111100000000000000000000000000101110
2210,6416,6.24682,25,8,0000000000111101000000000000000100101111110001000000000001011110
28545,6417,6.247483,24,8,0000001000101001000000100000010101000010000011001000000000101100
22417,6418,6.247715,0AA,8,0010000010110110001000000101110100100000100111110010000001001001
18901,6419,6.248482,0B4,8,0000000000000000000000000000000011001100000001011110111101111100
43659,6572,6.249281,3BB,5,0111000000000000000000001010000000000000
32003,6422,6.250785,1C4,8,0000100101110001000110110000000000000000000000000000000001100010
16794,6425,6.252472,226,8,0000000000000000000100000000000000000000000000000000000000000000
36221,4274,6.253769,0BA,5,1110000000110011111111000000000010000100
11495,6426,6.254773,2C1,8,0000000000000001011101100000000101010011110000000000101101100001
14485,6428,6.256753,1C6,8,0000000000000000000000000001011000011111001010010000000000000000
2211,6429,6.256996,25,8,0000000000111101000000000000000111001111110001000000000011111110
22418,6430,6.257471,0AA,8,0010000010111001001000000101110100100000100111100010000001001101
36222,6403,6.261259,0BA,5,1100011000000000000000000000000010111110
8208,6433,6.262219,260,8,0000000000000000000000000000000000000000111111111101000000111001
2212,6435,6.266792,25,8,0000000000111100000000000000000101011111110001000000000010001101
22419,6436,6.267416,0AA,8,0010000010111001001000000110000100100000101000010010000001001000
28546,6437,6.26765,24,8,0000001000101001000000100000011001000010000011001000000000101101
18902,6438,6.268422,0B4,8,0000000000000000000000000000000011010000000001011110111110000000
36223,2151,6.268748,0BA,5,0010100100000000000000000000010000101000
32004,6440,6.270726,1C4,8,0000100101110111000110110000000000000000000000000000000001101000
36224,4291,6.276238,0BA,5,0100111100000000000000000000000000101110
2213,6445,6.276739,25,8,0000000000111100000000000000000111111111110001000000000000101101
22420,6446,6.277414,0AA,8,0010000010110010001000000110001000100000101000100010000001000111
16795,6449,6.280394,226,8,0000000000000000000100000000000000000000000000000000000000000000
447,6450,6.281389,320,8,0000000000100000000000000000000000000000000000000000000001001011
8209,6451,6.282096,260,8,0000000000000000000000000000000000000000111111111101000000111001
36225,4293,6.283727,0BA,5,1110000000110011111111000000000010000100
11496,6452,6.284678,2C1,8,0000000000000001011100000000000101010110110000000000101101011110
14486,6454,6.286688,1C6,8,0000000000000000000000000001010111110101001010010000000000000000
2214,6455,6.286928,25,8,0000000000111100000000000000000110101111110011100000000011100111
22421,6457,6.287388,0AA,8,0010000010110110001000000110010100100000101000000010000001001001
28547,6458,6.287623,24,8,0000001000101001000000100000100001000010000011011000000000110000
18903,6459,6.288367,0B4,8,0000000000000000000000000000000011010000000001011111010010000101
32005,6462,6.290683,1C4,8,0000100101111000000110110000000000000000000000000000000001101001
36226,6431,6.291217,0BA,5,1100011000000000000000000000000010111110
14038,6467,6.293703,442,8,0100001100000010000000000000000000000010000000000000000000000000
2215,6469,6.296681,25,8,0000000000111011000000000000000100101111101110100000000001010010
22422,6470,6.297359,0AA,8,0010000010110110001000000110010100100000101000010010000001001000
36227,2160,6.298706,0BA,5,0010100100000000000000000000011100101011
8210,6471,6.302076,260,8,0000000000000000000000000000000000000000111111111110100001010001
36228,4314,6.306196,0BA,5,0100111100000000000000000000000000101110
2216,6474,6.306645,25,8,0000000000111011000000000000000110111111101110100000000011100010
28548,6475,6.307311,24,8,0000001000101000000000100000101001000010000011011000000000110001
22423,6476,6.307552,0AA,8,0010000010111001001000000110010100100000101000010010000001001000
18904,6478,6.308307,0B4,8,0000000000000000000000000000000011010100000001011111010010001001
32006,6481,6.310613,1C4,8,0000100101110101000110110000000000000000000000000000000001100110
16796,6484,6.312301,226,8,0000000000000000000100000000000000000000000000000000000000000000
36229,4317,6.313685,0BA,5,1110000000110011111111000000000010000100
11497,6485,6.314723,2C1,8,0000000000000001011100000000000101010000110000000000101101011000
14487,6487,6.316583,1C6,8,0000000000000000000000000001010111000011001010010000000000000000
2217,6488,6.316823,25,8,0000000000111010000000000000000100111111101110100000000001100001
22424,6489,6.317305,0AA,8,0010000010111001001000000110001000100000101000010010000001001011
81,6491,6.319285,3B7,8,1000
36230,6461,6.321175,0BA,5,1100011000000000000000000000000010111110
8211,6492,6.321976,260,8,0000000000000000000000000000000000000000111111111100010100101110
13336,6493,6.322123,394,3,0
2218,6496,6.326617,25,8,0000000000111010000000000000000110111111101100000000000011010111
22425,6497,6.327247,0AA,8,0010000010111001001000000110011000100000101010000010000001001011
28549,6498,6.327482,24,8,0000001000101000000000100000101001000010000011011000000000110001
18905,6499,6.328249,0B4,8,0000000000000000000000000000000011010100000001011111010010001001
36231,2173,6.328664,0BA,5,0010100100000000000000000000010000101000
448,6501,6.330248,320,8,0000000000100000000000000000000000000000000000000000000001001011
32007,6502,6.330564,1C4,8,0000100101101110000110110000000000000000000000000000000001011111
36232,4332,6.336154,0BA,5,0100111100000000000000000000000000101110
2219,6507,6.336656,25,8,0000000000111001000000000000000100101111101100000000000001000110
22426,6508,6.337242,0AA,8,0010000010110110001000000110011100100000101001110010000001001010
16797,6511,6.340222,226,8,0000000000000000000100000000000000000000000000000000000000000000
8212,6514,6.341956,260,8,0000000000000000000000000000000000000000111111111011100000100001
36233,4336,6.343644,0BA,5,1110000000110011111111000000000010000100
11498,6515,6.344504,2C1,8,0000000000000001011100110000000101001100110000000000101101010111
10984,6516,6.344761,620,8,0001000000000000000000000000000000000000000000000000000000000000
14488,6518,6.346515,1C6,8,0000000000000000000000000001010110010100001010010000000000000000
2220,6519,6.346753,25,8,0000000000111001000000000000000110011111101001100000000010101100
28550,6521,6.347205,24,8,0000001000100111000000100000101001000010000011111000000000110010
22427,6522,6.34744,0AA,8,0010000010110110001000000110111100100000101000110010000001001111
18906,6523,6.348192,0B4,8,0000000000000000000000000000000011010100000001011111101010001111
32008,6526,6.350501,1C4,8,0000100101101000000110110000000000000000000000000000000001011001
36234,6490,6.351133,0BA,5,1100011000000000000000000000000010111110
2221,6529,6.356511,25,8,0000000000111000000000000000000111111111101001100000000000001011
22428,6531,6.357184,0AA,8,0010000010111001001000000110011100100000101001110010000001010001
36235,2177,6.358623,0BA,5,0010100100000000000000000000011100101011
8213,6532,6.361878,260,8,0000000000000000000000000000000000000000111111111100010100101110
36236,4356,6.366112,0BA,5,0100111100000000000000000000000000101110
2222,6534,6.366474,25,8,0000000000110111000000000000000101011111101001100000000001101010
28551,6535,6.367144,24,8,0000001000100111000000100000110001000010000011111000000000110100
22429,6536,6.367379,0AA,8,0010000010111010001000000110011000100000101010100010000001010000
18907,6537,6.368133,0B4,8,0000000000000000000000000000000011011000000001011111101010010011
16370,6540,6.370025,3F9,8,0111010100011000000000100000001010000000000000000000000000010101
32009,6542,6.370449,1C4,8,0000100101100001000110110000000000000000000000000000000001010010
16798,6545,6.372123,226,8,0000000000000000000100000000000000000000000000000000000000000000
43477,466,6.37357,423,2,11100000000
36237,4359,6.373602,0BA,5,1110000000110011111111000000000010000100
11499,6547,6.374432,2C1,8,0000000000000001011101100000000101000000110000000000101101001110
7786,6548,6.374672,610,8,0010000000000000000011110110010011000000000000000111011001000000
14489,6549,6.376415,1C6,8,0000000000000000000000000001010101101001001010010000000000000000
2223,6551,6.377474,25,8,0000000000110111000000000000000110101111100111000000000010110000
22430,6552,6.378175,0AA,8,0010000010111010001000000110110000100000101001110010000001010110
449,6554,6.380102,320,8,0000000000100000000000000000000000000000000000000000000001001011
36238,6525,6.381091,0BA,5,1100011000000000000000000000000010111110
8214,6555,6.381759,260,8,0000000000000000000000000000000000000000111111111100010100101110
2224,6557,6.386448,25,8,0000000000110110000000000000000111111111100100010000000011110100
22431,6558,6.387067,0AA,8,0010000010111010001000000110110100100000101001110010000001010111
28552,6559,6.387303,24,8,0000001000100111000000100000110001000010000011011000000000110010
18908,6560,6.388124,0B4,8,0000000000000000000000000000000011011000000001011111101010010011
36239,2192,6.388581,0BA,5,0010100100000000000000000000010000101000
21613,6564,6.390279,443,8,0100110100000010000000000010111100000110000000000000000000000000
32010,6565,6.390522,1C4,8,0000100101011010000110110000000000000000000000000000000001001011
36240,4379,6.39607,0BA,5,0100111100000000000000000000000000101110
2225,6568,6.396387,25,8,0000000000110101000000000000000101001111100111000000000001001110
22432,6569,6.397101,0AA,8,0010000010111011001000000110111100100000101010000010000001011000
16799,6573,6.400159,226,8,0000000000000000000100000000000000000000000000000000000000000000
8215,6575,6.401621,260,8,0000000000000000000000000000000000000000111111111010110100010110
36241,4383,6.40356,0BA,5,1110000000110011111111000000000010000100
11500,6576,6.404335,2C1,8,0000000000000001011100110000000100111001110000000000101101000100
14490,6579,6.406344,1C6,8,0000000000000000000000000001010100111011001010010000000000000000
2226,6580,6.406582,25,8,0000000000110101000000000000000110011111100100100000000010010100
22433,6582,6.407006,0AA,8,0010000010111011001000000110110100100000101001110010000001011101
28553,6583,6.407241,24,8,0000001000100110000000100000110001000010000010101000000000101110
18909,6584,6.40801,0B4,8,0000000000000000000000000000000011011100000001011111101010010111
32011,6587,6.410331,1C4,8,0000100101010011000110110000000000000000000000000000000001000100
36242,6553,6.411049,0BA,5,1100011000000000000000000000000010111110
13898,6589,6.413341,622,8,0001001000000000000000000000000000000000000000000000000000000000
2227,6591,6.416342,25,8,0000000000110100000000000000000111101111100111000000000011101101
22434,6592,6.417008,0AA,8,0010000010111100001000000110111000100000101011000010000001011011
36243,2200,6.418539,0BA,5,0010100100000000000000000000011100101011
8216,6593,6.421453,260,8,0000000000000000000000000000000000000000111111111011100000100001
36244,4396,6.426028,0BA,5,0100111100000000000000000000000000101110
2228,6596,6.426308,25,8,0000000000110011000000000000000100111111100111000000000000111100
28554,6597,6.426974,24,8,0000001000100110000000100000101001000010000010001000000000101010
22435,6598,6.427209,0AA,8,0010000010111001001000000110111000100000101010110010000001011110
18910,6599,6.427955,0B4,8,0000000000000000000000000000000011011100000001100000000010011110
32012,6602,6.430282,1C4,8,0000100101001000000110110000000000000000000000000000000000111001
16800,6605,6.431952,226,8,0000000000000000000100000000000000000000000000000000000000000000
450,6606,6.432945,320,8,0000000000100000000000000000000000000000000000000000000001001011
36245,4399,6.433518,0BA,5,1110000000110011111111000000000010000100
11501,6608,6.434268,2C1,8,0000000000000001011111000000000100111100110000000000101001001111
14491,6609,6.43625,1C6,8,0000000000000000000000000001010100001101001010000000000000000000
2229,6611,6.437302,25,8,0000000000110010000000000000000101101111100100110000000001100010
22436,6612,6.437927,0AA,8,0010000010111111001000000111001000100000101011110010000001100011
36246,6586,6.441008,0BA,5,1100011000000000000000000000000010111110
8217,6616,6.441384,260,8,0000000000000000000000000000000000000000111111111010110100010110
31636,6617,6.44505,389,8,0000000000100000000000000000000000000000000000000000000000000000
2230,6619,6.446271,25,8,0000000000110010000000000000000111001111100100010000000011000000
22437,6620,6.446896,0AA,8,0010000011000100001000000110111000100000101011110010000001100011
28555,6621,6.447133,24,8,0000001000100100000000100000101001000010000001101000000000100110
18911,6622,6.447901,0B4,8,0000000000000000000000000000000011100000000001100000000010100010
36247,2213,6.448497,0BA,5,0010100100000000000000000000010000101000
32013,6624,6.450222,1C4,8,0000100101000010000110110000000000000000000000000000000000110011
36248,4416,6.455987,0BA,5,0100111100000000000000000000000000101110
2231,6628,6.456222,25,8,0000000000110001000000000000000100001111100100100000000000000000
22438,6629,6.456895,0AA,8,0010000011001000001000000110111000100000101011000010000001100011
16801,6632,6.459874,226,8,0000000000000000000100000000000000000000000000000000000000000000
13583,6633,6.460118,4DD,8,0001111000000000000000000000000000000000000000000000000000000000
8218,6634,6.461248,260,8,0000000000000000000000000000000000000000111111111001010111111110
13643,6635,6.461997,4B7,8,1110001001011111001000001111000000000000111010000000000100001000
36249,4419,6.463476,0BA,5,1110000000110011111111000000000010000100
11502,6636,6.464441,2C1,8,0000000000000001011110010000000101000011110000000000101001010011
14492,6639,6.466174,1C6,8,0000000000000000000000000001010011100011001010000000000000000000
2232,6640,6.466416,25,8,0000000000110000000000000000000101001111100100100000000000111111
22439,6642,6.466836,0AA,8,0010000011000001001000000110111100100000101011110010000001101000
28556,6643,6.46707,24,8,0000001000100011000000100000100001000010000010001000000000100101
18912,6644,6.467844,0B4,8,0000000000000000000000000000000011100000000001100000010110100111
32014,6648,6.470158,1C4,8,0000100101000001000110110000000000000000000000000000000000110010
36250,6614,6.470966,0BA,5,1100011000000000000000000000000010111110
2233,6652,6.476156,25,8,0000000000110000000000000000000110011111100100100000000010001111
22440,6653,6.476833,0AA,8,0010000010111011001000000111001100100000101100010010000001100011
451,6654,6.477816,320,8,0000000000100000000000000000000000000000000000000000000001001011
36251,2222,6.478455,0BA,5,0010100100000000000000000000011100101011
8219,6655,6.481166,260,8,0000000000000000000000000000000000000000111111111010000100001010
36252,4437,6.485945,0BA,5,0100111100000000000000000000000000101110
27981,6657,6.485963,6C0,8,1110010000000000000000001110000010000000000000000000000000000000
2234,6658,6.486204,25,8,0000000000101111000000000000000111101111100111000000000011101000
22441,6659,6.486805,0AA,8,0010000010111001001000000111010000100000101100100010000001100010
28557,6660,6.48704,24,8,0000001000100010000000100000011001000010000010001000000000100010
18913,6662,6.487786,0B4,8,0000000000000000000000000000000011100000000001100000010110100111
32015,6665,6.490104,1C4,8,0000100101000011000110110000000000000000000000000000000000110100
31392,6668,6.490961,44D,8,0100001000000010000000000000000000000001000000000000000000000000
35081,796,6.491409,3D3,3,011011000001001000000000
16802,6669,6.491775,226,8,0000000000000000000100000000000000000000000000000000000000000000
36253,4441,6.493434,0BA,5,1110000000110011111111000000000010000100
11503,6671,6.494088,2C1,8,0000000000000001011101100000000100110011110000000000101001000000
14493,6673,6.496073,1C6,8,0000000000000000000000000001010010111001001010000000000000000000
2235,6674,6.496313,25,8,0000000000101110000000000000000100111111100111000000000000110111
22442,6675,6.496779,0AA,8,0010000010111101001000000111010000100000101100010010000001100111
36254,6646,6.500924,0BA,5,1100011000000000000000000000000010111110
8220,6678,6.501097,260,8,0000000000000000000000000000000000000000111111111001010111111110
267,6680,6.504882,38F,8,0000000100000000000000000000000000000000000000000000000000000000
2236,6682,6.506097,25,8,0000000000101110000000000000000110011111100111000000000010010111
22443,6683,6.506724,0AA,8,0010000010111110001000000111000000100000101100000010000001100101
28558,6684,6.506964,24,8,0000001000100001000000100000010101000010000001011000000000011101
18914,6685,6.507728,0B4,8,0000000000000000000000000000000011100100000001100000000010100110
36255,2235,6.508413,0BA,5,0010100100000000000000000000010000101000
32016,6687,6.510081,1C4,8,0000100101001000000110110000000000000000000000000000000000111001
36256,4454,6.515903,0BA,5,0100111100000000000000000000000000101110
2237,6690,6.516042,25,8,0000000000101101000000000000000111101111100111000000000011100110
22444,6691,6.51672,0AA,8,0010000011000101001000000111001100100000101100000010000001100110
16803,6694,6.51973,226,8,0000000000000000000100000000000000000000000000000000000000000000
8221,6696,6.521037,260,8,0000000000000000000000000000000000000000111111110111000111011010
36257,4457,6.523393,0BA,5,1110000000110011111111000000000010000100
11504,6697,6.52399,2C1,8,0000000000000001011100110000000101000110110000000000101001010000
14494,6699,6.525997,1C6,8,0000000000000000000000000001010010001100001010000000000000000000
2238,6700,6.52624,25,8,0000000000101100000000000000000100111111100111000000000000110101
28559,6702,6.526691,24,8,0000001000100000000000100000001101000010000000011000000000010110
22445,6703,6.526925,0AA,8,0010000010111010001000000111011000100000101101010010000001101100
18915,6704,6.527665,0B4,8,0000000000000000000000000000000011100100000001100000010110101011
32017,6707,6.529995,1C4,8,0000100101001000000110110000000000000000000000000000000000111001
452,6709,6.530663,320,8,0000000000100000000000000000000000000000000000000000000001001011
36258,6677,6.530882,0BA,5,1100011000000000000000000000000010111110
34700,6711,6.534201,380,8,0
2239,6713,6.535981,25,8,0000000000101100000000000000000110011111100111000000000010010101
22446,6715,6.536712,0AA,8,0010000010111011001000000111100000100000101011100010000001100110
36259,2239,6.538372,0BA,5,0010100100000000000000000000011100101011
8222,6718,6.540988,260,8,0000000000000000000000000000000000000000111111110111110111100110
36260,4476,6.545861,0BA,5,0100111100000000000000000000000000101110
2240,6720,6.545957,25,8,0000000000101011000000000000000100001111101100000000000000011000
28560,6721,6.546639,24,8,0000001000011111000000100000000101000010000000011000000000010011
43660,218,6.546866,3BB,5,1011101100000000000000000000000000100110
22447,6722,6.546881,0AA,8,0010000010111110001000000111101100100000101011000010000001101000
18916,6723,6.54761,0B4,8,0000000000000000000000000000000011101000000001100000010110101111
32018,6726,6.550205,1C4,8,0000100101010000000110110000000000000000000000000000000001000001
16804,6729,6.551603,226,8,0000000000000000000100000000000000000000000000000000000000000000
36261,4479,6.553351,0BA,5,1110000000110011111111000000000010000100
11505,6731,6.553922,2C1,8,0000000000000001011100000000000101000110110000000000101001001101
14495,6733,6.555905,1C6,8,0000000000000000000000000001010001100011001010000000000000000000
2241,6734,6.556146,25,8,0000000000101010000000000000000101111111101100000000000010000111
22448,6735,6.556609,0AA,8,0010000010111011001000000111101100100000101100100010000001101100
36262,6706,6.56084,0BA,5,1100011000000000000000000000000010111110
8223,6737,6.560866,260,8,0000000000000000000000000000000000000000111111111010110100010110
2242,6740,6.565924,25,8,0000000000101010000000000000000111111111101100000000000000000111
22449,6741,6.566545,0AA,8,0010000010111011001000000111101100100000101101100010000001100111
28561,6742,6.566787,24,8,0000001000011110000000100000000101000010000000111000000000010100
18917,6743,6.56755,0B4,8,0000000000000000000000000000000011101000000001100000010110101111
36263,2254,6.56833,0BA,5,0010100100000000000000000000010000101000
32019,6746,6.569883,1C4,8,0000100101011100000110110000000000000000000000000000000001001101
36264,4496,6.575819,0BA,5,0100111100000000000000000000000000101110
2243,6749,6.576896,25,8,0000000000101001000000000000000101101111101110000000000001111110
22450,6750,6.57752,0AA,8,0010000010111001001000000111100000100000101101010010000001100101
16805,6753,6.58055,226,8,0000000000000000000100000000000000000000000000000000000000000000
8224,6754,6.580836,260,8,0000000000000000000000000000000000000000111111111001010111111110
453,6755,6.581513,320,8,0000000000100000000000000000000000000000000000000000000001001011
36265,4501,6.583309,0BA,5,1110000000110011111111000000000010000100
11506,6756,6.583822,2C1,8,0000000000000001011010010000000101001100110000000000101001001100
14496,6759,6.585854,1C6,8,0000000000000000000000000001010000111101001010000000000000000000
2244,6760,6.586096,25,8,0000000000101001000000000000000100001111101111100000000000100100
28562,6762,6.586528,24,8,0000001000011110000000100000000101000010000000111000000000010100
22451,6763,6.58676,0AA,8,0010000010111110001000000111101000100000101101100010000001101011
18918,6764,6.587492,0B4,8,0000000000000000000000000000000011101100000001100000010110110011
32020,6767,6.589819,1C4,8,0000100101101001000110110000000000000000000000000000000001011010
36266,6736,6.590798,0BA,5,1100011000000000000000000000000010111110
35297,120,6.591238,386,7,01001110000000000000000000000000000000000000000010110001
14039,6770,6.59269,442,8,0100001100000010000000000000000000000010000000000000000000000000
2245,6773,6.595811,25,8,0000000000101001000000000000000110101111110001000000000011001010
22452,6774,6.596494,0AA,8,0010000010111100001000000111110000100000101011110010000001101100
36267,2261,6.598288,0BA,5,0010100100000000000000000000011100101011
8225,6775,6.600719,260,8,0000000000000000000000000000000000000000111111111010000100001010
36268,4515,6.605778,0BA,5,0100111100000000000000000000000000101110
2246,6778,6.605805,25,8,0000000000101000000000000000000101011111110100110000000010001000
22453,6779,6.606434,0AA,8,0010000011000000001000000111110100100000101100000010000001101100
28563,6780,6.606676,24,8,0000001000011110000000100000000101000010000000001000000000010001
18919,6781,6.607436,0B4,8,0000000000000000000000000000000011101100000001100000010110110011
32021,6784,6.609764,1C4,8,0000100101110101000110110000000000000000000000000000000001100110
16806,6787,6.611429,226,8,0000000000000000000100000000000000000000000000000000000000000000
36269,4519,6.613267,0BA,5,1110000000110011111111000000000010000100
11507,6788,6.613752,2C1,8,0000000000000001011000110000000101010110110000000000101001010000
14497,6790,6.615736,1C6,8,0000000000000000000000000001010000010100001010000000000000000000
2247,6791,6.615976,25,8,0000000000101000000000000000000101001111110111110000000010000100
22454,6792,6.616432,0AA,8,0010000010111011001000001000000000100000101100000010000001110011
82,6795,6.618435,3B7,8,1000
34939,6796,6.619405,4C3,8,0000001100000000000000000000000100000000000000000000000000000000
16371,6797,6.619804,3F9,8,0111010100011000000000100000001010000000000000000000000000010101
8226,6798,6.62069,260,8,0000000000000000000000000000000000000000111111111111010001011101
36270,6766,6.620757,0BA,5,1100011000000000000000000000000010111110
13337,6799,6.620841,394,3,0
2248,6801,6.625721,25,8,0000000000101000000000000000000100111111111000010000000001110110
28564,6803,6.626517,24,8,0000001000011100000000100000000101000001111111011000000000001011
22455,6804,6.626752,0AA,8,0010000010111011001000001000001000100000101011000010000001101111
18920,6805,6.627378,0B4,8,0000000000000000000000000000000011110000000001100000010110110111
36271,2273,6.628246,0BA,5,0010100100000000000000000000010000101000
454,6807,6.629379,320,8,0000000000100000000000000000000000000000000000000000000001001011
32022,6808,6.629708,1C4,8,0000100110000011000110110000000000000000000000000000000001110100
14222,6810,6.630371,60.0,8,1010000100000000000000000000000000000000011100000000000000000000
36272,4539,6.635736,0BA,5,0100111100000000000000000000000000101110
2249,6813,6.636718,25,8,0000000000101000000000000000000100011111111011100000000001100011
22456,6814,6.63734,0AA,8,0010000010111001001000001000000100100000101011010010000001110001
16807,6817,6.640348,226,8,0000000000000000000100000000000000000000000000000000000000000000
8227,6818,6.640597,260,8,0000000000000000000000000000000000000000111111111101000000111001
36273,4541,6.643225,0BA,5,1110000000110011111111000000000010000100
10985,6820,6.643533,620,8,0001000000000000000000000000000000000000000000000000000000000000
11508,6821,6.643768,2C1,8,0000000000000001010111000000000101010110110000000000101001001001
14498,6824,6.645674,1C6,8,0000000000000000000000000001001111101110001010000000000000000000
2250,6825,6.645913,25,8,0000000000101000000000000000000100011111111100110000000001101000
22457,6826,6.646344,0AA,8,0010000010111010001000001000000100100000101010110010000001110011
28565,6827,6.646586,24,8,0000001000011100000000100000001101000001111111011000000000001101
18921,6828,6.647326,0B4,8,0000000000000000000000000000000011110000000001100000010110110111
7719,6831,6.64949,435,8,1000000000000101000001011111111111100000001111110000000000000011
32023,6832,6.64973,1C4,8,0000100110001110000110110000000000000000000000000000000001111111
36274,6793,6.650715,0BA,5,1100011000000000000000000000000010111110
2251,6836,6.655639,25,8,0000000000101000000000000000000100001111111101100000000001011011
22458,6837,6.656319,0AA,8,0010000010111110001000001000001000100000101010100010000001110011
10909,6838,6.656566,436,8,0
36275,2280,6.658204,0BA,5,0010100100000000000000000000011100101011
8228,6840,6.660445,260,8,0000000000000000000000000000000000000000111111111101110001000101
2252,6842,6.665609,25,8,0000000000101000000000000000000111111111111101100000000001001011
36276,4558,6.665694,0BA,5,0100111100000000000000000000000000101110
22459,6843,6.666284,0AA,8,0010000011000001001000001000011000100000101011100010000001110101
28566,6844,6.666525,24,8,0000001000011011000000100000010101000010000000011000000000010011
18922,6846,6.667423,0B4,8,0000000000000000000000000000000011110000000001100000101110111101
32024,6849,6.669589,1C4,8,0000100110010111000110110000000000000000000000000000000010001000
16808,6852,6.671254,226,8,0000000000000000000100000000000000000000000000000000000000000000
36277,4562,6.673183,0BA,5,1110000000110011111111000000000010000100
11509,6853,6.673579,2C1,8,0000000000000001010111000000000101011100110000000000100101001110
2253,6855,6.675579,25,8,0000000000101000000000000000000111111111111101100000000001001011
14499,6856,6.675834,1C6,8,0000000000000000000000000001001111001010001010000000000000000000
22460,6857,6.676258,0AA,8,0010000010111101001000001000101000100000101100010010000001110101
455,6859,6.678236,320,8,0000000000100000000000000000000000000000000000000000000001001011
8229,6860,6.680274,260,8,0000000000000000000000000000000000000000000000000001011110000001
36278,6830,6.680673,0BA,5,1100011000000000000000000000000010111110
13775,6862,6.684365,434,8,0100001000000000000000000000000000000000000000000000000000000000
2254,6864,6.685577,25,8,0000000000101000000000000000000111111111111101100000000001001011
22461,6865,6.6862,0AA,8,0010000010111111001000001000110000100000101011000010000001110010
28567,6866,6.686438,24,8,0000001000011011000000100000100001000010000010001000000000011101
18923,6867,6.687209,0B4,8,0000000000000000000000000000000011110100000001100000101111000001
36279,2293,6.688163,0BA,5,0010100100000000000000000000010000101000
21614,6870,6.68941,443,8,0100110100000010000000000010111100000110000000000000000000000000
32025,6871,6.689649,1C4,8,0000100110100000000110110000000000000000000000000000000010010001
34825,6873,6.690036,3C3,8,0100011000011110100100110100111011101110010001100111100101110000
28166,6875,6.691348,437,8,1111110011111111111111111111111111111111111111111111111111111111
2255,6877,6.695537,25,8,0000000000101000000000000000000111111111111101100000000001001011
36280,4578,6.695652,0BA,5,0100111100000000000000000000000000101110
22462,6878,6.696204,0AA,8,0010000010111110001000001000100000100000101011010010000001110100
16809,6881,6.699174,226,8,0000000000000001000100000000000000000000000000000000000000000000
8230,6883,6.700158,260,8,0000000000000000000000000000000000000000000000000010001110001101
36281,4581,6.703142,0BA,5,1110000000110011111111000000000010000100
11510,6884,6.703484,2C1,8,0000000000000001010100110000000101011001110000000000100001000001
14500,6887,6.705517,1C6,8,0000000000000000000000000001001110100001001010000000000000000000
2256,6888,6.705759,25,8,0000000000101000000000000000000111111111111101100000000001001011
22463,6889,6.706142,0AA,8,0010000011000000001000001000100100100000101011010010000001111101
28568,6890,6.706384,24,8,0000001000011010000000100000100001000010000010101000000000011110
18924,6891,6.707144,0B4,8,0000000000000000000000000000000011110100000001100001000111000111
43478,1786,6.709021,423,2,10101000000000
32026,6894,6.709476,1C4,8,0000100110100100000110110000000000000000000000000000000010010101
36282,6858,6.710631,0BA,5,1100011000000000000000000000000010111110
2257,6897,6.715462,25,8,0000000000101000000000000000000111111111111110000000000001001101
22464,6898,6.716141,0AA,8,0010000011000001001000001000111100100000101011010010000001110100
36283,2298,6.718121,0BA,5,0010100100000000000000000000011100101011
8231,6901,6.720109,260,8,0000000000000000000000000000000000000000000000000011101010100100
2258,6904,6.72543,25,8,0000000000101000000000000000000111111111111110010000000001001110
36284,4601,6.72561,0BA,5,0100111100000000000000000000000000101110
28569,6905,6.726112,24,8,0000001000011001000000100000101001000010000010101000000000011111
22465,6906,6.726346,0AA,8,0010000011000000001000001001010000100000101100100010000001111000
18925,6907,6.727085,0B4,8,0000000000000000000000000000000011111000000001100001000111001011
32027,6910,6.729423,1C4,8,0000100110100100000110110000000000000000000000000000000010010101
16810,6913,6.731079,226,8,0000000000000000000100000000000000000000000000000000000000000000
456,6914,6.732075,320,8,0000000000100000000000000000000000000000000000000000000001001011
36285,4604,6.7331,0BA,5,1110000000110011111111000000000010000100
11511,6916,6.733408,2C1,8,0000000000000001010000000000000101011100110000000000011100110000
14501,6917,6.735392,1C6,8,0000000000000000000000000001001101110111001001110000000000000000
2259,6919,6.736437,25,8,0000000000101000000000000000000111111111111110100000000001001111
22466,6920,6.737056,0AA,8,0010000010111111001000001001001100100000101100000010000001111101
8232,6923,6.740009,260,8,0000000000000000000000000000000000000000000000001000111011111000
36286,6893,6.740589,0BA,5,1100011000000000000000000000000010111110
31244,6924,6.742192,4A6,8,0000000000000000000000000000000000000000000011110000000000000000
2260,6926,6.745409,25,8,0000000000101000000000000000000111111111111110110000000001010000
22467,6927,6.746028,0AA,8,0010000011000001001000001001000100100000101100100010000001111110
28570,6928,6.746262,24,8,0000001000011001000000100000110001000010000010101000000000100001
18926,6929,6.747029,0B4,8,0000000000000000000000000000000011111000000001100001000111001011
36287,2313,6.748079,0BA,5,0010100100000000000000000000010000101000
32028,6932,6.749363,1C4,8,0000100110100010000110110000000000000000000000000000000010010011
35082,6717,6.751065,3D3,3,111001010000001000001101
2261,6936,6.755352,25,8,0000000000101000000000000000000100001111111110110000000001100000
36288,4622,6.755568,0BA,5,0100111100000000000000000000000000101110
22468,6937,6.75606,0AA,8,0010000011000100001000001001101000100000101100010010000010000000
16811,6940,6.759007,226,8,0000000000000000000100000000000000000000000000000000000000000000
8233,6941,6.759923,260,8,0000000000000000000000000000000000000000000000001101010100111111
36289,4626,6.763058,0BA,5,1110000000110011111111000000000010000100
11512,6942,6.763315,2C1,8,0000000000000001010000000000000101011001110000000000011000101100
2262,6946,6.765536,25,8,0000000000101000000000000000000100001111111111000000000001100001
14502,6947,6.765777,1C6,8,0000000000000000000000000001001101010000001001110000000000000000
28571,6948,6.766014,24,8,0000001000011001000000100000110101000010000011001000000000100100
22469,6949,6.766248,0AA,8,0010000011001000001000001001001100100000101100100010000010000001
18927,6950,6.766972,0B4,8,0000000000000000000000000000000011111100000001100001011011010100
32029,6953,6.769317,1C4,8,0000100110011100000110110000000000000000000000000000000010001101
36290,6921,6.770548,0BA,5,1100011000000000000000000000000010111110
2263,6956,6.775295,25,8,0000000000101000000000000000000100001111111111000000000001100001
22470,6957,6.775969,0AA,8,0010000011001010001000001001011000100000101100010010000001111101
457,6958,6.776954,320,8,0000000000100000000000000000000000000000000000000000000001001011
36291,2323,6.778037,0BA,5,0010100100000000000000000000011100101011
8234,6959,6.779842,260,8,0000000000000000000000000000000000000000000000001111100001100010
27982,6961,6.784487,6C0,8,1110010000000000000000001110000010000000000000000000000000000000
2264,6963,6.785264,25,8,0000000000101000000000000000000100001111111111010000000001100010
36292,4640,6.785527,0BA,5,0100111100000000000000000000000000101110
28572,6964,6.785945,24,8,0000001000011010000000100000110001000010000011001000000000100100
22471,6965,6.786178,0AA,8,0010000011001001001000001001101000100000101100110010000010000010
18928,6966,6.786922,0B4,8,0000000000000000000000000000000011111100000001100001011011010100
32030,6969,6.789258,1C4,8,0000100110010100000110110000000000000000000000000000000010000101
31393,6971,6.78966,44D,8,0100001000000010000000000000000000000001000000000000000000000000
16812,6973,6.790914,226,8,0000000000000000000100000000000000000000000000000000000000000000
36293,4643,6.793016,0BA,5,1110000000110100000000000000000010001001
11513,6975,6.793251,2C1,8,0000000000000001001100000000000101010011110000000000010000010100
13964,6976,6.794064,38E,8,0
14503,6979,6.795232,1C6,8,0000000000000000000000000001001100101001001001110000000000000000
2265,6980,6.795474,25,8,0000000000101000000000000000000100001111111111010000000001100010
22472,6981,6.795914,0AA,8,0010000011001011001000001001100100100000101101010010000010000101
8235,6984,6.799851,260,8,0000000000000000000000000000000000000000000000010010100010010011
36294,6952,6.800506,0BA,5,1100011000000000000000000000000010111110
2266,6986,6.805236,25,8,0000000000101000000000000000000100001111111111010000000001100010
22473,6987,6.805861,0AA,8,0010000011001111001000001001100100100000101101100010000010000011
28573,6988,6.806099,24,8,0000001000011010000000100000110001000010000011001000000000100100
18929,6989,6.806863,0B4,8,0000000000000000000000000000000000000000000001100001110011011110
36295,2333,6.807995,0BA,5,0010100100000000000000000000010000101000
32031,6991,6.809302,1C4,8,0000100110001010000110110000000000000000000000000000000001111011
2267,6995,6.8152,25,8,0000000000101000000000000000000100001111111111010000000001100010
36296,4662,6.815485,0BA,5,0100111100000000000000000000000000101110
22474,6996,6.815863,0AA,8,0010000011010010001000001001100100100000101111100010000010000110
16813,6999,6.81884,226,8,0000000000000000000100000000000000000000000000000000000000000000
8236,7001,6.819715,260,8,0000000000000000000000000000000000000000000000010010100010010011
36297,4665,6.822974,0BA,5,1110000000110100000000000000000010001001
11514,7002,6.823152,2C1,8,0000000000000001001000000000000100111100110000000000010011101101
14504,7005,6.825162,1C6,8,0000000000000000000000000001001011111111001001110000000000000000
2268,7006,6.825403,25,8,0000000000101000000000000000000100001111111111010000000001100010
22475,7007,6.825833,0AA,8,0010000011001111001000001001100100100000101111000010000010001010
28574,7008,6.826068,24,8,0000001000011010000000100000110101000010000010101000000000100011
18930,7009,6.826809,0B4,8,0000000000000000000000000000000000000000000001100001110011011110
32032,7012,6.82915,1C4,8,0000100110000010000110110000000000000000000000000000000001110011
458,7014,6.829806,320,8,0000000000100000000000000000000000000000000000000000000001001011
36298,6982,6.830464,0BA,5,1100011000000000000000000000000010111110
2269,7017,6.835139,25,8,0000000000101000000000000000000100001111111111100000000001100011
22476,7018,6.835806,0AA,8,0010000011001111001000001001101100100000110000110010000010001100
36299,2342,6.837953,0BA,5,0010100100000000000000000000011100101011
8237,7020,6.839669,260,8,0000000000000000000000000000000000000000000000010001110010000111
43661,453,6.844451,3BB,5,1010010100000000000000000000000000000000
2270,7022,6.845126,25,8,0000000000101000000000000000000100001111111111100000000001100011
36300,4684,6.845443,0BA,5,0100111100000000000000000000000000101110
22477,7023,6.845753,0AA,8,0010000011010011001000001001011000100000110000010010000010001111
28575,7024,6.845991,24,8,0000001000011011000000100000110001000010000011001000000000100101
18931,7025,6.846753,0B4,8,0000000000000000000000000000000000000000000001100010000111100011
32033,7029,6.849167,1C4,8,0000100101111100000110110000000000000000000000000000000001101101
16814,7032,6.850747,226,8,0000000000000000000100000000000000000000000000000000000000000000
36301,4688,6.852932,0BA,5,1110000000110011111111000000000010000100
11515,7033,6.853085,2C1,8,0000000000000001000110010000000100111100110000000000010011100110
13709,7034,6.853898,3A5,8,100000000
14505,7036,6.855071,1C6,8,0000000000000000000000000001001011011000001001110000000000000000
2271,7038,6.856099,25,8,0000000000101000000000000000000100001111111111100000000001100011
22478,7039,6.856723,0AA,8,0010000011011010001000001001011000100000110000100010000010010010
8238,7041,6.859611,260,8,0000000000000000000000000000000000000000000000001111100001100010
36302,7011,6.860422,0BA,5,1100011000000000000000000000000010111110
2272,7044,6.865072,25,8,0000000000101000000000000000000100001111111111100000000001100011
22479,7045,6.865695,0AA,8,0010000011011100001000001001010100100000110001110010000010001110
28576,7046,6.865931,24,8,0000001000011011000000100000101001000010000011011000000000100100
18932,7047,6.866704,0B4,8,0000000000000000000000000000000000000100000001100010000111100111
36303,2354,6.867912,0BA,5,0010100100000000000000000000010000101000
16372,7049,6.868723,3F9,8,0111010100011000000000100000001010000000000000000000000000010101
32034,7050,6.869038,1C4,8,0000100101110111000110110000000000000000000000000000000001101000
7787,7052,6.873798,610,8,0010000000000000000100000110010011000000000000000111011001000000
2273,7054,6.875022,25,8,0000000000101000000000000000000100001111111111100000000001100011
36304,4701,6.875401,0BA,5,0100111100000000000000000000000000101110
22480,7055,6.875694,0AA,8,0010000011011100001000001001101000100000110010010010000010010010
16815,7058,6.878678,226,8,0000000000000000000100000000000000000000000000000000000000000000
8239,7059,6.879519,260,8,0000000000000000000000000000000000000000000000001110000101001011
459,7061,6.879946,320,8,0000000000100000000000000000000000000000000000000000000001001011
36305,4704,6.882891,0BA,5,1110000000110100000000000000000010001001
11516,7062,6.883021,2C1,8,0000000000000001000010010000000100001100110000000000010010100110
35003,7064,6.88385,413,8,0000000100000001000000010000100100000000000000000000000000000000
14506,7067,6.884997,1C6,8,0000000000000000000000000001001010110100001001110000000000000000
2274,7068,6.885239,25,8,0000000000101000000000000000000100001111111111100000000001100011
22481,7069,6.885639,0AA,8,0010000011010111001000001010000000100000110010100010000010001111
28577,7070,6.885872,24,8,0000001000011011000000100000101001000010000100011000000000101000
31317,7071,6.886111,640,8,1010100000000000000000000011011100000001110111010000000000000000
18933,7072,6.886646,0B4,8,0000000000000000000000000000000000000100000001100010000111100111
32035,7075,6.888989,1C4,8,0000100101110000000110110000000000000000000000000000000001100001
36306,7040,6.89038,0BA,5,1100011000000000000000000000000010111110
14040,7078,6.891698,442,8,0100001100000010000000000000000000000010000000000000000000000000
2275,7080,6.894966,25,8,0000000000101000000000000000000100001111111111100000000001100011
22482,7081,6.895641,0AA,8,0010000011010100001000001010000000100000110010110010000010010001
36307,2359,6.89787,0BA,5,0010100100000000000000000000011100101011
8240,7083,6.899417,260,8,0000000000000000000000000000000000000000000000001101010100111111
2276,7085,6.90494,25,8,0000000000101000000000000000000100001111111111100000000001100011
36308,4723,6.905359,0BA,5,0100111100000000000000000000000000101110
22483,7086,6.905613,0AA,8,0010000011011011001000001001101100100000110010100010000010010011
28578,7087,6.905847,24,8,0000001000011011000000100000100001000010000100011000000000100110
18934,7088,6.906585,0B4,8,0000000000000000000000000000000000001000000001100010000111101011
32036,7091,6.908936,1C4,8,0000100101101110000110110000000000000000000000000000000001011111
16816,7094,6.910583,226,8,0000000000000000000100000000000000000000000000000000000000000000
36309,4726,6.912849,0BA,5,1110000000110011111111000000000010000100
11517,7096,6.912927,2C1,8,0000000000000001000000000000000100100011110000000000010010110100
14507,7098,6.914906,1C6,8,0000000000000000000000000001001010001010001001110000000000000000
2277,7099,6.915145,25,8,0000000000101000000000000000000100001111111111110000000001100100
22484,7100,6.915589,0AA,8,0010000011010111001000001001101000100000110100000010000010010100
83,7102,6.91757,3B7,8,1000
8241,7104,6.91934,260,8,0000000000000000000000000000000000000000000000001110000101001011
13338,7105,6.919489,394,3,0
36310,7074,6.920338,0BA,5,1100011000000000000000000000000010111110
2278,7107,6.924904,25,8,0000000000101000000000000000000100001111111111110000000001100100
22485,7108,6.925532,0AA,8,0010000011011110001000001001101100100000110100000010000010010010
28579,7109,6.925769,24,8,0000001000011011000000100000011001000010000011011000000000100000
18935,7110,6.926536,0B4,8,0000000000000000000000000000000000001000000001100010000111101011
36311,2375,6.927828,0BA,5,0010100100000000000000000000010000101000
460,7112,6.928535,320,8,0000000000100000000000000000000000000000000000000000000001001011
32037,7114,6.92896,1C4,8,0000100101110011000110110000000000000000000000000000000001100100
36312,4742,6.935317,0BA,5,0100111100000000000000000000000000101110
2279,7117,6.935875,25,8,0000000000101000000000000000000100001111111111110000000001100100
22486,7118,6.936503,0AA,8,0010000011011101001000001001111100100000110010100010000010010011
8242,7121,6.9391,260,8,0000000000000000000000000000000000000000000000001110000101001011
16817,7122,6.939506,226,8,0000000000000000000100000000000000000000000000000000000000000000
10986,7124,6.942551,620,8,0001000000000000000000000000000000000000000000000000000000000000
36313,4746,6.942807,0BA,5,1110000000110011111111000000000010000100
11518,7125,6.942829,2C1,8,0000000000000000111100000000000101000110110000000000010011000110
2280,7128,6.944825,25,8,0000000000101000000000000000000100001111111111110000000001100100
14508,7130,6.945246,1C6,8,0000000000000000000000000001001001100011001001110000000000000000
22487,7131,6.945505,0AA,8,0010000011011101001000001010000000100000110010100010000010010010
28580,7132,6.945742,24,8,0000001000011011000000100000001101000010000011001000000000011100
18936,7133,6.946481,0B4,8,0000000000000000000000000000000000001100000001100010011111110101
32038,7137,6.948826,1C4,8,0000100101110011000110110000000000000000000000000000000001100100
36314,7101,6.950297,0BA,5,1100011000000000000000000000000010111110
2281,7140,6.954806,25,8,0000000000101000000000000000000100001111111111110000000001100100
22488,7141,6.955477,0AA,8,0010000011011100001000001010000000100000110101000010000010010100
36315,2382,6.957786,0BA,5,0010100100000000000000000000011100101011
8243,7142,6.95902,260,8,0000000000000000000000000000000000000000000000001011110100100111
2282,7145,6.964767,25,8,0000000000101000000000000000000100001111111111110000000001100100
36316,4759,6.965276,0BA,5,0100111100000000000000000000000000101110
22489,7146,6.965451,0AA,8,0010000011011110001000001001111000100000110100000010000010011001
28581,7147,6.965692,24,8,0000001000011011000000100000000101000010000011011000000000011011
18937,7148,6.966426,0B4,8,0000000000000000000000000000000000001100000001100010011111110101
32039,7152,6.968798,1C4,8,0000100101111011000110110000000000000000000000000000000001101100
16818,7155,6.97042,226,8,0000000000000000000100000000000000000000000000000000000000000000
27805,7156,6.971412,420,8,0000000000000000000000000000000011111111000000001000000010101011
11519,7157,6.972763,2C1,8,0000000000000000111000000000000101001001110000000000010010111001
36317,4762,6.972765,0BA,5,1110000000110011111111000000000010000100
2283,7159,6.974742,25,8,0000000000101000000000000000000100001111111111110000000001100100
14509,7160,6.974984,1C6,8,0000000000000000000000000001001000111111001001100000000000000000
22490,7161,6.975422,0AA,8,0010000011011101001000001001111000100000110101110010000010010010
461,7163,6.977399,320,8,0000000000100000000000000000000000000000000000000000000001001011
8244,7165,6.978964,260,8,0000000000000000000000000000000000000000000000001011110100100111
36318,7136,6.980255,0BA,5,1100011000000000000000000000000010111110
2284,7168,6.984714,25,8,0000000000101000000000000000000100001111111111110000000001100100
22491,7169,6.985394,0AA,8,0010000011011010001000001010000100100000110100110010000010010010
28582,7170,6.985634,24,8,0000001000011011000000100000000101000010000011111000000000011101
18938,7171,6.98637,0B4,8,0000000000000000000000000000000000010000000001100010011111111001
36319,2393,6.987744,0BA,5,0010100100000000000000000000010000101000
7599,7173,6.988168,3BC,8,0
21615,7175,6.988614,443,8,0100110100000010000000000010111100000110000000000000000000000000
32040,7176,6.988853,1C4,8,0000100110000111000110110000000000000000000000000000000001111000
43405,40,6.99072,3000000.0,6,110000010000101110000110000000010000000000000000
36320,4781,6.995234,0BA,5,0100111100000000000000000000000000101110
2285,7180,6.995711,25,8,0000000000101000000000000000000100001111111111110000000001100100
22492,7181,6.996337,0AA,8,0010000011011010001000001010001100100000110100110010000010010100
8245,7184,6.998896,260,8,0000000000000000000000000000000000000000000000001011110100100111
16819,7185,6.99934,226,8,0000000000000000000100000000000000000000000000000000000000000000
11520,7186,7.00266,2C1,8,0000000000000000110010010000000100111001110000000000010010010010
36321,4785,7.002723,0BA,5,1110000000110100000000000000000010001001
2286,7189,7.004655,25,8,0000000000101000000000000000000100001111111111110000000001100100
14510,7190,7.004896,1C6,8,0000000000000000000000000001001000011010001001100000000000000000
22493,7191,7.005339,0AA,8,0010000011100000001000001010001100100000110110010010000010010001
28583,7192,7.005579,24,8,0000001000011011000000100000000101000010000011111000000000011101
18939,7193,7.006314,0B4,8,0000000000000000000000000000000000010000000001100010011111111001
32041,7196,7.008669,1C4,8,0000100110010011000110110000000000000000000000000000000010000100
36322,7162,7.010213,0BA,5,1100011000000000000000000000000010111110
35083,863,7.010721,3D3,3,011011000001001000000000
27866,7200,7.012881,4DC,8,0001110100000000000000000000000000000000000000000000000000000000
2287,7202,7.014642,25,8,0000000000101000000000000000000100001111111111110000000001100100
22494,7203,7.015311,0AA,8,0010000011100001001000001001110000100000110101010010000010010100
36323,2400,7.017702,0BA,5,0010100100000000000000000000011100101011
8246,7204,7.018789,260,8,0000000000000000000000000000000000000000000000001011000100011011
2288,7206,7.024599,25,8,0000000000101000000000000000000100001111111111110000000001100100
36324,4803,7.025192,0BA,5,0100111100000000000000000000000000101110
28584,7207,7.02529,24,8,0000001000011011000000100000000101000010000011111000000000011101
22495,7208,7.025523,0AA,8,0010000011011110001000001001110100100000110100000010000010010110
18940,7209,7.026259,0B4,8,0000000000000000000000000000000000010000000001100010011111111001
32042,7213,7.028608,1C4,8,0000100110100001000110110000000000000000000000000000000010010010
16820,7216,7.030255,226,8,0000000000000000000100000000000000000000000000000000000000000000
462,7217,7.03125,320,8,0000000000100000000000000000000000000000000000000000000001001011
11521,7218,7.032596,2C1,8,0000000000000000101110010000000100011001110000000000010001100010
36325,4808,7.032682,0BA,5,1110000000110100000000000000000010001001
1530,7220,7.033418,6F3,8,0010000000000000000000000000000000000000000000000000000000000000
2289,7222,7.034576,25,8,0000000000101000000000000000000100001111111111110000000001100100
14511,7223,7.034818,1C6,8,0000000000000000100000000001000111110110001001100000000000000000
22496,7224,7.035262,0AA,8,0010000011011010001000001010000000100000110100000010000010010101
8247,7227,7.038704,260,8,0000000000000000000000000000000000000000000000001011110100100111
36326,7195,7.040171,0BA,5,1100011000000000000000000000000010111110
11171,7228,7.042016,39A,8,0000000000000000000000000000000100000000000000000000000000000000
43479,6504,7.044472,423,2,1000100000000
2290,7231,7.044572,25,8,0000000000101000000000000000000100001111111111110000000001100100
22497,7232,7.045202,0AA,8,0010000011011001001000001010010100100000110100100010000010011000
28585,7233,7.045439,24,8,0000001000011011000000100000000101000010000011011000000000011011
18941,7234,7.046207,0B4,8,0000000000000000000000000000000000010100000001100010011111111101
36327,2414,7.047661,0BA,5,0010100100000000000000000000010000101000
13523,7236,7.0479,399,8,0000000000000000000000000000000000000000111111110000000000000000
32043,7238,7.048561,1C4,8,0000100110101101000110110000000000000000000000000000000010011110
2291,7241,7.054525,25,8,0000000000101000000000000000000100001111111111110000000001100100
13836,7242,7.054849,4C6,8,0000011100000000000000110000000000000000000000000000000000000000
36328,4821,7.05515,0BA,5,0100111100000000000000000000000000101110
22498,7243,7.0552,0AA,8,0010000011011101001000001010011000100000110100110010000010011000
16821,7246,7.058181,226,8,0000000000000000000100000000000000000000000000000000000000000000
31576,7248,7.058559,633,8,1000000100000000000000000000000000000000000000000000000000000000
8248,7249,7.058805,260,8,0000000000000000000000000000000000000000000000001011000100011011
11522,7251,7.062506,2C1,8,0000000000000000101001100000000011111100110000000000010000110001
36329,4825,7.06264,0BA,5,1110000000110100000000000000000010001001
2292,7255,7.064491,25,8,0000000000101000000000000000000100001111111111110000000001100100
14512,7256,7.064729,1C6,8,0000000000000000100000000001000111010100001001100000000000000000
22499,7257,7.065176,0AA,8,0010000011100001001000001010011100100000110100000010000010010100
28586,7258,7.065412,24,8,0000001000011011000000100000001101000010000011011000000000011101
18942,7259,7.066153,0B4,8,0000000000000000000000000000000000010100000001100010011111111101
7,7262,7.068323,3B1,8,0000000000000000000000100000101000000000000010000000000000000000
32044,7263,7.06856,1C4,8,0000100110111000000110110000000000000000000000000000000010101001
36330,7225,7.070129,0BA,5,1100011000000000000000000000000010111110
2293,7266,7.074466,25,8,0000000000101000000000000000000100001111111111110000000001100100
22500,7267,7.075145,0AA,8,0010000011100001001000001010011100100000110011110010000010010111
463,7269,7.076127,320,8,0000000000100000000000000000000000000000000000000000000001001011
36331,2419,7.077619,0BA,5,0010100100000000000000000000011100101011
8249,7271,7.078649,260,8,0000000000000000000000000000000000000000000000001011000100011011
27983,7272,7.083146,6C0,8,1110010000000000000000001110000010000000000000000000000000000000
2294,7274,7.084435,25,8,0000000000101000000000000000000100001111111111110000000001100100
36332,4845,7.085108,0BA,5,0100111100000000000000000000000000101110
22501,7275,7.085117,0AA,8,0010000011011110001000001010101100100000110101000010000010011001
28587,7276,7.085353,24,8,0000001000011100000000100000010101000010000011011000000000100000
18943,7277,7.086098,0B4,8,0000000000000000000000000000000000011000000001100010110100000111
16286,7279,7.087824,4C1,8,0000000100000000000000010000000100000000000000000000000000000000
32045,7281,7.088454,1C4,8,0000100111000000000110110000000000000000000000000000000010110001
16822,7284,7.090087,226,8,0000000000000000000100000000000000000000000000000000000000000000
34760,7285,7.091032,4DF,8,0010000000000000000000000000000100000000000000000000000000000000
11523,7288,7.092444,2C1,8,0000000000000000100110010000000011110110110000000000010000011110
36333,4847,7.092598,0BA,5,1110000000110011111111000000000010000100
31394,7289,7.093089,44D,8,0100001000000010000000000000000000000001000000000000000000000000
2295,7292,7.094411,25,8,0000000000101000000000000000000100001111111111110000000001100100
14513,7293,7.09465,1C6,8,0000000000000000100000000001000110110011001001100000000000000000
22502,7294,7.095102,0AA,8,0010000011011111001000001010101000100000110100110010000010010100
8250,7296,7.098505,260,8,0000000000000000000000000000000000000000000000001010011000010000
36334,7261,7.100087,0BA,5,1100011000000000000000000000000010111110
2296,7298,7.10441,25,8,0000000000101000000000000000000100001111111111110000000001100100
22503,7299,7.10504,0AA,8,0010000011100001001000001010100000100000110100100010000010010101
28588,7300,7.105281,24,8,0000001000011100000000100000010101000010000011001000000000011111
18944,7301,7.106044,0B4,8,0000000000000000000000000000000000011000000001100010110100000111
36335,2433,7.107577,0BA,5,0010100100000000000000000000010000101000
32046,7304,7.108566,1C4,8,0000100111000011000110110000000000000000000000000000000010110100
11231,7307,7.113444,4C8,8,0000100100000000000000000000000000000000000000000000000000000000
2297,7309,7.114367,25,8,0000000000101000000000000000000100001111111111110000000001100100
22504,7310,7.115033,0AA,8,0010000011100011001000001010011000100000110100110010000010010001
36336,4865,7.115067,0BA,5,0100111100000000000000000000000000101110
16823,7313,7.118013,226,8,0000000000000000000100000000000000000000000000000000000000000000
8251,7314,7.118441,260,8,0000000000000000000000000000000000000000000000001010011000010000
16373,7315,7.118678,3F9,8,0111010100011000000000100000001010000000000000000000000000010101
11524,7316,7.122376,2C1,8,0000000000000000100100110000000011010110110000000000001111110111
36337,4869,7.122556,0BA,5,1110000000110100000111000000000010100101
2298,7320,7.124334,25,8,0000000000101000000000000000000100001111111111110000000001100100
14514,7321,7.124575,1C6,8,0000000000000000100000000001000110010000001001100000000000000000
22505,7323,7.125008,0AA,8,0010000011100011001000001010100100100000110100000010000010010010
28589,7324,7.125246,24,8,0000001000011100000000100000010101000010000010101000000000011101
18945,7325,7.12598,0B4,8,0000000000000000000000000000000000011100000001100011001000010000
32047,7328,7.128342,1C4,8,0000100111000101000110110000000000000000000000000000000010110110
464,7330,7.128979,320,8,0000000000100000000000000000000000000000000000000000000001001011
36338,7295,7.130046,0BA,5,1100011000000000000000000000000010111110
2299,7332,7.134303,25,8,0000000000101000000000000000000100001111111111110000000001100100
22506,7333,7.134977,0AA,8,0010000011100001001000001010110000100000110100110010000010010100
36339,2439,7.137535,0BA,5,0010100100000000000000000000011100101011
8252,7335,7.13845,260,8,0000000000000000000000000000000000000000000000001011000100011011
43662,7600,7.142036,3BB,5,0111000000000000000000001010000000000000
2300,7339,7.144274,25,8,0000000000101000000000000000000100001111111111110000000001100100
22507,7340,7.144953,0AA,8,0010000011011111001000001011000100100000110101110010000010001100
36340,4882,7.145025,0BA,5,0100111100000000000000000000000000101110
28590,7341,7.145192,24,8,0000001000011100000000100000010101000010000010101000000000011101
18946,7342,7.145927,0B4,8,0000000000000000000000000000000000011100000001100011001000010000
32048,7345,7.148284,1C4,8,0000100111000011000110110000000000000000000000000000000010110100
16824,7348,7.149924,226,8,0000000000000000000100000000000000000000000000000000000000000000
11525,7349,7.152305,2C1,8,0000000000000000100011000000000011001100110000000000001011100101
36341,4885,7.152514,0BA,5,1110000000110100001101000000000010111101
13291,7350,7.153072,30000000.0,7,0
2301,7352,7.154247,25,8,0000000000101000000000000000000100001111111111110000000001100100
14515,7353,7.154487,1C6,8,0000000000000000100000000001000101110000001001100000000000000000
22508,7354,7.154927,0AA,8,0010000011100011001000001011001000100000110100010010000010010000
8253,7357,7.158268,260,8,0000000000000000000000000000000000000000000000001011000100011011
36342,7327,7.160004,0BA,5,1100011000000000000000000000000010111110
2302,7359,7.164249,25,8,0000000000101000000000000000000100000000000000000000000001010110
22509,7360,7.164868,0AA,8,0010000011100101001000001010010000100000110100100010000010010011
28591,7361,7.165108,24,8,0000001000011100000000100000011001000010000010101000000000011110
18947,7362,7.165874,0B4,8,0000000000000000000000000000000000100000000001100011001000010100
36343,2451,7.167493,0BA,5,0010100100000000000000000000010000101000
32049,7364,7.168312,1C4,8,0000100110111111000110110000000000000000000000000000000010110000
2303,7368,7.174265,25,8,0000000000101000000000000000000100000000000000000000000001010110
22510,7369,7.174868,0AA,8,0010000011100110001000001010001100100000110100100010000010010011
36344,4905,7.174983,0BA,5,0100111100000000000000000000000000101110
16825,7373,7.177862,226,8,0000000000000000000100000000000000000000000000000000000000000000
8254,7374,7.178185,260,8,0000000000000000000000000000000000000000000000001011000100011011
465,7375,7.178842,320,8,0000000000100000000000000000000000000000000000000000000001001011
11526,7376,7.182214,2C1,8,0000000000000000100000110000000011001001110000000000000011010111
36345,4907,7.182472,0BA,5,1110000000110100000100000000000010011001
27942,7377,7.183014,300000000.0,8,0
2304,7380,7.184179,25,8,0000000000101000000000000000000100000000000000000000000001010110
14516,7381,7.184417,1C6,8,0000000000000000100000000001000101010010001001100000000000000000
22511,7382,7.184839,0AA,8,0010000011100110001000001010110000100000110101000010000010010100
28592,7383,7.185078,24,8,0000001000011100000000100000011001000010000011001000000000100000
18948,7384,7.185817,0B4,8,0000000000000000000000000000000000100000000001100011001000010100
32050,7387,7.188181,1C4,8,0000100110111000000110110000000000000000000000000000000010101001
34826,7389,7.188668,3C3,8,0100011000011110100100110100111011101110010001100111100101110000
36346,7355,7.189962,0BA,5,1100011000000000000000000000000010111110
35298,2109,7.190442,386,7,10100100000000000000000000000000000000000000000010000000
14041,7392,7.19073,442,8,0100001100000010000000000000000000000010000000000000000000000000
2305,7394,7.19414,25,8,0000000000101000000000000000000100000000000000000000000001010110
22512,7395,7.194811,0AA,8,0010000011100110001000001011000100100000110101000010000010011000
36347,2462,7.197452,0BA,5,0010100100000000000000000000011100101011
8255,7396,7.197991,260,8,0000000000000000000000000000000000000000000000001100100100110011
2306,7398,7.20411,25,8,0000000000101000000000000000000100000000000000000000000001010110
22513,7399,7.204787,0AA,8,0010000011100110001000001011001000100000110101110010000010011011
36348,4925,7.204941,0BA,5,0100111100000000000000000000000000101110
28593,7400,7.205045,24,8,0000001000011100000000100000011001000010000011011000000000100001
18949,7402,7.205767,0B4,8,0000000000000000000000000000000000100000000001100011001000010100
32051,7406,7.20813,1C4,8,0000100110110001000110110000000000000000000000000000000010100010
16826,7409,7.20976,226,8,0000000000000000000100000000000000000000000000000000000000000000
11527,7410,7.212114,2C1,8,0000100000000000011100110000000011000000110000000000000011000110
36349,4929,7.212431,0BA,5,1110000000110100000110000000000010100001
27922,7411,7.212929,3000000000.0,8,0
14517,7412,7.214098,1C6,8,0000000000000000100000000001000100110001001001100000000000000000
2307,7414,7.215111,25,8,0000000000101000000000000000000100000000000000000000000001010110
22514,7415,7.21573,0AA,8,0010000011101010001000001010110000100000110101100010000010011100
84,7417,7.217743,3B7,8,1000
8256,7418,7.217985,260,8,0000000000000000000000000000000000000000000000001100100100110011
13339,7419,7.218167,394,3,0
36350,7386,7.21992,0BA,5,1100011000000000000000000000000010111110
2308,7423,7.224086,25,8,0000000000101000000000000000000100000000000000000000000001010110
22515,7424,7.224704,0AA,8,0010000011101011001000001010101000100000110111010010000010100001
28594,7425,7.22494,24,8,0000001000011011000000100000100001000010000011011000000000100010
18950,7426,7.225713,0B4,8,0000000000000000000000000000000000100100000001100011100000011110
36351,2476,7.22741,0BA,5,0010100100000000000000000000010000101000
466,7428,7.227715,320,8,0000000000100000000000000000000000000000000000000000000001001011
32052,7429,7.228109,1C4,8,0000100110101001000110110000000000000000000000000000000010011010
2309,7432,7.234031,25,8,0000000000101000000000000000000100000000000000000000000001010110
22516,7433,7.234704,0AA,8,0010000011101011001000001010110000100000110110010010000010011110
36352,4942,7.234899,0BA,5,0100111100000000000000000000000000101110
16827,7436,7.237688,226,8,0000000000000000000100000000000000000000000000000000000000000000
8257,7437,7.23793,260,8,0000000000000000000000000000000000000000000000001110000101001011
7660,7440,7.241575,611,8,0010000100000000000000000001000000000000000000000011110101101100
11528,7441,7.242028,2C1,8,0000100000000000011001100000000001100110110000000000000001011111
36353,4945,7.242389,0BA,5,1110000000110100000001000000000010001101
2310,7445,7.244029,25,8,0000000000101000000000000000000100000000000000000000000001010110
14518,7446,7.244269,1C6,8,0000000000000000100000000001000100010010001001100000000000000000
22517,7447,7.244649,0AA,8,0010000011101011001000001011001100100000110111000010000010100100
28595,7448,7.244887,24,8,0000001000011011000000100000011001000010000011011000000000100000
18951,7449,7.245653,0B4,8,0000000000000000000000000000000000100100000001100011001000011000
32053,7452,7.248019,1C4,8,0000100110011110000110110000000000000000000000000000000010001111
36354,7416,7.249878,0BA,5,1100011000000000000000000000000010111110
10987,7454,7.253544,620,8,0001000000000000000000000000000000000000000000000000000000000000
2311,7456,7.254126,25,8,0000000000101000000000000000000100000000000000000000000001010110
22518,7457,7.254622,0AA,8,0010000011101101001000001011010100100000110111010010000010101000
36355,2480,7.257368,0BA,5,0010100100000000000000000000011100101011
8258,7459,7.25779,260,8,0000000000000000000000000000000000000000000000001110000101001011
2312,7461,7.263948,25,8,0000000000101000000000000000000100000000000000000000000001010110
22519,7462,7.264622,0AA,8,0010000011101101001000001010110100100000110110010010000010100101
36356,4964,7.264857,0BA,5,0100111100000000000000000000000000101110
28596,7463,7.264864,24,8,0000001000011011000000100000011001000010000011001000000000011111
18952,7464,7.265602,0B4,8,0000000000000000000000000000000000101000000001100011100000100010
32054,7467,7.267963,1C4,8,0000100110010111000110110000000000000000000000000000000010001000
16828,7470,7.269592,226,8,0000000000000000000100000000000000000000000000000000000000000000
35084,7247,7.270378,3D3,3,111001010000001000001110
11529,7473,7.271959,2C1,8,0000100000000000010011000000000001010011110000000000000000110010
36357,4967,7.272347,0BA,5,1110000000110100000111000000000010100101
14519,7474,7.27393,1C6,8,0000000000000000100000000001000011110101001001100000000000000000
2313,7476,7.274943,25,8,0000000000101000000000000000000100000000000000000000000001010110
22520,7477,7.275568,0AA,8,0010000011101100001000001010110000100000110111110010000010100110
467,7479,7.277574,320,8,0000000000100000000000000000000000000000000000000000000001001011
8259,7480,7.27782,260,8,0000000000000000000000000000000000000000000000001101010100111111
36358,7451,7.279836,0BA,5,1100011000000000000000000000000010111110
2314,7482,7.283918,25,8,0000000000101000000000000000000100000000000000000000000001010110
22521,7483,7.284541,0AA,8,0010000011101101001000001010110000100000111000000010000010100101
28597,7484,7.284781,24,8,0000001000011011000000100000010101000010000010101000000000011100
18953,7485,7.285543,0B4,8,0000000000000000000000000000000000101000000001100011100000100010
36359,2494,7.287326,0BA,5,0010100100000000000000000000010000101000
21616,7488,7.287749,443,8,0100110100000010000000000010111100000110000000000000000000000000
32055,7489,7.287989,1C4,8,0000100110001110000110110000000000000000000000000000000001111111
2315,7493,7.293866,25,8,0000000000101000000000000000000100000000000000000000000001010110
22522,7494,7.294538,0AA,8,0010000011101110001000001010110100100000110110010010000010100100
36360,4986,7.294816,0BA,5,0100111100000000000000000000000000101110
16829,7497,7.297526,226,8,0000000000000000000100000000000000000000000000000000000000000000
8260,7498,7.297768,260,8,0000000000000000000000000000000000000000000000001100100100110011
11530,7499,7.301864,2C1,8,0000100000000000010000110000000001000000110000000000000000010110
36361,4991,7.302305,0BA,5,1110000000110100001011000000000010110101
2316,7502,7.303865,25,8,0000000000101000000000000000000100000000000000000000000001010110
14520,7503,7.304102,1C6,8,0000000000000000100000000001000011010010001001100000000000000000
28598,7505,7.304636,24,8,0000001000011100000000100000000101000010000011001000000000011011
22523,7506,7.304868,0AA,8,0010000011101010001000001010110000100000110111110010000010100110
18954,7507,7.305488,0B4,8,0000000000000000000000000000000000101100000001100011001000100000
32056,7511,7.307854,1C4,8,0000100110000111000110110000000000000000000000000000000001111000
36362,7478,7.309795,0BA,5,1100011000000000000000000000000010111110
2317,7514,7.313816,25,8,0000000000101000000000000000000100000000000000000000000001010110
22524,7515,7.314486,0AA,8,0010000011101111001000001010101100100000110111110010000010100110
36363,2503,7.317284,0BA,5,0010100100000000000000000000011100101011
8261,7516,7.317527,260,8,0000000000000000000000000000000000000000000000001011000100011011
2318,7519,7.323781,25,8,0000000000101000000000000000000100000000000000000000000001010110
22525,7520,7.324462,0AA,8,0010000011101110001000001010100000100000110111100010000010011111
28599,7521,7.324708,24,8,0000001000011100000000100000000001000010000011001000000000011010
36364,5004,7.324774,0BA,5,0100111100000000000000000000000000101110
18955,7522,7.325433,0B4,8,0000000000000000000000000000000000101100000001100011001000100000
32057,7525,7.327806,1C4,8,0000100110000011000110110000000000000000000000000000000001110100
16830,7528,7.329432,226,8,0000000000000000000100000000000000000000000000000000000000000000
468,7529,7.330422,320,8,0000000000100000000000000000000000000000000000000000000001001011
11531,7530,7.331793,2C1,8,0000100000000000001110010000000000111001110000000000000000000101
36365,5008,7.332263,0BA,5,1110000000110100001010000000000010110001
2319,7532,7.333758,25,8,0000000000101000000000000000000100000000000000000000000001010110
14521,7533,7.333997,1C6,8,0000000000000000100000000001000010101110001001100000000000000000
22526,7535,7.33443,0AA,8,0010000011101010001000001010101100100000111001000010000010100101
8262,7540,7.337511,260,8,0000000000000000000000000000000000000000000000001010011000010000
36366,7510,7.339753,0BA,5,1100011000000000000000000000000010111110
2320,7542,7.343753,25,8,0000000000101000000000000000000100000000000000000000000001010110
22527,7543,7.344378,0AA,8,0010000011101010001000001011000000100000111000000010000010100001
28600,7544,7.344618,24,8,0000001000011100000000100000000001000010000011001000000000011010
18956,7545,7.345381,0B4,8,0000000000000000000000000000000000110000000001100011001000100100
36367,2515,7.347242,0BA,5,0010100100000000000000000000010000101000
32058,7547,7.347782,1C4,8,0000100110000011000110110000000000000000000000000000000001110100
2321,7551,7.353723,25,8,0000000000101000000000000000000100000000000000000000000001010110
22528,7552,7.35437,0AA,8,0010000011101011001000001011010000100000110111100010000010100100
36368,5029,7.354732,0BA,5,0100111100000000000000000000000000101110
16831,7555,7.357357,226,8,0000000000000000000100000000000000000000000000000000000000000000
8263,7556,7.357601,260,8,0000000000000000000000000000000000000000000000001011000100011011
11532,7557,7.361699,2C1,8,0000100000000000001011000000000000101100110000000000000011101011
36369,5032,7.362221,0BA,5,1110000000110100000110000000000010100001
2322,7560,7.363697,25,8,0000000000101000000000000000000100000000000000000000000001010110
14522,7561,7.363935,1C6,8,0000000000000000100000000001000010001101001001100000000000000000
22529,7562,7.364317,0AA,8,0010000011101111001000001011001000100000111000010010000010100110
28601,7563,7.364558,24,8,0000001000011100000000100000000001000010000011001000000000011010
18957,7564,7.365324,0B4,8,0000000000000000000000000000000000110000000001100011001000100100
16374,7566,7.367276,3F9,8,0111010100011000000000100000001010000000000000000000000000010101
32059,7568,7.367701,1C4,8,0000100110000001000110110000000000000000000000000000000001110010
36370,7536,7.369711,0BA,5,1100011000000000000000000000000010111110
7788,7572,7.373179,610,8,0010000000000000000100000110010011000000000000000111011001000000
2323,7574,7.373728,25,8,0000000000101000000000000000000100000000000000000000000001010110
22530,7575,7.374317,0AA,8,0010000011101110001000001010110000100000111000010010000010100010
469,7576,7.3753,320,8,0000000000100000000000000000000000000000000000000000000001001011
36371,2527,7.377201,0BA,5,0010100100000000000000000000011100101011
8264,7577,7.37735,260,8,0000000000000000000000000000000000000000000000001100100100110011
43480,533,7.379923,423,2,11100000000
27984,7578,7.381813,6C0,8,1110010000000000000000001110000010000000000000000000000000000000
2324,7580,7.383625,25,8,0000000000101000000000000000000100000000000000000000000001010110
22531,7581,7.384293,0AA,8,0010000011101011001000001010110100100000111001010010000010100000
28602,7582,7.384531,24,8,0000001000011100000000100000000101000010000011001000000000011011
36372,5049,7.38469,0BA,5,0100111100000000000000000000000000101110
18958,7583,7.385269,0B4,8,0000000000000000000000000000000000110000000001100011100000101010
32060,7587,7.387646,1C4,8,0000100101111100000110110000000000000000000000000000000001101101
16832,7591,7.389261,226,8,0000000000000000000100000000000000000000000000000000000000000000
11533,7593,7.39163,2C1,8,0000100000000000000101100000000000100000110000000000000011001001
31395,7594,7.391872,44D,8,0100001000000010000000000000000000000001000000000000000000000000
36373,5053,7.39218,0BA,5,1110000000110100000111000000000010100101
2325,7596,7.393589,25,8,0000000000101000000000000000000100000000000000000000000001010110
14523,7597,7.393828,1C6,8,0000000000000000100000000001000001101011001001100000000000000000
22532,7598,7.394262,0AA,8,0010000011101010001000001011001000100000111001110010000010100100
8265,7601,7.397192,260,8,0000000000000000000000000000000000000000000000001101010100111111
36374,7567,7.399669,0BA,5,1100011000000000000000000000000010111110
2326,7605,7.403588,25,8,0000000000101000000000000000000100000000000000000000000001010110
22533,7606,7.404209,0AA,8,0010000011101101001000001011011000100000111000010010000010100000
28603,7607,7.404455,24,8,0000001000011100000000100000000001000010000011111000000000011101
18959,7608,7.405214,0B4,8,0000000000000000000000000000000000110100000001100011100000101110
36375,2540,7.407159,0BA,5,0010100100000000000000000000010000101000
32061,7610,7.407582,1C4,8,0000100101110111000110110000000000000000000000000000000001101000
13899,7612,7.41217,622,8,0001001000000000000000000000000000000000000000000000000000000000
2327,7614,7.41456,25,8,0000000000101000000000000000000100000000000000000000000001010110
36376,5064,7.414648,0BA,5,0100111100000000000000000000000000101110
22534,7615,7.415184,0AA,8,0010000011101110001000001011000000100000110111100010000010100000
8266,7617,7.417165,260,8,0000000000000000000000000000000000000000000000001110000101001011
16833,7619,7.41819,226,8,0000000000000000000100000000000000000000000000000000000000000000
11534,7621,7.421539,2C1,8,0000100011111111111011010000000000000011110000000000000010000010
36377,5067,7.422138,0BA,5,1110000000110100001101000000000010111101
2328,7624,7.423505,25,8,0000000000101000000000000000000100000000000000000000000001010110
14524,7625,7.423744,1C6,8,0000000000000000100000000001000001000110001001100000000000000000
22535,7626,7.424185,0AA,8,0010000011110010001000001010110000100000110111100010000010100111
28604,7627,7.424431,24,8,0000001000011100000000100000000001000010000011111000000000011101
18960,7628,7.425163,0B4,8,0000000000000000000000000000000000110100000001100011100000101110
32062,7631,7.427528,1C4,8,0000100101110010000110110000000000000000000000000000000001100011
470,7633,7.428161,320,8,0000000000100000000000000000000000000000000000000000000001001011
36378,7599,7.429627,0BA,5,1100011000000000000000000000000010111110
2329,7635,7.43348,25,8,0000000000101000000000000000000100000000000000000000000001010110
22536,7636,7.434158,0AA,8,0010000011101110001000001010110000100000110111010010000010100000
8267,7640,7.436959,260,8,0000000000000000000000000000000000000000000000010000010001101111
36379,2545,7.437117,0BA,5,0010100100000000000000000000011100101011
43663,247,7.439621,3BB,5,1011101100000000000000000000000000100110
31637,7641,7.442407,389,8,0000000000100000000000000000000000000000000000000000000000000000
2330,7643,7.443477,25,8,0000000000101000000000000000000100000000000000000000000001010110
22537,7644,7.444102,0AA,8,0010000011101011001000001010110100100000111000000010000010100110
28605,7645,7.444342,24,8,0000001000011100000000100000000001000010000011011000000000011011
36380,5086,7.444606,0BA,5,0100111100000000000000000000000000101110
18961,7646,7.445104,0B4,8,0000000000000000000000000000000000111000000001100011100000110010
32063,7649,7.447479,1C4,8,0000100101110010000110110000000000000000000000000000000001100011
16834,7652,7.449101,226,8,0000000000000000000100000000000000000000000000000000000000000000
11535,7653,7.451472,2C1,8,0000100011111111110000001111111111001010110000000000000000011011
36381,5089,7.452096,0BA,5,1110000000110100001001000000000010101101
2331,7656,7.453426,25,8,0000000000101000000000000000000100000000000000000000000001010110
14525,7657,7.453665,1C6,8,0000000000000000100000000001000000100100001001010000000000000000
22538,7658,7.454103,0AA,8,0010000011101000001000001011000000100000110111010010000010100110
8268,7660,7.456883,260,8,0000000000000000000000000000000000000000000000010000010001101111
36382,7630,7.459586,0BA,5,1100011000000000000000000000000010111110
13644,7661,7.459678,4B7,8,1110001101011111001000001111000000000000111010000000000100001000
2332,7664,7.463421,25,8,0000000000101000000000000000000100000000000000000000000001010110
22539,7665,7.464042,0AA,8,0010000011101010001000001011000100100000110111100010000010100011
28606,7666,7.464282,24,8,0000001000011100000000100000000001000010000010101000000000011000
18962,7667,7.465047,0B4,8,0000000000000000000000000000000000111000000001100011100000110010
36383,2560,7.467075,0BA,5,0010100100000000000000000000010000101000
13584,7669,7.467123,4DD,8,0001111000000000000000000000000000000000000000000000000000000000
32064,7670,7.467425,1C4,8,0000100101101110000110110000000000000000000000000000000001011111
2333,7675,7.473373,25,8,0000000000101000000000000000000100000000000000000000000001010110
22540,7676,7.474046,0AA,8,0010000011101010001000001011000100100000110111110010000010101000
36384,5106,7.474565,0BA,5,0100111100000000000000000000000000101110
8269,7679,7.476747,260,8,0000000000000000000000000000000000000000000000010000010001101111
16835,7680,7.477025,226,8,0000000000000000000100000000000000000000000000000000000000000000
471,7681,7.478021,320,8,0000000000100000000000000000000000000000000000000000000001001011
11536,7682,7.481379,2C1,8,0000100011111111101101001111111110110111110000000000000011111100
36385,5111,7.482054,0BA,5,1110000000110100001011000000000010110101
2334,7685,7.483338,25,8,0000000000101000000000000000000100000000000000000000000001010110
14526,7686,7.483574,1C6,8,0000000000000000100000000001000000000100001001010100000000000000
22541,7687,7.484018,0AA,8,0010000011100110001000001011000100100000110111000010000010100111
28607,7688,7.484255,24,8,0000001000011100000000011111111101000010000011001000000000011000
18963,7690,7.484999,0B4,8,0000000000000000000000000000000000111100000001100011001000110000
32065,7693,7.487371,1C4,8,0000100101100110000110110000000000000000000000000000000001010111
36386,7659,7.489544,0BA,5,1100011000000000000000000000000010111110
14042,7696,7.489765,442,8,0100001100000010000000000000000000000010000000000000000000000000
2335,7698,7.493316,25,8,0000000000101000000000000000000100000000000000000000000001010110
22542,7699,7.493992,0AA,8,0010000011100100001000001011001000100000110111010010000010100000
8270,7700,7.496687,260,8,0000000000000000000000000000000000000000000000010001000001111011
36387,2566,7.497033,0BA,5,0010100100000000000000000000011100101011
268,7703,7.502145,38F,8,0000000100000000000000000000000000000000000000000000000000000000
2336,7705,7.503281,25,8,0000000000101000000000000000000100000000000000000000000001010110
22543,7706,7.503964,0AA,8,0010000011100011001000001010111000100000110111010010000010100100
28608,7707,7.504201,24,8,0000001000011011000000011111111101000010000011011000000000011000
36388,5127,7.504523,0BA,5,0100111100000000000000000000000000101110
18964,7708,7.504941,0B4,8,0000000000000000000000000000000000111100000001100011100000110110
32066,7711,7.507312,1C4,8,0000100101011101000110110000000000000000000000000000000001001110
16836,7714,7.508933,226,8,0000000000000000000100000000000000000000000000000000000000000000
11537,7715,7.511306,2C1,8,0000100011111111100111011111111110100000110000000000000011001110
36389,5131,7.512012,0BA,5,1110000000110100000111000000000010100101
2337,7717,7.513259,25,8,0000000000101000000000000000000100000000000000000000000001010110
14527,7718,7.513499,1C6,8,0000000000000000100000000000111111100011001001100100000000000000
22544,7719,7.513938,0AA,8,0010000011011111001000001010100100100000110110110010000010100000
85,7721,7.515917,3B7,8,1000
8271,7722,7.516631,260,8,0000000000000000000000000000000000000000000000010001000001111011
13340,7724,7.516971,394,3,0
36390,7692,7.519502,0BA,5,1100011000000000000000000000000010111110
2338,7726,7.523258,25,8,0000000000101000000000000000000100000000000000000000000001010110
22545,7727,7.52388,0AA,8,0010000011011001001000001010011100100000111000000010000010011111
28609,7728,7.524122,24,8,0000001000011011000000011111110101000010000011011000000000010110
18965,7729,7.524883,0B4,8,0000000000000000000000000000000001000000000001100011001000110100
472,7731,7.526884,320,8,0000000000100000000000000000000000000000000000000000000001001011
36391,2577,7.526991,0BA,5,0010100100000000000000000000010000101000
32067,7733,7.527266,1C4,8,0000100101010111000110110000000000000000000000000000000001001000
35085,925,7.530034,3D3,3,011011000001001000000000
34701,7735,7.531493,380,8,0
2339,7738,7.534229,25,8,0000000000101000000000000000000100000000000000000000000001010110
36392,5148,7.534481,0BA,5,0100111100000000000000000000000000101110
22546,7739,7.534847,0AA,8,0010000011010111001000001010001100100000110110110010000010100101
8272,7741,7.536533,260,8,0000000000000000000000000000000000000000000000010001110010000111
16837,7743,7.537855,226,8,0000000000000000000100000000000000000000000000000000000000000000
31245,7745,7.54061,4A6,8,0000000000000000000000000000000000000000000011110000000000000000
10988,7746,7.540875,620,8,0001000000000000000000000000000000000000000000000000000000000000
11538,7747,7.541212,2C1,8,0000100011111111100011011111111110001101110000000000000010101011
36393,5150,7.541971,0BA,5,1110000000110100001101000000000010111101
2340,7750,7.543188,25,8,0000000000101000000000000000000100000000000000000000000001010110
14528,7751,7.543426,1C6,8,0000000000000000100000000000111111000101001001010100000000000000
22547,7752,7.543851,0AA,8,0010000011011010001000001010011100100000110101000010000010011011
28610,7753,7.544093,24,8,0000001000011011000000011111101101000010000011001000000000010011
18966,7754,7.544828,0B4,8,0000000000000000000000000000000001000000000001100010110100101111
32068,7757,7.547209,1C4,8,0000100101010111000110110000000000000000000000000000000001001000
34940,7759,7.547824,4C3,8,0000001100000000000000000000000100000000000000000000000000000000
36394,7720,7.54946,0BA,5,1100011000000000000000000000000010111110
2341,7762,7.553157,25,8,0000000000101000000000000000000100000000000000000000000001010110
22548,7763,7.553823,0AA,8,0010000011100001001000001010010100100000110110000010000010011011
8273,7764,7.556459,260,8,0000000000000000000000000000000000000000000000010001000001111011
36395,2586,7.55695,0BA,5,0010100100000000000000000000011100101011
2342,7766,7.563147,25,8,0000000000101000000000000000000100000000000000000000000001010110
22549,7767,7.563775,0AA,8,0010000011100000001000001010000000100000110110000010000010011101
28611,7768,7.564016,24,8,0000001000011011000000011111011001000010000010101000000000001100
36396,5169,7.564439,0BA,5,0100111100000000000000000000000000101110
18967,7769,7.564771,0B4,8,0000000000000000000000000000000001000100000001100010110100110011
32069,7774,7.567163,1C4,8,0000100101011100000110110000000000000000000000000000000001001101
16838,7777,7.568771,226,8,0000000000000000000100000000000000000000000000000000000000000000
11539,7778,7.571141,2C1,8,0000100011111111011110101111111110000100110000000000000010001111
36397,5173,7.571929,0BA,5,1110000000110100000111000000000010100101
2343,7780,7.573094,25,8,0000000000101000000000000000000100000000000000000000000001010110
14529,7781,7.573333,1C6,8,0000000000000000100000000000111110101001001001010100000000000000
22550,7782,7.573769,0AA,8,0010000011010110001000001001101100100000110100110010000010011010
473,7784,7.575748,320,8,0000000000100000000000000000000000000000000000000000000001001011
8274,7785,7.576465,260,8,0000000000000000000000000000000000000000000000010000010001101111
36398,7756,7.579418,0BA,5,1100011000000000000000000000000010111110
2344,7789,7.583092,25,8,0000000000101000000000000000000100000000000000000000000001010110
22551,7790,7.583712,0AA,8,0010000011010010001000001001101100100000110011110010000010010110
28612,7791,7.583952,24,8,0000001000011011000000011111010001000010000011011000000000001101
18968,7792,7.584718,0B4,8,0000000000000000000000000000000001000100000001100010110100110011
36399,2600,7.586908,0BA,5,0010100100000000000000000000010000101000
21617,7795,7.586921,443,8,0100110100000010000000000010111100000110000000000000000000000000
32070,7796,7.587158,1C4,8,0000100101100110000110110000000000000000000000000000000001010111
2345,7800,7.593038,25,8,0000000000101000000000000000000100000000000000000000000001010110
22552,7801,7.593713,0AA,8,0010000011010010001000001001111100100000110011100010000010010111
36400,5191,7.594397,0BA,5,0100111100000000000000000000000000101110
8275,7804,7.596318,260,8,0000000000000000000000000000000000000000000000001111100001100010
16839,7805,7.596695,226,8,0000000000000000000100000000000000000000000000000000000000000000
11540,7807,7.601047,2C1,8,0000100011111111011100001111111101101101110000000000000001101110
36401,5195,7.601887,0BA,5,1110000000110100001100000000000010111001
2346,7810,7.603037,25,8,0000000000101000000000000000000100000000000000000000000001010110
14530,7811,7.603277,1C6,8,0000000000000000100000000000111110001011001001100100000000000000
22553,7812,7.603658,0AA,8,0010000011010011001000001001111100100000110100100010000010010110
28613,7813,7.603896,24,8,0000001000011011000000011111000101000010000011011000000000001010
18969,7814,7.604662,0B4,8,0000000000000000000000000000000001000100000001100010000100100111
32071,7817,7.607048,1C4,8,0000100101110001000110110000000000000000000000000000000001100010
36402,7783,7.609376,0BA,5,1100011000000000000000000000000010111110
2347,7820,7.612981,25,8,0000000000101000000000000000000100000000000000000000000001010110
22554,7821,7.613658,0AA,8,0010000011010101001000001001110000100000110011110010000010010101
8276,7823,7.616325,260,8,0000000000000000000000000000000000000000000000010000010001101111
36403,2604,7.616866,0BA,5,0010100100000000000000000000011100101011
16375,7824,7.617362,3F9,8,0111010100011000000000100000001010000000000000000000000000010101
2348,7826,7.622954,25,8,0000000000101000000000000000000100000000000000000000000001010110
22555,7827,7.623632,0AA,8,0010000011010011001000001001100100100000110001100010000010010011
28614,7828,7.623869,24,8,0000001000011010000000011111000101000010000011011000000000001001
36404,5212,7.624355,0BA,5,0100111100000000000000000000000000101110
18970,7829,7.624606,0B4,8,0000000000000000000000000000000001001000000001100010000100101011
32072,7832,7.626992,1C4,8,0000100110000001000110110000000000000000000000000000000001110010
16840,7835,7.628603,226,8,0000000000000000000100000000000000000000000000000000000000000000
474,7836,7.629596,320,8,0000000000100000000000000000000000000000000000000000000001001011
14223,7837,7.630594,60.0,8,1010000100000000000000000000000000000000011100000000000000000000
11541,7839,7.631009,2C1,8,0000100011111111010110101111111101110000110000000000000001011011
36405,5215,7.631845,0BA,5,1110000000110100001101000000000010111101
14531,7841,7.63296,1C6,8,0000000000000000100000000000111101101101001001010100000000000000
2349,7843,7.633956,25,8,0000000000101000000000000000000100000000000000000000000001010110
22556,7844,7.634578,0AA,8,0010000011010000001000001001100100100000110010000010000010010001
8277,7846,7.636265,260,8,0000000000000000000000000000000000000000000000010000010001101111
36406,7816,7.639335,0BA,5,1100011000000000000000000000000010111110
2350,7849,7.642927,25,8,0000000000101000000000000000000100000000000000000000000001010110
22557,7850,7.643546,0AA,8,0010000011001101001000001001011100100000110001010010000010010001
28615,7851,7.643787,24,8,0000001000011010000000011110111101000010000011001000000000000110
18971,7852,7.644553,0B4,8,0000000000000000000000000000000001001000000001100010000100101011
7720,7854,7.646746,435,8,1000000000000101000001011111111111100000001111110000000000000011
36407,2619,7.646824,0BA,5,0010100100000000000000000000010000101000
32073,7855,7.646983,1C4,8,0000100110010011000110110000000000000000000000000000000010000100
2351,7859,7.652873,25,8,0000000000101000000000000000000100000000000000000000000001010110
22558,7860,7.653546,0AA,8,0010000011001101001000001001011100100000110001000010000010010001
10910,7861,7.653796,436,8,0
36408,5235,7.654314,0BA,5,0100111100000000000000000000000000101110
8278,7865,7.656054,260,8,0000000000000000000000000000000000000000000000010000010001101111
16841,7866,7.65653,226,8,0000000000000000000100000000000000000000000000000000000000000000
11542,7867,7.660889,2C1,8,0000100011111111010101001111111101101010110000000000000001001111
36409,5238,7.661803,0BA,5,1110000000110100001110000000000011000001
2352,7870,7.662842,25,8,0000000000101000000000000000000100000000000000000000000001010110
14532,7871,7.663077,1C6,8,0000000000000000100000000000111101010010001001010100000000000000
22559,7872,7.663525,0AA,8,0010000011010000001000001001010100100000110000000010000010001101
28616,7873,7.663767,24,8,0000001000011010000000011111000101000010000011001000000000001000
18972,7875,7.664495,0B4,8,0000000000000000000000000000000001001100000001100001110000101010
32074,7878,7.666883,1C4,8,0000100110011110000110110000000000000000000000000000000010001111
36410,7845,7.669293,0BA,5,1100011000000000000000000000000010111110
2353,7881,7.672817,25,8,0000000000101000000000000000000100000000000000000000000001010110
22560,7882,7.673496,0AA,8,0010000011011001001000001001001000100000101111100010000010010001
475,7883,7.674505,320,8,0000000000100000000000000000000000000000000000000000000001001011
8279,7884,7.675885,260,8,0000000000000000000000000000000000000000000000001111100001100010
36411,2627,7.676782,0BA,5,0010100100000000000000000000011100101011
27985,7886,7.680501,6C0,8,1110010000000000000000001110000010000000000000000000000000000000
13776,7887,7.681657,434,8,0100001000000000000000000000000000000000000000000000000000000000
2354,7889,7.682786,25,8,0000000000101000000000000000000100000000000000000000000001010110
22561,7890,7.683464,0AA,8,0010000011001001001000001001010000100000101111010010000010001100
28617,7891,7.683702,24,8,0000001000011011000000011111001101000010000010101000000000001001
36412,5251,7.684272,0BA,5,0100111100000000000000000000000000101110
18973,7892,7.68444,0B4,8,0000000000000000000000000000000001001100000001100001110000101010
32075,7895,7.68683,1C4,8,0000100110100100000110110000000000000000000000000000000010010101
34827,7897,7.68732,3C3,8,0100011000011110100100110100111011101110010001100111100101110000
16842,7899,7.688436,226,8,0000000000000000000100000000000000000000000000000000000000000000
28167,7900,7.688683,437,8,1111110011111111111111111111111111111111111111111111111111111111
31396,7902,7.690412,44D,8,0100001000000010000000000000000000000001000000000000000000000000
11543,7903,7.690818,2C1,8,0000100011111111010000001111111101001010110000000000000000011011
36413,5254,7.691761,0BA,5,1110000000110100001100000000000010111001
2355,7905,7.692763,25,8,0000000000101000000000000000000100000000000000000000000001010110
14533,7906,7.693001,1C6,8,0000000000000000100000000000111100110111001001010100000000000000
22562,7907,7.693449,0AA,8,0010000011001011001000001001000100100000101111100010000010000011
8280,7910,7.695826,260,8,0000000000000000000000000000000000000000000000001111100001100010
36414,7877,7.699251,0BA,5,1100011000000000000000000000000010111110
2356,7913,7.70276,25,8,0000000000101000000000000000000100000000000000000000000001010110
22563,7914,7.703388,0AA,8,0010000011001010001000001000111100100000101111100010000010000000
28618,7915,7.70363,24,8,0000001000011010000000011111010001000010000011001000000000001011
18974,7916,7.704387,0B4,8,0000000000000000000000000000000001010000000001100001110000101110
36415,2638,7.70674,0BA,5,0010100100000000000000000000010000101000
32076,7918,7.70681,1C4,8,0000100110101001000110110000000000000000000000000000000010011010
2357,7921,7.712711,25,8,0000000000101000000000000000000100000000000000000000000001010110
22564,7923,7.713382,0AA,8,0010000011001010001000001000111100100000101110010010000010000110
36416,5274,7.71423,0BA,5,0100111100000000000000000000000000101110
43481,2041,7.715374,423,2,10101000000100
8281,7926,7.71572,260,8,0000000000000000000000000000000000000000000000010000010001101111
16843,7927,7.716359,226,8,0000000000000001000100000000000000000000000000000000000000000000
11544,7930,7.720726,2C1,8,0000100011111111001101001111111101000111110000000000000000001100
36417,5277,7.72172,0BA,5,1110000000110100001110000000000011000001
2358,7933,7.722676,25,8,0000000000101000000000000000000100000000000000000000000001010110
14534,7934,7.722912,1C6,8,0000000000000000100000000000111100011010001001010100000000000000
22565,7935,7.723361,0AA,8,0010000011001010001000001000110000100000101111100010000001111100
28619,7936,7.723599,24,8,0000001000011011000000011111010001000010000011001000000000001100
18975,7937,7.724333,0B4,8,0000000000000000000000000000000001010000000001100001011000101000
32077,7940,7.72672,1C4,8,0000100110101100000110110000000000000000000000000000000010011101
476,7942,7.727327,320,8,0000000000100000000000000000000000000000000000000000000001001011
36418,7908,7.729209,0BA,5,1100011000000000000000000000000010111110
2359,7945,7.73265,25,8,0000000000101000000000000000000100000000000000000000000001010110
22566,7946,7.733334,0AA,8,0010000011001010001000001000110000100000101111010010000001111110
8282,7948,7.735621,260,8,0000000000000000000000000000000000000000000000010000010001101111
36419,2646,7.736699,0BA,5,0010100100000000000000000000011100101011
43664,512,7.737205,3BB,5,1010010100000000000000000000000000000000
2360,7950,7.742637,25,8,0000000000101000000000000000000100000000000000000000000001010110
22567,7951,7.7433,0AA,8,0010000011001001001000001000110000100000101110100010000001111000
28620,7952,7.743545,24,8,0000001000011011000000011111100001000010000011111000000000010011
36420,5299,7.744188,0BA,5,0100111100000000000000000000000000101110
18976,7953,7.744279,0B4,8,0000000000000000000000000000000001010100000001100001011000101100
32078,7957,7.746733,1C4,8,0000100110100111000110110000000000000000000000000000000010011000
16844,7960,7.748277,226,8,0000000000000000000100000000000000000000000000000000000000000000
11545,7961,7.750656,2C1,8,0000100011111111000111011111111100110000110000000000000011011110
36421,5302,7.751678,0BA,5,1110000000110100001011000000000010110101
2361,7963,7.752598,25,8,0000000000101000000000000000000100000000000000000000000001010110
14535,7964,7.752833,1C6,8,0000000000000000100000000000111011111111001001010100000000000000
22568,7965,7.753284,0AA,8,0010000011001000001000001000111100100000101110110010000001111001
8283,7967,7.755578,260,8,0000000000000000000000000000000000000000000000010001000001111011
36422,7939,7.759167,0BA,5,1100011000000000000000000000000010111110
2362,7971,7.762599,25,8,0000000000101000000000000000000100000000000000000000000001010110
22569,7972,7.763219,0AA,8,0010000011000101001000001000110100100000101110010010000001111101
28621,7973,7.76347,24,8,0000001000011011000000011111101001000010000011011000000000010011
18977,7974,7.764226,0B4,8,0000000000000000000000000000000001010100000001100001011000101100
32079,7976,7.766631,1C4,8,0000100110011111000110110000000000000000000000000000000010010000
36423,2660,7.766657,0BA,5,0010100100000000000000000000010000101000
2363,7979,7.772546,25,8,0000000000101000000000000000000100000000000000000000000001010110
22570,7980,7.773224,0AA,8,0010000011000001001000001000101000100000101110000010000001111011
36424,5315,7.774146,0BA,5,0100111100000000000000000000000000101110
8284,7983,7.775456,260,8,0000000000000000000000000000000000000000000000010011010010011111
16845,7984,7.776201,226,8,0000000000000000000100000000000000000000000000000000000000000000
477,7985,7.777194,320,8,0000000000100000000000000000000000000000000000000000000001001011
11546,7988,7.780699,2C1,8,0000100011111111001000001111111100101101110000000000000011011110
36425,5318,7.781636,0BA,5,1110000000110100001110000000000011000001
2364,7990,7.782519,25,8,0000000000101000000000000000000100000000000000000000000001010110
14536,7991,7.782756,1C6,8,0000000000000000100000000000111011100110001001010100000000000000
22571,7992,7.783199,0AA,8,0010000011000000001000001000100000100000101110100010000001110111
28622,7993,7.78344,24,8,0000001000011011000000011111101001000010000011011000000000010011
18978,7994,7.784171,0B4,8,0000000000000000000000000000000001010100000001100001011000101100
32080,7998,7.786567,1C4,8,0000100110010111000110110000000000000000000000000000000010001000
14043,8001,7.788805,442,8,0100001100000010000000000000000000000010000000000000000000000000
36426,7966,7.789125,0BA,5,1100011000000000000000000000000010111110
35299,3086,7.789645,386,7,11000100000000000000000000000000000000000000000010101010
35086,7786,7.78969,3D3,3,111001010000000111101001
13965,8002,7.791371,38E,8,0
2365,8004,7.792494,25,8,0000000000101000000000000000000100000000000000000000000001010110
22572,8005,7.793172,0AA,8,0010000011000011001000001000011100100000101101010010000001111011
8285,8007,7.795489,260,8,0000000000000000000000000000000000000000000000010100000010101011
36427,2664,7.796615,0BA,5,0010100100000000000000000000011100101011
2366,8009,7.802466,25,8,0000000000101000000000000000000100000000000000000000000001010110
22573,8010,7.803141,0AA,8,0010000011000011001000001000010100100000101100010010000001111011
28623,8011,7.803382,24,8,0000001000011011000000011111101101000010000011001000000000010011
36428,5336,7.804105,0BA,5,0100111100000000000000000000000000101110
18979,8012,7.80412,0B4,8,0000000000000000000000000000000001011000000001100001000100101011
32081,8015,7.80652,1C4,8,0000100110001100000110110000000000000000000000000000000001111101
16846,8018,7.80812,226,8,0000000000000000000100000000000000000000000000000000000000000000
11547,8019,7.810504,2C1,8,0000100011111111000101001111111100100111110000000000000011001100
36429,5339,7.811594,0BA,5,1110000000110100001010000000000010110001
2367,8022,7.812441,25,8,0000000000101000000000000000000100000000000000000000000001010110
14537,8023,7.812675,1C6,8,0000000000000000100000000000111011001001001001010100000000000000
22574,8024,7.813116,0AA,8,0010000011000011001000001000010100100000101100010010000001110100
86,8026,7.8151,3B7,8,1000
8286,8027,7.815403,260,8,0000000000000000000000000000000000000000000000010110000111001100
13341,8028,7.815557,394,3,0
36430,7997,7.819084,0BA,5,1100011000000000000000000000000010111110
2368,8030,7.822443,25,8,0000000000101000000000000000000100000000000000000000000001010110
22575,8031,7.823065,0AA,8,0010000011000000001000001000001000100000101100110010000001111000
28624,8032,7.823304,24,8,0000001000011011000000011111110101000010000011001000000000010101
18980,8033,7.824066,0B4,8,0000000000000000000000000000000001011000000001100001000100101011
478,8036,7.826067,320,8,0000000000100000000000000000000000000000000000000000000001001011
32082,8037,7.826467,1C4,8,0000100110000000000110110000000000000000000000000000000001110001
36431,2681,7.826573,0BA,5,0010100100000000000000000000010000101000
2369,8041,7.832388,25,8,0000000000101000000000000000000100010000000000000000000001100110
22576,8042,7.833067,0AA,8,0010000010111110001000001000000100100000101101100010000001110100
36432,5359,7.834063,0BA,5,0100111100000000000000000000000000101110
8287,8045,7.8353,260,8,0000000000000000000000000000000000000000000000010110110011010111
16847,8046,7.836041,226,8,0000000000000001000100000000000000000000000000000000000000000000
10989,8048,7.839728,620,8,0001000000000000000000000000000000000000000000000000000000000000
11548,8050,7.840411,2C1,8,0000100011111111000010101111111100011010110000000000000010110101
36433,5363,7.841552,0BA,5,1110000000110100001110000000000011000001
2370,8052,7.842388,25,8,0000000000101000000000000000000100010000000000000000000001100110
14538,8053,7.842625,1C6,8,0000000000000000100000000000111010101110001001010100000000000000
22577,8054,7.843014,0AA,8,0010000010111110001000001000001000100000101011010010000001111000
28625,8055,7.843252,24,8,0000001000011011000000011111110101000010000011001000000000010101
18981,8057,7.844014,0B4,8,0000000000000000000000000000000001011100000001100000101100101001
32083,8060,7.846411,1C4,8,0000100101110001000110110000000000000000000000000000000001100010
36434,8025,7.849042,0BA,5,1100011000000000000000000000000010111110
13710,8063,7.851212,3A5,8,100000000
2371,8065,7.852347,25,8,0000000000101000000000000000000100100000000000000000000001110110
22578,8066,7.853013,0AA,8,0010000010111011001000001000001000100000101011000010000001111000
8288,8067,7.85527,260,8,0000000000000000000000000000000000000000000000010111011111100010
36435,2686,7.856531,0BA,5,0010100100000000000000000000011100101011
2372,8070,7.862307,25,8,0000000000101000000000000000000100110000000000000000000010000110
22579,8071,7.862994,0AA,8,0010000010111110001000001000000100100000101100000010000001110011
28626,8072,7.863234,24,8,0000001000011011000000011111110101000010000011011000000000010110
18982,8073,7.863966,0B4,8,0000000000000000000000000000000001011100000001100000101100101001
36436,5375,7.864021,0BA,5,0100111100000000000000000000000000101110
32084,8076,7.866363,1C4,8,0000100101110001000110110000000000000000000000000000000001100010
16376,8078,7.866763,3F9,8,0111010100011000000000100000001010000000000000000000000000010101
16848,8080,7.867961,226,8,0000000000000000000100000000000000000000000000000000000000000000
7789,8081,7.869558,610,8,0010000010000000000011110110010011000000000000000110100001000000
11549,8082,7.870352,2C1,8,0000100011111110111111011111111100000000110000000000000010001101
36437,5378,7.87151,0BA,5,1110000000110100001101000000000010111101
14539,8083,7.872332,1C6,8,0000000000000000100000000000111010010101001001010100000000000000
2373,8085,7.873311,25,8,0000000000101000000000000000000101010000000000000000000010100110
22580,8086,7.873933,0AA,8,0010000010111000001000001000000000100000101011000010000001110010
8289,8088,7.875185,260,8,0000000000000000000000000000000000000000000000010110110011010111
479,8089,7.87594,320,8,0000000000100000000000000000000000000000000000000000000001001011
36438,8059,7.879,0BA,5,1100011000000000000000000000000010111110
35004,8091,7.881137,413,8,0000000100000001000000010000100100000000000000000000000000000000
31318,8092,7.88152,640,8,1010100000000000000000000011011100000001110111010000000000000000
2374,8094,7.882284,25,8,0000000000101000000000000000000101100000000000000000000010110110
22581,8095,7.882907,0AA,8,0010000010110001001000001000001100100000101011000010000001110010
28627,8096,7.883145,24,8,0000001000011011000000011111110101000010000011011000000000010110
18983,8097,7.883912,0B4,8,0000000000000000000000000000000001100000000001100000101100101101
21618,8100,7.886121,443,8,0100110100000010000000000010111100000110000000000000000000000000
32085,8101,7.886357,1C4,8,0000100101011101000110110000000000000000000000000000000001001110
36439,2695,7.88649,0BA,5,0010100100000000000000000000010000101000
2375,8105,7.892233,25,8,0000000000101000000000000000000101110000000000000000000011000110
22582,8107,7.892915,0AA,8,0010000010101100001000000111110100100000101011000010000001101111
36440,5398,7.893979,0BA,5,0100111100000000000000000000000000101110
8290,8110,7.895079,260,8,0000000000000000000000000000000000000000000000011010010000001111
16849,8111,7.895886,226,8,0000000000000000000100000000000000000000000000000000000000000000
11550,8113,7.900273,2C1,8,0000100011111110111010101111111011110111110000000000000001110000
36441,5400,7.901469,0BA,5,1110000000110100001110000000000011000001
2376,8115,7.90223,25,8,0000000000101001000000000000000110100000000011100000000000000101
14540,8116,7.902467,1C6,8,0000000000000000100000000000111001101110001001010100000000000000
22583,8117,7.902853,0AA,8,0010000010110000001000000111101100100000101001110010000001101110
28628,8118,7.903092,24,8,0000001000011011000000011111101101000010000011011000000000010100
18984,8119,7.903861,0B4,8,0000000000000000000000000000000001100000000001100000010100100111
32086,8122,7.906257,1C4,8,0000100101001010000110110000000000000000000000000000000000111011
36442,8087,7.908958,0BA,5,1100011000000000000000000000000010111110
2377,8126,7.912181,25,8,0000000000101001000000000000000111000000000011100000000000100101
22584,8127,7.912856,0AA,8,0010000010110001001000000111011000100000101001110010000001101111
8291,8129,7.914995,260,8,0000000000000000000000000000000000000000000000011010010000001111
36443,2704,7.916448,0BA,5,0010100100000000000000000000011100101011
2378,8131,7.922159,25,8,0000000000101001000000000000000111100000000011100000000001000101
22585,8132,7.922829,0AA,8,0010000010110001001000000111011000100000101001100010000001100110
28629,8133,7.923068,24,8,0000001000011011000000011111101001000010000011001000000000010010
18985,8134,7.923812,0B4,8,0000000000000000000000000000000001100000000001100000000000100010
36444,5417,7.923937,0BA,5,0100111100000000000000000000000000101110
32087,8138,7.926218,1C4,8,0000100100111110000110110000000000000000000000000000000000101111
16850,8141,7.927801,226,8,0000000000000000000100000000000000000000000000000000000000000000
480,8142,7.928797,320,8,0000000000100000000000000000000000000000000000000000000001001011
11551,8143,7.930193,2C1,8,0000100011111110110110101111111011100100110000000000000001001101
36445,5421,7.931427,0BA,5,1110000000110100001110000000000011000001
14541,8144,7.93221,1C6,8,0000000000000000100000000000111001000010001001010100000000000000
2379,8146,7.933148,25,8,0000000000101001000000000000000100010000000101000000000001111011
22586,8147,7.933776,0AA,8,0010000010101011001000000111011100100000101000000010000001101010
8292,8149,7.934963,260,8,0000000000000000000000000000000000000000000000011010010000001111
36446,8121,7.938916,0BA,5,1100011000000000000000000000000010111110
2380,8153,7.942233,25,8,0000000000101001000000000000000100110000000101000000000010011011
22587,8154,7.942749,0AA,8,0010000010100111001000000111011000100000101000110010000001101101
28630,8155,7.942985,24,8,0000001000011011000000011111100001000010000011001000000000010000
18986,8156,7.943756,0B4,8,0000000000000000000000000000000001100100000001100000000000100110
32088,8158,7.946155,1C4,8,0000100100110100000110110000000000000000000000000000000000100101
36447,2719,7.946406,0BA,5,0010100100000000000000000000010000101000
2381,8161,7.952071,25,8,0000000000101001000000000000000101100000000110010000000011010000
22588,8162,7.952752,0AA,8,0010000010101000001000000111100000100000101000010010000001100101
36448,5436,7.953895,0BA,5,0100111100000000000000000000000000101110
8293,8165,7.954666,260,8,0000000000000000000000000000000000000000000000011110011101010010
16851,8167,7.955733,226,8,0000000000000000000100000000000000000000000000000000000000000000
11552,8170,7.96017,2C1,8,0000100011111110110100001111111011011010110000000000000000111001
36449,5439,7.961385,0BA,5,1110000000110100001110000000000011000001
2382,8172,7.962072,25,8,0000000000101010000000000000000110100000000111010000000000010101
14542,8173,7.96231,1C6,8,0000000000000000100000000000111000011010001001010100000000000000
22589,8174,7.962699,0AA,8,0010000010101000001000000110111000100000100111110010000001100101
28631,8175,7.962938,24,8,0000001000011011000000011111011001000010000011001000000000001110
18987,8176,7.963705,0B4,8,0000000000000000000000000000000001100100000001011111101000011111
32089,8180,7.966112,1C4,8,0000100100101111000110110000000000000000000000000000000000100000
27806,8182,7.966699,420,8,0000000000000000000000000000000011111111000000001000000010101011
36450,8148,7.968875,0BA,5,1100011000000000000000000000000010111110
2383,8184,7.972019,25,8,0000000000101010000000000000000111010000000111010000000001000101
22590,8185,7.972699,0AA,8,0010000010101010001000000110110100100000100111000010000001100111
481,8186,7.973679,320,8,0000000000100000000000000000000000000000000000000000000001001011
8294,8188,7.97459,260,8,0000000000000000000000000000000000000000000000011011101000100101
36451,2725,7.976364,0BA,5,0010100100000000000000000000011100101011
27986,8190,7.979213,6C0,8,1110010000000000000000001110000010000000000000000000000000000000
2384,8192,7.981989,25,8,0000000000101010000000000000000100000000000111010000000001110101
22591,8193,7.982673,0AA,8,0010000010100110001000000110101000100000100111100010000001100011
28632,8194,7.98291,24,8,0000001000011011000000011111010001000010000010101000000000001010
18988,8195,7.983652,0B4,8,0000000000000000000000000000000001101000000001011111101000100011
36452,5458,7.983854,0BA,5,0100111100000000000000000000000000101110
7600,8197,7.985501,3BC,8,0
32090,8199,7.986057,1C4,8,0000100100101100000110110000000000000000000000000000000000011101
16852,8202,7.987638,226,8,0000000000000001000100000000000000000000000000000000000000000000
31397,8204,7.989122,44D,8,0100001000000010000000000000000000000001000000000000000000000000
43406,65,7.989394,3000000.0,6,000010000000000000000000000000000000000000101000
11553,8205,7.990041,2C1,8,0000100011111110110000001111111011001010110000000000000000011001
36453,5460,7.991343,0BA,5,1110000000110100001110000000000011000001
2385,8208,7.991966,25,8,0000000000101010000000000000000100110000000111010000000010100101
14543,8209,7.992207,1C6,8,0000000000000000100000000000110111110111001001010100000000000000
22592,8210,7.992647,0AA,8,0010000010100000001000000110110000100000100111010010000001100000
8295,8212,7.994623,260,8,0000000000000000000000000000000000000000000000011101000100111100
16287,8213,7.995314,4C1,8,0000000100000000000000010000000100000000000000000000000000000000
36454,8179,7.998833,0BA,5,1100011000000000000000000000000010111110
2386,8215,8.001967,25,8,0000000000101010000000000000000101100000000111010000000011010101
22593,8216,8.002596,0AA,8,0010000010011110001000000110110100100000100111000010000001100000
28633,8217,8.002833,24,8,0000001000011011000000011111010001000010000011001000000000001100
18989,8218,8.003602,0B4,8,0000000000000000000000000000000001101000000001011111010000011101
32091,8220,8.006039,1C4,8,0000100100101001000110110000000000000000000000000000000000011010
36455,2743,8.006322,0BA,5,0010100100000000000000000000010000101000
27867,8223,8.010306,4DC,8,0001110100000000000000000000000000000000000000000000000000000000
13837,8224,8.011815,4C6,8,0000011100000000000000110000000000000000000000000000000000000000
2387,8226,8.012941,25,8,0000000000101011000000000000000110110000001001100000000000101111
22594,8227,8.013569,0AA,8,0010000010100001001000000110110100100000100101110010000001011110
36456,5478,8.013812,0BA,5,0100111100000000000000000000000000101110
8296,8228,8.014447,260,8,0000000000000000000000000000000000000000000000011111111001101001
16853,8231,8.01657,226,8,0000000000000000000100000000000000000000000000000000000000000000
11554,8234,8.019953,2C1,8,0000100011111110101101001111111011000100110000000000000000000111
36457,5481,8.021301,0BA,5,1110000000110100001110000000000011000001
2388,8236,8.021901,25,8,0000000000101011000000000000000111110000001011000000000001110101
14544,8237,8.02214,1C6,8,0000000000000000100000000000110111011100001001010100000000000000
22595,8238,8.02257,0AA,8,0010000010100011001000000110100000100000100101100010000001011101
28634,8239,8.022808,24,8,0000001000011011000000011111001101000010000011001000000000001011
18990,8241,8.023606,0B4,8,0000000000000000000000000000000001101100000001011110111100011100
32092,8244,8.025957,1C4,8,0000100100101010000110110000000000000000000000000000000000011011
482,8246,8.026544,320,8,0000000000100000000000000000000000000000000000000000000001001011
36458,8211,8.028791,0BA,5,1100011000000000000000000000000010111110
1531,8248,8.030758,6F3,8,0010000000000000000000000000000000000000000000000000000000000000
2389,8250,8.031861,25,8,0000000000101011000000000000000100110000001000110000000010101100
22596,8251,8.032542,0AA,8,0010000010100001001000000110011100100000100101100010000001011101
8297,8253,8.034361,260,8,0000000000000000000000000000000000000000000000011111001001011101
43665,8618,8.03479,3BB,5,0111000000000000000000001010000000000000
36459,2747,8.03628,0BA,5,0010100100000000000000000000011100101011
11172,8255,8.039968,39A,8,0000000000000000000000000000000100000000000000000000000000000000
2390,8258,8.041935,25,8,0000000000101011000000000000000101110000001001100000000011101111
22597,8259,8.042515,0AA,8,0010000010011110001000000110001000100000100101000010000001011001
28635,8260,8.042756,24,8,0000001000011011000000011111000101000010000010101000000000000111
18991,8261,8.04349,0B4,8,0000000000000000000000000000000001101100000001011110111100011100
36460,5495,8.04377,0BA,5,0100111100000000000000000000000000101110
31577,8262,8.043908,633,8,1000000100000000000000000000000000000000000000000000000000000000
13524,8264,8.045254,399,8,0000000000000000000000000000000000000000111111110000000000000000
32093,8266,8.045904,1C4,8,0000100100110000000110110000000000000000000000000000000000100001
16854,8269,8.047486,226,8,0000000000000000000100000000000000000000000000000000000000000000
35087,995,8.049347,3D3,3,011011000001001000000000
11555,8270,8.049888,2C1,8,0000100011111110101001111111111010101010110000000000000011100000
43482,7537,8.050825,423,2,1000100000000
36461,5498,8.051259,0BA,5,1110000000110100001110000000000011000001
2391,8272,8.051808,25,8,0000000000101100000000000000000111000000001010010000000001000011
14545,8273,8.052043,1C6,8,0000000000000000100000000000110111000100001001010100000000000000
22598,8274,8.05249,0AA,8,0010000010011000001000000110001000100000100011000010000001011100
8298,8276,8.054337,260,8,0000000000000000000000000000000000000000000000100000100101110101
36462,8243,8.058749,0BA,5,1100011000000000000000000000000010111110
2392,8279,8.06181,25,8,0000000000101100000000000000000100000000001010010000000010000011
22599,8280,8.062433,0AA,8,0010000010011011001000000101111000100000100011000010000001011101
28636,8281,8.062676,24,8,0000001000011011000000011111000101000010000010101000000000000111
18992,8282,8.063438,0B4,8,0000000000000000000000000000000001110000000001011110111100100000
8,8284,8.06557,3B1,8,0000000000000000000000100000101000000000000010000000000000000000
32094,8285,8.06585,1C4,8,0000100100110011000110110000000000000000000000000000000000100100
36463,2757,8.066239,0BA,5,0010100100000000000000000000010000101000
2393,8289,8.072802,25,8,0000000000101100000000000000000101000000001010010000000011000011
22600,8290,8.073412,0AA,8,0010000010011010001000000101110100100000100011010010000001010111
36464,5515,8.073728,0BA,5,0100111100000000000000000000000000101110
8299,8291,8.074311,260,8,0000000000000000000000000000000000000000000000100001010010000000
16855,8294,8.076412,226,8,0000000000000000000100000000000000000000000000000000000000000000
483,8295,8.077409,320,8,0000000000100000000000000000000000000000000000000000000001001011
11556,8297,8.0798,2C1,8,0000100011111110100101111111111010011101110000000000000011000011
36465,5518,8.081218,0BA,5,1110000000110100001110000000000011000001
2394,8299,8.08173,25,8,0000000000101101000000000000000110100000001101110000000000110010
14546,8300,8.081965,1C6,8,0000000000000000100000000000110110101110001001010100000000000000
22601,8301,8.082411,0AA,8,0010000010010111001000000101110000100000100100010010000001011000
28637,8302,8.08265,24,8,0000001000011011000000011110111101000010000010101000000000000101
18993,8303,8.083387,0B4,8,0000000000000000000000000000000001110000000001011110100100011010
32095,8307,8.08581,1C4,8,0000100100110111000110110000000000000000000000000000000000101000
14044,8310,8.087877,442,8,0100001100000010000000000000000000000010000000000000000000000000
36466,8275,8.088707,0BA,5,1100011000000000000000000000000010111110
11232,8312,8.089182,4C8,8,0000100100000000000000000000000000000000000000000000000000000000
2395,8314,8.091705,25,8,0000000000101101000000000000000111100000001011010000000001101000
22602,8315,8.092392,0AA,8,0010000010010110001000000101101100100000100010110010000001010010
8300,8316,8.094172,260,8,0000000000000000000000000000000000000000000000100001111110001011
36467,2766,8.096197,0BA,5,0010100100000000000000000000011100101011
2396,8319,8.101675,25,8,0000000000101101000000000000000100110000001100100000000010111101
22603,8320,8.102359,0AA,8,0010000010010101001000000101010100100000100001010010000001001100
28638,8321,8.102599,24,8,0000001000011011000000011111000101000010000011011000000000001010
18994,8322,8.103338,0B4,8,0000000000000000000000000000000001110000000001011110010000010101
36468,5538,8.103686,0BA,5,0100111100000000000000000000000000101110
32096,8326,8.105752,1C4,8,0000100100110111000110110000000000000000000000000000000000101000
16856,8330,8.107333,226,8,0000000000000000000100000000000000000000000000000000000000000000
11557,8331,8.109737,2C1,8,0000100011111110100011011111111010001010110000000000000010100110
36469,5542,8.111176,0BA,5,1110000000110100001110000000000011000001
2397,8333,8.111654,25,8,0000000000101110000000000000000110010000001100100000000000011110
14547,8334,8.111894,1C6,8,0000000000000000100000000000110110010110001001010100000000000000
22604,8335,8.112335,0AA,8,0010000010010000001000000101000100100000100001000010000001001110
8301,8337,8.114155,260,8,0000000000000000000000000000000000000000000000100100000110101101
13342,8338,8.114307,394,3,0
87,8339,8.114559,3B7,8,1000
16377,8340,8.11578,3F9,8,0111010100011000000000100000001010000000000000000000000000010101
34761,8341,8.118421,4DF,8,0010000000000000000000000000000100000000000000000000000000000000
36470,8306,8.118665,0BA,5,1100011000000000000000000000000010111110
2398,8344,8.121676,25,8,0000000000101110000000000000000111100000001100100000000001101110
22605,8345,8.122279,0AA,8,0010000010010000001000000101001000100000100011000010000001001001
28639,8346,8.122518,24,8,0000001000011100000000011111000101000010000100011000000000001111
18995,8347,8.123282,0B4,8,0000000000000000000000000000000001110100000001011101111000010011
484,8349,8.125283,320,8,0000000000100000000000000000000000000000000000000000000001001011
32097,8350,8.125904,1C4,8,0000100100111010000110110000000000000000000000000000000000101011
36471,2783,8.126155,0BA,5,0010100100000000000000000000010000101000
2399,8353,8.132622,25,8,0000000000101110000000000000000100110000001011010000000010111001
22606,8354,8.133251,0AA,8,0010000010001111001000000101000100100000100010000010000001000011
36472,5556,8.133644,0BA,5,0100111100000000000000000000000000101110
8302,8355,8.134052,260,8,0000000000000000000000000000000000000000000000100100110010111000
16857,8358,8.136257,226,8,0000000000000000000100000000000000000000000000000000000000000000
10990,8361,8.138733,620,8,0001000000000000000000000000000000000000000000000000000000000000
11558,8363,8.139643,2C1,8,0000100011111110011110101111111001111101110000000000000010000110
36473,5559,8.141134,0BA,5,1110000000110100001110000000000011000001
2400,8365,8.141572,25,8,0000000000101111000000000000000110100000010000100000000000111111
14548,8366,8.14181,1C6,8,0000000000000000100000000000110110000000001001000100000000000000
22607,8367,8.142256,0AA,8,0010000010001111001000000100111100100000011111110010000001000010
28640,8368,8.142491,24,8,0000001000011100000000011111000101000010000100111000000000010001
18996,8369,8.143227,0B4,8,0000000000000000000000000000000001110100000001011101111000010011
32098,8372,8.145642,1C4,8,0000100100111100000110110000000000000000000000000000000000101101
36474,8336,8.148624,0BA,5,1100011000000000000000000000000010111110
2401,8376,8.151551,25,8,0000000000101111000000000000000100000000001111000000000010011001
22608,8377,8.152225,0AA,8,0010000010001011001000000100110000100000011110110010000001000011
8303,8378,8.153948,260,8,0000000000000000000000000000000000000000000000100100110010111000
36475,2788,8.156113,0BA,5,0010100100000000000000000000011100101011
2402,8381,8.16155,25,8,0000000000101111000000000000000101100000001111000000000011111001
22609,8382,8.162175,0AA,8,0010000010000111001000000100110000100000011111010010000000111111
28641,8383,8.16241,24,8,0000001000011101000000011111001101000010000101001000000000010101
18997,8384,8.163177,0B4,8,0000000000000000000000000000000001111000000001011101100000010001
36476,5579,8.163603,0BA,5,0100111100000000000000000000000000101110
32099,8387,8.165597,1C4,8,0000100100111100000110110000000000000000000000000000000000101101
16858,8390,8.167176,226,8,0000000000000000000100000000000000000000000000000000000000000000
11559,8391,8.169584,2C1,8,0000100011111110011011011111111001110111110000000000000001110011
36477,5582,8.171092,0BA,5,1110000000110100001110000000000011000001
2403,8395,8.171499,25,8,0000000000110000000000000000000111010000001111000000000001101010
14549,8396,8.171735,1C6,8,0000000000000000100000000000110101101011001001000100000000000000
22610,8397,8.172176,0AA,8,0010000010000111001000000100110000100000100000100010000000111011
8304,8399,8.173903,260,8,0000000000000000000000000000000000000000000000100110001011001110
485,8400,8.174157,320,8,0000000000100000000000000000000000000000000000000000000001001011
36478,8371,8.178582,0BA,5,1100011000000000000000000000000010111110
2404,8402,8.181496,25,8,0000000000110000000000000000000101000000010001100000000011100100
22611,8403,8.182122,0AA,8,0010000010001010001000000100110000100000100000010010000000111101
28642,8404,8.182357,24,8,0000001000011101000000011111001101000010000101001000000000010101
18998,8405,8.183121,0B4,8,0000000000000000000000000000000001111000000001011101001100001100
21619,8408,8.185351,443,8,0100110100000010000000000010111100000110000000000000000000000000
32100,8409,8.185587,1C4,8,0000100100111001000110110000000000000000000000000000000000101010
34828,8411,8.185992,3C3,8,0100011000011110100100110100111011101110010001100111100101110000
36479,2801,8.186071,0BA,5,0010100100000000000000000000010000101000
2405,8414,8.191444,25,8,0000000000110001000000000000000111000000010001100000000001100101
22612,8415,8.192127,0AA,8,0010000010001000001000000100100100100000011101100010000000111001
36480,5602,8.193561,0BA,5,0100111100000000000000000000000000101110
8305,8417,8.193639,260,8,0000000000000000000000000000000000000000000000101000010011110000
16859,8419,8.195101,226,8,0000000000000000000100000000000000000000000000000000000000000000
11560,8421,8.199495,2C1,8,0000100011111110011000001111111001100000110000000000000001001111
36481,5606,8.20105,0BA,5,1110000000110100001110000000000011000001
2406,8423,8.201443,25,8,0000000000110001000000000000000100110000010001100000000011010101
14550,8424,8.201678,1C6,8,0000000000000000100000000000110101010101001001000100000000000000
22613,8425,8.202067,0AA,8,0010000010001000001000000100010100100000011101110010000000111000
28643,8426,8.202303,24,8,0000001000011110000000011111010001000010000101001000000000010111
18999,8427,8.203076,0B4,8,0000000000000000000000000000000001111100000001011101001100010000
32101,8431,8.205492,1C4,8,0000100100110001000110110000000000000000000000000000000000100010
36482,8398,8.20854,0BA,5,1100011000000000000000000000000010111110
2407,8434,8.211395,25,8,0000000000110010000000000000000111000000010100000000000001110000
22614,8435,8.212072,0AA,8,0010000010000101001000000100000000100000011101010010000000110111
8306,8437,8.213561,260,8,0000000000000000000000000000000000000000000000100110110111011001
36483,2809,8.216029,0BA,5,0010100100000000000000000000011100101011
2408,8441,8.221364,25,8,0000000000110010000000000000000101000000010100000000000011110000
22615,8442,8.222049,0AA,8,0010000010000001001000000011111000100000011100100010000000110011
28644,8443,8.222286,24,8,0000001000011110000000011111011001000010000101001000000000011001
19000,8444,8.223024,0B4,8,0000000000000000000000000000000001111100000001011101001100010000
36484,5619,8.223519,0BA,5,0100111100000000000000000000000000101110
32102,8447,8.225441,1C4,8,0000100100100111000110110000000000000000000000000000000000011000
16860,8450,8.227014,226,8,0000000000000000000100000000000000000000000000000000000000000000
486,8451,8.228011,320,8,0000000000100000000000000000000000000000000000000000000001001011
11561,8452,8.229432,2C1,8,0000100011111110010101111111111001011101110000000000000001000011
36485,5622,8.231009,0BA,5,1110000000110100001110000000000011000001
2409,8454,8.23134,25,8,0000000000110011000000000000000111010000010100000000000010000001
14551,8455,8.231577,1C6,8,0000000000000000100000000000110100111101001001000100000000000000
22616,8456,8.232018,0AA,8,0010000010000000001000000011110100100000011101000010000000101111
8307,8458,8.233529,260,8,0000000000000000000000000000000000000000000000101001101000000110
7661,8462,8.237421,611,8,0010000100000000000000000001000000000000000000000011110101101100
36486,8430,8.238498,0BA,5,1100011000000000000000000000000010111110
2410,8464,8.24134,25,8,0000000000110011000000000000000101100000010110100000000000011011
22617,8465,8.241966,0AA,8,0010000001111110001000000011101100100000011100010010000000110011
28645,8466,8.242204,24,8,0000001000011111000000011111010001000010000101001000000000011000
19001,8467,8.242968,0B4,8,0000000000000000000000000000000001111100000001011100110100001010
32103,8469,8.24539,1C4,8,0000100100011001000110110000000000000000000000000000000000001010
36487,2821,8.245988,0BA,5,0010100100000000000000000000010000101000
2411,8472,8.251287,25,8,0000000000110100000000000000000100000000010110100000000010111100
22618,8473,8.251967,0AA,8,0010000001111001001000000011100000100000011011110010000000101101
8308,8476,8.25344,260,8,0000000000000000000000000000000000000000000000101011000100011101
36488,5642,8.253477,0BA,5,0100111100000000000000000000000000101110
16861,8478,8.254946,226,8,0000000000000000000100000000000000000000000000000000000000000000
11562,8480,8.259338,2C1,8,0000100011111110010010101111111001010100110000000000000000101101
36489,5645,8.260967,0BA,5,1110000000110100001110000000000011000001
2412,8482,8.261285,25,8,0000000000110101000000000000000110100000010110100000000001011101
14552,8483,8.261522,1C6,8,0000000000000000100000000000110100101000001001000100000000000000
22619,8484,8.261915,0AA,8,0010000001111000001000000011011100100000011100010010000000101110
28646,8485,8.262156,24,8,0000001000100000000000011111100001000010000101101000000000011111
19002,8486,8.262917,0B4,8,0000000000000000000000000000000010000000000001011100011100001000
32104,8489,8.265338,1C4,8,0000100100001001000110110000000000000000000000000000000011111010
36490,8457,8.268456,0BA,5,1100011000000000000000000000000010111110
2413,8493,8.27124,25,8,0000000000110101000000000000000101000000011001000000000000000111
22620,8494,8.271915,0AA,8,0010000001111100001000000011011000100000011100010010000000110001
487,8495,8.272896,320,8,0000000000100000000000000000000000000000000000000000000001001011
8309,8496,8.273356,260,8,0000000000000000000000000000000000000000000000101011000100011101
36491,2830,8.275946,0BA,5,0010100100000000000000000000011100101011
2414,8499,8.281204,25,8,0000000000110110000000000000000100000000011011100000000011010010
22621,8500,8.281889,0AA,8,0010000001111011001000000011011000100000011011010010000000101001
28647,8501,8.282128,24,8,0000001000100001000000011111100001000010000101101000000000100000
19003,8502,8.282872,0B4,8,0000000000000000000000000000000010000000000001011100011100001000
36492,5665,8.283435,0BA,5,0100111100000000000000000000000000101110
32105,8506,8.285298,1C4,8,0000100011111000000110110000000000000000000000000000000011101000
16862,8509,8.286861,226,8,0000000000000000000100000000000000000000000000000000000000000000
31398,8511,8.288116,44D,8,0100001000000010000000000000000000000001000000000000000000000000
27987,8512,8.288299,6C0,8,1110010000000000000000001110000010000000000000000000000000000000
11563,8513,8.28928,2C1,8,0000100011111110001111011111111001000000110000000000000000001100
36493,5668,8.290925,0BA,5,1110000000110100001110000000000011000001
14553,8514,8.291257,1C6,8,0000000000000000100000000000110100010011001001000100000000000000
2415,8516,8.292208,25,8,0000000000110111000000000000000111010000011011010000000010100010
22622,8517,8.292833,0AA,8,0010000001110110001000000011011100100000011011010010000000101000
8310,8518,8.293352,260,8,0000000000000000000000000000000000000000000000101011110000101000
36494,8488,8.298414,0BA,5,1100011000000000000000000000000010111110
2416,8522,8.301183,25,8,0000000000110111000000000000000101110000011011110000000001000100
22623,8524,8.301807,0AA,8,0010000001110110001000000011010100100000011011010010000000101001
28648,8525,8.302044,24,8,0000001000100001000000011111011001000010000101101000000000011110
19004,8526,8.302812,0B4,8,0000000000000000000000000000000010000100000001011100001000000111
32106,8528,8.305234,1C4,8,0000100011100111000110110000000000000000000000000000000011010111
36495,2845,8.305904,0BA,5,0010100100000000000000000000010000101000
35088,8317,8.309003,3D3,3,111001010000000101100000
2417,8531,8.311134,25,8,0000000000111000000000000000000100110000011011100000000000000100
22624,8532,8.31181,0AA,8,0010000001110010001000000010110100100000011010110010000000100001
8311,8534,8.313218,260,8,0000000000000000000000000000000000000000000000101100011100110011
36496,5679,8.313394,0BA,5,0100111100000000000000000000000000101110
16863,8536,8.31479,226,8,0000000000000000000100000000000000000000000000000000000000000000
11564,8539,8.319193,2C1,8,0000100011111110001101111111111000111101110000000000000000000011
36497,5682,8.320883,0BA,5,1110000000110100001110000000000011000001
2418,8541,8.321131,25,8,0000000000111001000000000000000100000000011110000000000011011111
14554,8542,8.321369,1C6,8,0000000000000000100000000000110011111110001001000100000000000000
22625,8543,8.321757,0AA,8,0010000001101101001000000010101000100000011010000010000000011111
28649,8544,8.321994,24,8,0000001000100010000000011111010001000010000110001000000000011111
19005,8545,8.322758,0B4,8,0000000000000000000000000000000010000100000001011100001000000111
32107,8548,8.325185,1C4,8,0000100011100111000110110000000000000000000000000000000011010111
488,8550,8.325756,320,8,0000000000100000000000000000000000000000000000000000000001001011
36498,8519,8.328373,0BA,5,1100011000000000000000000000000010111110
2419,8552,8.33108,25,8,0000000000111010000000000000000111010000011110000000000010110000
22626,8553,8.33176,0AA,8,0010000001101101001000000010011100100000011001100010000000100000
43666,280,8.332375,3BB,5,1011101100000000000000000000000000100110
8312,8555,8.333173,260,8,0000000000000000000000000000000000000000000000110001010110000010
36499,2849,8.335862,0BA,5,0010100100000000000000000000011100101011
31246,8557,8.339177,4A6,8,0000000000000000000000000000000000000000000011010000000000000000
2420,8559,8.341067,25,8,0000000000111011000000000000000110110000100000100000000010011011
22627,8561,8.34173,0AA,8,0010000001101110001000000010010100100000011001010010000000011011
28650,8562,8.341969,24,8,0000001000100010000000011111001101000010000101101000000000011100
19006,8564,8.342733,0B4,8,0000000000000000000000000000000010000100000001011011110000000001
36500,5702,8.343352,0BA,5,0100111100000000000000000000000000101110
32108,8567,8.345133,1C4,8,0000100011010100000110110000000000000000000000000000000011000100
16864,8570,8.346701,226,8,0000000000000000000100000000000000000000000000000000000000000000
11565,8571,8.349193,2C1,8,0000100011111110001010101111111000110111110000000000000011110000
36501,5704,8.350841,0BA,5,1110000000110100001110000000000011000001
2421,8574,8.351025,25,8,0000000000111011000000000000000101110000011110000000000001010001
14555,8575,8.351273,1C6,8,0000000000000000100000000000110011101010001001000100000000000000
22628,8576,8.351713,0AA,8,0010000001101011001000000010010000100000011000100010000000010101
8313,8578,8.353169,260,8,0000000000000000000000000000000000000000000000110001010110000010
36502,8547,8.358331,0BA,5,1100011000000000000000000000000010111110
2422,8580,8.361021,25,8,0000000000111100000000000000000101010000100000100000000000111100
22629,8581,8.361649,0AA,8,0010000001101010001000000010000000100000011000000010000000010101
28651,8582,8.361885,24,8,0000001000100011000000011111001101000010000101101000000000011101
19007,8583,8.362652,0B4,8,0000000000000000000000000000000010001000000001011011011100000000
16378,8586,8.364668,3F9,8,0111010100011000000000100000001010000000000000000000000000010101
32109,8587,8.365075,1C4,8,0000100011000011000110110000000000000000000000000000000010110011
36503,2864,8.36582,0BA,5,0010100100000000000000000000010000101000
7790,8590,8.369008,610,8,0010000000000000000011110110010011000000000000000110100001000000
2423,8592,8.371998,25,8,0000000000111101000000000000000101000000011111110000000000101010
22630,8593,8.372622,0AA,8,0010000001101000001000000010001000100000010110110010000000010011
8314,8594,8.373018,260,8,0000000000000000000000000000000000000000000000110010110010011001
36504,5722,8.37331,0BA,5,0100111100000000000000000000000000101110
16865,8597,8.375627,226,8,0000000000000000000100000000000000000000000000000000000000000000
489,8598,8.37662,320,8,0000000000100000000000000000000000000000000000000000000001001011
11566,8600,8.379029,2C1,8,0000100011111110001000001111111000100100110000000000000011010011
36505,5726,8.380799,0BA,5,1110000000110100001110000000000011000001
2424,8602,8.380944,25,8,0000000000111110000000000000000100010000100001010000000000000001
14556,8603,8.381182,1C6,8,0000000000000000100000000000110011011000001001010100000000000000
22631,8604,8.381622,0AA,8,0010000001100110001000000001101100100000010111010010000000001111
28652,8605,8.381859,24,8,0000001000100011000000011110111101000010000101101000000000011001
19008,8606,8.382599,0B4,8,0000000000000000000000000000000010001000000001011011000111111010
32110,8610,8.385026,1C4,8,0000100010111000000110110000000000000000000000000000000010101000
43483,597,8.386277,423,2,11100000000
14045,8613,8.386945,442,8,0100001100000010000000000000000000000010000000000000000000000000
36506,8577,8.388289,0BA,5,1100011000000000000000000000000010111110
35300,7252,8.388848,386,7,01010100000000000000000000000000000000000000000000000000
2425,8615,8.390953,25,8,0000000000111111000000000000000100000000100011000000000011111001
22632,8616,8.391572,0AA,8,0010000001100010001000000001010100100000010110110010000000001110
8315,8617,8.392891,260,8,0000000000000000000000000000000000000000000000110011011110100100
36507,2871,8.395778,0BA,5,0010100100000000000000000000011100101011
2426,8621,8.400925,25,8,0000000001000000000000000000000111100000100000100000000011010000
22633,8622,8.40155,0AA,8,0010000001100011001000000001001100100000010110100010000000001011
28653,8623,8.401785,24,8,0000001000100100000000011110110101000010000110001000000000011010
19009,8624,8.402553,0B4,8,0000000000000000000000000000000010001100000001011010101111111000
36508,5741,8.403268,0BA,5,0100111100000000000000000000000000101110
32111,8627,8.40499,1C4,8,0000100010110000000110110000000000000000000000000000000010100000
16866,8630,8.406546,226,8,0000000000000000000100000000000000000000000000000000000000000000
13900,8632,8.407899,622,8,0001001000000000000000000000000000000000000000000000000000000000
11567,8633,8.408974,2C1,8,0000000011111110011010101111111001000000110000000000001100110100
36509,5744,8.410758,0BA,5,1110000000110100001110000000000011000001
2427,8635,8.410876,25,8,0000000001000001000000000000000111010000100011000000000011001011
14557,8636,8.411115,1C6,8,0000000000000000100000000000110010111110001001010100000000000000
22634,8637,8.411551,0AA,8,0010000001100010001000000001000100100000010110100010000000000110
8316,8639,8.412919,260,8,0000000000000000000000000000000000000000000000110111101011100111
13343,8640,8.413076,394,3,0
88,8641,8.413529,3B7,8,1000
36510,8609,8.418247,0BA,5,1100011000000000000000000000000010111110
2428,8644,8.420857,25,8,0000000001000010000000000000000111000000100011000000000010111100
22635,8645,8.421527,0AA,8,0010000001100000001000000001000000100000010101000010000000001001
28654,8646,8.42176,24,8,0000001000100101000000011110110001000010000110111000000000011101
19010,8647,8.422504,0B4,8,0000000000000000000000000000000010001100000001011010101111111000
490,8649,8.4245,320,8,0000000000100000000000000000000000000000000000000000000001001011
32112,8650,8.424931,1C4,8,0000100010101111000110110000000000000000000000000000000010011111
36511,2882,8.425737,0BA,5,0010100100000000000000000000010000101000
2429,8654,8.431845,25,8,0000000001000011000000000000000111000000100010000000000010111001
22636,8656,8.432473,0AA,8,0010000001100000001000000001000000100000010100000010000000000110
8317,8657,8.432719,260,8,0000000000000000000000000000000000000000000000111100100000110101
36512,5762,8.433226,0BA,5,0100111100000000000000000000000000101110
16867,8660,8.435473,226,8,0000000000000000000100000000000000000000000000000000000000000000
10991,8663,8.437867,620,8,0001000000000000000000000000000000000000000000000000000000000000
11568,8664,8.438883,2C1,8,0000000011111110100101001111111001001010110000000000011001101011
31638,8665,8.439701,389,8,0000000000100000000000000000000000000000000000000000000000000000
36513,5764,8.440716,0BA,5,1110000000110100001110000000000011000001
2430,8667,8.440786,25,8,0000000001000100000000000000000110100000100100000000000010100010
14558,8668,8.441024,1C6,8,0000000000000000100000000000110010100110001001010100000000000000
22637,8669,8.441475,0AA,8,0010000001011101001000000000101100100000010100110010000000000010
28655,8670,8.441711,24,8,0000001000100110000000011110101001000010000110101000000000011011
19011,8671,8.442444,0B4,8,0000000000000000000000000000000010001100000001011010011011110011
32113,8674,8.444878,1C4,8,0000100010110011000110110000000000000000000000000000000010100011
36514,8638,8.448205,0BA,5,1100011000000000000000000000000010111110
2431,8678,8.45076,25,8,0000000001000101000000000000000110010000100011000000000010001111
22638,8679,8.451444,0AA,8,0010000001011100001000000000101000100000010011110010000000000000
8318,8680,8.452567,260,8,0000000000000000000000000000000000000000000000111011110100101010
36515,2890,8.455695,0BA,5,0010100100000000000000000000011100101011
13645,8681,8.45749,4B7,8,1110001101011111001000101111000000000000111010000000000100001000
2432,8683,8.460758,25,8,0000000001000110000000000000000110010000100101100000000010011010
22639,8684,8.461395,0AA,8,0010000001011000001000000000010000100000010011010001111111111111
28656,8685,8.461626,24,8,0000001000100111000000011110101001000010000110101000000000011100
19012,8686,8.462396,0B4,8,0000000000000000000000000000000010010000000001011010000011110001
36516,5783,8.463184,0BA,5,0100111100000000000000000000000000101110
32114,8691,8.464856,1C4,8,0000100010111010000110110000000000000000000000000000000010101010
16868,8694,8.466386,226,8,0000000000000000000100000000000000000000000000000000000000000000
11569,8695,8.468817,2C1,8,0000000011111110110000001111111001110111110000000000100011000110
36517,5786,8.470674,0BA,5,1110000000110100001110000000000011000001
2433,8697,8.470708,25,8,0000000001000110000000000000000101110000100011000000000001110000
14559,8698,8.470949,1C6,8,0000000000000000100000000000110010010000001001010000000000000000
22640,8699,8.471395,0AA,8,0010000001011010001000000000000000100000010010100001111111110110
8319,8702,8.472542,260,8,0000000000000000000000000000000000000000000000111110100101010110
491,8703,8.47337,320,8,0000000000100000000000000000000000000000000000000000000001001011
34941,8704,8.474365,4C3,8,0000001100000000000000000000000100000000000000000000000000000000
13585,8705,8.474611,4DD,8,0001111000000000000000000000000000000000000000000000000000000000
36518,8673,8.478163,0BA,5,1100011000000000000000000000000010111110
2434,8707,8.480709,25,8,0000000001000111000000000000000101110000100101100000000001111011
22641,8709,8.481342,0AA,8,0010000001010111000111111111110100100000010001100001111111111000
28657,8710,8.481579,24,8,0000001000101000000000011110101001000010000110111000000000011110
19013,8711,8.482341,0B4,8,0000000000000000000000000000000010010000000001011001101011101011
21620,8714,8.484581,443,8,0100110100000010000000000010111100000110000000000000000000000000
32115,8715,8.484817,1C4,8,0000100010111010000110110000000000000000000000000000000010101010
36519,2902,8.485653,0BA,5,0010100100000000000000000000010000101000
2435,8719,8.49168,25,8,0000000001001001000000000000000110010000100100010000000010011000
22642,8721,8.492348,0AA,8,0010000001010100000111111111101100100000010001100001111111110110
8320,8722,8.492598,260,8,0000000000000000000000000000000000000000000001000000000001101110
36520,5800,8.493143,0BA,5,0100111100000000000000000000000000101110
16869,8725,8.495316,226,8,0000000000000000000100000000000000000000000000000000000000000000
11570,8728,8.498726,2C1,8,0000000011111110111100001111111010101010110000000000100100101010
269,8729,8.499565,38F,8,0000000100000000000000000000000000000000000000000000000000000000
36521,5804,8.500632,0BA,5,1110000000110100001110000000000011000001
2436,8731,8.500644,25,8,0000000001001001000000000000000101100000100100000000000001100111
14560,8732,8.500883,1C6,8,0000000000000000100000000000110001110000001001010000000000000000
22643,8733,8.501317,0AA,8,0010000001011000000111111111100100100000010010000001111111110001
28658,8734,8.501551,24,8,0000001000101001000000011110100001000010000110111000000000011101
19014,8735,8.50229,0B4,8,0000000000000000000000000000000010010100000001011001101011101111
32116,8738,8.504723,1C4,8,0000100011000010000110110000000000000000000000000000000010110010
36522,8701,8.508122,0BA,5,1100011000000000000000000000000010111110
2437,8741,8.51061,25,8,0000000001001010000000000000000101010000100011000000000001010100
22644,8742,8.511293,0AA,8,0010000001010111000111111111010000100000010000000001111111101011
8321,8743,8.512321,260,8,0000000000000000000000000000000000000000000000111101001101000000
36523,2907,8.515611,0BA,5,0010100100000000000000000000011100101011
2438,8746,8.520579,25,8,0000000001001011000000000000000101000000100011000000000001000101
22645,8747,8.521269,0AA,8,0010000001010100000111111111001100100000001111110001111111101011
28659,8748,8.521499,24,8,0000001000101010000000011110101001000010000111011000000000100010
19015,8749,8.522238,0B4,8,0000000000000000000000000000000010010100000001011001010111101010
36524,5823,8.523101,0BA,5,0100111100000000000000000000000000101110
32117,8752,8.524674,1C4,8,0000100011001101000110110000000000000000000000000000000010111101
16870,8755,8.526235,226,8,0000000000000000000100000000000000000000000000000000000000000000
492,8756,8.52723,320,8,0000000000100000000000000000000000000000000000000000000001001011
11571,8757,8.528663,2C1,8,0000000011111111001101001111111011101101110000000000110010110101
34702,8758,8.528916,380,8,0
2439,8761,8.530554,25,8,0000000001001100000000000000000100110000100011000000000000110110
36525,5825,8.53059,0BA,5,1110000000110100001110000000000011000001
14561,8762,8.530791,1C6,8,0000000000000000100000000000110001001100001001010000000000000000
22646,8763,8.531239,0AA,8,0010000001001110000111111111000000100000010000010001111111100110
8322,8765,8.532389,260,8,0000000000000000000000000000000000000000000000111111010101100010
36526,8737,8.53808,0BA,5,1100011000000000000000000000000010111110
2440,8769,8.540556,25,8,0000000001001101000000000000000100100000100011000000000000100111
22647,8770,8.541179,0AA,8,0010000001001111000111111110111000100000010000110001111111011110
28660,8771,8.541416,24,8,0000001000101100000000011110110001000010000111111000000000101000
19016,8772,8.542184,0B4,8,0000000000000000000000000000000010011000000001011000111111101000
32118,8774,8.544621,1C4,8,0000100011010111000110110000000000000000000000000000000011000111
36527,2923,8.545569,0BA,5,0010100100000000000000000000010000101000
2441,8778,8.550506,25,8,0000000001001110000000000000000100010000100011000000000000011000
22648,8779,8.551183,0AA,8,0010000001001110000111111110101100100000001110110001111111011010
8323,8781,8.552333,260,8,0000000000000000000000000000000000000000000001000000101101111001
36528,5845,8.553059,0BA,5,0100111100000000000000000000000000101110
16871,8783,8.55416,226,8,0000000000000000000100000000000000000000000000000000000000000000
11572,8786,8.558572,2C1,8,0000000011111111100010101111111101010100110000000000110001110011
2442,8788,8.560474,25,8,0000000001001111000000000000000111110000100000100000000011101111
36529,5848,8.560548,0BA,5,1110000000110100001110000000000011000001
14562,8789,8.560713,1C6,8,0000000000000000100000000000110000101011001001010000000000000000
22649,8790,8.561154,0AA,8,0010000001001110000111111110101100100000001110100001111111011001
28661,8791,8.561385,24,8,0000001000101101000000011110110001000010001000101000000000101100
19017,8792,8.562135,0B4,8,0000000000000000000000000000000010011000000001011000101011100011
32119,8796,8.564569,1C4,8,0000100011100010000110110000000000000000000000000000000011010010
36530,8764,8.568038,0BA,5,1100011000000000000000000000000010111110
35089,1060,8.568659,3D3,3,011011000001001000000000
2443,8799,8.570451,25,8,0000000001010000000000000000000111010000100000100000000011010000
22650,8800,8.571129,0AA,8,0010000001001101000111111110101000100000001101110001111111010011
493,8801,8.572112,320,8,0000000000100000000000000000000000000000000000000000000001001011
8324,8802,8.572359,260,8,0000000000000000000000000000000000000000000001000001011010000100
36531,2929,8.575528,0BA,5,0010100100000000000000000000011100101011
27988,8803,8.576624,6C0,8,1110010000000000000000001110000010000000000000000000000000000000
2444,8806,8.580423,25,8,0000000001010001000000000000000111000000100011000000000011001011
22651,8807,8.581107,0AA,8,0010000001001100000111111110011000100000001101000001111111010010
28662,8808,8.581339,24,8,0000001000101111000000011110110101000010001000101000000000101111
19018,8809,8.582082,0B4,8,0000000000000000000000000000000010011000000001011000101011100011
36532,5864,8.583017,0BA,5,0100111100000000000000000000000000101110
32120,8812,8.584518,1C4,8,0000100011101010000110110000000000000000000000000000000011011010
16872,8815,8.586076,226,8,0000000000000000000100000000000000000000000000000000000000000000
31399,8816,8.586544,44D,8,0100001000000010000000000000000000000001000000000000000000000000
11573,8818,8.58851,2C1,8,0000000011111111110101001111111110001101110000000000110111110111
2445,8820,8.590396,25,8,0000000001010010000000000000000110100000100000100000000010100010
36533,5867,8.590507,0BA,5,1110000000110100001110000000000011000001
14563,8821,8.590636,1C6,8,0000000000000000100000000000110000001101001001010000000000000000
22652,8822,8.591084,0AA,8,0010000001001100000111111110011000100000001110000001111111001110
8325,8824,8.592228,260,8,0000000000000000000000000000000000000000000001000010110110011011
36534,8795,8.597996,0BA,5,1100011000000000000000000000000010111110
2446,8827,8.6004,25,8,0000000001010010000000000000000101110000100000100000000001110010
22653,8828,8.601024,0AA,8,0010000001010001000111111110011000100000001110000001111111001100
28663,8829,8.601262,24,8,0000001000110000000000011111001101000010001001001000000000111000
19019,8831,8.602026,0B4,8,0000000000000000000000000000000010011100000001011000010011100001
32121,8833,8.604468,1C4,8,0000100011101110000110110000000000000000000000000000000011011110
36535,2941,8.605486,0BA,5,0010100100000000000000000000010000101000
2447,8836,8.610348,25,8,0000000001010011000000000000000101010000100000100000000001010011
22654,8837,8.611027,0AA,8,0010000001010011000111111110010000100000001100100001111111001100
8326,8839,8.611987,260,8,0000000000000000000000000000000000000000000001000010000110001111
36536,5887,8.612975,0BA,5,0100111100000000000000000000000000101110
16873,8842,8.614005,226,8,0000000000000000000100000000000000000000000000000000000000000000
16379,8844,8.614506,3F9,8,0111010100011000000000100000001010000000000000000000000000010101
11574,8846,8.618685,2C1,8,0000000011111111111101001111111111001101110000000000110101010111
2448,8848,8.620318,25,8,0000000001010100000000000000000101000000100011000000000001001110
36537,5890,8.620465,0BA,5,1110000000110100001110000000000011000001
14564,8849,8.620559,1C6,8,0000000000000000100000000000101111110001001001010000000000000000
22655,8851,8.621033,0AA,8,0010000001010011000111111110001000100000001100110001111111001100
28664,8852,8.62127,24,8,0000001000110001000000011111011001000010001001101000000000111110
19020,8853,8.621975,0B4,8,0000000000000000000000000000000010011100000001011000010011100001
32122,8856,8.62442,1C4,8,0000100011110000000110110000000000000000000000000000000011100000
494,8858,8.624972,320,8,0000000000100000000000000000000000000000000000000000000001001011
14224,8859,8.625969,60.0,8,1010000100000000000000000000000000000000011100000000000000000000
36538,8823,8.627954,0BA,5,1100011000000000000000000000000010111110
43667,573,8.62996,3BB,5,1010010100000000000000000000000000000000
2449,8862,8.630294,25,8,0000000001010101000000000000000100110000100011000000000000111111
22656,8863,8.630979,0AA,8,0010000001010001000111111101111100100000001100110001111111001001
8327,8865,8.632165,260,8,0000000000000000000000000000000000000000000001000001011010000100
36539,2948,8.635444,0BA,5,0010100100000000000000000000011100101011
2450,8867,8.640267,25,8,0000000001010110000000000000000100100000100011000000000000110000
22657,8868,8.640946,0AA,8,0010000001001110000111111101110100100000001100100001111111000100
28665,8869,8.641182,24,8,0000001000110011000000011111101001000010001010001000000001000110
19021,8870,8.641926,0B4,8,0000000000000000000000000000000010100000000001011000010011100101
36540,5909,8.642933,0BA,5,0100111100000000000000000000000000101110
7721,8873,8.644171,435,8,1000000000000101000001011111111111100000001111110000000000000011
32123,8875,8.644595,1C4,8,0000100011101101000110110000000000000000000000000000000011011101
16874,8878,8.645919,226,8,0000000000000000000100000000000000000000000000000000000000000000
11575,8879,8.648365,2C1,8,0000000000000000010000000000000000100110110000000000110111111110
2451,8881,8.650238,25,8,0000000001010111000000000000000100010000100011000000000000100001
36541,5913,8.650423,0BA,5,1110000000110100001110000000000011000001
14565,8882,8.650476,1C6,8,0000000000000000100000000000101111010110001001010000000000000000
22658,8883,8.650921,0AA,8,0010000001001101000111111101110000100000001101000001111111000100
10911,8884,8.651172,436,8,0
8328,8885,8.651827,260,8,0000000000000000000000000000000000000000000000111101001101000000
36542,8855,8.657913,0BA,5,1100011000000000000000000000000010111110
2452,8888,8.660241,25,8,0000000001011000000000000000000100000000100011000000000000010010
22659,8890,8.660921,0AA,8,0010000001001110000111111101110100100000001101000001111111000100
28666,8891,8.661155,24,8,0000001000110100000000011111101101000010001010011000000001001001
19022,8892,8.661869,0B4,8,0000000000000000000000000000000010100000000001011000010011100101
32124,8894,8.664308,1C4,8,0000100011101101000110110000000000000000000000000000000011011101
36543,2962,8.665402,0BA,5,0010100100000000000000000000010000101000
2453,8898,8.670194,25,8,0000000001011001000000000000000111100000100000100000000011101001
22660,8899,8.670867,0AA,8,0010000001001010000111111101101100100000001100110001111111000011
8329,8900,8.671624,260,8,0000000000000000000000000000000000000000000000111111010101100010
36544,5925,8.672892,0BA,5,0100111100000000000000000000000000101110
16875,8903,8.673849,226,8,0000000000000000000100000000000000000000000000000000000000000000
495,8904,8.674842,320,8,0000000000100000000000000000000000000000000000000000000001001011
11576,8907,8.678272,2C1,8,0000000000000000010111000000000001001100110000000000110101000000
13777,8908,8.679086,434,8,0100001000000000000000000000000000000000000000000000000000000000
2454,8910,8.680157,25,8,0000000001011010000000000000000111010000100011000000000011100100
36545,5928,8.680381,0BA,5,1110000000110100001110000000000011000001
14566,8911,8.6804,1C6,8,0000000000000000100000000000101110111110001001010000000000000000
22661,8912,8.680851,0AA,8,0010000001001001000111111101011100100000001101000001111111000001
28667,8913,8.681083,24,8,0000001000110110000000011111110101000010001010011000000001001101
19023,8914,8.681825,0B4,8,0000000000000000000000000000000010100000000001010111111011011111
32125,8917,8.68427,1C4,8,0000100011100111000110110000000000000000000000000000000011010111
34829,8919,8.684705,3C3,8,0100011000011110100100110100111011101110010001100111100101110000
14046,8922,8.686021,442,8,0100001100000010000000000000000000000010000000000000000000000000
28168,8923,8.686269,437,8,1111110011111111111111111111111111111111111111111111111111111111
36546,8886,8.687871,0BA,5,1100011000000000000000000000000010111110
2455,8925,8.69014,25,8,0000000001011011000000000000000110110000100000100000000010111011
22662,8926,8.690815,0AA,8,0010000001001001000111111101011100100000001101110001111111000010
8330,8927,8.691519,260,8,0000000000000000000000000000000000000000000001000000000001101110
36547,2970,8.69536,0BA,5,0010100100000000000000000000011100101011
2456,8930,8.700109,25,8,0000000001011100000000000000000110010000100000100000000010011100
22663,8931,8.700792,0AA,8,0010000001001101000111111101011100100000001100100001111111000001
28668,8932,8.701025,24,8,0000001000110110000000011111110101000010001010001000000001001100
19024,8933,8.701771,0B4,8,0000000000000000000000000000000010100100000001010111111011100011
36548,5946,8.70285,0BA,5,0100111100000000000000000000000000101110
32126,8936,8.704211,1C4,8,0000100011100011000110110000000000000000000000000000000011010011
16876,8939,8.705763,226,8,0000000000000000000100000000000000000000000000000000000000000000
11577,8940,8.708385,2C1,8,0000000000000000011101100000000001100110110000000000110101110100
2457,8943,8.71011,25,8,0000000001011100000000000000000101100000100000100000000001101100
36549,5950,8.710339,0BA,5,1110000000110100001110000000000011000001
14567,8944,8.710348,1C6,8,0000000000000000100000000000101110100101001001010000000000000000
22664,8945,8.710768,0AA,8,0010000001001111000111111101010100100000001100000001111110111111
8331,8946,8.711532,260,8,0000000000000000000000000000000000000000000000111001101100001000
13344,8948,8.711854,394,3,0
89,8949,8.712748,3B7,8,1000
36550,8916,8.717829,0BA,5,1100011000000000000000000000000010111110
2458,8952,8.720084,25,8,0000000001011101000000000000000100110000011110000000000000110011
22665,8953,8.720709,0AA,8,0010000001001110000111111101010100100000001100100001111111000001
28669,8954,8.720946,24,8,0000001000111000000000011111110101000010001001101000000001001100
19025,8955,8.721713,0B4,8,0000000000000000000000000000000010100100000001010111100111011110
43484,2296,8.721728,423,2,10101000000101
496,8957,8.723717,320,8,0000000000100000000000000000000000000000000000000000000001001011
32127,8958,8.724163,1C4,8,0000100011100000000110110000000000000000000000000000000011010000
36551,2986,8.725318,0BA,5,0010100100000000000000000000010000101000
2459,8962,8.730031,25,8,0000000001011110000000000000000100010000100000100000000000011110
22666,8963,8.730713,0AA,8,0010000001001101000111111101010100100000001100000001111110111110
8332,8965,8.731373,260,8,0000000000000000000000000000000000000000000000111100100000110101
36552,5969,8.732808,0BA,5,0100111100000000000000000000000000101110
16877,8968,8.733691,226,8,0000000000000000000100000000000000000000000000000000000000000000
10992,8971,8.736878,620,8,0001000000000000000000000000000000000000000000000000000000000000
11578,8972,8.738164,2C1,8,0000000000000000100110010000000010010011110000000000110111000100
2460,8974,8.740041,25,8,0000000001011111000000000000000111110000100000100000000011111111
14568,8975,8.740278,1C6,8,0000000000000000100000000000101110001101001001010000000000000000
36553,5972,8.740298,0BA,5,1110000000110100001110000000000011000001
22667,8976,8.740658,0AA,8,0010000001001100000111111101011000100000001101000001111110111010
28670,8977,8.740893,24,8,0000001000111001000000011111110101000010001010001000000001001111
19026,8978,8.74166,0B4,8,0000000000000000000000000000000010101000000001010111100111100010
32128,8982,8.744108,1C4,8,0000100011100000000110110000000000000000000000000000000011010000
36554,8947,8.747787,0BA,5,1100011000000000000000000000000010111110
2461,8986,8.750101,25,8,0000000001100000000000000000000110110000011011100000000010101100
22668,8987,8.750659,0AA,8,0010000001001100000111111101010100100000001101100001111110111011
8333,8988,8.751292,260,8,0000000000000000000000000000000000000000000000111110100101010110
36555,2995,8.755277,0BA,5,0010100100000000000000000000011100101011
2462,8991,8.759957,25,8,0000000001100000000000000000000101110000011110000000000001110110
22669,8992,8.760633,0AA,8,0010000001001111000111111101001000100000001100100001111110111011
28671,8993,8.760869,24,8,0000001000111011000000011111110101000010001010001000000001010001
19027,8994,8.761611,0B4,8,0000000000000000000000000000000010101000000001010111100111100010
36556,5984,8.762766,0BA,5,0100111100000000000000000000000000101110
32129,8997,8.764067,1C4,8,0000100011100000000110110000000000000000000000000000000011010000
16878,9000,8.765606,226,8,0000000000000000000100000000000000000000000000000000000000000000
11579,9001,8.76814,2C1,8,0000000000000000100110010000000010010000110000000000111011000010
2463,9003,8.769931,25,8,0000000001100001000000000000000100110000011011100000000000101101
14569,9004,8.770178,1C6,8,0000000000000000100000000000101101111000001001010000000000000000
36557,5987,8.770256,0BA,5,1110000000110100001110000000000011000001
22670,9005,8.770608,0AA,8,0010000001010001000111111101000100100000001100110001111110110101
8334,9006,8.771244,260,8,0000000000000000000000000000000000000000000000111111010101100010
497,9008,8.772589,320,8,0000000000100000000000000000000000000000000000000000000001001011
36558,8981,8.777745,0BA,5,1100011000000000000000000000000010111110
2464,9011,8.779931,25,8,0000000001100010000000000000000111110000011011100000000011101110
22671,9012,8.780585,0AA,8,0010000001010001000111111100110100100000001101100001111110110110
28672,9013,8.78079,24,8,0000001000111011000000011111101101000010001001101000000001001101
19028,9014,8.781559,0B4,8,0000000000000000000000000000000010101000000001010111100111100010
21621,9017,8.783818,443,8,0100110100000010000000000010111100000110000000000000000000000000
32130,9018,8.784055,1C4,8,0000100011100001000110110000000000000000000000000000000011010001
36559,3005,8.785235,0BA,5,0010100100000000000000000000010000101000
13966,9020,8.788914,38E,8,0
2465,9022,8.789879,25,8,0000000001100011000000000000000110110000011011100000000010101111
22672,9023,8.790561,0AA,8,0010000001010001000111111100111100100000001101100001111110110101
8335,9024,8.791208,260,8,0000000000000000000000000000000000000000000000111100100000110101
36560,6006,8.792724,0BA,5,0100111100000000000000000000000000101110
16879,9028,8.793541,226,8,0000000000000000000100000000000000000000000000000000000000000000
11580,9031,8.79833,2C1,8,0000000000000000101101100000000010100000110000000000111111110000
2466,9033,8.799884,25,8,0000000001100011000000000000000101100000011011100000000001011111
14570,9034,8.800122,1C6,8,0000000000000000100000000000101101100001001001010000000000000000
36561,6008,8.800214,0BA,5,1110000000110100001110000000000011000001
22673,9035,8.800506,0AA,8,0010000001010010000111111101010100100000001100010001111110101110
28673,9036,8.800739,24,8,0000001000111100000000011111101101000010001001001000000001001100
19029,9037,8.801509,0B4,8,0000000000000000000000000000000010101100000001010111100111100110
32131,9040,8.803964,1C4,8,0000100011100100000110110000000000000000000000000000000011010100
36562,9007,8.807703,0BA,5,1100011000000000000000000000000010111110
2467,9044,8.809835,25,8,0000000001100100000000000000000100010000011001000000000000000110
22674,9045,8.810511,0AA,8,0010000001010011000111111100111000100000001101100001111110110001
8336,9046,8.811137,260,8,0000000000000000000000000000000000000000000000111101111101001100
36563,3012,8.815193,0BA,5,0010100100000000000000000000011100101011
2468,9049,8.819799,25,8,0000000001100101000000000000000111010000011011100000000011010001
22675,9050,8.820489,0AA,8,0010000001010100000111111100111100100000001100110001111110110010
28674,9051,8.820727,24,8,0000001000111101000000011111111101000010001001001000000001010001
19030,9052,8.821461,0B4,8,0000000000000000000000000000000010101100000001010111100111100110
36564,6027,8.822682,0BA,5,0100111100000000000000000000000000101110
32132,9055,8.823913,1C4,8,0000100011100111000110110000000000000000000000000000000011010111
16880,9059,8.825457,226,8,0000000000000000000100000000000000000000000000000000000000000000
498,9060,8.826452,320,8,0000000000100000000000000000000000000000000000000000000001001011
11581,9061,8.827904,2C1,8,0000000000000000110110010000000010111001110000000000111100101100
35090,8843,8.828316,3D3,3,111001010000000011100011
2469,9063,8.829785,25,8,0000000001100101000000000000000101100000010110100000000001001101
14571,9064,8.830023,1C6,8,0000000000000000100000000000101101001100001001010000000000000000
36565,6030,8.830172,0BA,5,1110000000110100001110000000000011000001
22676,9065,8.83046,0AA,8,0010000001011011000111111101001000100000001110100001111110101110
8337,9066,8.831113,260,8,0000000000000000000000000000000000000000000000111011110100101010
36566,9039,8.837662,0BA,5,1100011000000000000000000000000010111110
2470,9070,8.839782,25,8,0000000001100110000000000000000100010000011001000000000000001000
22677,9071,8.840408,0AA,8,0010000001011111000111111101001100100000001110010001111110101110
28675,9072,8.840646,24,8,0000001000111110000000011111111101000010001010001000000001010110
19031,9074,8.841417,0B4,8,0000000000000000000000000000000010110000000001010111111011101111
32133,9076,8.843869,1C4,8,0000100011100111000110110000000000000000000000000000000011010111
36567,3026,8.845151,0BA,5,0010100100000000000000000000010000101000
13711,9078,8.848665,3A5,8,100000000
2471,9080,8.849736,25,8,0000000001100111000000000000000111000000011001000000000010111001
22678,9081,8.850412,0AA,8,0010000001100010000111111101010100100000001100110001111110110000
8338,9082,8.851003,260,8,0000000000000000000000000000000000000000000000111011001000011111
36568,6047,8.852641,0BA,5,0100111100000000000000000000000000101110
16881,9085,8.853393,226,8,0000000000000000000100000000000000000000000000000000000000000000
11582,9088,8.857821,2C1,8,0000000000000000111100110000000011001001110000000001000001010111
2472,9090,8.859711,25,8,0000000001100111000000000000000101010000010110100000000000111111
14572,9091,8.859946,1C6,8,0000000000000000100000000000101100110111001001010000000000000000
36569,6050,8.86013,0BA,5,1110000000110100001110000000000011000001
22679,9092,8.860388,0AA,8,0010000001011101000111111101011100100000001110100001111110110011
28676,9093,8.860629,24,8,0000001000111111000000100000000001000010001010011000000001011010
19032,9095,8.861366,0B4,8,0000000000000000000000000000000010110000000001010111111011101111
16380,9098,8.863581,3F9,8,0111010100011000000000100000001010000000000000000000000000010101
32134,9099,8.863818,1C4,8,0000100011100101000110110000000000000000000000000000000011010101
36570,9067,8.86762,0BA,5,1100011000000000000000000000000010111110
7791,9101,8.868483,610,8,0010000000000000000011100110010011000000000000000110100001000000
2473,9103,8.869684,25,8,0000000001101000000000000000000100000000011001000000000011111010
22680,9104,8.870362,0AA,8,0010000001011011000111111101011100100000001111010001111110101111
8339,9105,8.870915,260,8,0000000000000000000000000000000000000000000000111101001101000000
499,9106,8.871344,320,8,0000000000100000000000000000000000000000000000000000000001001011
36571,3030,8.875109,0BA,5,0010100100000000000000000000011100101011
27989,9108,8.87536,6C0,8,1110010000000000000000001110000010000000000000000000000000000000
35005,9110,8.878588,413,8,0000000100000001000000010000100100000000000000000000000000000000
2474,9112,8.879653,25,8,0000000001101001000000000000000110100000010110100000000010010001
22681,9113,8.880338,0AA,8,0010000001011100000111111101101000100000001111010001111110110000
28677,9114,8.880574,24,8,0000001001000000000000100000001101000010001010011000000001011110
31319,9115,8.880813,640,8,1010100000000000000000000011011100000001110111010000000000000000
19033,9116,8.881314,0B4,8,0000000000000000000000000000000010110000000001011000010011110101
36572,6069,8.882599,0BA,5,0100111100000000000000000000000000101110
32135,9119,8.883779,1C4,8,0000100011011111000110110000000000000000000000000000000011001111
31400,9122,8.885286,44D,8,0100001000000010000000000000000000000001000000000000000000000000
16882,9123,8.885533,226,8,0000000000000000000100000000000000000000000000000000000000000000
11583,9125,8.888126,2C1,8,0000000000000001000010010000000011010110110000000001000001111011
2475,9128,8.88973,25,8,0000000001101001000000000000000100110000010110100000000000100001
14573,9129,8.889969,1C6,8,0000000000000000100000000000101100100011001001010000000000000000
36573,6071,8.890088,0BA,5,1110000000110100001110000000000011000001
22682,9130,8.890314,0AA,8,0010000001100111000111111101101000100000001111110001111110110011
8340,9131,8.890872,260,8,0000000000000000000000000000000000000000000000111111010101100010
36574,9097,8.897578,0BA,5,1100011000000000000000000000000010111110
2476,9134,8.899661,25,8,0000000001101010000000000000000111010000010110100000000011000010
22683,9135,8.900264,0AA,8,0010000001101000000111111101101000100000001111100001111110110101
28678,9136,8.900502,24,8,0000001001000001000000100000010101000010001010001000000001100000
19034,9137,8.901265,0B4,8,0000000000000000000000000000000010110100000001011000010011111001
16288,9139,8.903155,4C1,8,0000000100000000000000010000000100000000000000000000000000000000
32136,9140,8.903721,1C4,8,0000100011010101000110110000000000000000000000000000000011000101
36575,3046,8.905067,0BA,5,0010100100000000000000000000010000101000
2477,9144,8.909584,25,8,0000000001101010000000000000000101100000010110100000000001010010
22684,9145,8.910264,0AA,8,0010000001100111000111111101100000100000010000100001111110110011
8341,9146,8.910815,260,8,0000000000000000000000000000000000000000000000111101111101001100
36576,6089,8.912557,0BA,5,0100111100000000000000000000000000101110
16883,9149,8.913242,226,8,0000000000000000000100000000000000000000000000000000000000000000
11584,9151,8.91767,2C1,8,0000000000000001001010010000000011110011110000000001000010111000
2478,9153,8.919611,25,8,0000000001101011000000000000000100000000010110100000000011110011
14574,9154,8.919848,1C6,8,0000000000000000100000000000101100001100001001010000000000000000
36577,6092,8.920047,0BA,5,1110000000110100001110000000000011000001
22685,9155,8.92021,0AA,8,0010000001101010000111111101011100100000010001000001111110110110
28679,9156,8.920445,24,8,0000001001000010000000100000011001000010001010001000000001100010
19035,9157,8.921216,0B4,8,0000000000000000000000000000000010110100000001011000101011111111
32137,9161,8.923668,1C4,8,0000100011000111000110110000000000000000000000000000000010110111
500,9163,8.924209,320,8,0000000000100000000000000000000000000000000000000000000001001011
36578,9132,8.927536,0BA,5,1100011000000000000000000000000010111110
43668,9640,8.927545,3BB,5,0111000000000000000000001010000000000000
2479,9166,8.92953,25,8,0000000001101100000000000000000110100000010110100000000010010100
22686,9167,8.930219,0AA,8,0010000001101011000111111101011100100000010001110001111110110101
8342,9168,8.930519,260,8,0000000000000000000000000000000000000000000001000000101101111001
36579,3053,8.935026,0BA,5,0010100100000000000000000000011100101011
2480,9172,8.939506,25,8,0000000001101100000000000000000100110000010110100000000000100100
22687,9173,8.940188,0AA,8,0010000001101010000111111101011000100000010001010001111110110111
28680,9174,8.940421,24,8,0000001001000011000000100000100001000010001010011000000001100110
19036,9175,8.941163,0B4,8,0000000000000000000000000000000010111000000001011000101000000011
36580,6108,8.942515,0BA,5,0100111100000000000000000000000000101110
32138,9179,8.943628,1C4,8,0000100010111000000110110000000000000000000000000000000010101000
16884,9182,8.945158,226,8,0000000000000000000100000000000000000000000000000000000000000000
11585,9183,8.947642,2C1,8,0000000000000001010000000000000100010000110000000001000011101101
2481,9185,8.94951,25,8,0000000001101101000000000000000111010000010110100000000011000101
14575,9186,8.949749,1C6,8,0000000000000000100000000000101011110111001001010000000000000000
36581,6111,8.950005,0BA,5,1110000000110100001110000000000011000001
22688,9187,8.950167,0AA,8,0010000001101110000111111101011100100000010001000001111110111000
8343,9188,8.950501,260,8,0000000000000000000000000000000000000000000000111100100000110101
36582,9160,8.957494,0BA,5,1100011000000000000000000000000010111110
2482,9192,8.959512,25,8,0000000001101101000000000000000101110000011001000000000001101111
22689,9193,8.960112,0AA,8,0010000001101100000111111101100000100000010011100001111110111100
28681,9194,8.960347,24,8,0000001001000100000000100000011001000010001010111000000001100111
19037,9195,8.961112,0B4,8,0000000000000000000000000000000010111000000001011000111100001000
27807,9197,8.963115,420,8,0000000000000000000000000000000011111111000000001000000010101011
32139,9199,8.963581,1C4,8,0000100010101100000110110000000000000000000000000000000010011100
36583,3065,8.964984,0BA,5,0010100100000000000000000000010000101000
13838,9201,8.969102,4C6,8,0000011100000000000000110000000000000000000000000000000000000000
2483,9203,8.969679,25,8,0000000001101110000000000000000100010000010110100000000000000110
22690,9204,8.970113,0AA,8,0010000001101111000111111101101100100000010100110001111110111000
8344,9205,8.970368,260,8,0000000000000000000000000000000000000000000000111101111101001100
36584,6127,8.972473,0BA,5,0100111100000000000000000000000000101110
16885,9209,8.973093,226,8,0000000000000000000100000000000000000000000000000000000000000000
501,9210,8.974086,320,8,0000000000100000000000000000000000000000000000000000000001001011
11586,9212,8.97756,2C1,8,0000000000000001111100110000001001010000110000000001000011100001
2484,9214,8.979437,25,8,0000000001101111000000000000000111000000011001000000000011000001
14576,9215,8.979851,1C6,8,0000000000000000100000000000101011100011001001000000000000000000
36585,6131,8.979963,0BA,5,1110000000110100001110000000000011000001
22691,9216,8.980089,0AA,8,0010000001110001000111111101110000100000010100010001111110111001
28682,9217,8.980324,24,8,0000001001000101000000100000011001000010001010111000000001101000
19038,9218,8.981064,0B4,8,0000000000000000000000000000000010111000000001011000111100001000
7601,9220,8.982977,3BC,8,0
32140,9222,8.983522,1C4,8,0000100010100011000110110000000000000000000000000000000010010011
14047,9225,8.985129,442,8,0100001100000010000000000000000000000010000000000000000000000000
36586,9189,8.987452,0BA,5,1100011000000000000000000000000010111110
35301,7290,8.988052,386,7,11011011000000000000000000000000000001100000000000000011
43407,7317,8.988069,3000000.0,6,101011000000000000000000000000000000000000000000
2485,9228,8.989412,25,8,0000000001101111000000000000000101010000010110100000000001000111
22692,9230,8.990062,0AA,8,0010000001110010000111111101101100100000010100110001111110111100
8345,9231,8.990334,260,8,0000000000000000000000000000000000000000000001000000101101111001
36587,3074,8.994942,0BA,5,0010100100000000000000000000011100101011
2486,9233,8.999449,25,8,0000000001110000000000000000000100000000011001000000000000000010
22693,9234,9.000013,0AA,8,0010000001110001000111111101011100100000010101000001111110110111
28683,9235,9.000247,24,8,0000001001000110000000100000010101000010001010111000000001101000
19039,9236,9.001014,0B4,8,0000000000000000000000000000000010111100000001011000111100001100
36588,6150,9.002432,0BA,5,0100111100000000000000000000000000101110
32141,9239,9.003477,1C4,8,0000100010100011000110110000000000000000000000000000000010010011
16886,9243,9.005007,226,8,0000000000000000000100000000000000000000000000000000000000000000
11587,9245,9.007464,2C1,8,0000000000000001100011000000000110000000110000000001000110101010
27868,9246,9.007727,4DC,8,0001110100000000000000000000000000000000000000000000000000000000
2487,9248,9.00936,25,8,0000000001110001000000000000000110100000010110100000000010011001
14577,9249,9.009599,1C6,8,0000000000000000100000000000101011110010001000100000000000000000
36589,6154,9.009921,0BA,5,1110000000110100001110000000000011000001
22694,9250,9.010016,0AA,8,0010000001110010000111111101011100100000010110000001111110110111
8346,9251,9.010265,260,8,0000000000000000000000000000000000000000000000111111010101100010
13345,9252,9.010422,394,3,0
90,9254,9.011995,3B7,8,1000
36590,9221,9.017411,0BA,5,1100011000000000000000000000000010111110
2488,9256,9.019362,25,8,0000000001110001000000000000000101000000011001000000000001000011
22695,9257,9.019959,0AA,8,0010000001110001000111111101011100100000010111000001111110111011
28684,9258,9.020194,24,8,0000001001000111000000100000001101000010001010111000000001100111
19040,9260,9.020965,0B4,8,0000000000000000000000000000000010111100000001011000111100001100
502,9262,9.022967,320,8,0000000000100000000000000000000000000000000000000000000001001011
32142,9263,9.023425,1C4,8,0000100010010011000110110000000000000000000000000000000010000011
36591,3089,9.0249,0BA,5,0010100100000000000000000000010000101000
1532,9266,9.028232,6F3,8,0010000000000000000000000000000000000000000000000000000000000000
8347,9268,9.030154,260,8,0000000000000000000000000000000000000000000000111101111101001100
2489,9269,9.030393,25,8,0000000001110010000000000000000111110000010110100000000011101010
22696,9270,9.030936,0AA,8,0010000001110010000111111101011100100000010110000001111110111001
36592,6167,9.03239,0BA,5,0100111100000000000000000000000000101110
16887,9273,9.033942,226,8,0000000000000000000100000000000000000000000000000000000000000000
10993,9276,9.035994,620,8,0001000000000000000000000000000000000000000000000000000000000000
11588,9278,9.037379,2C1,8,0000000000000001100111000000000110010000110000000001000111001010
11173,9279,9.037691,39A,8,0000000000000000000000000000000100000000000000000000000000000000
2490,9281,9.039313,25,8,0000000001110010000000000000000101110000010110000000000001101000
14578,9282,9.039553,1C6,8,0000000000000000100000000000101011111110001000010000000000000000
31578,9283,9.039799,633,8,1000000100000000000000000000000000000000000000000000000000000000
36593,6170,9.039879,0BA,5,1110000000110100001110000000000011000001
22697,9284,9.040031,0AA,8,0010000001110100000111111101011100100000010101100001111110110101
28685,9285,9.040268,24,8,0000001001000111000000100000000101000010001010111000000001100101
19041,9286,9.040918,0B4,8,0000000000000000000000000000000011000000000001011000111100010000
13525,9288,9.042721,399,8,0000000000000000000000000000000000000000111111110000000000000000
32143,9290,9.043385,1C4,8,0000100010010101000110110000000000000000000000000000000010000101
36594,9253,9.047369,0BA,5,1100011000000000000000000000000010111110
2491,9293,9.049262,25,8,0000000001110011000000000000000100010000010110100000000000001011
22698,9294,9.049913,0AA,8,0010000001110110000111111101101000100000010110110001111110111101
8348,9295,9.050164,260,8,0000000000000000000000000000000000000000000000111101001101000000
36595,3093,9.054858,0BA,5,0010100100000000000000000000011100101011
43485,8560,9.057179,423,2,1000100000000
2492,9299,9.059237,25,8,0000000001110100000000000000000111000000011001000000000011000110
22699,9300,9.059893,0AA,8,0010000001110011000111111101101000100000010110000001111110111100
28686,9301,9.06013,24,8,0000001001001000000000100000000001000010001010111000000001100101
19042,9302,9.060869,0B4,8,0000000000000000000000000000000011000000000001011000111100010000
36596,6193,9.062348,0BA,5,0100111100000000000000000000000000101110
9,9305,9.063055,3B1,8,0000000000000000000000100000101000000000000010000000000000000000
32144,9306,9.063331,1C4,8,0000100010011111000110110000000000000000000000000000000010001111
16888,9309,9.064861,226,8,0000000000000000000100000000000000000000000000000000000000000000
11233,9310,9.065168,4C8,8,0000100100000000000000000000000000000000000000000000000000000000
11589,9311,9.067317,2C1,8,0000000000000001101010010000000110100000110000000001000111100111
2493,9313,9.069217,25,8,0000000001110100000000000000000101010000010110100000000001001100
14579,9315,9.069643,1C6,8,0000000000000000100000000000101100001010001000000000000000000000
36597,6196,9.069837,0BA,5,1110000000110100001110000000000011000001
22700,9316,9.069874,0AA,8,0010000001110110000111111101101000100000010101110001111110110111
8349,9317,9.07014,260,8,0000000000000000000000000000000000000000000000111110100101010110
503,9320,9.071842,320,8,0000000000100000000000000000000000000000000000000000000001001011
36598,9289,9.077327,0BA,5,1100011000000000000000000000000010111110
2494,9322,9.079216,25,8,0000000001110101000000000000000111110000010110100000000011101101
22701,9323,9.079811,0AA,8,0010000001110111000111111101101000100000010110110001111110110111
28687,9324,9.080046,24,8,0000001001001010000000011111111101000010001011011000000001100111
19043,9325,9.080818,0B4,8,0000000000000000000000000000000011000000000001011000111100010000
21622,9328,9.083088,443,8,0100110100000010000000000010111100000110000000000000000000000000
32145,9329,9.083328,1C4,8,0000100010101100000110110000000000000000000000000000000010011100
36599,3109,9.084817,0BA,5,0010100100000000000000000000010000101000
35091,1130,9.087972,3D3,3,011011000001001000000000
2495,9333,9.089161,25,8,0000000001110110000000000000000110010000010110100000000010001110
22702,9334,9.089817,0AA,8,0010000001110111000111111101101100100000010110000001111110111010
8350,9335,9.090063,260,8,0000000000000000000000000000000000000000000000111101111101001100
36600,6219,9.092306,0BA,5,0100111100000000000000000000000000101110
16889,9338,9.092795,226,8,0000000000000000000100000000000000000000000000000000000000000000
11590,9340,9.097233,2C1,8,0000000000000001110000110000000110110011110000000001000100010100
2496,9342,9.099166,25,8,0000000001110110000000000000000100100000010110100000000000011110
14580,9343,9.099412,1C6,8,0000000000000000100000000000101100000000001000000000000000000000
22703,9344,9.099762,0AA,8,0010000001110110000111111101101000100000010110000001111110111000
36601,6223,9.099796,0BA,5,1110000000110100001110000000000011000001
28688,9345,9.099996,24,8,0000001001001010000000011111111101000010001011011000000001100111
19044,9346,9.100763,0B4,8,0000000000000000000000000000000011000100000001011001010100011010
32146,9350,9.103314,1C4,8,0000100011000000000110110000000000000000000000000000000010110000
36602,9318,9.107285,0BA,5,1100011000000000000000000000000010111110
2497,9353,9.109114,25,8,0000000001110111000000000000000110110000010100000000000010100101
22704,9354,9.109766,0AA,8,0010000001111000000111111101110000100000010110110001111110110110
8351,9355,9.11001,260,8,0000000000000000000000000000000000000000000000111111010101100010
16381,9356,9.113317,3F9,8,0111010100011000000000100000001010000000000000000000000000010101
36603,3115,9.114775,0BA,5,0010100100000000000000000000011100101011
2498,9359,9.11909,25,8,0000000001110111000000000000000100110000010100000000000000100101
22705,9361,9.11974,0AA,8,0010000001111011000111111101101100100000010110000001111110111010
28689,9362,9.119975,24,8,0000001001001011000000100000000001000010001010111000000001101000
19045,9363,9.120712,0B4,8,0000000000000000000000000000000011000100000001011001010100011010
36604,6236,9.122264,0BA,5,0100111100000000000000000000000000101110
32147,9366,9.123188,1C4,8,0000100011010011000110110000000000000000000000000000000011000011
16890,9369,9.12471,226,8,0000000000000000000100000000000000000000000000000000000000000000
504,9370,9.125703,320,8,0000000000100000000000000000000000000000000000000000000001001011
11591,9371,9.127172,2C1,8,0000000000000001110011000000000111011100110000000001000101000110
2499,9373,9.129066,25,8,0000000001111000000000000000000111000000010100000000000010110110
14581,9374,9.129305,1C6,8,0000000000000000100000000000101011101011000111110000000000000000
22706,9375,9.129715,0AA,8,0010000001111110000111111101110000100000010110010001111110111100
36605,6240,9.129754,0BA,5,1110000000110100001110000000000011000001
8352,9376,9.129956,260,8,0000000000000000000000000000000000000000000000111111010101100010
31247,9380,9.134727,4A6,8,0000000000000000000000000000000000000000000011010000000000000000
36606,9349,9.137243,0BA,5,1100011000000000000000000000000010111110
2500,9384,9.139065,25,8,0000000001111000000000000000000101000000010100000000000000110110
22707,9385,9.139666,0AA,8,0010000010000000000111111101110000100000011000000001111110111000
28690,9386,9.139901,24,8,0000001001001011000000100000000001000010001010111000000001101000
19046,9387,9.140663,0B4,8,0000000000000000000000000000000011001000000001011001010100011110
32148,9389,9.143133,1C4,8,0000100011100010000110110000000000000000000000000000000011010010
36607,3130,9.144733,0BA,5,0010100100000000000000000000010000101000
34762,9391,9.145948,4DF,8,0010000000000000000000000000000100000000000000000000000000000000
2501,9393,9.14902,25,8,0000000001111001000000000000000111010000010100000000000011000111
22708,9394,9.149669,0AA,8,0010000010000010000111111101111100100000010111010001111110110111
8353,9395,9.14991,260,8,0000000000000000000000000000000000000000000000111011110100101010
36608,6258,9.152222,0BA,5,0100111100000000000000000000000000101110
16891,9399,9.152645,226,8,0000000000000000000100000000000000000000000000000000000000000000
11592,9401,9.15712,2C1,8,0000000000000001111010010000000111011100110000000001000101100011
2502,9403,9.159019,25,8,0000000001111001000000000000000101010000010100000000000001000111
14582,9404,9.159258,1C6,8,0000000000000000100000000000101011011001000111100000000000000000
22709,9405,9.159615,0AA,8,0010000010000101000111111101111100100000010110100001111110111001
36609,6262,9.159712,0BA,5,1110000000110100001110000000000011000001
28691,9406,9.15985,24,8,0000001001001101000000100000000101000010001010111000000001101011
19047,9407,9.160615,0B4,8,0000000000000000000000000000000011001000000001011001010100011110
32149,9410,9.163089,1C4,8,0000100011100010000110110000000000000000000000000000000011010010
36610,9377,9.167201,0BA,5,1100011000000000000000000000000010111110
2503,9414,9.168967,25,8,0000000001111010000000000000000111100000010100000000000011011000
22710,9415,9.169621,0AA,8,0010000010000110000111111110000000100000010111110001111110110111
8354,9416,9.169867,260,8,0000000000000000000000000000000000000000000001000000000001101110
505,9417,9.170596,320,8,0000000000100000000000000000000000000000000000000000000001001011
27990,9418,9.174129,6C0,8,1110010000000000000000001110000010000000000000000000000000000000
36611,3141,9.174691,0BA,5,0010100100000000000000000000011100101011
2504,9420,9.178939,25,8,0000000001111010000000000000000101010000010001100000000000111110
22711,9421,9.179592,0AA,8,0010000010000111000111111110000100100000011000010001111110111101
28692,9422,9.17983,24,8,0000001001001110000000100000001101000010001011011000000001110000
19048,9423,9.180568,0B4,8,0000000000000000000000000000000011001000000001011001101000100011
36612,6281,9.182181,0BA,5,0100111100000000000000000000000000101110
32150,9426,9.183041,1C4,8,0000100011110000000110110000000000000000000000000000000011100000
34830,9428,9.183524,3C3,8,0100011000011110100100110100111011101110010001100111100101110000
31401,9431,9.184137,44D,8,0100001000000010000000000000000000000001000000000000000000000000
16892,9433,9.184564,226,8,0000000000000000000100000000000000000000000000000000000000000000
11593,9435,9.187027,2C1,8,0000000000000001111101100000000111101001110000000001000101111101
2505,9437,9.188915,25,8,0000000001111011000000000000000111010000010001100000000010111111
14583,9438,9.189155,1C6,8,0000000000000000100000000000101011000111000111100000000000000000
8355,9439,9.189513,260,8,0000000000000000000000000000000000000000000000111101001101000000
36613,6284,9.18967,0BA,5,1110000000110100001110000000000011000001
22712,9440,9.189746,0AA,8,0010000010000111000111111110001100100000011000010001111110111111
36614,9409,9.19716,0BA,5,1100011000000000000000000000000010111110
2506,9443,9.198919,25,8,0000000001111011000000000000000100110000001111000000000000010101
22713,9444,9.199512,0AA,8,0010000010001101000111111110101100100000011000100001111110111100
28693,9445,9.199748,24,8,0000001001001110000000100000010101000010001011111000000001110100
19049,9448,9.200519,0B4,8,0000000000000000000000000000000011001100000001011010000000101101
32151,9450,9.202996,1C4,8,0000100011111001000110110000000000000000000000000000000011101001
36615,3155,9.204649,0BA,5,0010100100000000000000000000010000101000
2507,9453,9.20887,25,8,0000000001111100000000000000000110110000010001100000000010100000
8356,9454,9.209423,260,8,0000000000000000000000000000000000000000000001000000000001101110
22714,9455,9.209615,0AA,8,0010000010010001000111111110101000100000011000100001111110111110
36616,6298,9.212139,0BA,5,0100111100000000000000000000000000101110
16893,9458,9.212495,226,8,0000000000000000000100000000000000000000000000000000000000000000
11594,9462,9.21694,2C1,8,0000000000000010000100110000001001000110110000000001000111111001
2508,9464,9.218844,25,8,0000000001111100000000000000000100100000010001100000000000010000
14584,9465,9.219083,1C6,8,0000000000000000100000000000101010110111000111100000000000000000
22715,9466,9.219496,0AA,8,0010000010010101000111111110101000100000011000110001111111000001
36617,6301,9.219628,0BA,5,1110000000110100001110000000000011000001
28694,9467,9.219731,24,8,0000001001001111000000100000011001000010001011011000000001110100
19050,9468,9.220469,0B4,8,0000000000000000000000000000000011001100000001011010000000101101
32152,9471,9.222948,1C4,8,0000100100000001000110110000000000000000000000000000000011110010
506,9473,9.223467,320,8,0000000000100000000000000000000000000000000000000000000001001011
43669,307,9.22513,3BB,5,1011101100000000000000000000000000100110
36618,9441,9.227118,0BA,5,1100011000000000000000000000000010111110
2509,9475,9.228819,25,8,0000000001111101000000000000000110010000001111000000000001110111
8357,9476,9.229311,260,8,0000000000000000000000000000000000000000000000111111010101100010
22716,9477,9.229547,0AA,8,0010000010010110000111111110100100100000011001110001111110111111
36619,3160,9.234607,0BA,5,0010100100000000000000000000011100101011
7662,9480,9.236388,611,8,0010000100000000000000000001000000000000000000000011110101101100
2510,9482,9.238792,25,8,0000000001111101000000000000000111100000001100100000000010111101
22717,9483,9.239441,0AA,8,0010000010010110000111111110101000100000011001100001111110111101
28695,9484,9.239678,24,8,0000001001010000000000100000100001000010001011111000000001111001
19051,9485,9.240416,0B4,8,0000000000000000000000000000000011010000000001011010011000110111
36620,6321,9.242097,0BA,5,0100111100000000000000000000000000101110
32153,9488,9.242903,1C4,8,0000100100001010000110110000000000000000000000000000000011111011
16894,9491,9.244416,226,8,0000000000000000000100000000000000000000000000000000000000000000
11595,9492,9.246882,2C1,8,0000000000000010000111000000001001000110110000000001000100000010
2511,9494,9.24877,25,8,0000000001111101000000000000000101000000001111000000000000100111
14585,9495,9.249009,1C6,8,0000000000000000100000000000101010101000000111010000000000000000
22718,9497,9.249432,0AA,8,0010000010011010000111111111000000100000011011000001111110111110
36621,6323,9.249586,0BA,5,1110000000110100001110000000000011000001
8358,9498,9.249674,260,8,0000000000000000000000000000000000000000000000111111010101100010
36622,9470,9.257076,0BA,5,1100011000000000000000000000000010111110
2512,9502,9.258771,25,8,0000000001111110000000000000000110100000001100100000000001111110
22719,9503,9.259367,0AA,8,0010000010100000000111111111001100100000011010110001111110111111
28696,9504,9.259603,24,8,0000001001010001000000100000100001000010001011111000000001111010
19052,9505,9.26037,0B4,8,0000000000000000000000000000000011010000000001011010101100111100
32154,9507,9.262882,1C4,8,0000100100010000000110110000000000000000000000000000000000000001
36623,3175,9.264566,0BA,5,0010100100000000000000000000010000101000
8359,9511,9.269192,260,8,0000000000000000000000000000000000000000000000111101111101001100
2513,9513,9.269799,25,8,0000000001111110000000000000000100000000001101100000000011100010
22720,9514,9.27034,0AA,8,0010000010100100000111111111001100100000011011010001111110111010
36624,6340,9.272055,0BA,5,0100111100000000000000000000000000101110
16895,9517,9.273342,226,8,0000000000000000000100000000000000000000000000000000000000000000
507,9519,9.274379,320,8,0000000000100000000000000000000000000000000000000000000001001011
11596,9520,9.27683,2C1,8,0000000000000010001010010000001001000000110000000001000100001001
28697,9522,9.278543,24,8,0000001001010010000000100000101001000010001100001000000001111110
2514,9523,9.278783,25,8,0000000001111110000000000000000101010000001101110000000000110011
14586,9524,9.27902,1C6,8,0000000000000000100000000000101010011001000111010000000000000000
22721,9525,9.279345,0AA,8,0010000010100101000111111111100000100000011011110001111110111111
36625,6343,9.279545,0BA,5,1110000000110100001110000000000011000001
19053,9526,9.280319,0B4,8,0000000000000000000000000000000011010000000001011011000101000010
32155,9530,9.282801,1C4,8,0000100100010000000110110000000000000000000000000000000000000001
14048,9533,9.284243,442,8,0100001100000010000000000000000000000010000000000000000000000000
36626,9500,9.287034,0BA,5,1100011000000000000000000000000010111110
2515,9535,9.288678,25,8,0000000001111111000000000000000110110000001100100000000010001111
8360,9536,9.289146,260,8,0000000000000000000000000000000000000000000000111101111101001100
22722,9537,9.289378,0AA,8,0010000010100110000111111111010100100000011101110001111111000100
36627,3182,9.294524,0BA,5,0010100100000000000000000000011100101011
2516,9540,9.298689,25,8,0000000001111111000000000000000100010000001111000000000011111001
22723,9541,9.299294,0AA,8,0010000010101011000111111111011000100000011110010001111111000010
28698,9542,9.299531,24,8,0000001001010011000000100000110101000010001011111000000010000001
19054,9543,9.300267,0B4,8,0000000000000000000000000000000011010100000001011011011101001100
36628,6358,9.302013,0BA,5,0100111100000000000000000000000000101110
32156,9546,9.302751,1C4,8,0000100100001101000110110000000000000000000000000000000011111110
16896,9549,9.304266,226,8,0000000000000000000100000000000000000000000000000000000000000000
11597,9550,9.306737,2C1,8,0000000000000010001100110000001000110011110000000001000100000110
2517,9552,9.308624,25,8,0000000001111111000000000000000101100000001100100000000000111111
14587,9553,9.308862,1C6,8,0000000000000000100000000000101010000001000111010000000000000000
8361,9554,9.309104,260,8,0000000000000000000000000000000000000000000000111101001101000000
22724,9555,9.309341,0AA,8,0010000010101010000111111111100100100000011110010001111111000110
13346,9556,9.309492,394,3,0
36629,6361,9.309503,0BA,5,1110000000110100001110000000000011000001
91,9558,9.31125,3B7,8,1000
36630,9529,9.316992,0BA,5,1100011000000000000000000000000010111110
2518,9562,9.318619,25,8,0000000010000000000000000000000111000000001100100000000010100000
22725,9563,9.319219,0AA,8,0010000010101001000111111111101000100000100000000001111111001011
28699,9564,9.319457,24,8,0000001001010011000000100000110101000010001011111000000010000001
19055,9565,9.320219,0B4,8,0000000000000000000000000000000011010100000001011011110001010001
508,9567,9.32222,320,8,0000000000100000000000000000000000000000000000000000000001001011
32157,9568,9.322704,1C4,8,0000100100001001000110110000000000000000000000000000000011111010
36631,3193,9.324482,0BA,5,0010100100000000000000000000010000101000
2519,9571,9.32857,25,8,0000000010000000000000000000000100010000001100100000000011110000
8362,9573,9.329011,260,8,0000000000000000000000000000000000000000000000111110100101010110
22726,9574,9.329246,0AA,8,0010000010101111000111111111101100100000011111100001111111001101
36632,6381,9.331971,0BA,5,0100111100000000000000000000000000101110
16897,9578,9.332192,226,8,0000000000000001000100000000000000000000000000000000000000000000
10994,9581,9.335105,620,8,0001000000000000000000000000000000000000000000000000000000000000
11598,9582,9.336682,2C1,8,0000000000000010001111000000001000110011110000000001000000001110
2520,9584,9.338551,25,8,0000000010000000000000000000000101100000001100100000000001000000
14588,9585,9.33879,1C6,8,0000000000000000100000000000101001101010000111000000000000000000
22727,9586,9.339197,0AA,8,0010000010101111000111111111110100100000100000010001111111001101
28700,9587,9.339434,24,8,0000001001010100000000100000110101000010001011111000000010000010
36633,6384,9.339461,0BA,5,1110000000110100001110000000000011000001
19056,9588,9.340166,0B4,8,0000000000000000000000000000000011011000000001011011110001010101
32158,9591,9.342653,1C4,8,0000100100000100000110110000000000000000000000000000000011110101
36634,9557,9.346951,0BA,5,1100011000000000000000000000000010111110
35092,9379,9.347628,3D3,3,111001010000000111001100
2521,9596,9.348516,25,8,0000000010000001000000000000000110110000001011010000000010001100
8363,9597,9.348969,260,8,0000000000000000000000000000000000000000000000111110100101010110
22728,9598,9.349205,0AA,8,0010000010110011000111111111111000100000100000100001111111010000
36635,3201,9.35444,0BA,5,0010100100000000000000000000011100101011
2522,9600,9.358519,25,8,0000000010000001000000000000000100000000001100100000000011100001
22729,9601,9.359119,0AA,8,0010000010110110001000000000000000100000100001100001111111010000
28701,9602,9.359358,24,8,0000001001010101000000100000110101000010001011011000000010000001
19057,9603,9.36012,0B4,8,0000000000000000000000000000000011011000000001011100001001011011
36636,6402,9.36193,0BA,5,0100111100000000000000000000000000101110
32159,9606,9.36261,1C4,8,0000100100000100000110110000000000000000000000000000000011110101
16382,9608,9.363009,3F9,8,0111010100011000000000100000001010000000000000000000000000010101
16898,9611,9.364117,226,8,0000000000000000000100000000000000000000000000000000000000000000
7792,9612,9.365008,610,8,0010000000000000000011110110010011000000000000000110100001000000
11599,9613,9.366597,2C1,8,0000000000000010001010010000001000100110110000000000111111101101
2523,9615,9.368472,25,8,0000000010000001000000000000000101000000001011010000000000011100
14589,9616,9.368713,1C6,8,0000000000000000100000000000101001010101000111000000000000000000
8364,9617,9.368959,260,8,0000000000000000000000000000000000000000000000111111010101100010
22730,9618,9.369194,0AA,8,0010000010110111001000000000000100100000100010000001111111010011
36637,6405,9.369419,0BA,5,1110000000110100001110000000000011000001
509,9620,9.371099,320,8,0000000000100000000000000000000000000000000000000000000001001011
36638,9590,9.376909,0BA,5,1100011000000000000000000000000010111110
2524,9623,9.378445,25,8,0000000010000010000000000000000110100000001100100000000010000010
22731,9624,9.379095,0AA,8,0010000010111001001000000000000100100000100100110001111111010011
28702,9625,9.379335,24,8,0000001001010101000000100000110101000010001011111000000010000011
19058,9627,9.380067,0B4,8,0000000000000000000000000000000011011000000001011100001001011011
21623,9630,9.382357,443,8,0100110100000010000000000010111100000110000000000000000000000000
32160,9631,9.382599,1C4,8,0000100100000000000110110000000000000000000000000000000011110001
36639,3214,9.384398,0BA,5,0010100100000000000000000000010000101000
2525,9634,9.388418,25,8,0000000010000010000000000000000111100000001011010000000010111101
8365,9635,9.388734,260,8,0000000000000000000000000000000000000000000001000000000001101110
22732,9636,9.389071,0AA,8,0010000010111001001000000000001000100000100101000001111111010110
36640,6420,9.391888,0BA,5,0100111100000000000000000000000000101110
16899,9639,9.39205,226,8,0000000000000000000100000000000000000000000000000000000000000000
43486,657,9.39263,423,2,11100000000
11600,9644,9.396511,2C1,8,0000000000000010001000000000001000100110110000000000111111100100
2526,9646,9.398421,25,8,0000000010000010000000000000000100010000001001100000000011100110
14590,9647,9.398674,1C6,8,0000000000000000100000000000101000111101000111000000000000000000
22733,9648,9.399017,0AA,8,0010000010111100001000000000010000100000100101100001111111010110
28703,9649,9.399253,24,8,0000001001010110000000100000110001000010001100001000000010000100
36641,6423,9.399377,0BA,5,1110000000110100001110000000000011000001
19059,9650,9.40002,0B4,8,0000000000000000000000000000000011011100000001011100011101100100
32161,9653,9.402509,1C4,8,0000100011111011000110110000000000000000000000000000000011101011
34942,9655,9.403017,4C3,8,0000001100000000000000000000000100000000000000000000000000000000
13901,9656,9.403903,622,8,0001001000000000000000000000000000000000000000000000000000000000
36642,9619,9.406867,0BA,5,1100011000000000000000000000000010111110
2527,9658,9.408401,25,8,0000000010000010000000000000000101010000001010010000000000101001
8366,9659,9.408647,260,8,0000000000000000000000000000000000000000000001000000000001101110
22734,9660,9.408996,0AA,8,0010000010111111001000000000010000100000100101100001111111011100
36643,3218,9.414356,0BA,5,0010100100000000000000000000011100101011
2528,9663,9.418341,25,8,0000000010000011000000000000000110100000001010010000000001111010
22735,9664,9.418996,0AA,8,0010000011000011001000000000010100100000100110100001111111100001
28704,9665,9.419234,24,8,0000001001010110000000100000100001000010001100001000000010000000
19060,9666,9.419973,0B4,8,0000000000000000000000000000000011011100000001011100011101100100
36644,6439,9.421846,0BA,5,0100111100000000000000000000000000101110
32162,9669,9.422462,1C4,8,0000100011111000000110110000000000000000000000000000000011101000
16900,9672,9.423967,226,8,0000000000000000000100000000000000000000000000000000000000000000
510,9673,9.424961,320,8,0000000000100000000000000000000000000000000000000000000001001011
11601,9674,9.42645,2C1,8,0000000000000010000110010000001000100011110000000000111111011010
2529,9676,9.428324,25,8,0000000010000011000000000000000111110000001100100000000011010011
14591,9677,9.42856,1C6,8,0000000000000000100000000000101000100101000110110000000000000000
8367,9678,9.428808,260,8,0000000000000000000000000000000000000000000001000000000001101110
22736,9679,9.429048,0AA,8,0010000011000000001000000000011000100000101000000001111111011110
36645,6441,9.429336,0BA,5,1110000000110100001110000000000011000001
36646,9652,9.436825,0BA,5,1100011000000000000000000000000010111110
31639,9683,9.437229,389,8,0000000000100000000000000000000000000000000000000000000000000000
2530,9685,9.438323,25,8,0000000010000011000000000000000100110000001001100000000000000111
22737,9686,9.438919,0AA,8,0010000011000011001000000000011100100000100111100001111111100001
28705,9687,9.439156,24,8,0000001001010111000000100000101001000010001100101000000010000101
19061,9688,9.439925,0B4,8,0000000000000000000000000000000011100000000001011100110101101110
32163,9690,9.442411,1C4,8,0000100011111010000110110000000000000000000000000000000011101010
36647,3233,9.444315,0BA,5,0010100100000000000000000000010000101000
8368,9694,9.448415,260,8,0000000000000000000000000000000000000000000001000010000110001111
2531,9696,9.44929,25,8,0000000010000100000000000000000110010000001011010000000001101111
22738,9697,9.449892,0AA,8,0010000011000011001000000000100100100000100110100001111111100101
36648,6460,9.451804,0BA,5,0100111100000000000000000000000000101110
16901,9700,9.452894,226,8,0000000000000000000100000000000000000000000000000000000000000000
13646,9702,9.455474,4B7,8,1110001111011111001000001111000000000000111010100000000100001000
11602,9703,9.456393,2C1,8,0000000000000010000100110000001000100000110000000000111111010001
28706,9706,9.45816,24,8,0000001001010111000000100000011001000010001100101000000010000001
2532,9707,9.458347,25,8,0000000010000100000000000000000111000000001001100000000010011000
14592,9708,9.458582,1C6,8,0000000000000000100000000000101000010000000110110000000000000000
22739,9709,9.458893,0AA,8,0010000011000101001000000000110000100000100111100001111111100110
36649,6463,9.459294,0BA,5,1110000000110100001110000000000011000001
19062,9710,9.459871,0B4,8,0000000000000000000000000000000011100000000001011100110101101110
32164,9715,9.462359,1C4,8,0000100011111110000110110000000000000000000000000000000011101110
36650,9681,9.466783,0BA,5,1100011000000000000000000000000010111110
2533,9718,9.468219,25,8,0000000010000100000000000000000100000000001010010000000011011011
8369,9719,9.468463,260,8,0000000000000000000000000000000000000000000001000010110110011011
22740,9720,9.46887,0AA,8,0010000011000100001000000000111100100000100111100001111111100010
511,9721,9.46985,320,8,0000000000100000000000000000000000000000000000000000000001001011
27991,9722,9.472879,6C0,8,1110010000000000000000001110000010000000000000000000000000000000
36651,3241,9.474273,0BA,5,0010100100000000000000000000011100101011
28707,9725,9.478186,24,8,0000001001010111000000100000001101000010001100101000000001111110
2534,9726,9.47842,25,8,0000000010000100000000000000000101000000001000110000000000010101
22741,9727,9.478845,0AA,8,0010000011000100001000000000111000100000100111110001111111100010
19063,9728,9.479824,0B4,8,0000000000000000000000000000000011100100000001011101001101111000
36652,6479,9.481762,0BA,5,0100111100000000000000000000000000101110
13586,9731,9.482026,4DD,8,0001111000000000000000000000000000000000000000000000000000000000
32165,9732,9.482314,1C4,8,0000100100000100000110110000000000000000000000000000000011110101
31402,9734,9.4828,44D,8,0100001000000010000000000000000000000001000000000000000000000000
16902,9736,9.483818,226,8,0000000000000000000100000000000000000000000000000000000000000000
11603,9738,9.486304,2C1,8,0000000000000010001010010000001000011100110000000000111111100011
2535,9740,9.488173,25,8,0000000010000100000000000000000101110000001000110000000001000101
14593,9741,9.488424,1C6,8,0000000000000000100000000000100111111001000110110000000000000000
8370,9742,9.488654,260,8,0000000000000000000000000000000000000000000001000011100010100110
22742,9743,9.488886,0AA,8,0010000011001001001000000000111000100000101000110001111111100110
36653,6482,9.489252,0BA,5,1110000000110100001110000000000011000001
36654,9713,9.496741,0BA,5,1100011000000000000000000000000010111110
270,9746,9.497084,38F,8,0000000100000000000000000000000000000000000000000000000000000000
2536,9748,9.498167,25,8,0000000010000101000000000000000111000000001000110000000010010110
22743,9749,9.498817,0AA,8,0010000011001010001000000000111000100000101001000001111111100011
28708,9750,9.499007,24,8,0000001001010111000000100000010101000010001100101000000010000000
19064,9751,9.499774,0B4,8,0000000000000000000000000000000011100100000001011101001101111000
32166,9753,9.502266,1C4,8,0000100100001110000110110000000000000000000000000000000011111111
36655,3251,9.504231,0BA,5,0010100100000000000000000000010000101000
2537,9757,9.508165,25,8,0000000010000101000000000000000100000000001000110000000011010110
8371,9758,9.508408,260,8,0000000000000000000000000000000000000000000001000000000001101110
22744,9759,9.508771,0AA,8,0010000011001010001000000001000100100000101001100001111111101001
36656,6500,9.511721,0BA,5,0100111100000000000000000000000000101110
16903,9763,9.511749,226,8,0000000000000000000100000000000000000000000000000000000000000000
11604,9765,9.516527,2C1,8,0000000000000010001000110000001000010110110000000000111011010110
2538,9767,9.518138,25,8,0000000010000101000000000000000100110000001000110000000000000110
14594,9768,9.518338,1C6,8,0000000000000000100000000000100111100001000110110000000000000000
22745,9769,9.518748,0AA,8,0010000011001001001000000001000000100000101010100001111111101000
28709,9770,9.518984,24,8,0000001001011000000000100000010101000010001100101000000010000001
36657,6503,9.51921,0BA,5,1110000000110100001110000000000011000001
19065,9771,9.519726,0B4,8,0000000000000000000000000000000011100100000001011101001101111000
32167,9775,9.522223,1C4,8,0000100100010111000110110000000000000000000000000000000000001000
43670,630,9.522714,3BB,5,1010010100000000000000000000000000000000
512,9777,9.522723,320,8,0000000000100000000000000000000000000000000000000000000001001011
34703,9778,9.526477,380,8,0
36658,9744,9.5267,0BA,5,1100011000000000000000000000000010111110
8372,9780,9.528128,260,8,0000000000000000000000000000000000000000000001000000101101111001
2539,9782,9.529091,25,8,0000000010000101000000000000000101110000001001100000000001001001
22746,9783,9.529694,0AA,8,0010000011001010001000000001000000100000101001010001111111100110
36659,3260,9.534189,0BA,5,0010100100000000000000000000011100101011
2540,9786,9.538044,25,8,0000000010000110000000000000000110110000001001100000000010001010
22747,9787,9.5387,0AA,8,0010000011001110001000000001000000100000101010100001111111100111
28710,9788,9.538934,24,8,0000001001011000000000100000001101000010001101001000000010000001
19066,9789,9.539677,0B4,8,0000000000000000000000000000000011101000000001011101001101111100
36660,6524,9.541679,0BA,5,0100111100000000000000000000000000101110
32168,9792,9.542166,1C4,8,0000100100100100000110110000000000000000000000000000000000010101
16904,9796,9.54367,226,8,0000000000000000000100000000000000000000000000000000000000000000
11605,9797,9.546254,2C1,8,0000000000000010000110010000001000000110110000000000110110111011
2541,9799,9.548026,25,8,0000000010000110000000000000000111110000000111110000000011000011
14595,9800,9.54827,1C6,8,0000000000000000100000000000100111001010000110110000000000000000
8373,9801,9.548512,260,8,0000000000000000000000000000000000000000000000111101111101001100
22748,9802,9.548744,0AA,8,0010000011010101001000000001000100100000101010110001111111101010
36661,6527,9.549168,0BA,5,1110000000110100001110000000000011000001
36662,9773,9.556658,0BA,5,1100011000000000000000000000000010111110
2542,9805,9.558013,25,8,0000000010000110000000000000000100100000000111110000000011110011
22749,9806,9.558619,0AA,8,0010000011010100001000000001010100100000101001110001111111101010
28711,9807,9.558863,24,8,0000001001011001000000100000000101000010001101001000000010000000
19067,9808,9.559625,0B4,8,0000000000000000000000000000000011101000000001011101100010000001
32169,9811,9.56212,1C4,8,0000100100110000000110110000000000000000000000000000000000100001
36663,3272,9.564147,0BA,5,0010100100000000000000000000010000101000
2543,9814,9.567976,25,8,0000000010000110000000000000000101010000000111010000000000100001
8374,9815,9.568222,260,8,0000000000000000000000000000000000000000000001000010000110001111
22750,9816,9.568621,0AA,8,0010000011010000001000000001011000100000101010110001111111101010
16905,9819,9.571601,226,8,0000000000000000000100000000000000000000000000000000000000000000
36664,6539,9.571637,0BA,5,0100111100000000000000000000000000101110
513,9821,9.572596,320,8,0000000000100000000000000000000000000000000000000000000001001011
11606,9824,9.576166,2C1,8,0000000000000010000100000000001000001100110000000000110110111000
28712,9826,9.577788,24,8,0000001001011010000000100000001101000010001101011000000010000100
2544,9827,9.57803,25,8,0000000010000110000000000000000101110000000111010000000001000001
14596,9828,9.578267,1C6,8,0000000000000000100000000000100110110101000110110000000000000000
22751,9829,9.578599,0AA,8,0010000011010000001000000001100000100000101011010001111111101110
36665,6543,9.579126,0BA,5,1110000000110100001110000000000011000001
19068,9830,9.579584,0B4,8,0000000000000000000000000000000011101100000001011101111010001011
32170,9833,9.582071,1C4,8,0000100100110000000110110000000000000000000000000000000000100001
14049,9837,9.583354,442,8,0100001100000010000000000000000000000010000000000000000000000000
36666,9803,9.586616,0BA,5,1100011000000000000000000000000010111110
35302,172,9.587255,386,7,01001110000000000000000000000000000000000000000010110001
8375,9840,9.587915,260,8,0000000000000000000000000000000000000000000001000001011010000100
2545,9841,9.588169,25,8,0000000010000111000000000000000110100000000101110000000001101100
22752,9842,9.588573,0AA,8,0010000011010100001000000001011000100000101010110001111111101100
36667,3277,9.594105,0BA,5,0010100100000000000000000000011100101011
2546,9845,9.597892,25,8,0000000010000111000000000000000111000000000101110000000010001100
22753,9846,9.598632,0AA,8,0010000011011101001000000001100100100000101011010001111111101010
28713,9847,9.598798,24,8,0000001001011011000000100000001101000010001100101000000010000010
19069,9848,9.599526,0B4,8,0000000000000000000000000000000011101100000001011101111010001011
36668,6561,9.601595,0BA,5,0100111100000000000000000000000000101110
32171,9851,9.602024,1C4,8,0000100100111100000110110000000000000000000000000000000000101101
16906,9854,9.603518,226,8,0000000000000000000100000000000000000000000000000000000000000000
11607,9855,9.606045,2C1,8,0000000000000010000000000000001000000000110000000000110010011011
35093,1193,9.607285,3D3,3,011011000001001000000000
2547,9857,9.607873,25,8,0000000010000111000000000000000111100000000101100000000010101011
14597,9858,9.608119,1C6,8,0000000000000000100000000000100110100001000110110000000000000000
8376,9859,9.608362,260,8,0000000000000000000000000000000000000000000001000000000001101110
22754,9860,9.608597,0AA,8,0010000011100001001000000001101100100000101100000001111111101101
13347,9862,9.608932,394,3,0
36669,6566,9.609085,0BA,5,1110000000110100001110000000000011000001
92,9864,9.610502,3B7,8,1000
16383,9865,9.612175,3F9,8,0111010100011000000000100000001010000000000000000000000000010101
36670,9832,9.616574,0BA,5,1100011000000000000000000000000010111110
2548,9867,9.617848,25,8,0000000010000111000000000000000111110000000100110000000010111000
22755,9868,9.618501,0AA,8,0010000011100011001000000001111000100000101011000001111111101111
28714,9869,9.618736,24,8,0000001001011011000000100000001101000010001100101000000010000010
19070,9870,9.619477,0B4,8,0000000000000000000000000000000011110000000001011110010010010101
514,9872,9.621477,320,8,0000000000100000000000000000000000000000000000000000000001001011
32172,9873,9.621969,1C4,8,0000100101000111000110110000000000000000000000000000000000111000
14225,9875,9.622472,60.0,8,1010000100000000000000000000000000000000011100000000000000000000
36671,3294,9.624064,0BA,5,0010100100000000000000000000010000101000
2549,9878,9.627819,25,8,0000000010000111000000000000000100000000000100110000000011001000
8377,9879,9.628107,260,8,0000000000000000000000000000000000000000000001000001011010000100
22756,9880,9.628471,0AA,8,0010000011100100001000000010000100100000101100110001111111101110
16907,9883,9.631452,226,8,0000000000000000000100000000000000000000000000000000000000000000
36672,6585,9.631553,0BA,5,0100111100000000000000000000000000101110
10995,9886,9.634216,620,8,0001000000000000000000000000000000000000000000000000000000000000
11608,9887,9.635956,2C1,8,0000000000000001111100110000000111101100110000000000110001111000
2550,9890,9.637855,25,8,0000000010000111000000000000000100010000000100110000000011011000
14598,9891,9.638134,1C6,8,0000000000000000100000000000100110001111000110100000000000000000
22757,9892,9.638433,0AA,8,0010000011101000001000000010011000100000101101000001111111110001
28715,9893,9.638657,24,8,0000001001011100000000100000001101000010001101001000000010000101
36673,6588,9.639043,0BA,5,1110000000110100001110000000000011000001
19071,9894,9.639422,0B4,8,0000000000000000000000000000000011110000000001011110100110011010
7722,9898,9.641733,435,8,1000000000000101000001011111111111100000001111110000000000000011
32173,9899,9.641975,1C4,8,0000100101010000000110110000000000000000000000000000000001000001
36674,9863,9.646532,0BA,5,1100011000000000000000000000000010111110
8378,9902,9.647665,260,8,0000000000000000000000000000000000000000000001000000000001101110
2551,9903,9.647908,25,8,0000000010000111000000000000000100100000000011010000000011100010
22758,9904,9.648423,0AA,8,0010000011101010001000000010011100100000101101100001111111110011
10912,9905,9.648727,436,8,0
36675,3300,9.654022,0BA,5,0010100100000000000000000000011100101011
28716,9909,9.657613,24,8,0000001001011100000000100000010101000010001100101000000010000101
2552,9910,9.657856,25,8,0000000010000111000000000000000100100000000010100000000011011111
22759,9912,9.658397,0AA,8,0010000011101111001000000010011100100000101110110001111111110001
19072,9913,9.659382,0B4,8,0000000000000000000000000000000011110000000001011110111110100000
36676,6600,9.661511,0BA,5,0100111100000000000000000000000000101110
32174,9916,9.661876,1C4,8,0000100101011000000110110000000000000000000000000000000001001001
16908,9919,9.663371,226,8,0000000000000000000100000000000000000000000000000000000000000000
11609,9920,9.665865,2C1,8,0000000000000001111010010000000111011001110000000000101101011010
8379,9921,9.667619,260,8,0000000000000000000000000000000000000000000001000000000001101110
14599,9922,9.66786,1C6,8,0000000000000000100000000000100101111110000110100000000000000000
2553,9924,9.668721,25,8,0000000010000111000000000000000100110000000010000000000011101101
36677,6603,9.669001,0BA,5,1110000000110100001110000000000011000001
22760,9925,9.669346,0AA,8,0010000011101101001000000010010000100000101110010001111111110010
515,9927,9.671352,320,8,0000000000100000000000000000000000000000000000000000000001001011
36678,9897,9.67649,0BA,5,1100011000000000000000000000000010111110
13778,9929,9.676644,434,8,0100001000000000000000000000000000000000000000000000000000000000
28717,9931,9.67757,24,8,0000001001011101000000100000011001000010001100001000000010000101
2554,9932,9.677811,25,8,0000000010000111000000000000000100110000000001110000000011101100
22761,9933,9.678321,0AA,8,0010000011101010001000000010010100100000101111110001111111110110
19073,9934,9.679324,0B4,8,0000000000000000000000000000000011110100000001011110111110100100
21624,9937,9.681628,443,8,0100110100000010000000000010111100000110000000000000000000000000
32175,9938,9.681866,1C4,8,0000100101011100000110110000000000000000000000000000000001001101
34831,9940,9.682253,3C3,8,0100011000011110100100110100111011101110010001100111100101110000
28169,9941,9.683625,437,8,1111110011111111111111111111111111111111111111111111111111111111
36679,3311,9.68398,0BA,5,0010100100000000000000000000010000101000
8380,9943,9.687487,260,8,0000000000000000000000000000000000000000000000111101111101001100
2555,9944,9.687722,25,8,0000000010000111000000000000000100110000000001100000000011101011
22762,9945,9.688328,0AA,8,0010000011110001001000000010100100100000110001000001111111110010
16909,9949,9.691301,226,8,0000000000000000000100000000000000000000000000000000000000000000
36680,6623,9.69147,0BA,5,0100111100000000000000000000000000101110
11610,9951,9.695777,2C1,8,0000000000000001110111000000000110111100110000000000101000101111
2556,9953,9.697646,25,8,0000000010000111000000000000000100110000000001010000000011101010
14600,9954,9.697884,1C6,8,0000000000000000100000000000100101101011000110100000000000000000
22763,9955,9.698272,0AA,8,0010000011110001001000000010100100100000110000110001111111110011
28718,9956,9.698515,24,8,0000001001011101000000100000011001000010001100001000000010000101
36681,6625,9.698959,0BA,5,1110000000110100001110000000000011000001
19074,9957,9.699283,0B4,8,0000000000000000000000000000000011110100000001011111010010101001
32176,9960,9.701778,1C4,8,0000100101100000000110110000000000000000000000000000000001010001
36682,9926,9.706449,0BA,5,1100011000000000000000000000000010111110
8381,9965,9.707462,260,8,0000000000000000000000000000000000000000000000111100100000110101
2557,9966,9.707699,25,8,0000000010000111000000000000000100110000000001010000000011101010
22764,9967,9.708249,0AA,8,0010000011111001001000000010100100100000110001010001111111111000
36683,3321,9.713938,0BA,5,0010100100000000000000000000011100101011
28719,9971,9.717439,24,8,0000001001011101000000100000010101000010001100101000000010000110
2558,9972,9.71768,25,8,0000000010000111000000000000000100110000000001000000000011101001
22765,9973,9.718253,0AA,8,0010000011111010001000000011000100100000110010010001111111110011
19075,9974,9.719227,0B4,8,0000000000000000000000000000000011111000000001011111010010101101
36684,6645,9.721428,0BA,5,0100111100000000000000000000000000101110
32177,9977,9.721731,1C4,8,0000100101100010000110110000000000000000000000000000000001010011
16910,9981,9.723265,226,8,0000000000000000000100000000000000000000000000000000000000000000
516,9982,9.724215,320,8,0000000000100000000000000000000000000000000000000000000001001011
11611,9983,9.725719,2C1,8,0000000000000001110100110000000111000000110000000000100100101001
8382,9984,9.72734,260,8,0000000000000000000000000000000000000000000000111011001000011111
14601,9985,9.727702,1C6,8,0000000000000000100000000000100101010111000110100000000000000000
43487,2552,9.728081,423,2,10101000000110
2559,9987,9.728574,25,8,0000000010000111000000000000000100110000000001000000000011101001
36685,6649,9.728917,0BA,5,1110000000110100001110000000000011000001
22766,9988,9.729199,0AA,8,0010000011110100001000000010110000100000110010100001111111110101
36686,9959,9.736407,0BA,5,1100011000000000000000000000000010111110
2560,9992,9.737564,25,8,0000000010000111000000000000000100110000000000110000000011101000
22767,9993,9.738176,0AA,8,0010000011110100001000000010111100100000110011110001111111111001
28720,9994,9.738413,24,8,0000001001011110000000100000011001000010001101001000000010001010
19076,9995,9.739176,0B4,8,0000000000000000000000000000000011111000000001011111101010110011
32178,9998,9.741679,1C4,8,0000100101100011000110110000000000000000000000000000000001010100
36687,3335,9.743896,0BA,5,0010100100000000000000000000010000101000
8383,10001,9.747334,260,8,0000000000000000000000000000000000000000000000111001101100001000
2561,10002,9.747576,25,8,0000000010000111000000000000000100110000000000110000000011101000
22768,10003,9.748179,0AA,8,0010000011111000001000000011001100100000110011010001111111110101
16911,10006,9.751157,226,8,0000000000000000000100000000000000000000000000000000000000000000
36688,6663,9.751386,0BA,5,0100111100000000000000000000000000101110
11612,10008,9.755633,2C1,8,0000000000000001110000110000000110111100110000000000100100010101
2562,10011,9.75751,25,8,0000000010000111000000000000000100110000000000110000000011101000
14602,10012,9.757749,1C6,8,0000000000000000100000000000100101000101000110100000000000000000
22769,10013,9.758129,0AA,8,0010000011111101001000000011010000100000110010110001111111110110
28721,10014,9.758359,24,8,0000001001011110000000100000010101000010001101001000000010001001
36689,6666,9.758875,0BA,5,1110000000110100001110000000000011000001
19077,10015,9.75913,0B4,8,0000000000000000000000000000000011111100000001011111101010110111
32179,10018,9.761632,1C4,8,0000100101100011000110110000000000000000000000000000000001010100
36690,9989,9.766365,0BA,5,1100011000000000000000000000000010111110
8384,10021,9.767101,260,8,0000000000000000000000000000000000000000000000111000010111110010
2563,10023,9.767681,25,8,0000000010000111000000000000000100110000000000110000000011101000
22770,10024,9.768138,0AA,8,0010000011111101001000000011100000100000110100110001111111111010
517,10025,9.769109,320,8,0000000000100000000000000000000000000000000000000000000001001011
36691,3340,9.773855,0BA,5,0010100100000000000000000000011100101011
27992,10027,9.77658,6C0,8,1110010000000000000000001110000010000000000000000000000000000000
28722,10029,9.777308,24,8,0000001001011110000000100000010101000010001101001000000010001001
2564,10030,9.777552,25,8,0000000010000111000000000000000100110000000000110000000011101000
22771,10031,9.778172,0AA,8,0010000011111100001000000011010000100000110110010010000000000000
19078,10032,9.779088,0B4,8,0000000000000000000000000000000011111100000001100000000010111110
36692,6686,9.781344,0BA,5,0100111100000000000000000000000000101110
31403,10036,9.78154,44D,8,0100001000000010000000000000000000000001000000000000000000000000
32180,10037,9.781776,1C4,8,0000100101100011000110110000000000000000000000000000000001010100
16912,10040,9.783077,226,8,0000000000000000000100000000000000000000000000000000000000000000
11613,10042,9.785578,2C1,8,0000000000000001101101100000000110100000110000000000100111101100
13967,10043,9.786384,38E,8,0
8385,10045,9.787239,260,8,0000000000000000000000000000000000000000000000110110001111010000
2565,10046,9.787478,25,8,0000000010000111000000000000000100110000000000100000000011100111
14603,10047,9.787715,1C6,8,0000000000000000100000000000100100110011000110100000000000000000
22772,10048,9.788136,0AA,8,0010000011111100001000000011011000100000110101010001111111111111
36693,6688,9.788834,0BA,5,1110000000110100001110000000000011000001
36694,10017,9.796323,0BA,5,1100011000000000000000000000000010111110
2566,10052,9.797405,25,8,0000000010000111000000000000000100110000000000100000000011100111
22773,10053,9.798035,0AA,8,0010000011111110001000000011011000100000110101010010000000000011
28723,10054,9.798272,24,8,0000001001011110000000100000010101000010001100101000000010000111
19079,10055,9.799046,0B4,8,0000000000000000000000000000000011111100000001100000000010111110
32181,10057,9.80165,1C4,8,0000100101100001000110110000000000000000000000000000000001010010
36695,3355,9.803813,0BA,5,0010100100000000000000000000010000101000
8386,10060,9.807059,260,8,0000000000000000000000000000000000000000000000110010000010001101
2567,10062,9.808381,25,8,0000000010000111000000000000000100110000000000100000000011100111
22774,10063,9.809007,0AA,8,0010000100000011001000000011100000100000110101010010000000000110
16289,10065,9.810727,4C1,8,0000000100000000000000010000000100000000000000000000000000000000
36696,6705,9.811302,0BA,5,0100111100000000000000000000000000101110
16913,10068,9.812055,226,8,0000000000000000000100000000000000000000000000000000000000000000
11614,10069,9.815526,2C1,8,0000000000000001101010010000000110001100110000000000100011001010
28724,10071,9.817208,24,8,0000001001011110000000100000010101000010001100001000000010000101
2568,10072,9.817448,25,8,0000000010000111000000000000000100110000000000100000000011100111
14604,10073,9.817686,1C6,8,0000000000000000100000000000100100100100000110100000000000000000
22775,10074,9.818012,0AA,8,0010000100000011001000000011011100100000110110010010000000000110
36697,6708,9.818792,0BA,5,1110000000110100001110000000000011000001
19080,10075,9.818994,0B4,8,0000000000000000000000000000000000000000000001100000010111000111
43671,10667,9.820299,3BB,5,0111000000000000000000001010000000000000
32182,10079,9.821493,1C4,8,0000100101100001000110110000000000000000000000000000000001010010
518,10081,9.821983,320,8,0000000000100000000000000000000000000000000000000000000001001011
36698,10050,9.826281,0BA,5,1100011000000000000000000000000010111110
8387,10083,9.827146,260,8,0000000000000000000000000000000000000000000000101111111101101011
2569,10084,9.827384,25,8,0000000010000111000000000000000100110000000000100000000011100111
22776,10085,9.827988,0AA,8,0010000100000010001000000011011000100000111000000010000000000111
36699,3361,9.833771,0BA,5,0010100100000000000000000000011100101011
2570,10089,9.837309,25,8,0000000010000111000000000000000100110000000000100000000011100111
22777,10091,9.837933,0AA,8,0010000100000001001000000011100100100000110110010010000000001100
28725,10092,9.838172,24,8,0000001001011110000000100000010101000010001100101000000010000111
19081,10093,9.838946,0B4,8,0000000000000000000000000000000000000000000001100000010111000111
36700,6724,9.84126,0BA,5,0100111100000000000000000000000000101110
32183,10096,9.841452,1C4,8,0000100101100000000110110000000000000000000000000000000001010001
16914,10099,9.842934,226,8,0000000000000001000100000000000000000000000000000000000000000000
11615,10101,9.845445,2C1,8,0000000000000001101000000000000101100000110000000000100010010101
13712,10102,9.846244,3A5,8,100000000
8388,10104,9.847097,260,8,0000000000000000000000000000000000000000000000101011110000101000
2571,10105,9.847337,25,8,0000000010000111000000000000000100110000000000100000000011100111
14605,10106,9.847574,1C6,8,0000000000000000100000000000100100010101000110100000000000000000
22778,10107,9.847941,0AA,8,0010000100000100001000000011110100100000110110010010000000001011
36701,6727,9.84875,0BA,5,1110000000110100001110000000000011000001
36702,10077,9.85624,0BA,5,1100011000000000000000000000000010111110
28726,10111,9.857142,24,8,0000001001011110000000100000010101000010001100101000000010000111
2572,10112,9.857381,25,8,0000000010000111000000000000000100110000000000100000000011100111
22779,10113,9.857892,0AA,8,0010000100000110001000000011111000100000110110100010000000010001
19082,10114,9.858896,0B4,8,0000000000000000000000000000000000000100000001100000010111001011
16384,10116,9.861106,3F9,8,0111010100011000000000100000001010000000000000000000000000010101
32184,10117,9.861402,1C4,8,0000100101100000000110110000000000000000000000000000000001010001
36703,3371,9.863729,0BA,5,0010100100000000000000000000010000101000
7793,10119,9.864571,610,8,0010000010000000000011110110010011000000000000000111001001000000
8389,10120,9.866875,260,8,0000000000000000000000000000000000000000000000101000010011110000
35094,9907,9.866941,3D3,3,111001010000000111101010
2573,10122,9.868239,25,8,0000000010000111000000000000000100110000000000010000000011100110
22780,10123,9.868864,0AA,8,0010000100000110001000000011101000100000110111110010000000010011
36704,6744,9.871219,0BA,5,0100111100000000000000000000000000101110
16915,10128,9.871884,226,8,0000000000000000000100000000000000000000000000000000000000000000
519,10129,9.872862,320,8,0000000000100000000000000000000000000000000000000000000001001011
11616,10130,9.875355,2C1,8,0000000000000001100100110000000101010011110000000000100001111011
35006,10131,9.876172,413,8,0000000100000001000000010000100100000000000000000000000000000000
31320,10132,9.876504,640,8,1010100000000000000000000011011100000001110111100000000000000000
28727,10134,9.877106,24,8,0000001001011110000000100000001101000010001011111000000010000010
2574,10135,9.877345,25,8,0000000010000111000000000000000100110000000000010000000011100110
14606,10136,9.877586,1C6,8,0000000000000000100000000000100100000111000110100000000000000000
22781,10137,9.877863,0AA,8,0010000100000110001000000011101000100000111000010010000000010000
36705,6747,9.878708,0BA,5,1110000000110100001110000000000011000001
19083,10138,9.878848,0B4,8,0000000000000000000000000000000000000100000001100000101111010001
32185,10141,9.88136,1C4,8,0000100101100000000110110000000000000000000000000000000001010001
14050,10144,9.88249,442,8,0100001100000010000000000000000000000010000000000000000000000000
36706,10108,9.886198,0BA,5,1100011000000000000000000000000010111110
8390,10146,9.886751,260,8,0000000000000000000000000000000000000000000000100101011111000011
2575,10148,9.887327,25,8,0000000010000111000000000000000100110000000000010000000011100110
22782,10149,9.887843,0AA,8,0010000100000110001000000011110100100000110111000010000000010010
36707,3380,9.893687,0BA,5,0010100100000000000000000000011100101011
28728,10152,9.897028,24,8,0000001001011111000000100000001101000010001011111000000010000011
2576,10153,9.897268,25,8,0000000010000111000000000000000100110000000000010000000011100110
22783,10154,9.897821,0AA,8,0010000100000110001000000100001100100000110111100010000000010101
19084,10155,9.898801,0B4,8,0000000000000000000000000000000000001000000001100000101111010101
36708,6765,9.901177,0BA,5,0100111100000000000000000000000000101110
32186,10158,9.901313,1C4,8,0000100101100000000110110000000000000000000000000000000001010001
16916,10161,9.9028,226,8,0000000000000000000100000000000000000000000000000000000000000000
11617,10163,9.905302,2C1,8,0000000000000001100010010000000101000011110000000000100001100001
8391,10165,9.906954,260,8,0000000000000000000000000000000000000000000000100010101010010110
2577,10166,9.907194,25,8,0000000010000111000000000000000100110000000000010000000011100110
14607,10167,9.907431,1C6,8,0000000000000000100000000000100011110101000110100000000000000000
13348,10168,9.907582,394,3,0
22784,10169,9.907817,0AA,8,0010000100000011001000000100001000100000111000100010000000010011
36709,6768,9.908666,0BA,5,1110000000110100001110000000000011000001
93,10172,9.909782,3B7,8,1000
36710,10140,9.916156,0BA,5,1100011000000000000000000000000010111110
2578,10174,9.91712,25,8,0000000010000111000000000000000100110000000000010000000011100110
22785,10175,9.917749,0AA,8,0010000100000100001000000011111100100000111001010010000000010011
28729,10176,9.917987,24,8,0000001001011110000000100000000101000010001011111000000010000000
19085,10177,9.918755,0B4,8,0000000000000000000000000000000000001000000001100000101111010101
520,10180,9.92075,320,8,0000000000100000000000000000000000000000000000000000000001001011
32187,10181,9.921262,1C4,8,0000100101100001000110110000000000000000000000000000000001010010
36711,3395,9.923645,0BA,5,0010100100000000000000000000010000101000
8392,10183,9.926481,260,8,0000000000000000000000000000000000000000000000100000100101110101
13839,10184,9.926726,4C6,8,0000011100000000000000110000000000000000000000000000000000000000
2579,10186,9.928135,25,8,0000000010000111000000000000000100110000000000010000000011100110
22786,10187,9.928719,0AA,8,0010000100001001001000000011111100100000111001000010000000010111
36712,6782,9.931135,0BA,5,0100111100000000000000000000000000101110
16917,10191,9.931725,226,8,0000000000000000000100000000000000000000000000000000000000000000
31248,10193,9.933346,4A6,8,0000000000000000000000000000000000000000000011010000000000000000
10996,10194,9.933615,620,8,0001000000000000000000000000000000000000000000000000000000000000
11618,10195,9.935222,2C1,8,0000000000000001100000000000000100101100110000000000100001000001
28730,10198,9.936936,24,8,0000001001011110000000100000000101000010001011111000000010000000
2580,10199,9.937176,25,8,0000000010000111000000000000000100110000000000010000000011100110
14608,10200,9.93741,1C6,8,0000000000000000100000000000100011100011000110010000000000000000
22787,10201,9.937726,0AA,8,0010000100001110001000000100001100100000111001000010000000011001
36713,6785,9.938624,0BA,5,1110000000110100001110000000000011000001
19086,10202,9.938709,0B4,8,0000000000000000000000000000000000001100000001100000101111011001
32188,10205,9.941217,1C4,8,0000100101100100000110110000000000000000000000000000000001010101
36714,10171,9.946114,0BA,5,1100011000000000000000000000000010111110
8393,10207,9.946407,260,8,0000000000000000000000000000000000000000000000011101110001000111
2581,10209,9.947023,25,8,0000000010000111000000000000000100110000000000010000000011100110
22788,10210,9.947702,0AA,8,0010000100010000001000000100010000100000111000010010000000010100
36715,3398,9.953604,0BA,5,0010100100000000000000000000011100101011
28731,10213,9.956889,24,8,0000001001011110000000100000000101000010001011111000000010000000
2582,10214,9.957129,25,8,0000000010000111000000000000000100110000000000010000000011100110
22789,10215,9.957678,0AA,8,0010000100001110001000000100011100100000111010100010000000011001
19087,10216,9.958729,0B4,8,0000000000000000000000000000000000001100000001100001000111011111
36716,6806,9.961093,0BA,5,0100111100000000000000000000000000101110
32189,10221,9.961174,1C4,8,0000100101101001000110110000000000000000000000000000000001011010
16918,10224,9.962653,226,8,0000000000000000000100000000000000000000000000000000000000000000
27808,10225,9.963647,420,8,0000000000000000000000000000000011111111000000001000000010101011
11619,10226,9.965162,2C1,8,0000000000000001011101100000000100101001110000000000100000110100
8394,10227,9.966367,260,8,0000000000000000000000000000000000000000000000011100011000110001
2583,10229,9.966979,25,8,0000000010000111000000000000000100100000000000010000000011010110
14609,10230,9.967218,1C6,8,0000000000000000100000000000100011010100000110010000000000000000
22790,10231,9.96765,0AA,8,0010000100001110001000000100010000100000111001100010000000010110
36717,6809,9.968583,0BA,5,1110000000110100001110000000000011000001
521,10234,9.969634,320,8,0000000000100000000000000000000000000000000000000000000001001011
36718,10204,9.976072,0BA,5,1100011000000000000000000000000010111110
28732,10237,9.976853,24,8,0000001001011110000000100000000001000010001011111000000001111111
2584,10238,9.977092,25,8,0000000010000111000000000000000100100000000000010000000011010110
22791,10239,9.977602,0AA,8,0010000100010000001000000100001100100000110111110010000000010111
19088,10240,9.978613,0B4,8,0000000000000000000000000000000000001100000001100001000111011111
7602,10242,9.980578,3BC,8,0
21625,10244,9.981028,443,8,0100110100000010000000000010111100000110000000000000000000000000
32190,10245,9.981268,1C4,8,0000100101101111000110110000000000000000000000000000000001100000
36719,3413,9.983562,0BA,5,0010100100000000000000000000010000101000
8395,10248,9.986291,260,8,0000000000000000000000000000000000000000000000011010010000001111
43408,58,9.986743,3000000.0,6,110000010000101110010100000000010000000000000000
2585,10250,9.98693,25,8,0000000010000111000000000000000100100000000000010000000011010110
22792,10251,9.987612,0AA,8,0010000100010000001000000100100100100000110111110010000000011010
16919,10254,9.990591,226,8,0000000000000000000100000000000000000000000000000000000000000000
36720,6829,9.991051,0BA,5,0100111100000000000000000000000000101110
11620,10256,9.995087,2C1,8,0000000000000001011010010000000100010000110000000000100000001110
2586,10258,9.996933,25,8,0000000010000111000000000000000100100000000000010000000011010110
14610,10259,9.997172,1C6,8,0000000000000000100000000000100011000101000110010000000000000000
22793,10260,9.997555,0AA,8,0010000100010011001000000100011100100000111000010010000000011010
28733,10261,9.997806,24,8,0000001001011110000000011111110101000010001011111000000001111011
36721,6833,9.998541,0BA,5,1110000000110100001110000000000011000001
19089,10262,9.998563,0B4,8,0000000000000000000000000000000000010000000001100001000111100011
32191,10266,10.001129,1C4,8,0000100101110101000110110000000000000000000000000000000001100110
27869,10268,10.005347,4DC,8,0001110100000000000000000000000000000000000000000000000000000000
36722,10233,10.00603,0BA,5,1100011000000000000000000000000010111110
8396,10269,10.006252,260,8,0000000000000000000000000000000000000000000000011001100100000100
2587,10271,10.006884,25,8,0000000010000111000000000000000100100000000000010000000011010110
22794,10272,10.007563,0AA,8,0010000100010010001000000100010000100000110111110010000000011010
36723,3420,10.01352,0BA,5,0010100100000000000000000000011100101011
28734,10274,10.01675,24,8,0000001001011110000000011111111101000010001100001000000001111110
2588,10275,10.016989,25,8,0000000010000111000000000000000100100000000000010000000011010110
22795,10277,10.017538,0AA,8,0010000100010010001000000100001000100000110111110010000000011001
19090,10278,10.018516,0B4,8,0000000000000000000000000000000000010000000001100001011011101000
36724,6847,10.021009,0BA,5,0100111100000000000000000000000000101110
32192,10281,10.02103,1C4,8,0000100101111011000110110000000000000000000000000000000001101100
16920,10284,10.022509,226,8,0000000000000000000100000000000000000000000000000000000000000000
522,10285,10.023504,320,8,0000000000100000000000000000000000000000000000000000000001001011
11621,10286,10.025024,2C1,8,0000000000000001011000000000000100010000110000000000100000000101
1533,10289,10.025842,6F3,8,0010000000000000000000000000000000000000000000000000000000000000
8397,10290,10.026139,260,8,0000000000000000000000000000000000000000000000011000001111101110
2589,10292,10.026835,25,8,0000000010000111000000000000000100100000000000010000000011010110
14611,10293,10.027071,1C6,8,0000000000000000100000000000100010110111000110010000000000000000
22796,10294,10.027509,0AA,8,0010000100010100001000000100001000100000110111010010000000011101
36725,6850,10.028499,0BA,5,1110000000110100001110000000000011000001
31579,10298,10.035526,633,8,1000000100000000000000000000000000000000000000000000000000000000
11174,10299,10.035772,39A,8,0000000000000000000000000000000100000000000000000000000000000000
36726,10264,10.035989,0BA,5,1100011000000000000000000000000010111110
2590,10302,10.036841,25,8,0000000010000111000000000000000100000000000000010000000010110110
22797,10303,10.037459,0AA,8,0010000100010100001000000100001100100000111010010010000000011001
28735,10304,10.037697,24,8,0000001001011110000000011111111101000010001100101000000010000000
19091,10305,10.038466,0B4,8,0000000000000000000000000000000000010100000001100001011011101100
13526,10307,10.040321,399,8,0000000000000000000000000000000000000000111111110000000000000000
32193,10308,10.040988,1C4,8,0000100110000001000110110000000000000000000000000000000001110010
11234,10310,10.041401,4C8,8,0000100100000000000000000000000000000000000000000000000000000000
36727,3431,10.043478,0BA,5,0010100100000000000000000000010000101000
8398,10311,10.046086,260,8,0000000000000000000000000000000000000000000000011001100100000100
2591,10313,10.046793,25,8,0000000010000111000000000000000111110000000000010000000010100110
22798,10314,10.047463,0AA,8,0010000100010010001000000100011100100000111010010010000000011010
16921,10318,10.050448,226,8,0000000000000000000100000000000000000000000000000000000000000000
36728,6868,10.050968,0BA,5,0100111100000000000000000000000000101110
11622,10320,10.054942,2C1,8,0000000000000001010101100000000011111100110000000000100011100110
28736,10323,10.056679,24,8,0000001001011110000000011111111101000010001101011000000010000011
2592,10324,10.056924,25,8,0000000010000111000000000000000111100000000000010000000010010110
14612,10325,10.057161,1C6,8,0000000000000000100000000000100010101011000110010000000000000000
22799,10326,10.057413,0AA,8,0010000100001110001000000100101000100000111001100010000000011111
19092,10327,10.058417,0B4,8,0000000000000000000000000000000000010100000001100001011011101100
36729,6872,10.058457,0BA,5,1110000000110100001110000000000011000001
10,10330,10.060668,3B1,8,0000000000000000000000100000101000000000000010000000000000000000
32194,10331,10.060947,1C4,8,0000100110001000000110110000000000000000000000000000000001111001
43488,9593,10.063532,423,2,1000100000000
36730,10295,10.065947,0BA,5,1100011000000000000000000000000010111110
8399,10333,10.066067,260,8,0000000000000000000000000000000000000000000000011001100100000100
2593,10336,10.066876,25,8,0000000010000111000000000000000111000000000000010000000001110110
22800,10337,10.067416,0AA,8,0010000100010010001000000100111000100000111010010010000000011111
523,10338,10.068405,320,8,0000000000100000000000000000000000000000000000000000000001001011
27993,10339,10.070411,6C0,8,1110010000000000000000001110000010000000000000000000000000000000
36731,3443,10.073436,0BA,5,0010100100000000000000000000011100101011
28737,10341,10.076645,24,8,0000001001011110000000011111111101000010001101011000000010000011
2594,10342,10.076888,25,8,0000000010000111000000000000000110110000000000010000000001100110
22801,10343,10.077394,0AA,8,0010000100010100001000000100110100100000111010010010000000100010
19093,10344,10.078378,0B4,8,0000000000000000000000000000000000011000000001100001011011110000
32195,10347,10.080903,1C4,8,0000100110001111000110110000000000000000000000000000000010000000
36732,6892,10.080926,0BA,5,0100111100000000000000000000000000101110
16922,10350,10.082372,226,8,0000000000000000000100000000000000000000000000000000000000000000
11623,10353,10.08489,2C1,8,0000000000000001010011000000000011110110110000000000100011010110
31404,10354,10.085368,44D,8,0100001000000010000000000000000000000001000000000000000000000000
8400,10356,10.086006,260,8,0000000000000000000000000000000000000000000000011000111011111001
14613,10357,10.086866,1C6,8,0000000000000000100000000000100010011110000110010000000000000000
2595,10359,10.087724,25,8,0000000010000111000000000000000110010000000000000000000001000101
22802,10360,10.088339,0AA,8,0010000100011010001000000101000100100000111010100010000000100010
36733,6895,10.088415,0BA,5,1110000000110100001110000000000011000001
36734,10329,10.095905,0BA,5,1100011000000000000000000000000010111110
28738,10364,10.09657,24,8,0000001001011110000000100000000001000010001100101000000010000010
2596,10365,10.096811,25,8,0000000010000110000000000000000101101111111111110000000000100010
22803,10366,10.097318,0AA,8,0010000100011100001000000100101100100000111010110010000000011011
19094,10367,10.098339,0B4,8,0000000000000000000000000000000000011000000001100001011011110000
32196,10370,10.100845,1C4,8,0000100110010011000110110000000000000000000000000000000010000100
36735,3456,10.103394,0BA,5,0010100100000000000000000000010000101000
8401,10373,10.105912,260,8,0000000000000000000000000000000000000000000000011000001111101110
2597,10375,10.106646,25,8,0000000010000110000000000000000101001111111011110000000011110010
22804,10376,10.107322,0AA,8,0010000100011001001000000100110000100000111001010010000000011111
16923,10379,10.110303,226,8,0000000000000000000100000000000000000000000000000000000000000000
36736,6908,10.110884,0BA,5,0100111100000000000000000000000000101110
16385,10381,10.110912,3F9,8,0111010100011000000000100000001010000000000000000000000000010101
11624,10382,10.114805,2C1,8,0000000000000001010001100000000011110000110000000000100011001010
28739,10386,10.116514,24,8,0000001001011110000000011111111101000010001100001000000001111110
2598,10387,10.116753,25,8,0000000010000110000000000000000100101111111011110000000011010010
14614,10388,10.116993,1C6,8,0000000000000000100000000000100010010000000110010000000000000000
22805,10389,10.117299,0AA,8,0010000100010111001000000100111000100000111010000010000000100101
43672,341,10.117884,3BB,5,1011101100000000000000000000000000100110
19095,10390,10.118279,0B4,8,0000000000000000000000000000000000011100000001100001110011111010
36737,6911,10.118374,0BA,5,1110000000110100001110000000000011000001
32197,10393,10.120808,1C4,8,0000100110010111000110110000000000000000000000000000000010001000
524,10395,10.121274,320,8,0000000000100000000000000000000000000000000000000000000001001011
8402,10396,10.12583,260,8,0000000000000000000000000000000000000000000000011000111011111001
36738,10361,10.125863,0BA,5,1100011000000000000000000000000010111110
35095,1260,10.126598,3D3,3,011011000001001000000000
2599,10398,10.126599,25,8,0000000010000110000000000000000100011111111011110000000011000010
22806,10399,10.127277,0AA,8,0010000100011001001000000100110100100000111010110010000000100001
36739,3460,10.133353,0BA,5,0010100100000000000000000000011100101011
28740,10403,10.136472,24,8,0000001001011110000000011111111101000010001100001000000001111110
2600,10404,10.136712,25,8,0000000010000110000000000000000111111111111011100000000010100001
22807,10405,10.137253,0AA,8,0010000100011000001000000100111100100000111011000010000000011111
19096,10406,10.138231,0B4,8,0000000000000000000000000000000000011100000001100001110011111010
32198,10409,10.140759,1C4,8,0000100110011010000110110000000000000000000000000000000010001011
36740,6930,10.140842,0BA,5,0100111100000000000000000000000000101110
16924,10412,10.142228,226,8,0000000000000000000100000000000000000000000000000000000000000000
11625,10413,10.144747,2C1,8,0000000000000001001110010000000011100000110000000000100010101101
13292,10414,10.145533,30000000.0,7,0
8403,10415,10.145779,260,8,0000000000000000000000000000000000000000000000011001100100000100
2601,10417,10.146556,25,8,0000000010000110000000000000000111011111111011100000000010000001
14615,10418,10.146797,1C6,8,0000000000000000100000000000100010000100000110000000000000000000
22808,10419,10.147227,0AA,8,0010000100011010001000000101001100100000111010100010000000100100
36741,6933,10.148332,0BA,5,1110000000110100001110000000000011000001
36742,10392,10.155821,0BA,5,1100011000000000000000000000000010111110
28741,10424,10.156427,24,8,0000001001011110000000100000000001000010001100001000000010000000
2602,10425,10.15667,25,8,0000000010000110000000000000000111001111111011100000000001110001
22809,10426,10.157178,0AA,8,0010000100011001001000000101000100100000111100110010000000100010
19097,10427,10.158188,0B4,8,0000000000000000000000000000000000011100000001100001110011111010
32199,10429,10.160706,1C4,8,0000100110011101000110110000000000000000000000000000000010001110
36743,3477,10.163311,0BA,5,0010100100000000000000000000010000101000
8404,10433,10.165646,260,8,0000000000000000000000000000000000000000000000010111011111100010
2603,10435,10.167534,25,8,0000000010000110000000000000000110101111111100000000000001010011
22810,10436,10.168153,0AA,8,0010000100011100001000000101000100100000111011010010000000100011
36744,6951,10.1708,0BA,5,0100111100000000000000000000000000101110
16925,10441,10.171162,226,8,0000000000000000000100000000000000000000000000000000000000000000
525,10442,10.172154,320,8,0000000000100000000000000000000000000000000000000000000001001011
34763,10443,10.173609,4DF,8,0010000000000000000000000000000100000000000000000000000000000000
11626,10444,10.174666,2C1,8,0000000000000001001101100000000011010110110000000000100010100000
27943,10445,10.175486,300000000.0,8,0
28742,10447,10.176385,24,8,0000001001011110000000100000000101000010001100101000000010000011
2604,10448,10.176625,25,8,0000000010000110000000000000000110011111111100000000000001000011
14616,10449,10.176867,1C6,8,0000000000000000100000000000100001111000000110000000000000000000
22811,10450,10.177158,0AA,8,0010000100011010001000000101001000100000111100100010000000100111
19098,10451,10.17814,0B4,8,0000000000000000000000000000000000100000000001100010000100000011
36745,6954,10.17829,0BA,5,1110000000110100001110000000000011000001
32200,10454,10.18066,1C4,8,0000100110011101000110110000000000000000000000000000000010001110
34832,10458,10.181439,3C3,8,0100011000011110100100110100111011101110010110010000001110001000
8405,10459,10.185623,260,8,0000000000000000000000000000000000000000000000011000001111101110
36746,10421,10.185779,0BA,5,1100011000000000000000000000000010111110
2605,10461,10.186457,25,8,0000000010000101000000000000000101111111111100000000000000100010
35303,3128,10.186459,386,7,10100100000000000000000000000000000000000000000010000000
22812,10462,10.187132,0AA,8,0010000100011010001000000101010000100000111011100010000000100001
36747,3482,10.193269,0BA,5,0010100100000000000000000000011100101011
14051,10463,10.193669,442,8,0100001100000010000000000000000000000010000000000000000000000000
28743,10465,10.196333,24,8,0000001001011101000000100000000001000010001100101000000010000001
2606,10466,10.196575,25,8,0000000010000101000000000000000101011111111100010000000000000011
22813,10467,10.197082,0AA,8,0010000100011001001000000101001100100000111100000010000000100010
19099,10469,10.198162,0B4,8,0000000000000000000000000000000000100000000001100010000100000011
32201,10472,10.200619,1C4,8,0000100110011101000110110000000000000000000000000000000010001110
36748,6967,10.200759,0BA,5,0100111100000000000000000000000000101110
16926,10475,10.202086,226,8,0000000000000000000100000000000000000000000000000000000000000000
11627,10476,10.204607,2C1,8,0000000000000001001011000000000011001100110000000000100010001100
27923,10477,10.205415,3000000000.0,8,0
8406,10478,10.205661,260,8,0000000000000000000000000000000000000000000000011001100100000100
13349,10479,10.205812,394,3,0
2607,10481,10.206415,25,8,0000000010000101000000000000000101001111111100110000000011110101
14617,10482,10.206655,1C6,8,0000000000000000100000000000100001100111000110000000000000000000
22814,10483,10.207088,0AA,8,0010000100011001001000000101010000100000111101110010000000100100
36749,6970,10.208248,0BA,5,1110000000110100001110000000000011000001
94,10485,10.209074,3B7,8,1000
36750,10453,10.215738,0BA,5,1100011000000000000000000000000010111110
28744,10489,10.216288,24,8,0000001001011101000000100000000001000010001101001000000010000011
2608,10490,10.216529,25,8,0000000010000101000000000000000100101111111100110000000011010101
22815,10491,10.217067,0AA,8,0010000100011001001000000101011000100000111100110010000000100010
19100,10492,10.218046,0B4,8,0000000000000000000000000000000000100100000001100010000100000111
526,10495,10.220042,320,8,0000000000100000000000000000000000000000000000000000000001001011
32202,10496,10.22057,1C4,8,0000100110011011000110110000000000000000000000000000000010001100
36751,3493,10.223227,0BA,5,0010100100000000000000000000010000101000
8407,10498,10.225319,260,8,0000000000000000000000000000000000000000000000011000111011111001
2609,10500,10.227386,25,8,0000000010000101000000000000000100011111111100110000000011000101
22816,10501,10.228015,0AA,8,0010000100011001001000000101100000100000111100100010000000100000
36752,6990,10.230717,0BA,5,0100111100000000000000000000000000101110
16927,10507,10.231018,226,8,0000000000000000000100000000000000000000000000000000000000000000
7663,10509,10.232494,611,8,0010000100000000000000000001000000000000000000000011110101101100
11628,10510,10.234529,2C1,8,0000000000000001001010010000000011000110110000000000100010000011
28745,10512,10.236242,24,8,0000001001011100000000100000000001000010001101011000000010000011
2610,10513,10.236482,25,8,0000000010000101000000000000000111111111111100010000000010100011
14618,10514,10.236724,1C6,8,0000000000000000100000000000100001011000000110000000000000000000
22817,10515,10.23699,0AA,8,0010000100011000001000000101100000100000111101000010000000101001
19101,10516,10.237995,0B4,8,0000000000000000000000000000000000100100000001100010000100000111
36753,6992,10.238206,0BA,5,1110000000110100001110000000000011000001
32203,10519,10.240533,1C4,8,0000100110011000000110110000000000000000000000000000000010001001
10997,10521,10.244509,620,8,0001000000000000000000000000000000000000000000000000000000000000
8408,10522,10.245216,260,8,0000000000000000000000000000000000000000000000011001100100000100
36754,10484,10.245696,0BA,5,1100011000000000000000000000000010111110
2611,10525,10.246333,25,8,0000000010000101000000000000000111011111111100010000000010000011
22818,10526,10.246998,0AA,8,0010000100011001001000000101100000100000111100110010000000101000
36755,3502,10.253185,0BA,5,0010100100000000000000000000011100101011
28746,10528,10.25622,24,8,0000001001011100000000100000000001000010001101001000000010000010
2612,10529,10.256461,25,8,0000000010000101000000000000000110111111111100010000000001100011
22819,10530,10.25697,0AA,8,0010000100011001001000000101100000100000111101000010000000100111
19102,10531,10.257977,0B4,8,0000000000000000000000000000000000101000000001100010000100001011
32204,10534,10.260476,1C4,8,0000100110010110000110110000000000000000000000000000000010000111
36756,7010,10.260675,0BA,5,0100111100000000000000000000000000101110
16928,10537,10.261942,226,8,0000000000000000000100000000000000000000000000000000000000000000
11629,10539,10.26447,2C1,8,0000000000000001001001100000000011000000110000000000100001111010
8409,10540,10.2652,260,8,0000000000000000000000000000000000000000000000011000001111101110
2613,10542,10.266266,25,8,0000000010000101000000000000000110101111111011110000000001010001
14619,10543,10.266504,1C6,8,0000000000000000100000000000100001001001000110000000000000000000
22820,10544,10.266942,0AA,8,0010000100011010001000000101100100100000111011110010000000101000
36757,7013,10.268164,0BA,5,1110000000110100001110000000000011000001
527,10546,10.268928,320,8,0000000000100000000000000000000000000000000000000000000001001011
36758,10518,10.275654,0BA,5,1100011000000000000000000000000010111110
28747,10548,10.276185,24,8,0000001001011100000000100000000001000010001100101000000010000000
2614,10549,10.276429,25,8,0000000010000100000000000000000101111111111011110000000000100000
22821,10550,10.276895,0AA,8,0010000100011010001000000101101100100000111100000010000000101001
19103,10551,10.27793,0B4,8,0000000000000000000000000000000000101000000001100010000100001011
32205,10555,10.280437,1C4,8,0000100110010011000110110000000000000000000000000000000010000100
36759,3516,10.283144,0BA,5,0010100100000000000000000000010000101000
8410,10558,10.285127,260,8,0000000000000000000000000000000000000000000000011000111011111001
2615,10560,10.287248,25,8,0000000010000100000000000000000101011111111011110000000000000000
22822,10561,10.287871,0AA,8,0010000100011010001000000101100000100000111101000010000000101100
21626,10565,10.29023,443,8,0100110100000010000000000010111100000110000000000000000000000000
36760,7027,10.290633,0BA,5,0100111100000000000000000000000000101110
16929,10566,10.290873,226,8,0000000000000001000100000000000000000000000000000000000000000000
11630,10568,10.294387,2C1,8,0000000000000001001000110000000010111001110000000000100001110000
28748,10571,10.296105,24,8,0000001001011101000000100000000001000010001011111000000001111110
2616,10572,10.296347,25,8,0000000010000100000000000000000101001111111100000000000011110001
14620,10573,10.296591,1C6,8,0000000000000000100000000000100000111010000110000000000000000000
22823,10574,10.296876,0AA,8,0010000100011100001000000101001100100000111101010010000000101110
19104,10575,10.297848,0B4,8,0000000000000000000000000000000000101100000001100010011100010101
36761,7030,10.298123,0BA,5,1110000000110100001110000000000011000001
32206,10578,10.300388,1C4,8,0000100110010010000110110000000000000000000000000000000010000011
8411,10580,10.305062,260,8,0000000000000000000000000000000000000000000000011000111011111001
36762,10545,10.305612,0BA,5,1100011000000000000000000000000010111110
2617,10582,10.306174,25,8,0000000010000100000000000000000100101111111100000000000011010001
22824,10583,10.306853,0AA,8,0010000100011101001000000101010000100000111101110010000000101111
36763,3522,10.313102,0BA,5,0010100100000000000000000000011100101011
28749,10586,10.316056,24,8,0000001001011101000000100000000001000010001011011000000001111100
2618,10587,10.316297,25,8,0000000010000100000000000000000100001111111100000000000010110001
22825,10588,10.316827,0AA,8,0010000100011110001000000101100000100000111110010010000000101100
19105,10589,10.317834,0B4,8,0000000000000000000000000000000000101100000001100010000100001111
32207,10592,10.320341,1C4,8,0000100110010010000110110000000000000000000000000000000010000011
36764,7048,10.320591,0BA,5,0100111100000000000000000000000000101110
16930,10595,10.321801,226,8,0000000000000000000100000000000000000000000000000000000000000000
528,10596,10.322799,320,8,0000000000100000000000000000000000000000000000000000000001001011
11631,10597,10.324329,2C1,8,0000000000000001000111000000000010111001110000000000100001101001
8412,10598,10.325032,260,8,0000000000000000000000000000000000000000000000010111011111100010
2619,10600,10.326133,25,8,0000000010000100000000000000000111111111111100000000000010100001
14621,10601,10.326374,1C6,8,0000000000000000100000000000100000101011000110000000000000000000
22826,10602,10.326803,0AA,8,0010000100011101001000000101100100100000111101110010000000110011
36765,7051,10.328081,0BA,5,1110000000110100001110000000000011000001
34943,10606,10.329781,4C3,8,0000001100000000000000000000000100000000000000000000000000000000
36766,10577,10.33557,0BA,5,1100011000000000000000000000000010111110
28750,10608,10.336014,24,8,0000001001011101000000100000000001000010001011011000000001111100
2620,10609,10.336256,25,8,0000000010000100000000000000000111011111111100000000000010000001
22827,10610,10.336757,0AA,8,0010000100100001001000000101100000100000111110010010000000110011
19106,10611,10.337757,0B4,8,0000000000000000000000000000000000101100000001100010000100001111
32208,10613,10.340299,1C4,8,0000100110010000000110110000000000000000000000000000000010000001
36767,3538,10.34306,0BA,5,0010100100000000000000000000010000101000
8413,10616,10.344967,260,8,0000000000000000000000000000000000000000000000010101011011000001
2621,10618,10.346083,25,8,0000000010000100000000000000000111001111111100000000000001110001
22828,10619,10.346759,0AA,8,0010000100100011001000000101100000100000111111010010000000110001
16931,10623,10.349738,226,8,0000000000000000000100000000000000000000000000000000000000000000
36768,7073,10.350549,0BA,5,0100111100000000000000000000000000101110
11632,10626,10.354246,2C1,8,0000000000000001000101100000000010111001110000000000100001100011
28751,10628,10.35597,24,8,0000001001011110000000100000000001000010001011111000000001111111
2622,10629,10.356207,25,8,0000000010000100000000000000000110101111111100010000000001010010
14622,10630,10.356449,1C6,8,0000000000000000100000000000100000011100000110000000000000000000
22829,10631,10.356736,0AA,8,0010000100100011001000000101100100100000111101110010000000110001
19107,10632,10.357711,0B4,8,0000000000000000000000000000000000110000000001100010011100011001
36769,7076,10.358039,0BA,5,1110000000110100001110000000000011000001
16386,10636,10.359876,3F9,8,0111010100011000000000100000001010000000000000000000000000010101
32209,10637,10.360259,1C4,8,0000100110010000000110110000000000000000000000000000000010000001
7794,10640,10.364149,610,8,0010000000000000000100000110010011000000000000000111001001000000
8414,10641,10.364891,260,8,0000000000000000000000000000000000000000000000010110000111001100
36770,10603,10.365528,0BA,5,1100011000000000000000000000000010111110
2623,10643,10.367064,25,8,0000000010000011000000000000000101111111111100010000000000100001
22830,10644,10.367682,0AA,8,0010000100100010001000000101110000100000111111000010000000110011
529,10645,10.368694,320,8,0000000000100000000000000000000000000000000000000000000001001011
27994,10646,10.369189,6C0,8,1110010000000000000000001110000010000000000000000000000000000000
36771,3545,10.373018,0BA,5,0010100100000000000000000000011100101011
28752,10648,10.375928,24,8,0000001001011110000000011111111101000010001100001000000001111110
2624,10649,10.376175,25,8,0000000010000011000000000000000101101111111100010000000000010001
22831,10650,10.376691,0AA,8,0010000100100010001000000110000000100000111110100010000000110000
19108,10652,10.377662,0B4,8,0000000000000000000000000000000000110000000001100010011100011001
32210,10655,10.3802,1C4,8,0000100110001111000110110000000000000000000000000000000010000000
36772,7089,10.380508,0BA,5,0100111100000000000000000000000000101110
16932,10658,10.381658,226,8,0000000000000000000100000000000000000000000000000000000000000000
11633,10660,10.384188,2C1,8,0000000000000001000100110000000010110110110000000000100001011101
8415,10661,10.384797,260,8,0000000000000000000000000000000000000000000000010111011111100010
2625,10663,10.385985,25,8,0000000010000011000000000000000101001111111100010000000011110001
14623,10664,10.386227,1C6,8,0000000000000000100000000000100000010000000110000000000000000000
35096,10439,10.386254,3D3,3,111001010000000110100010
22832,10665,10.386659,0AA,8,0010000100100011001000000101111000100000111101010010000000110001
36773,7092,10.387997,0BA,5,1110000000110100001110000000000011000001
31405,10669,10.394124,44D,8,0100001000000010000000000000000000000001000000000000000000000000
36774,10635,10.395487,0BA,5,1100011000000000000000000000000010111110
28753,10671,10.395871,24,8,0000001001011101000000011111111101000010001011111000000001111100
2626,10672,10.396112,25,8,0000000010000011000000000000000100101111111100010000000011010001
22833,10673,10.396611,0AA,8,0010000100101000001000000110000100100000111111000010000000110001
19109,10674,10.397615,0B4,8,0000000000000000000000000000000000110100000001100010011100011101
43489,732,10.398983,423,2,11100000000
32211,10676,10.400157,1C4,8,0000100110010001000110110000000000000000000000000000000010000010
36775,3556,10.402976,0BA,5,0010100100000000000000000000010000101000
13902,10678,10.403048,622,8,0001001000000000000000000000000000000000000000000000000000000000
8416,10679,10.404716,260,8,0000000000000000000000000000000000000000000000010110110011010111
2627,10681,10.405937,25,8,0000000010000011000000000000000100001111111100010000000010110001
22834,10682,10.406615,0AA,8,0010000100101011001000000110000000100000111110010010000000110001
16933,10685,10.409596,226,8,0000000000000000000100000000000000000000000000000000000000000000
36776,7111,10.410466,0BA,5,0100111100000000000000000000000000101110
11634,10689,10.414122,2C1,8,0000000000000001000100000000000010110110110000000000100101011011
43673,694,10.415469,3BB,5,1010010100000000000000000000000000000000
28754,10691,10.415825,24,8,0000001001011101000000011111110101000010001011111000000001111010
2628,10692,10.416068,25,8,0000000010000011000000000000000111101111111010110000000010001011
14624,10693,10.416314,1C6,8,0000000000000000100000000000100000000100000110000000000000000000
22835,10694,10.416591,0AA,8,0010000100101001001000000101110100100000111110110010000000110001
19110,10695,10.417567,0B4,8,0000000000000000000000000000000000110100000001100010110100100011
36777,7115,10.417955,0BA,5,1110000000110100001110000000000011000001
32212,10698,10.420108,1C4,8,0000100110010101000110110000000000000000000000000000000010000110
530,10700,10.420568,320,8,0000000000100000000000000000000000000000000000000000000001001011
8417,10702,10.424483,260,8,0000000000000000000000000000000000000000000000010110110011010111
36778,10666,10.425445,0BA,5,1100011000000000000000000000000010111110
2629,10704,10.425892,25,8,0000000010000011000000000000000111001111111010110000000001101011
22836,10706,10.426568,0AA,8,0010000100100100001000000101110100100000111101010010000000101111
36779,3566,10.432934,0BA,5,0010100100000000000000000000011100101011
31640,10708,10.434879,389,8,0000000000100000000000000000000000000000000000000000000000000000
28755,10710,10.435777,24,8,0000001001011100000000011111110101000010001100101000000001111100
2630,10711,10.436022,25,8,0000000010000011000000000000000110011111111010100000000000111010
22837,10712,10.436542,0AA,8,0010000100101001001000000101110100100000111101100010000000101101
19111,10713,10.43752,0B4,8,0000000000000000000000000000000000111000000001100010110100100111
32213,10716,10.440065,1C4,8,0000100110011010000110110000000000000000000000000000000010001011
36780,7134,10.440424,0BA,5,0100111100000000000000000000000000101110
16934,10719,10.441518,226,8,0000000000000000000100000000000000000000000000000000000000000000
11635,10721,10.444293,2C1,8,0000000000000001000100000000000010110110110000000000100101011011
8418,10722,10.444543,260,8,0000000000000000000000000000000000000000000000010101011011000001
2631,10724,10.445848,25,8,0000000010000010000000000000000101101111111010100000000000001001
14625,10725,10.44609,1C6,8,0000000000000000100000000000011111111000000110000000000000000000
22838,10726,10.446522,0AA,8,0010000100100011001000000101110100100000111111100010000000110000
36781,7138,10.447913,0BA,5,1110000000110100001110000000000011000001
13647,10728,10.453517,4B7,8,1110001101011111001000001111000000000000111010100000000100001000
36782,10697,10.455403,0BA,5,1100011000000000000000000000000010111110
28756,10730,10.455754,24,8,0000001001011100000000011111101101000010001100101000000001111010
2632,10731,10.455995,25,8,0000000010000010000000000000000101001111111010100000000011101001
22839,10732,10.456467,0AA,8,0010000100100111001000000101101100100000111110110010000000110011
19112,10733,10.457474,0B4,8,0000000000000000000000000000000000111000000001100010110100100111
32214,10737,10.460015,1C4,8,0000100110011111000110110000000000000000000000000000000010010000
36783,3580,10.462893,0BA,5,0010100100000000000000000000010000101000
8419,10739,10.464349,260,8,0000000000000000000000000000000000000000000000010110110011010111
2633,10741,10.465797,25,8,0000000010000010000000000000000100011111111010100000000010111001
22840,10742,10.466475,0AA,8,0010000100100011001000000101110100100000111110010010000000101110
16935,10746,10.469572,226,8,0000000000000000000100000000000000000000000000000000000000000000
36784,7149,10.470382,0BA,5,0100111100000000000000000000000000101110
531,10747,10.470447,320,8,0000000000100000000000000000000000000000000000000000000001001011
11636,10748,10.474013,2C1,8,0000000000000001000011000000000010101100110000000000100101001101
28757,10751,10.47572,24,8,0000001001011100000000011111111101000010001100001000000001111100
2634,10752,10.475962,25,8,0000000010000010000000000000000111111111111010100000000010011001
14626,10753,10.476203,1C6,8,0000000000000000100000000000011111101110000110000000000000000000
22841,10754,10.47645,0AA,8,0010000100100001001000000101111100100000111110100010000000101110
19113,10755,10.477426,0B4,8,0000000000000000000000000000000000111100000001100010110100101011
36785,7153,10.477872,0BA,5,1110000000110100001110000000000011000001
32215,10759,10.479975,1C4,8,0000100110100101000110110000000000000000000000000000000010010110
8420,10762,10.484289,260,8,0000000000000000000000000000000000000000000000010110000111001100
36786,10727,10.485361,0BA,5,1100011000000000000000000000000010111110
2635,10764,10.485754,25,8,0000000010000010000000000000000111011111111010100000000001111001
22842,10765,10.486427,0AA,8,0010000100100001001000000110010100100000111111100010000000111000
13587,10767,10.48964,4DD,8,0001111000000000000000000000000000000000000000000000000000000000
36787,3586,10.492851,0BA,5,0010100100000000000000000000011100101011
271,10769,10.494777,38F,8,0000000100000000000000000000000000000000000000000000000000000000
28758,10771,10.495642,24,8,0000001001011100000000011111110101000010001011111000000001111001
2636,10772,10.495885,25,8,0000000010000010000000000000000110111111111010100000000001011001
22843,10773,10.4964,0AA,8,0010000100100101001000000110001100100000111111100010000000110010
19114,10774,10.497383,0B4,8,0000000000000000000000000000000000111100000001100010110100101011
32216,10777,10.499924,1C4,8,0000100110101001000110110000000000000000000000000000000010011010
36788,7172,10.50034,0BA,5,0100111100000000000000000000000000101110
16936,10780,10.501375,226,8,0000000000000000000100000000000000000000000000000000000000000000
14052,10781,10.501721,442,8,0100001100000010000000000000000000000010000000000000000000000000
11637,10782,10.503913,2C1,8,0000000000000001000011000000000010110000110000000000100101010001
8421,10783,10.504208,260,8,0000000000000000000000000000000000000000000000011000001111101110
13350,10784,10.504368,394,3,0
2637,10786,10.5057,25,8,0000000010000010000000000000000110011111111011000000000000111011
14627,10787,10.506208,1C6,8,0000000000000000100000000000011111100010000110000000000000000000
22844,10788,10.50644,0AA,8,0010000100100111001000000101111100100000111111110010000000110110
36789,7177,10.50783,0BA,5,1110000000110100001110000000000011000001
95,10791,10.508364,3B7,8,1000
36790,10758,10.515319,0BA,5,1100011000000000000000000000000010111110
28759,10793,10.515597,24,8,0000001001011100000000011111111101000010001011111000000001111011
2638,10794,10.515838,25,8,0000000010000001000000000000000101101111111011000000000000001010
22845,10795,10.516327,0AA,8,0010000100100110001000000101110000100000111110100010000000111000
19115,10796,10.517362,0B4,8,0000000000000000000000000000000000111100000001100010110100101011
532,10798,10.519335,320,8,0000000000100000000000000000000000000000000000000000000001001011
32217,10799,10.51988,1C4,8,0000100110101111000110110000000000000000000000000000000010100000
36791,3604,10.522809,0BA,5,0010100100000000000000000000010000101000
8422,10802,10.524196,260,8,0000000000000000000000000000000000000000000000010110110011010111
34704,10803,10.524452,380,8,0
2639,10805,10.525653,25,8,0000000010000001000000000000000101001111111010010000000011100111
22846,10806,10.526331,0AA,8,0010000100100100001000000101111000100000111111100010000000110110
16937,10810,10.529391,226,8,0000000000000000000100000000000000000000000000000000000000000000
36792,7194,10.530298,0BA,5,0100111100000000000000000000000000101110
10998,10812,10.53165,620,8,0001000000000000000000000000000000000000000000000000000000000000
11638,10813,10.533835,2C1,8,0000000000000001000011000000000010101100110000000000100101001101
28760,10815,10.535553,24,8,0000001001011011000000011111110101000010001011111000000001111000
2640,10816,10.535795,25,8,0000000010000001000000000000000100101111111010010000000011000111
14628,10817,10.536039,1C6,8,0000000000000000100000000000011111010110000110000000000000000000
22847,10818,10.536282,0AA,8,0010000100100010001000000110010100100001000010000010000000110100
19116,10819,10.537288,0B4,8,0000000000000000000000000000000001000000000001100010011100101001
36793,7197,10.537788,0BA,5,1110000000110100001110000000000011000001
32218,10822,10.539832,1C4,8,0000100110110011000110110000000000000000000000000000000010100100
8423,10826,10.544105,260,8,0000000000000000000000000000000000000000000000010110110011010111
36794,10789,10.545278,0BA,5,1100011000000000000000000000000010111110
2641,10828,10.545607,25,8,0000000010000001000000000000000100001111111011000000000010101010
22848,10829,10.546281,0AA,8,0010000100100110001000000110000100100001000000100010000000110011
36795,3610,10.552767,0BA,5,0010100100000000000000000000011100101011
28761,10832,10.555501,24,8,0000001001011011000000011111111101000010001011111000000001111010
2642,10833,10.555744,25,8,0000000010000001000000000000000111101111111011110000000010001101
22849,10834,10.556258,0AA,8,0010000100101001001000000110101000100001000000110010000000110010
19117,10836,10.557238,0B4,8,0000000000000000000000000000000001000000000001100010110100101111
32219,10839,10.559796,1C4,8,0000100110110111000110110000000000000000000000000000000010101000
36796,7211,10.560257,0BA,5,0100111100000000000000000000000000101110
16938,10842,10.561231,226,8,0000000000000000000100000000000000000000000000000000000000000000
11639,10843,10.563775,2C1,8,0000000000000001000010010000000010110011110000000000100101010001
8424,10844,10.56405,260,8,0000000000000000000000000000000000000000000000011000111011111001
14629,10845,10.565794,1C6,8,0000000000000000100000000000011111001011000110000000000000000000
2643,10847,10.566584,25,8,0000000010000001000000000000000111001111111011110000000001101101
22850,10848,10.567208,0AA,8,0010000100101011001000000110001100100001000000010010000000110011
36797,7214,10.567746,0BA,5,1110000000110100010000000000000011001001
533,10850,10.569214,320,8,0000000000100000000000000000000000000000000000000000000001001011
36798,10821,10.575236,0BA,5,1100011000000000000000000000000010111110
28762,10853,10.575467,24,8,0000001001011100000000100000000001000010001100101000000010000000
2644,10854,10.575707,25,8,0000000010000001000000000000000110111111111011110000000001011101
22851,10855,10.576211,0AA,8,0010000100100111001000000110000000100001000001000010000000111000
19118,10856,10.577189,0B4,8,0000000000000000000000000000000001000100000001100010110100110011
32220,10859,10.579737,1C4,8,0000100110111010000110110000000000000000000000000000000010101011
36799,3619,10.582725,0BA,5,0010100100000000000000000000010000101000
8425,10861,10.583986,260,8,0000000000000000000000000000000000000000000000011000111011111001
2645,10863,10.585519,25,8,0000000010000001000000000000000110011111111011110000000000111101
22852,10864,10.586184,0AA,8,0010000100100110001000000110001100100001000011000010000000101110
16939,10868,10.589171,226,8,0000000000000000000100000000000000000000000000000000000000000000
36800,7235,10.590215,0BA,5,0100111100000000000000000000000000101110
11640,10870,10.593726,2C1,8,0000000000000001000010010000000010111001110000000000100101010111
28763,10872,10.595409,24,8,0000001001011100000000100000000001000010001101001000000010000010
2646,10873,10.595653,25,8,0000000010000000000000000000000101101111111011110000000000001100
14630,10874,10.595898,1C6,8,0000000000000000100000000000011111000000000110000000000000000000
22853,10875,10.596133,0AA,8,0010000100100010001000000110011100100001000000110010000000101110
19119,10876,10.597141,0B4,8,0000000000000000000000000000000001000100000001100010110100110011
36801,7239,10.597704,0BA,5,1110000000110100001110000000000011000001
21627,10879,10.599484,443,8,0100110100000010000000000010111100000110000000000000000000000000
32221,10880,10.599721,1C4,8,0000100110111010000110110000000000000000000000000000000010101011
8426,10882,10.603899,260,8,0000000000000000000000000000000000000000000000011000111011111001
36802,10849,10.605194,0BA,5,1100011000000000000000000000000010111110
2647,10884,10.605472,25,8,0000000010000000000000000000000101011111111011110000000011111100
22854,10886,10.60614,0AA,8,0010000100100010001000000110011100100001000000010010000000110011
16387,10888,10.61007,3F9,8,0111010100011000000000100000001010000000000000000000000000010101
36803,3627,10.612683,0BA,5,0010100100000000000000000000011100101011
28764,10890,10.615365,24,8,0000001001011100000000011111111101000010001100101000000001111110
2648,10891,10.615623,25,8,0000000010000000000000000000000100111111111100010000000011011110
22855,10893,10.616118,0AA,8,0010000100100111001000000110011000100000111111110010000000110000
19120,10894,10.617094,0B4,8,0000000000000000000000000000000001001000000001100010110100110111
32222,10897,10.619651,1C4,8,0000100110111011000110110000000000000000000000000000000010101100
36804,7260,10.620173,0BA,5,0100111100000000000000000000000000101110
16940,10900,10.621093,226,8,0000000000000000000100000000000000000000000000000000000000000000
534,10901,10.622086,320,8,0000000000100000000000000000000000000000000000000000000001001011
14226,10903,10.623082,60.0,8,1010000100000000000000000000000000000000011100000000000000000000
11641,10904,10.623644,2C1,8,0000000000000001000001100000000011000000110000000000100101011011
8427,10905,10.623895,260,8,0000000000000000000000000000000000000000000000011010010000001111
2649,10907,10.625418,25,8,0000000010000000000000000000000100101111111100010000000011001110
14631,10908,10.62566,1C6,8,0000000000000000100000000000011110110100000110000000000000000000
22856,10909,10.626093,0AA,8,0010000100101100001000000110100000100001000000010010000000110001
36805,7264,10.627663,0BA,5,1110000000110100001110000000000011000001
36806,10878,10.635152,0BA,5,1100011000000000000000000000000010111110
28765,10913,10.635321,24,8,0000001001011011000000100000000001000010001100101000000001111111
2650,10914,10.635563,25,8,0000000010000000000000000000000100011111111100010000000010111110
22857,10915,10.636039,0AA,8,0010000100101011001000000110101000100001000000100010000000110010
19121,10916,10.637046,0B4,8,0000000000000000000000000000000001001000000001100011001000111100
7723,10919,10.6394,435,8,1000000000000101000001011111111111100000001111110000000000000011
32223,10920,10.639638,1C4,8,0000100110111010000110110000000000000000000000000000000010101011
36807,3642,10.642642,0BA,5,0010100100000000000000000000010000101000
8428,10922,10.643775,260,8,0000000000000000000000000000000000000000000000011010010000001111
2651,10924,10.645372,25,8,0000000010000000000000000000000100001111111100110000000010110000
35097,1332,10.64591,3D3,3,011011000001001000000000
22858,10925,10.646047,0AA,8,0010000100101000001000000110101000100000111111000010000000110110
10913,10926,10.646402,436,8,0
16941,10930,10.649029,226,8,0000000000000000000100000000000000000000000000000000000000000000
36808,7278,10.650131,0BA,5,0100111100000000000000000000000000101110
11642,10931,10.653557,2C1,8,0000000000000001000001100000000011010000110000000000100101101011
28766,10934,10.6553,24,8,0000001001011011000000100000000101000010001101001000000010000010
2652,10935,10.655538,25,8,0000000010000000000000000000000100001111111101100000000010110011
14632,10936,10.655778,1C6,8,0000000000000000100000000000011110101000000110000000000000000000
22859,10937,10.656022,0AA,8,0010000100100100001000000110011100100000111111100010000000110101
19122,10938,10.656998,0B4,8,0000000000000000000000000000000001001100000001100011001001000000
36809,7282,10.657621,0BA,5,1110000000110100001110000000000011000001
32224,10941,10.659557,1C4,8,0000100110111000000110110000000000000000000000000000000010101001
8429,10943,10.663658,260,8,0000000000000000000000000000000000000000000000011011101000100101
36810,10910,10.66511,0BA,5,1100011000000000000000000000000010111110
2653,10945,10.665321,25,8,0000000010000000000000000000000111111111111101110000000010100100
22860,10946,10.665998,0AA,8,0010000100100111001000000110011100100001000000100010000000111010
535,10947,10.666981,320,8,0000000000100000000000000000000000000000000000000000000001001011
27995,10948,10.667965,6C0,8,1110010000000000000000001110000010000000000000000000000000000000
36811,3648,10.6726,0BA,5,0010100100000000000000000000011100101011
13779,10950,10.674322,434,8,0100001000000000000000000000000000000000000000000000000000000000
28767,10952,10.675257,24,8,0000001001011011000000100000000101000010001100101000000010000000
2654,10953,10.675503,25,8,0000000010000000000000000000000111111111111101110000000010100100
22861,10954,10.675971,0AA,8,0010000100101101001000000110101100100001000000010010000000111010
19123,10955,10.676951,0B4,8,0000000000000000000000000000000001001100000001100011001001000000
32225,10959,10.679513,1C4,8,0000100110110110000110110000000000000000000000000000000010100111
36812,7302,10.680089,0BA,5,0100111100000000000000000000000000101110
34833,10962,10.680116,3C3,8,0100011000011110100100110100111011101110010110010000001110001000
16942,10965,10.680946,226,8,0000000000000000000100000000000000000000000000000000000000000000
28170,10966,10.681306,437,8,1111110011111111111111111111111111111111111111111111111111111111
8430,10968,10.683445,260,8,0000000000000000000000000000000000000000000000011100011000110001
11643,10969,10.68368,2C1,8,0000000000000001000010010000000011001100110000000000101001101011
2655,10971,10.685273,25,8,0000000010000000000000000000000111111111111101110000000010100100
14633,10972,10.685513,1C6,8,0000000000000000100000000000011110011100000110000000000000000000
22862,10973,10.685951,0AA,8,0010000100110000001000000110111000100001000000110010000000111000
36813,7305,10.687579,0BA,5,1110000000110100001110000000000011000001
36814,10940,10.695068,0BA,5,1100011000000000000000000000000010111110
28768,10978,10.695186,24,8,0000001001011011000000100000000001000010001011111000000001111100
2656,10979,10.695428,25,8,0000000010000000000000000000000111111111111101110000000010100100
22863,10980,10.695896,0AA,8,0010000100101100001000000110110100100001000001100010000000111110
19124,10981,10.696937,0B4,8,0000000000000000000000000000000001001100000001100011001001000000
32226,10983,10.699551,1C4,8,0000100110110100000110110000000000000000000000000000000010100101
36815,3664,10.702558,0BA,5,0010100100000000000000000000010000101000
31406,10985,10.702825,44D,8,0100001000000010000000000000000000000001000000000000000000000000
8431,10986,10.703351,260,8,0000000000000000000000000000000000000000000000011101000100111100
2657,10989,10.706264,25,8,0000000010000000000000000000000111111111111101110000000010100100
22864,10990,10.706874,0AA,8,0010000100101011001000000110100000100001000000110010000000111111
16943,10995,10.709879,226,8,0000000000000000000100000000000000000000000000000000000000000000
36816,7326,10.710047,0BA,5,0100111100000000000000000000000000101110
43674,11684,10.713054,3BB,5,0111000000000000000000001010000000000000
11644,10996,10.713423,2C1,8,0000000000000001000001100000000011011001110000000000101001110101
28769,10998,10.715137,24,8,0000001001011011000000100000000101000010001011111000000001111101
2658,10999,10.715378,25,8,0000000010000000000000000000000111111111111101110000000010100100
14634,11000,10.715616,1C6,8,0000000000000000100000000000011110001101000110000000000000000000
22865,11001,10.715852,0AA,8,0010000100101011001000000110011100100001000010000010000000111110
19125,11002,10.716852,0B4,8,0000000000000000000000000000000001010000000001100011001001000100
36817,7329,10.717537,0BA,5,1110000000110100001110000000000011000001
16290,11004,10.718844,4C1,8,0000000100000000000000010000000100000000000000000000000000000000
32227,11006,10.719417,1C4,8,0000100110110011000110110000000000000000000000000000000010100100
536,11008,10.719855,320,8,0000000000100000000000000000000000000000000000000000000001001011
8432,11010,10.723374,260,8,0000000000000000000000000000000000000000000000011101000100111100
36818,10974,10.725027,0BA,5,1100011000000000000000000000000010111110
2659,11012,10.725177,25,8,0000000010000000000000000000000111111111111110010000000010100110
22866,11013,10.725854,0AA,8,0010000100101110001000000110101100100001000001100010000001000010
31249,11015,10.732147,4A6,8,0000000000000000000000000000000000000000000011010000000000000000
36819,3669,10.732516,0BA,5,0010100100000000000000000000011100101011
43490,2808,10.734434,423,2,10101000000110
28770,11017,10.735094,24,8,0000001001011011000000100000000101000010001011011000000001111011
2660,11018,10.735372,25,8,0000000010000000000000000000000111111111111110100000000010100111
22867,11019,10.735831,0AA,8,0010000100110010001000000110110100100001000000100010000001000111
19126,11021,10.736814,0B4,8,0000000000000000000000000000000001010000000001100011001001000100
32228,11025,10.739376,1C4,8,0000100110110011000110110000000000000000000000000000000010100100
36820,7343,10.740006,0BA,5,0100111100000000000000000000000000101110
16944,11028,10.740817,226,8,0000000000000000000100000000000000000000000000000000000000000000
8433,11029,10.743304,260,8,0000000000000000000000000000000000000000000000011100011000110001
11645,11030,10.743459,2C1,8,0000000000000001000010010000000011100011110000000000101010000010
2661,11033,10.745166,25,8,0000000010000000000000000000000111111111111110100000000010100111
14635,11034,10.745405,1C6,8,0000000000000000100000000000011101111110000110000000000000000000
22868,11035,10.745818,0AA,8,0010000100110010001000000110111100100001000010000010000001000100
36821,7346,10.747495,0BA,5,1110000000110100001110000000000011000001
36822,11005,10.754985,0BA,5,1100011000000000000000000000000010111110
28771,11039,10.75509,24,8,0000001001011011000000100000000101000010001011011000000001111011
2662,11040,10.75534,25,8,0000000010000000000000000000000111111111111110110000000010101000
22869,11041,10.755806,0AA,8,0010000100110010001000000110110100100001000010000010000001001000
19127,11042,10.756764,0B4,8,0000000000000000000000000000000001010100000001100011001001001000
32229,11044,10.759435,1C4,8,0000100110110011000110110000000000000000000000000000000010100100
36823,3679,10.762474,0BA,5,0010100100000000000000000000010000101000
8434,11046,10.76315,260,8,0000000000000000000000000000000000000000000000011011101000100101
2663,11048,10.765093,25,8,0000000010000000000000000000000111101111111111000000000010011001
22870,11049,10.765767,0AA,8,0010000100110100001000000111000000100001000001110010000001000100
16945,11053,10.768749,226,8,0000000000000000000100000000000000000000000000000000000000000000
537,11055,10.769742,320,8,0000000000100000000000000000000000000000000000000000000001001011
36824,7363,10.769964,0BA,5,0100111100000000000000000000000000101110
11646,11056,10.773298,2C1,8,0000000000000001000000110000000011011100110000000000101001110101
28772,11058,10.775008,24,8,0000001001011011000000100000000001000010001011011000000001111010
2664,11059,10.775252,25,8,0000000010000000000000000000000111101111111111000000000010011001
14636,11060,10.775489,1C6,8,0000000000000000100000000000011101110010000110000000000000000000
22871,11061,10.775743,0AA,8,0010000100110111001000000111001100100001000010100010000001000101
19128,11062,10.776719,0B4,8,0000000000000000000000000000000001010100000001100011100001001110
36825,7365,10.777453,0BA,5,1110000000110100001110000000000011000001
32230,11065,10.779284,1C4,8,0000100110110010000110110000000000000000000000000000000010100011
8435,11068,10.783137,260,8,0000000000000000000000000000000000000000000000011101000100111100
13968,11069,10.784078,38E,8,0
36826,11036,10.784943,0BA,5,1100011000000000000000000000000010111110
2665,11071,10.785074,25,8,0000000010000000000000000000000111101111111111000000000010011001
35304,4212,10.785662,386,7,11000100000000000000000000000000000000000000000010101010
22872,11073,10.785729,0AA,8,0010000100110110001000000111001100100001000010000010000001000111
36827,3687,10.792432,0BA,5,0010100100000000000000000000011100101011
28773,11075,10.794964,24,8,0000001001011011000000100000000001000010001011111000000001111100
2666,11076,10.795206,25,8,0000000010000000000000000000000111101111111111010000000010011010
22873,11077,10.795665,0AA,8,0010000100110111001000000111001100100001000010110010000001001000
19129,11078,10.796675,0B4,8,0000000000000000000000000000000001011000000001100011100001010010
32231,11081,10.799263,1C4,8,0000100110110011000110110000000000000000000000000000000010100100
36828,7385,10.799922,0BA,5,0100111100000000000000000000000000101110
16946,11084,10.800677,226,8,0000000000000000000100000000000000000000000000000000000000000000
14053,11085,10.800916,442,8,0100001100000010000000000000000000000010000000000000000000000000
8436,11088,10.803075,260,8,0000000000000000000000000000000000000000000000011101000100111100
11647,11089,10.803317,2C1,8,0000000000000001000001100000000011100011110000000000101001111111
13351,11090,10.80346,394,3,0
14637,11091,10.805216,1C6,8,0000000000000000100000000000011101100110000110000000000000000000
2667,11093,10.806027,25,8,0000000010000000000000000000000111111111111111010000000010101010
22874,11094,10.806643,0AA,8,0010000100110111001000000111010100100001000010010010000001000100
36829,7388,10.807412,0BA,5,1110000000110100001110000000000011000001
96,11096,10.808662,3B7,8,1000
36830,11064,10.814901,0BA,5,1100011000000000000000000000000010111110
28774,11099,10.814914,24,8,0000001001011011000000100000000001000010001011011000000001111010
2668,11100,10.815156,25,8,0000000010000000000000000000000111111111111111010000000010101010
22875,11101,10.815623,0AA,8,0010000100111000001000000111100000100001000010010010000001001010
19130,11102,10.816632,0B4,8,0000000000000000000000000000000001011000000001100011100001010010
538,11105,10.818632,320,8,0000000000100000000000000000000000000000000000000000000001001011
32232,11106,10.819195,1C4,8,0000100110110111000110110000000000000000000000000000000010101000
36831,3702,10.822391,0BA,5,0010100100000000000000000000010000101000
8437,11108,10.823036,260,8,0000000000000000000000000000000000000000000000011101000100111100
2669,11110,10.824965,25,8,0000000010000000000000000000000111101111111111010000000010011010
22876,11111,10.825631,0AA,8,0010000100111101001000000111011100100001000010100010000001001100
16947,11115,10.828615,226,8,0000000000000000000100000000000000000000000000000000000000000000
36832,7404,10.82988,0BA,5,0100111100000000000000000000000000101110
10999,11117,10.83081,620,8,0001000000000000000000000000000000000000000000000000000000000000
11648,11118,10.833151,2C1,8,0000000000000001000011000000000011101001110000000000101010001011
2670,11121,10.83511,25,8,0000000010000000000000000000000111101111111111100000000010011011
14638,11122,10.835348,1C6,8,0000000000000000100000000000011101011010000110000000000000000000
22877,11123,10.835578,0AA,8,0010000100111010001000000111010000100001000001110010000001001010
28775,11124,10.835855,24,8,0000001001011011000000100000000001000010001011011000000001111010
19131,11125,10.836586,0B4,8,0000000000000000000000000000000001011100000001100011111001011100
36833,7407,10.83737,0BA,5,1110000000110100001110000000000011000001
32233,11128,10.839157,1C4,8,0000100110111100000110110000000000000000000000000000000010101101
8438,11130,10.842953,260,8,0000000000000000000000000000000000000000000000011101000100111100
13713,11131,10.843942,3A5,8,100000000
36834,11095,10.844859,0BA,5,1100011000000000000000000000000010111110
2671,11133,10.844911,25,8,0000000010000000000000000000000111101111111111100000000010011011
22878,11134,10.845585,0AA,8,0010000100110111001000000111001000100001000010010010000001001111
36835,3706,10.852349,0BA,5,0010100100000000000000000000011100101011
28776,11137,10.854852,24,8,0000001001011011000000100000000001000010001011011000000001111010
2672,11138,10.855093,25,8,0000000010000000000000000000000111101111111111100000000010011011
22879,11139,10.85556,0AA,8,0010000100110111001000000111001100100001000010100010000001001110
19132,11140,10.856541,0B4,8,0000000000000000000000000000000001011100000001100011111001011100
16388,11143,10.858793,3F9,8,0111010100011000000000100000001010000000000000000000000000010101
32234,11144,10.859108,1C4,8,0000100111000001000110110000000000000000000000000000000010110010
36836,7427,10.859838,0BA,5,0100111100000000000000000000000000101110
16948,11147,10.860539,226,8,0000000000000000000100000000000000000000000000000000000000000000
7795,11148,10.860778,610,8,0010000000000000000100000110010011000000000000000111001001000000
8439,11149,10.86288,260,8,0000000000000000000000000000000000000000000000011101000100111100
11649,11150,10.863116,2C1,8,0000000000000001000100000000000011110000110000000000101110010111
2673,11152,10.864866,25,8,0000000010000000000000000000000111101111111111100000000010011011
14639,11153,10.865111,1C6,8,0000000000000000100000000000011101010000000101110000000000000000
22880,11154,10.865538,0AA,8,0010000100111011001000000111001100100001000001100010000001001100
36837,7430,10.867328,0BA,5,1110000000110100001110000000000011000001
539,11158,10.867519,320,8,0000000000100000000000000000000000000000000000000000000001001011
31321,11159,10.872689,640,8,1010100000000000000000000011011100000001110111100000000000000000
35007,11161,10.873874,413,8,0000000100000001000000010000100100000000000000000000000000000000
28777,11163,10.87481,24,8,0000001001011011000000011111111101000010001011011000000001111000
36838,11127,10.874817,0BA,5,1100011000000000000000000000000010111110
2674,11164,10.875053,25,8,0000000010000000000000000000000111101111111111100000000010011011
22881,11165,10.875485,0AA,8,0010000100111100001000000111011000100001000010110010000001001101
19133,11166,10.876499,0B4,8,0000000000000000000000000000000001100000000001100011111001100000
32235,11169,10.879074,1C4,8,0000100111000110000110110000000000000000000000000000000010110111
36839,3720,10.882307,0BA,5,0010100100000000000000000000010000101000
8440,11171,10.882748,260,8,0000000000000000000000000000000000000000000000011101110001000111
13840,11173,10.884012,4C6,8,0000011100000000000000110000000000000000000000000000000000000000
2675,11175,10.884817,25,8,0000000010000000000000000000000111101111111111100000000010011011
22882,11176,10.885494,0AA,8,0010000100111010001000000111011000100001000010110010000001010010
16949,11180,10.888481,226,8,0000000000000000000100000000000000000000000000000000000000000000
36840,7450,10.889797,0BA,5,0100111100000000000000000000000000101110
11650,11181,10.89302,2C1,8,0000000000000001000100110000000011101001110000000000110010010100
28778,11183,10.894738,24,8,0000001001011011000000011111110101000010001011011000000001110110
2676,11184,10.894979,25,8,0000000010000000000000000000000111101111111111100000000010011011
14640,11185,10.895217,1C6,8,0000000000000000100000000000011101000101000110000000000000000000
22883,11186,10.895447,0AA,8,0010000100110110001000000111100000100001000010110010000001001101
19134,11187,10.896455,0B4,8,0000000000000000000000000000000001100000000001100011111001100000
36841,7453,10.897286,0BA,5,1110000000110100001110000000000011000001
21628,11190,10.898807,443,8,0100110100000010000000000010111100000110000000000000000000000000
32236,11191,10.899062,1C4,8,0000100111001100000110110000000000000000000000000000000010111101
8441,11194,10.902777,260,8,0000000000000000000000000000000000000000000000011101110001000111
2677,11196,10.904774,25,8,0000000010000000000000000000000111101111111111100000000010011011
36842,11155,10.904776,0BA,5,1100011000000000000000000000000010111110
22884,11197,10.905448,0AA,8,0010000100110111001000000111100000100001000011100010000001001111
35098,10976,10.905567,3D3,3,111001010000000101100000
36843,3728,10.912265,0BA,5,0010100100000000000000000000011100101011
28779,11199,10.914692,24,8,0000001001011011000000011111111101000010001100001000000001111011
2678,11200,10.914937,25,8,0000000010000000000000000000000111101111111111110000000010011100
22885,11201,10.915432,0AA,8,0010000100110111001000000111100000100001000100000010000001010000
19135,11203,10.916517,0B4,8,0000000000000000000000000000000001100000000001100011111001100000
32237,11206,10.918981,1C4,8,0000100111010001000110110000000000000000000000000000000011000010
36844,7465,10.919755,0BA,5,0100111100000000000000000000000000101110
16950,11209,10.920403,226,8,0000000000000000000100000000000000000000000000000000000000000000
540,11210,10.921397,320,8,0000000000100000000000000000000000000000000000000000000001001011
8442,11211,10.92251,260,8,0000000000000000000000000000000000000000000000011101000100111100
11651,11212,10.923043,2C1,8,0000000000000001000100110000000011110011110000000000110110011111
2679,11214,10.924736,25,8,0000000010000000000000000000000111111111111111110000000010101100
14641,11215,10.924977,1C6,8,0000000000000000100000000000011100111001000101110000000000000000
22886,11216,10.925405,0AA,8,0010000100111011001000000111011000100001000101000010000001010000
36845,7468,10.927244,0BA,5,1110000000110100001110000000000011000001
28780,11222,10.934649,24,8,0000001001011011000000011111111101000010001100101000000001111101
36846,11189,10.934734,0BA,5,1100011000000000000000000000000010111110
2680,11223,10.934895,25,8,0000000010000000000000000000000111111111111111110000000010101100
22887,11224,10.935347,0AA,8,0010000100111101001000000111011000100001000101010010000001010100
19136,11225,10.93636,0B4,8,0000000000000000000000000000000001100100000001100011111001100100
32238,11228,10.938929,1C4,8,0000100111010111000110110000000000000000000000000000000011001000
36847,3741,10.942223,0BA,5,0010100100000000000000000000010000101000
8443,11230,10.942466,260,8,0000000000000000000000000000000000000000000000011101110001000111
2681,11232,10.94469,25,8,0000000010000000000000000000000111101111111111110000000010011100
22888,11233,10.945359,0AA,8,0010000100111010001000000111100000100001000100100010000001010011
16951,11237,10.948341,226,8,0000000000000000000100000000000000000000000000000000000000000000
36848,7486,10.949713,0BA,5,0100111100000000000000000000000000101110
11652,11239,10.952891,2C1,8,0000000000000001001000110000000100000011110000000000110111000000
28781,11241,10.954605,24,8,0000001001011010000000011111111101000010001101011000000001111111
2682,11242,10.954851,25,8,0000000010000000000000000000000111101111111111110000000010011100
14642,11243,10.955089,1C6,8,0000000000000000100000000000011100101101000101110000000000000000
22889,11244,10.955318,0AA,8,0010000100110111001000000111101100100001000110010010000001001111
19137,11245,10.956315,0B4,8,0000000000000000000000000000000001100100000001100011111001100100
36849,7491,10.957202,0BA,5,1110000000110100001110000000000011000001
32239,11249,10.958884,1C4,8,0000100111011011000110110000000000000000000000000000000011001100
27809,11251,10.959308,420,8,0000000000000000000000000000000011111111000000001000000010101011
8444,11252,10.962374,260,8,0000000000000000000000000000000000000000000000011110011101010010
2683,11254,10.96464,25,8,0000000010000000000000000000000111111111111111110000000010101100
36850,11217,10.964692,0BA,5,1100011000000000000000000000000010111110
22890,11255,10.965311,0AA,8,0010000100110110001000001000000000100001000101100010000001010100
541,11257,10.966299,320,8,0000000000100000000000000000000000000000000000000000000001001011
27996,11258,10.966791,6C0,8,1110010000000000000000001110000010000000000000000000000000000000
36851,3751,10.972182,0BA,5,0010100100000000000000000000011100101011
28782,11260,10.974572,24,8,0000001001011010000000011111111101000010001101111000000010000001
2684,11261,10.974823,25,8,0000000010000000000000000000000111111111111111110000000010101100
22891,11262,10.975295,0AA,8,0010000100111000001000000111111000100001000100100010000001010001
19138,11263,10.976301,0B4,8,0000000000000000000000000000000001101000000001100011111001101000
7603,11266,10.978611,3BC,8,0
32240,11267,10.978848,1C4,8,0000100111011011000110110000000000000000000000000000000011001100
36852,7508,10.979671,0BA,5,0100111100000000000000000000000000101110
16952,11270,10.980263,226,8,0000000000000000000100000000000000000000000000000000000000000000
8445,11273,10.982313,260,8,0000000000000000000000000000000000000000000000100000100101110101
11653,11274,10.982888,2C1,8,0000000000000001001010010000000100110000110000000000111011110100
2685,11276,10.984598,25,8,0000000010000000000000000000000111101111111111110000000010011100
14643,11277,10.984837,1C6,8,0000000000000000100000000000011100100011000101110000000000000000
22892,11278,10.985271,0AA,8,0010000100111100001000000111110000100001000100000010000001001110
43409,102,10.985417,3000000.0,6,000010000000000000000000000000000000000000101000
36853,7512,10.987161,0BA,5,1110000000110100001110000000000011000001
28783,11281,10.994518,24,8,0000001001011010000000011111111101000010001101111000000010000001
36854,11247,10.99465,0BA,5,1100011000000000000000000000000010111110
2686,11282,10.994764,25,8,0000000010000000000000000000000111101111111111110000000010011100
22893,11283,10.995216,0AA,8,0010000100111011001000000111110100100001000100010010000001010001
19139,11284,10.996252,0B4,8,0000000000000000000000000000000001101000000001100100001101101101
32241,11288,10.998802,1C4,8,0000100111011110000110110000000000000000000000000000000011001111
31407,11290,11.001662,44D,8,0100001000000010000000000000000000000001000000000000000000000000
36855,3765,11.00214,0BA,5,0010100100000000000000000000010000101000
8446,11292,11.002284,260,8,0000000000000000000000000000000000000000000000100001010010000000
27870,11293,11.003083,4DC,8,0001110100000000000000000000000000000000000000000000000000000000
2687,11295,11.004552,25,8,0000000010000000000000000000000111111111111111110000000010101100
22894,11296,11.005227,0AA,8,0010000100111010001000000111111000100001000101000010000001001101
16953,11300,11.008207,226,8,0000000000000000000100000000000000000000000000000000000000000000
36856,7523,11.009629,0BA,5,0100111100000000000000000000000000101110
43675,370,11.010638,3BB,5,1011101100000000000000000000000000100110
11654,11301,11.012757,2C1,8,0000000000000001001101100000000100111100110000000000111000001101
28784,11304,11.01459,24,8,0000001001011010000000011111111101000010001110011000000010000011
2688,11305,11.014836,25,8,0000000010000000000000000000000111101111111111110000000010011100
14644,11306,11.015073,1C6,8,0000000000000000100000000000011100010111000101110000000000000000
22895,11307,11.015307,0AA,8,0010000100111000001000001000000100100001000100000010000001001100
19140,11308,11.016182,0B4,8,0000000000000000000000000000000001101100000001100100001101110001
36857,7526,11.017119,0BA,5,1110000000110100001110000000000011000001
11235,11310,11.017354,4C8,8,0000100100000000000000000000000000000000000000000000000000000000
32242,11312,11.018751,1C4,8,0000100111100001000110110000000000000000000000000000000011010010
542,11314,11.019179,320,8,0000000000100000000000000000000000000000000000000000000001001011
8447,11315,11.022137,260,8,0000000000000000000000000000000000000000000000100001111110001011
1534,11317,11.023554,6F3,8,0010000000000000000000000000000000000000000000000000000000000000
36858,11279,11.024608,0BA,5,1100011000000000000000000000000010111110
2689,11319,11.025534,25,8,0000000010000000000000000000000111111111111111110000000010101100
22896,11320,11.026147,0AA,8,0010000100111100001000001000000000100001000100100010000001010010
31580,11323,11.031524,633,8,1000000100000000000000000000000000000000000000000000000000000000
36859,3770,11.032098,0BA,5,0010100100000000000000000000011100101011
11175,11324,11.033831,39A,8,0000000000000000000000000000000100000000000000000000000000000000
28785,11326,11.034431,24,8,0000001001011010000000100000000001000010001110011000000010000101
2690,11327,11.034677,25,8,0000000010000000000000000000000111101111111111110000000010011100
22897,11328,11.035155,0AA,8,0010000101000010001000000111111000100001000110010010000001010011
19141,11329,11.036137,0B4,8,0000000000000000000000000000000001101100000001100100001101110001
13527,11332,11.038385,399,8,0000000000000000000000000000000000000000111111110000000000000000
32243,11333,11.038712,1C4,8,0000100111100011000110110000000000000000000000000000000011010100
36860,7546,11.039587,0BA,5,0100111100000000000000000000000000101110
16954,11336,11.040129,226,8,0000000000000000000100000000000000000000000000000000000000000000
8448,11337,11.04209,260,8,0000000000000000000000000000000000000000000000100001111110001011
11655,11338,11.042704,2C1,8,0000000000000001010000110000000101011100110000000000111100111011
2691,11340,11.04446,25,8,0000000010000000000000000000000111111111111111110000000010101100
14645,11341,11.044698,1C6,8,0000000000000000100000000000011100001011000101110000000000000000
22898,11342,11.045134,0AA,8,0010000101000100001000001000000000100001000110100010000001010001
36861,7548,11.047077,0BA,5,1110000000110100001110000000000011000001
28786,11346,11.054411,24,8,0000001001011010000000100000000101000010001110011000000010000110
36862,11311,11.054567,0BA,5,1100011000000000000000000000000010111110
2692,11347,11.054659,25,8,0000000010000000000000000000000111111111111111110000000010101100
22899,11348,11.055112,0AA,8,0010000101000101001000001000001000100001000110010010000001010001
19142,11349,11.056088,0B4,8,0000000000000000000000000000000001110000000001100100100101111011
11,11351,11.05847,3B1,8,0000000000000000000000100000101000000000000010000000000000000000
32244,11352,11.058666,1C4,8,0000100111100110000110110000000000000000000000000000000011010111
36863,3785,11.062056,0BA,5,0010100100000000000000000000010000101000
8449,11355,11.062103,260,8,0000000000000000000000000000000000000000000000100010101010010110
2693,11358,11.064421,25,8,0000000010000000000000000000000111101111111111110000000010011100
22900,11359,11.065085,0AA,8,0010000101000100001000001000011000100001000110100010000001010111
16955,11364,11.068116,226,8,0000000000000000000100000000000000000000000000000000000000000000
543,11365,11.069065,320,8,0000000000100000000000000000000000000000000000000000000001001011
36864,7565,11.069546,0BA,5,0100111100000000000000000000000000101110
43491,10625,11.069885,423,2,1000100000000
11656,11366,11.072655,2C1,8,0000000000000001010111000000000101101001110000000000111101100001
28787,11368,11.074374,24,8,0000001001011011000000100000000101000010001110011000000010000111
2694,11369,11.074616,25,8,0000000010000000000000000000000111111111111111110000000010101100
14646,11370,11.074859,1C6,8,0000000000000000100000000000011100000000000101110000000000000000
22901,11371,11.075087,0AA,8,0010000101000111001000001000011100100001000110010010000001010110
19143,11372,11.076043,0B4,8,0000000000000000000000000000000001110000000001100100100101111011
36865,7569,11.077035,0BA,5,1110000000110100001110000000000011000001
32245,11375,11.078629,1C4,8,0000100111100111000110110000000000000000000000000000000011011000
8450,11379,11.082008,260,8,0000000000000000000000000000000000000000000000100010101010010110
2695,11381,11.084382,25,8,0000000010000000000000000000000111111111111111110000000010101100
36866,11343,11.084525,0BA,5,1100011000000000000000000000000010111110
22902,11382,11.085043,0AA,8,0010000101001001001000001000010100100001000111010010000001011001
36867,3793,11.092014,0BA,5,0010100100000000000000000000011100101011
28788,11384,11.0943,24,8,0000001001011011000000100000001101000010001110011000000010001001
2696,11385,11.094544,25,8,0000000010000000000000000000000111111111111111110000000010101100
22903,11386,11.095022,0AA,8,0010000101001011001000001000011100100001001000000010000001011000
19144,11387,11.096034,0B4,8,0000000000000000000000000000000001110100000001100100100101111111
32246,11391,11.09858,1C4,8,0000100111101000000110110000000000000000000000000000000011011001
36868,7585,11.099504,0BA,5,0100111100000000000000000000000000101110
16956,11394,11.099997,226,8,0000000000000000000100000000000000000000000000000000000000000000
14054,11395,11.10024,442,8,0100001100000010000000000000000000000010000000000000000000000000
8451,11396,11.10193,260,8,0000000000000000000000000000000000000000000000100010101010010110
13352,11397,11.102092,394,3,0
11657,11398,11.102569,2C1,8,0000000000000001011001100000000101101100110000000000111101101110
2697,11400,11.104333,25,8,0000000010000000000000000000000111111111111111110000000010101100
14647,11401,11.104572,1C6,8,0000000000000000100000000000011011110100000101110000000000000000
22904,11402,11.104999,0AA,8,0010000101001011001000001000100000100001000111100010000001011000
97,11404,11.106984,3B7,8,1000
36869,7588,11.106993,0BA,5,1110000000110100001110000000000011000001
16389,11405,11.108627,3F9,8,0111010100011000000000100000001010000000000000000000000000010101
28789,11408,11.114255,24,8,0000001001011011000000100000001101000010001110011000000010001001
36870,11374,11.114483,0BA,5,1100011000000000000000000000000010111110
2698,11409,11.1145,25,8,0000000010000000000000000000000111111111111111110000000010101100
22905,11410,11.114946,0AA,8,0010000101001100001000001000101100100001001000000010000001011100
19145,11411,11.115951,0B4,8,0000000000000000000000000000000001110100000001100100111010000100
544,11413,11.117957,320,8,0000000000100000000000000000000000000000000000000000000001001011
32247,11414,11.118534,1C4,8,0000100111101001000110110000000000000000000000000000000011011010
8452,11416,11.121908,260,8,0000000000000000000000000000000000000000000000100001010010000000
36871,3805,11.121972,0BA,5,0010100100000000000000000000010000101000
2699,11418,11.124282,25,8,0000000010000000000000000000000111101111111111110000000010011100
22906,11419,11.124955,0AA,8,0010000101010000001000001000101000100001001000110010000001100000
16957,11424,11.127936,226,8,0000000000000000000100000000000000000000000000000000000000000000
36872,7609,11.129462,0BA,5,0100111100000000000000000000000000101110
11000,11427,11.129988,620,8,0001000000000000000000000000000000000000000000000000000000000000
11658,11429,11.132496,2C1,8,0000000000000001011111000000000110001001110000000000111110100001
28790,11431,11.134212,24,8,0000001001011011000000100000001101000010001101111000000010000111
2700,11432,11.134458,25,8,0000000010000000000000000000000111101111111111110000000010011100
14648,11433,11.134697,1C6,8,0000000000000000100000000000011011101000000101110000000000000000
22907,11434,11.134928,0AA,8,0010000101010011001000001000101100100001001000010010000001011101
19146,11435,11.135906,0B4,8,0000000000000000000000000000000001110100000001100101010010001010
36873,7611,11.136951,0BA,5,1110000000110100010001000000000011001101
32248,11438,11.13849,1C4,8,0000100111101010000110110000000000000000000000000000000011011011
8453,11440,11.141747,260,8,0000000000000000000000000000000000000000000000100000100101110101
2701,11442,11.144267,25,8,0000000010000000000000000000000111101111111111110000000010011100
36874,11403,11.144441,0BA,5,1100011000000000000000000000000010111110
22908,11443,11.14488,0AA,8,0010000101010111001000001000110000100001001010010010000001100011
36875,3813,11.151931,0BA,5,0010100100000000000000000000011100101011
28791,11446,11.154168,24,8,0000001001011100000000100000001101000010001101011000000010000110
2702,11447,11.154412,25,8,0000000010000000000000000000000111101111111111110000000010011100
22909,11448,11.154886,0AA,8,0010000101010100001000001000110100100001001001000010000001100111
19147,11449,11.155894,0B4,8,0000000000000000000000000000000001111000000001100101010010001110
32249,11452,11.158551,1C4,8,0000100111101011000110110000000000000000000000000000000011011100
36876,7629,11.15942,0BA,5,0100111100000000000000000000000000101110
16958,11455,11.159864,226,8,0000000000000000000100000000000000000000000000000000000000000000
8454,11457,11.161729,260,8,0000000000000000000000000000000000000000000000011110011101010010
11659,11458,11.162445,2C1,8,0000000000000001100100000000000110010011110000000000111110111111
14649,11459,11.164425,1C6,8,0000000000000000100000000000011011011100000101110000000000000000
2703,11461,11.165216,25,8,0000000010000000000000000000000111010000000000000000000001111110
35099,1395,11.165223,3D3,3,011011000001001000000000
22910,11462,11.165833,0AA,8,0010000101010110001000001000111100100001001011000010000001100101
36877,7632,11.16691,0BA,5,1110000000110100001110000000000011000001
545,11464,11.167844,320,8,0000000000100000000000000000000000000000000000000000000001001011
28792,11466,11.174132,24,8,0000001001011100000000100000001101000010001101011000000010000110
2704,11467,11.174376,25,8,0000000010000000000000000000000111010000000000000000000001111110
36878,11437,11.174399,0BA,5,1100011000000000000000000000000010111110
22911,11468,11.174838,0AA,8,0010000101010000001000001001010100100001001010010010000001101100
19148,11469,11.175848,0B4,8,0000000000000000000000000000000001111000000001100101101010010100
32250,11473,11.178631,1C4,8,0000100111101110000110110000000000000000000000000000000011011111
34834,11475,11.179173,3C3,8,0100011000011110100100110100111011101110010110010000001110001000
8455,11476,11.181647,260,8,0000000000000000000000000000000000000000000000011101000100111100
36879,3825,11.181889,0BA,5,0010100100000000000000000000010000101000
2705,11478,11.184147,25,8,0000000010000000000000000000000111010000000000000000000001111110
22912,11479,11.184814,0AA,8,0010000101011011001000001001010000100001001011010010000001100111
16959,11483,11.187804,226,8,0000000000000000000100000000000000000000000000000000000000000000
36880,7647,11.189378,0BA,5,0100111100000000000000000000000000101110
11660,11485,11.192364,2C1,8,0000000000000001100100110000000110100000110000000000111111001111
28793,11487,11.194076,24,8,0000001001011101000000100000001101000010001101011000000010000111
2706,11488,11.194322,25,8,0000000010000000000000000000000111010000000000000000000001111110
14650,11490,11.194742,1C6,8,0000000000000000100000000000011011010001000101110000000000000000
22913,11491,11.194974,0AA,8,0010000101011100001000001001010000100001001100010010000001100110
19149,11493,11.195773,0B4,8,0000000000000000000000000000000001111100000001100101101010011000
36881,7650,11.196868,0BA,5,1110000000110100001110000000000011000001
21629,11496,11.198152,443,8,0100110100000010000000000010111100000110000000000000000000000000
32251,11497,11.198676,1C4,8,0000100111110001000110110000000000000000000000000000000011100010
34764,11499,11.201395,4DF,8,0010000000000000000000000000000100000000000000000000000000000000
8456,11500,11.201642,260,8,0000000000000000000000000000000000000000000000011010111100011010
2707,11502,11.204102,25,8,0000000010000000000000000000000111000000000000000000000001101110
36882,11463,11.204357,0BA,5,1100011000000000000000000000000010111110
22914,11503,11.20477,0AA,8,0010000101011010001000001001010000100001001100010010000001101010
36883,3832,11.211847,0BA,5,0010100100000000000000000000011100101011
28794,11508,11.214036,24,8,0000001001011101000000100000001101000010001101111000000010001001
2708,11509,11.214281,25,8,0000000010000000000000000000000111000000000000000000000001101110
22915,11510,11.214749,0AA,8,0010000101011000001000001001011000100001001100010010000001100111
19150,11511,11.21573,0B4,8,0000000000000000000000000000000001111100000001100101111110011101
32252,11514,11.218635,1C4,8,0000100111110101000110110000000000000000000000000000000011100110
36884,7668,11.219336,0BA,5,0100111100000000000000000000000000101110
16960,11517,11.219727,226,8,0000000000000000000100000000000000000000000000000000000000000000
546,11518,11.22072,320,8,0000000000100000000000000000000000000000000000000000000001001011
8457,11519,11.221343,260,8,0000000000000000000000000000000000000000000000011010111100011010
11661,11520,11.222306,2C1,8,0000000000000001100011000000000110110011110000000001000011011100
2709,11522,11.224056,25,8,0000000010000000000000000000000110110000000000000000000001011110
14651,11523,11.224295,1C6,8,0000000000000000100000000000011011000101000101110000000000000000
22916,11524,11.224725,0AA,8,0010000101011100001000001001011100100001001101000010000001100110
36885,7671,11.226826,0BA,5,1110000000110100001110000000000011000001
7664,11528,11.228714,611,8,0010000100000000000000000001000000000000000000000011110101101100
28795,11530,11.23399,24,8,0000001001011100000000100000000101000010001110011000000010001000
2710,11531,11.234234,25,8,0000000010000000000000000000000110110000000000000000000001011110
36886,11495,11.234316,0BA,5,1100011000000000000000000000000010111110
22917,11532,11.234674,0AA,8,0010000101100001001000001001011100100001001100100010000001101010
19151,11533,11.235691,0B4,8,0000000000000000000000000000000010000000000001100101111110100001
32253,11535,11.238586,1C4,8,0000100111111001000110110000000000000000000000000000000011101010
8458,11537,11.241283,260,8,0000000000000000000000000000000000000000000000011010010000001111
36887,3847,11.241805,0BA,5,0010100100000000000000000000010000101000
2711,11540,11.244009,25,8,0000000010000000000000000000000110110000000000000000000001011110
22918,11541,11.244682,0AA,8,0010000101100001001000001001011000100001001101110010000001100110
16961,11545,11.247669,226,8,0000000000000000000100000000000000000000000000000000000000000000
36888,7691,11.249295,0BA,5,0100111100000000000000000000000000101110
11662,11546,11.252227,2C1,8,0000000000000001101100110000000111000000110000000001000100010001
28796,11548,11.25397,24,8,0000001001011100000000100000000101000010001110011000000010001000
2712,11549,11.254218,25,8,0000000010000000000000000000000110010000000000000000000000111110
14652,11550,11.254456,1C6,8,0000000000000000100000000000011010111001000101110000000000000000
22919,11551,11.254687,0AA,8,0010000101011111001000001001011100100001001101110010000001100111
19152,11552,11.255642,0B4,8,0000000000000000000000000000000010000000000001100101111110100001
36889,7694,11.256784,0BA,5,1110000000110100001110000000000011000001
32254,11556,11.258547,1C4,8,0000100111111110000110110000000000000000000000000000000011101111
34944,11558,11.258952,4C3,8,0000001100000000000000000000000100000000000000000000000000000000
8459,11561,11.261227,260,8,0000000000000000000000000000000000000000000000011000111011111001
2713,11563,11.263963,25,8,0000000010000000000000000000000110010000000000000000000000111110
36890,11525,11.264274,0BA,5,1100011000000000000000000000000010111110
22920,11564,11.264639,0AA,8,0010000101100000001000001001100100100001001110000010000001101011
547,11565,11.26562,320,8,0000000000100000000000000000000000000000000000000000000001001011
27997,11566,11.265864,6C0,8,1110010000000000000000001110000010000000000000000000000000000000
36891,3855,11.271763,0BA,5,0010100100000000000000000000011100101011
2714,11568,11.27394,25,8,0000000001111111000000000000000101100000000000000000000000001101
28797,11569,11.274175,24,8,0000001001011100000000100000000101000010001101111000000010000110
22921,11570,11.274614,0AA,8,0010000101100010001000001001101100100001001111000010000001101100
19153,11571,11.275593,0B4,8,0000000000000000000000000000000010000100000001100101111110100101
32255,11575,11.278449,1C4,8,0000101000000011000110110000000000000000000000000000000011110101
36892,7709,11.279253,0BA,5,0100111100000000000000000000000000101110
16962,11578,11.27959,226,8,0000000000000000000100000000000000000000000000000000000000000000
8460,11580,11.281219,260,8,0000000000000000000000000000000000000000000000011000001111101110
11663,11581,11.282171,2C1,8,0000000000000001110001100000000110111100110000000001001100100010
2715,11583,11.28392,25,8,0000000001111111000000000000000101010000000000000000000011111101
14653,11584,11.28416,1C6,8,0000000000000000100000000000011010101111000101110000000000000000
22922,11585,11.284598,0AA,8,0010000101100101001000001001110000100001010000000010000001100110
36893,7712,11.286742,0BA,5,1110000000110100001110000000000011000001
28798,11589,11.293859,24,8,0000001001011101000000100000001101000010001101011000000010000111
2716,11590,11.294098,25,8,0000000001111111000000000000000101001111111101010000000011110001
36894,11555,11.294232,0BA,5,1100011000000000000000000000000010111110
22923,11591,11.294543,0AA,8,0010000101100110001000001010000000100001001111100010000001101010
19154,11592,11.295547,0B4,8,0000000000000000000000000000000010000100000001100110010110101011
32256,11594,11.298291,1C4,8,0000101000001001000110110000000000000000000000000000000011111011
31408,11596,11.300484,44D,8,0100001000000010000000000000000000000001000000000000000000000000
8461,11597,11.301101,260,8,0000000000000000000000000000000000000000000000010111011111100010
36895,3864,11.301721,0BA,5,0010100100000000000000000000010000101000
2717,11599,11.304901,25,8,0000000001111111000000000000000100101111111101010000000011010001
22924,11600,11.305518,0AA,8,0010000101100100001000001010011000100001010000000010000001101110
43676,756,11.308223,3BB,5,1010010100000000000000000000000000000000
16963,11604,11.308527,226,8,0000000000000000000100000000000000000000000000000000000000000000
36896,7730,11.309211,0BA,5,0100111100000000000000000000000000101110
11664,11606,11.312099,2C1,8,0000000000000001110111000000000111000011110000000001010001000000
28799,11608,11.313813,24,8,0000001001011101000000100000001101000010001101011000000010000111
2718,11609,11.314054,25,8,0000000001111111000000000000000100001111111101010000000010110001
14654,11610,11.314294,1C6,8,0000000000000000100000000000011010100110000101110000000000000000
22925,11611,11.314525,0AA,8,0010000101101001001000001010011100100001010000010010000001100111
19155,11612,11.315502,0B4,8,0000000000000000000000000000000010001000000001100110101110110101
36897,7734,11.316701,0BA,5,1110000000110100001110000000000011000001
32257,11615,11.318167,1C4,8,0000101000001111000110110000000000000000000000000000000000000001
548,11617,11.318516,320,8,0000000000100000000000000000000000000000000000000000000001001011
8462,11619,11.32107,260,8,0000000000000000000000000000000000000000000000011000001111101110
2719,11621,11.323829,25,8,0000000001111111000000000000000111101111111011110000000010001011
36898,11586,11.32419,0BA,5,1100011000000000000000000000000010111110
22926,11623,11.324501,0AA,8,0010000101100111001000001010010100100001010010010010000001101101
36899,3872,11.33168,0BA,5,0010100100000000000000000000011100101011
28800,11627,11.333771,24,8,0000001001011101000000100000001101000010001101001000000010000110
2720,11628,11.334011,25,8,0000000001111111000000000000000110111111111011110000000001011011
22927,11629,11.334479,0AA,8,0010000101101001001000001010001100100001010001100010000001101110
19156,11630,11.335456,0B4,8,0000000000000000000000000000000010001000000001100110101110110101
32258,11633,11.338111,1C4,8,0000101000010100000110110000000000000000000000000000000000000110
36900,7755,11.339169,0BA,5,0100111100000000000000000000000000101110
16964,11636,11.33946,226,8,0000000000000000000100000000000000000000000000000000000000000000
8463,11637,11.341011,260,8,0000000000000000000000000000000000000000000000010110000111001100
11665,11639,11.342046,2C1,8,0000000000000001111100000000000111001100110000000001010001011101
2721,11641,11.343788,25,8,0000000001111110000000000000000101111111111001100000000000010001
14655,11642,11.344026,1C6,8,0000000000000000100000000000011010011101000101110000000000000000
22928,11643,11.344457,0AA,8,0010000101101100001000001010001100100001010001010010000001110000
36901,7758,11.346659,0BA,5,1110000000110100001110000000000011000001
28801,11646,11.353728,24,8,0000001001011110000000100000001101000010001100101000000010000101
2722,11647,11.353968,25,8,0000000001111110000000000000000100111111111000010000000011001100
36902,11614,11.354148,0BA,5,1100011000000000000000000000000010111110
22929,11648,11.354404,0AA,8,0010000101101110001000001010011100100001010001000010000001111000
19157,11649,11.355412,0B4,8,0000000000000000000000000000000010001100000001100110101110111001
32259,11653,11.358017,1C4,8,0000101000011000000110110000000000000000000000000000000000001010
16390,11655,11.358457,3F9,8,0111010100011000000000100000001010000000000000000000000000010101
7796,11656,11.360356,610,8,0010000000000000000100000110010011000000000000000111001001000000
8464,11657,11.360967,260,8,0000000000000000000000000000000000000000000000010110000111001100
36903,3884,11.361638,0BA,5,0010100100000000000000000000010000101000
2723,11659,11.364763,25,8,0000000001111110000000000000000100001111111000010000000010011100
22930,11660,11.365381,0AA,8,0010000101101100001000001010010100100001010001010010000001110111
16965,11664,11.368395,226,8,0000000000000000000100000000000000000000000000000000000000000000
36904,7770,11.369127,0BA,5,0100111100000000000000000000000000101110
549,11665,11.369388,320,8,0000000000100000000000000000000000000000000000000000000001001011
11666,11666,11.372003,2C1,8,0000000000000010000001100000001000000110110000000001010010101111
28802,11668,11.373692,24,8,0000001001011110000000100000010101000010001100101000000010000111
2724,11669,11.373937,25,8,0000000001111110000000000000000111011111110111110000000001101010
14656,11671,11.374359,1C6,8,0000000000000000100000000000011010010100000101110000000000000000
22931,11672,11.374586,0AA,8,0010000101101011001000001010110100100001010011000010000001110100
19158,11673,11.37537,0B4,8,0000000000000000000000000000000010001100000001100111000010111110
36905,7775,11.376617,0BA,5,1110000000110100001110000000000011000001
32260,11676,11.377964,1C4,8,0000101000011110000110110000000000000000000000000000000000010000
8465,11679,11.380871,260,8,0000000000000000000000000000000000000000000000010110000111001100
2725,11681,11.383701,25,8,0000000001111110000000000000000110011111110101110000000000100010
36906,11644,11.384106,0BA,5,1100011000000000000000000000000010111110
22932,11682,11.384365,0AA,8,0010000101101100001000001010010100100001010001110010000001111000
35305,10321,11.384866,386,7,01010100000000000000000000000000000000000000000000000000
36907,3890,11.391596,0BA,5,0010100100000000000000000000011100101011
28803,11688,11.393638,24,8,0000001001011110000000100000010101000010001101001000000010001001
2726,11689,11.393878,25,8,0000000001111101000000000000000101001111110111010000000011010111
22933,11690,11.394346,0AA,8,0010000101110001001000001010011000100001010010100010000001110011
19159,11691,11.395325,0B4,8,0000000000000000000000000000000010001100000001100111000010111110
32261,11694,11.397924,1C4,8,0000101000100011000110110000000000000000000000000000000000010101
36908,7793,11.399086,0BA,5,0100111100000000000000000000000000101110
14055,11697,11.399242,442,8,0100001100000010000000000000000000000010000000000000000000000000
16966,11698,11.399492,226,8,0000000000000000000100000000000000000000000000000000000000000000
13903,11699,11.399741,622,8,0001001000000000000000000000000000000000000000000000000000000000
8466,11700,11.40086,260,8,0000000000000000000000000000000000000000000000010110000111001100
13353,11701,11.401011,394,3,0
11667,11702,11.40191,2C1,8,0000000000000010000101100000001001000110110000000001010011111111
2727,11704,11.403651,25,8,0000000001111101000000000000000111111111110011100000000001111000
14657,11705,11.403898,1C6,8,0000000000000000100000000000011010001100000101110000000000000000
22934,11706,11.404322,0AA,8,0010000101110011001000001010100100100001010010110010000001101110
43492,794,11.405336,423,2,11100000000
98,11708,11.406309,3B7,8,1000
36909,7797,11.406575,0BA,5,1110000000110100001110000000000011000001
28804,11711,11.413598,24,8,0000001001011110000000100000010101000010001101011000000010001010
2728,11712,11.413842,25,8,0000000001111101000000000000000110111111110100110000000000111101
36910,11675,11.414065,0BA,5,1100011000000000000000000000000010111110
22935,11713,11.414268,0AA,8,0010000101110001001000001010111100100001010010110010000001110110
19160,11714,11.415276,0B4,8,0000000000000000000000000000000010010000000001100111011011001000
550,11716,11.417282,320,8,0000000000100000000000000000000000000000000000000000000001001011
32262,11717,11.417886,1C4,8,0000101000101000000110110000000000000000000000000000000000011010
8467,11719,11.420692,260,8,0000000000000000000000000000000000000000000000010111011111100010
36911,3906,11.421554,0BA,5,0010100100000000000000000000010000101000
2729,11722,11.423623,25,8,0000000001111100000000000000000101101111110100110000000011101100
22936,11723,11.424276,0AA,8,0010000101110011001000001011000100100001010011010010000001110010
35100,11504,11.424879,3D3,3,111001010000000110001010
16967,11727,11.427256,226,8,0000000000000001000100000000000000000000000000000000000000000000
36912,7815,11.429044,0BA,5,0100111100000000000000000000000000101110
11001,11729,11.429176,620,8,0001000000000000000000000000000000000000000000000000000000000000
11668,11730,11.431836,2C1,8,0000000000000010001000110000001001100000110000000001010000100110
31641,11731,11.432646,389,8,0000000000100000000000000000000000000000000000000000000000000000
28805,11733,11.43355,24,8,0000001001011101000000100000010101000010001101011000000010001001
2730,11734,11.43379,25,8,0000000001111100000000000000000100011111110011100000000010010111
14658,11735,11.43403,1C6,8,0000000000000000100000000000011010000110000101110000000000000000
22937,11736,11.43426,0AA,8,0010000101111001001000001011000100100001010011100010000001110111
19161,11737,11.43523,0B4,8,0000000000000000000000000000000010010000000001100111011011001000
36913,7818,11.436533,0BA,5,1110000000110100001110000000000011000001
32263,11740,11.437832,1C4,8,0000101000110111000110110000000000000000000000000000000000101001
8468,11743,11.440663,260,8,0000000000000000000000000000000000000000000000010111011111100010
2731,11745,11.443558,25,8,0000000001111100000000000000000110111111110001000000000000101101
36914,11707,11.444023,0BA,5,1100011000000000000000000000000010111110
22938,11746,11.44424,0AA,8,0010000101111100001000001011010000100001010100000010000010000000
36915,3914,11.451512,0BA,5,0010100100000000000000000000011100101011
13648,11748,11.451703,4B7,8,1110001101011111001000001111000000000000111010100000000100001000
2732,11751,11.453528,25,8,0000000001111011000000000000000101011111110011100000000011010110
28806,11752,11.453762,24,8,0000001001011101000000100000100001000010001101001000000010001011
22939,11753,11.454214,0AA,8,0010000110000001001000001011010100100001010100000010000001111011
19162,11754,11.455186,0B4,8,0000000000000000000000000000000010010100000001100111101111010001
32264,11759,11.45779,1C4,8,0000101000111101000110110000000000000000000000000000000000101111
36916,7830,11.459002,0BA,5,0100111100000000000000000000000000101110
16968,11762,11.459186,226,8,0000000000000000000100000000000000000000000000000000000000000000
8469,11763,11.4606,260,8,0000000000000000000000000000000000000000000000011000001111101110
11669,11764,11.461858,2C1,8,0000000000000010001100110000001001111100110000000001010101010011
2733,11766,11.463508,25,8,0000000001111011000000000000000100001111110011100000000010000110
14659,11767,11.463767,1C6,8,0000000000000000100000000000011010000000000101110000000000000000
22940,11768,11.464193,0AA,8,0010000101111111001000001011011100100001010010110010000001111111
551,11770,11.466171,320,8,0000000000100000000000000000000000000000000000000000000001001011
36917,7833,11.466491,0BA,5,1110000000110100001110000000000011000001
28807,11773,11.473495,24,8,0000001001011101000000100000100001000010001101011000000010001100
2734,11774,11.473735,25,8,0000000001111011000000000000000110111111110011100000000000110110
36918,11739,11.473981,0BA,5,1100011000000000000000000000000010111110
22941,11775,11.474134,0AA,8,0010000101111111001000001011101000100001010010100010000010000111
19163,11776,11.475142,0B4,8,0000000000000000000000000000000010010100000001100111101111010001
32265,11779,11.477752,1C4,8,0000101001000101000110110000000000000000000000000000000000110111
8470,11781,11.480382,260,8,0000000000000000000000000000000000000000000000011000001111101110
36919,3922,11.481471,0BA,5,0010100100000000000000000000010000101000
2735,11783,11.483465,25,8,0000000001111010000000000000000101001111110001000000000010111011
22942,11784,11.484142,0AA,8,0010000110000000001000001011101100100001010011010010000010000111
16969,11788,11.487128,226,8,0000000000000000000100000000000000000000000000000000000000000000
36920,7853,11.48896,0BA,5,0100111100000000000000000000000000101110
11670,11790,11.491697,2C1,8,0000000000000010010001100000001001111001110000000001011101100101
272,11791,11.492513,38F,8,0000000100000000000000000000000000000000000000000000000000000000
28808,11793,11.493425,24,8,0000001001011100000000100000011001000010001101001000000010001000
2736,11794,11.493665,25,8,0000000001111010000000000000000111101111110001000000000001011011
14660,11795,11.493905,1C6,8,0000000000000000100000000000011001110110000101110000000000000000
22943,11796,11.494131,0AA,8,0010000110000111001000001011101100100001010011100010000010001000
19164,11797,11.495102,0B4,8,0000000000000000000000000000000010011000000001101000000111011011
36921,7856,11.49645,0BA,5,1110000000110100001110000000000011000001
13588,11800,11.497398,4DD,8,0001111000000000000000000000000000000000000000000000000000000000
21630,11801,11.497638,443,8,0100110100000010000000000010111100000110000000000000000000000000
32266,11802,11.497878,1C4,8,0000101001001100000110110000000000000000000000000000000000111110
8471,11804,11.500307,260,8,0000000000000000000000000000000000000000000000011000001111101110
2737,11806,11.503427,25,8,0000000001111010000000000000000110011111110011100000000000010101
36922,11769,11.503939,0BA,5,1100011000000000000000000000000010111110
22944,11807,11.504099,0AA,8,0010000110000110001000001011111000100001010100010010000010001011
36923,3931,11.511429,0BA,5,0010100100000000000000000000011100101011
28809,11810,11.513375,24,8,0000001001011011000000100000101001000010001101001000000010001011
2738,11811,11.513614,25,8,0000000001111001000000000000000100101111110001000000000010011010
22945,11812,11.514077,0AA,8,0010000110001010001000001011111000100001010011110010000010010000
19165,11814,11.515057,0B4,8,0000000000000000000000000000000010011000000001101000011111100001
32267,11818,11.51766,1C4,8,0000101001010010000110110000000000000000000000000000000001000100
36924,7876,11.518918,0BA,5,0100111100000000000000000000000000101110
16970,11821,11.519051,226,8,0000000000000000000100000000000000000000000000000000000000000000
552,11822,11.520043,320,8,0000000000100000000000000000000000000000000000000000000001001011
8472,11823,11.520291,260,8,0000000000000000000000000000000000000000000000011000001111101110
11671,11825,11.521645,2C1,8,0000000000000010010101100000001001110011110000000001011101101111
34705,11826,11.521953,380,8,0
14661,11827,11.523631,1C6,8,0000000000000000000000000000011001101010000101110000000000000000
2739,11829,11.524401,25,8,0000000001111001000000000000000111001111110010100000000001000000
22946,11830,11.525024,0AA,8,0010000110000000001000001100000000100001010110000010000010010100
36925,7879,11.526408,0BA,5,1110000000110100001110000000000011000001
31250,11833,11.527898,4A6,8,0000000000000000000000000000000000000000000010100000000000000000
28810,11835,11.533336,24,8,0000001001011011000000100000101001000010001101011000000010001100
2740,11836,11.533572,25,8,0000000001111000000000000000000101101111110010010000000011011110
36926,11799,11.533897,0BA,5,1100011000000000000000000000000010111110
22947,11837,11.533998,0AA,8,0010000110001010001000001100011000100001010110100010000010010110
19166,11838,11.535009,0B4,8,0000000000000000000000000000000010011100000001101000011111100101
32268,11841,11.537712,1C4,8,0000101001010111000110110000000000000000000000000000000001001001
8473,11843,11.540286,260,8,0000000000000000000000000000000000000000000000011000001111101110
36927,3945,11.541387,0BA,5,0010100100000000000000000000010000101000
2741,11845,11.54333,25,8,0000000001111000000000000000000100001111110001000000000001111001
22948,11846,11.544007,0AA,8,0010000110001011001000001100100100100001010110100010000010010111
16971,11850,11.54699,226,8,0000000000000000000100000000000000000000000000000000000000000000
36928,7893,11.548876,0BA,5,0100111100000000000000000000000000101110
11672,11851,11.551573,2C1,8,0000000000000010011001100000001001111001110000000001011110000101
28811,11853,11.553287,24,8,0000001001011010000000100000101001000010001101011000000010001011
2742,11854,11.553526,25,8,0000000001111000000000000000000110101111110001000000000000011001
14662,11855,11.553769,1C6,8,0000000000000000000000000000011001100000000101110000000000000000
22949,11856,11.553997,0AA,8,0010000110001110001000001100100100100001011000000010000010011100
19167,11858,11.554959,0B4,8,0000000000000000000000000000000010011100000001101000110011101010
36929,7896,11.556366,0BA,5,1110000000110100001110000000000011000001
32269,11861,11.557571,1C4,8,0000101001011001000110110000000000000000000000000000000001001011
8474,11863,11.560173,260,8,0000000000000000000000000000000000000000000000010101011011000001
2743,11865,11.563287,25,8,0000000001110111000000000000000100111111110001000000000010101000
36930,11831,11.563855,0BA,5,1100011000000000000000000000000010111110
22950,11866,11.56396,0AA,8,0010000110001011001000001100101000100001011000000010000010100001
27998,11867,11.564421,6C0,8,1110010000000000000000001110000010000000000000000000000000000000
553,11868,11.564946,320,8,0000000000100000000000000000000000000000000000000000000001001011
36931,3950,11.571345,0BA,5,0010100100000000000000000000011100101011
28812,11871,11.573251,24,8,0000001001011001000000100000110101000010001101011000000010001101
2744,11872,11.573494,25,8,0000000001110111000000000000000111101111110011100000000001100010
22951,11873,11.573939,0AA,8,0010000110001111001000001101001100100001011000110010000010100000
19168,11874,11.574952,0B4,8,0000000000000000000000000000000010100000000001101000110011101110
32270,11877,11.577527,1C4,8,0000101001011010000110110000000000000000000000000000000001001100
36932,7917,11.578835,0BA,5,0100111100000000000000000000000000101110
16972,11880,11.578919,226,8,0000000000000000000100000000000000000000000000000000000000000000
8475,11883,11.58012,260,8,0000000000000000000000000000000000000000000000010110110011010111
11673,11885,11.581595,2C1,8,0000000000000010011100110000001010110000110000000001011111001001
2745,11887,11.58324,25,8,0000000001110110000000000000000101101111101110100000000011001101
14663,11888,11.583502,1C6,8,0000000000000000000000000000011001010110000101110000000000000000
22952,11889,11.583918,0AA,8,0010000110010001001000001101010100100001011001110010000010100111
36933,7919,11.586324,0BA,5,1110000000110100001110000000000011000001
28813,11893,11.593202,24,8,0000001001011001000000100000110101000010001101011000000010001101
2746,11894,11.593443,25,8,0000000001110110000000000000000100001111110001000000000001110111
36934,11860,11.593814,0BA,5,1100011000000000000000000000000010111110
22953,11895,11.593864,0AA,8,0010000110010110001000001101100000100001011010100010000010100011
19169,11896,11.594875,0B4,8,0000000000000000000000000000000010100000000001101001001011110100
32271,11898,11.597515,1C4,8,0000101001011100000110110000000000000000000000000000000001001110
31409,11900,11.59932,44D,8,0100001000000010000000000000000000000001000000000000000000000000
8476,11901,11.600023,260,8,0000000000000000000000000000000000000000000000010111011111100010
36935,3967,11.601303,0BA,5,0010100100000000000000000000010000101000
2747,11904,11.603216,25,8,0000000001110110000000000000000110101111110001000000000000010111
22954,11905,11.603873,0AA,8,0010000110011000001000001101100000100001011011110010000010100100
43677,12708,11.605808,3BB,5,0111000000000000000000001010000000000000
16973,11909,11.606858,226,8,0000000000000000000100000000000000000000000000000000000000000000
16391,11910,11.607495,3F9,8,0111010100011000000000100000001010000000000000000000000000010101
36936,7938,11.608793,0BA,5,0100111100000000000000000000000000101110
11674,11911,11.611444,2C1,8,0000000000000010100000000000001011000110110000000001011111101100
28814,11913,11.613159,24,8,0000001001011001000000100000110101000010001101111000000010001111
2748,11914,11.613395,25,8,0000000001110101000000000000000100101111101110100000000010001100
14664,11915,11.613636,1C6,8,0000000000000000000000000000011001001010000101110000000000000000
22955,11916,11.613863,0AA,8,0010000110010101001000001101100100100001011011110010000010101000
19170,11917,11.614827,0B4,8,0000000000000000000000000000000010100100000001101001100011111110
36937,7941,11.616282,0BA,5,1110000000110100001110000000000011000001
32272,11920,11.617437,1C4,8,0000101001011110000110110000000000000000000000000000000001010000
554,11922,11.617844,320,8,0000000000100000000000000000000000000000000000000000000001001011
14227,11923,11.618821,60.0,8,1010000100000000000000000000000000000000011100000000000000000000
8477,11925,11.620003,260,8,0000000000000000000000000000000000000000000000010101011011000001
2749,11927,11.623149,25,8,0000000001110101000000000000000110111111101110100000000000011100
36938,11890,11.623772,0BA,5,1100011000000000000000000000000010111110
22956,11928,11.623824,0AA,8,0010000110011001001000001101101000100001011011010010000010101100
16291,11930,11.626725,4C1,8,0000000100000000000000010000000100000000000000000000000000000000
36939,3972,11.631261,0BA,5,0010100100000000000000000000011100101011
28815,11932,11.633116,24,8,0000001001011001000000100000110101000010001101111000000010001111
2750,11933,11.633355,25,8,0000000001110100000000000000000101001111110001000000000010110101
22957,11934,11.633773,0AA,8,0010000110011110001000001101111100100001011110100010000010101001
19171,11935,11.634784,0B4,8,0000000000000000000000000000000010100100000001101001110100000011
7724,11939,11.637203,435,8,1000000000000101000001011111111111100000001111110000000000000011
32273,11940,11.63744,1C4,8,0000101001100001000110110000000000000000000000000000000001010011
36940,7954,11.638751,0BA,5,0100111100000000000000000000000000101110
16974,11943,11.638783,226,8,0000000000000000000100000000000000000000000000000000000000000000
8478,11944,11.639896,260,8,0000000000000000000000000000000000000000000000010110000111001100
11675,11945,11.641385,2C1,8,0000000000000010100011000000001011100110110000000001011100011000
2751,11947,11.643111,25,8,0000000001110100000000000000000111011111101110100000000000111011
14665,11948,11.64337,1C6,8,0000000000000000000000000000011000111110000101110000000000000000
22958,11949,11.643783,0AA,8,0010000110011111001000001110000000100001011110110010000010110000
10914,11951,11.644222,436,8,0
36941,7958,11.64624,0BA,5,1110000000110100001110000000000011000001
2752,11956,11.653083,25,8,0000000001110011000000000000000101011111101110100000000010111010
28816,11957,11.653318,24,8,0000001001011001000000100000110101000010001101001000000010001100
36942,11919,11.65373,0BA,5,1100011000000000000000000000000010111110
22959,11958,11.653759,0AA,8,0010000110011110001000001110000000100001011110110010000010110000
19172,11959,11.654739,0B4,8,0000000000000000000000000000000010101000000001101010001100001101
32274,11961,11.657386,1C4,8,0000101001100111000110110000000000000000000000000000000001011001
8479,11963,11.659755,260,8,0000000000000000000000000000000000000000000000010110000111001100
36943,3984,11.66122,0BA,5,0010100100000000000000000000010000101000
2753,11965,11.664084,25,8,0000000001110011000000000000000111011111101110000000000000111000
22960,11967,11.664787,0AA,8,0010000110100000001000001110010000100001011110110010000010110101
16975,11970,11.667717,226,8,0000000000000000000100000000000000000000000000000000000000000000
36944,7975,11.668709,0BA,5,0100111100000000000000000000000000101110
555,11972,11.668712,320,8,0000000000100000000000000000000000000000000000000000000001001011
11676,11973,11.671304,2C1,8,0000000000000010100110010000001011101100110000000001011100101011
13780,11974,11.672116,434,8,0100001000000000000000000000000000000000000000000000000000000000
28817,11976,11.67306,24,8,0000001001011001000000100000110101000010001100101000000010001010
2754,11977,11.673302,25,8,0000000001110010000000000000000101101111101111100000000011001101
14666,11978,11.673543,1C6,8,0000000000000000000000000000011000110101000101110000000000000000
22961,11979,11.673775,0AA,8,0010000110011111001000001110011100100001100000010010000010111001
19173,11980,11.674691,0B4,8,0000000000000000000000000000000010101000000001101010001100001101
36945,7977,11.676199,0BA,5,1110000000110100001110000000000011000001
32275,11983,11.677308,1C4,8,0000101001101111000110110000000000000000000000000000000001100001
34835,11986,11.677903,3C3,8,0100011000011110100100110100111011101110010110010000001110001000
28171,11987,11.679104,437,8,1111110011111111111111111111111111111111111111111111111111111111
8480,11988,11.679705,260,8,0000000000000000000000000000000000000000000000010110000111001100
2755,11990,11.683025,25,8,0000000001110010000000000000000111101111101100000000000000111111
36946,11952,11.683688,0BA,5,1100011000000000000000000000000010111110
22962,11991,11.683691,0AA,8,0010000110100011001000001110111100100001100010010010000010110110
35101,1461,11.684536,3D3,3,011011000001001000000000
36947,3995,11.691178,0BA,5,0010100100000000000000000000011100101011
28818,11994,11.692985,24,8,0000001001011001000000100000110101000010001100001000000010001000
2756,11995,11.693222,25,8,0000000001110001000000000000000101101111101110100000000011001000
22963,11996,11.693669,0AA,8,0010000110100101001000001111001000100001100001010010000010111000
19174,11997,11.694648,0B4,8,0000000000000000000000000000000010101100000001101010100000010110
32276,12000,11.697262,1C4,8,0000101001110111000110110000000000000000000000000000000001101001
14056,12003,11.698428,442,8,0100001100000010000000000000000000000010000000000000000000000000
36948,7996,11.698667,0BA,5,0100111100000000000000000000000000101110
16976,12004,11.698674,226,8,0000000000000000000100000000000000000000000000000000000000000000
8481,12005,11.699546,260,8,0000000000000000000000000000000000000000000000010101011011000001
13354,12006,11.699713,394,3,0
11677,12008,11.701252,2C1,8,0000000000000010101001100000001011110110110000000001011101000010
2757,12010,11.702973,25,8,0000000001110001000000000000000111111111101110100000000001011000
14667,12011,11.703243,1C6,8,0000000000000000000000000000011000101100000101110000000000000000
22964,12012,11.703655,0AA,8,0010000110101001001000001111000000100001100000100010000010111110
99,12014,11.705634,3B7,8,1000
36949,7999,11.706157,0BA,5,1110000000110100001110000000000011000001
28819,12019,11.712941,24,8,0000001001011000000000100000110101000010001011111000000010000110
2758,12020,11.713181,25,8,0000000001110000000000000000000101101111101100000000000010111101
22965,12021,11.713601,0AA,8,0010000110101100001000001110111100100001100000100010000011000001
36950,11982,11.713646,0BA,5,1100011000000000000000000000000010111110
19175,12022,11.714604,0B4,8,0000000000000000000000000000000010101100000001101010111000011100
556,12024,11.716606,320,8,0000000000100000000000000000000000000000000000000000000001001011
32277,12025,11.717223,1C4,8,0000101001111111000110110000000000000000000000000000000001110001
8482,12028,11.719582,260,8,0000000000000000000000000000000000000000000000010101011011000001
36951,4008,11.721136,0BA,5,0010100100000000000000000000010000101000
2759,12030,11.723954,25,8,0000000001110000000000000000000111101111101110000000000001000101
22966,12032,11.724614,0AA,8,0010000110101100001000001111001100100001100010110010000011000010
16977,12036,11.727582,226,8,0000000000000000000100000000000000000000000000000000000000000000
11002,12037,11.728358,620,8,0001000000000000000000000000000000000000000000000000000000000000
36952,8013,11.728625,0BA,5,0100111100000000000000000000000000101110
11678,12039,11.731175,2C1,8,0000000000000010101100110000001100000000110000000001011101011010
28820,12041,11.732897,24,8,0000001001011000000000100000110101000010001011111000000010000110
2760,12042,11.733138,25,8,0000000001101111000000000000000101101111101100110000000010111111
14668,12043,11.733377,1C6,8,0000000000000000000000000000011000100011000101110000000000000000
22967,12044,11.733611,0AA,8,0010000110101100001000001111010000100001100011010010000011000101
19176,12046,11.734558,0B4,8,0000000000000000000000000000000010110000000001101011010000100110
36953,8016,11.736115,0BA,5,1110000000110100001110000000000011000001
32278,12049,11.737172,1C4,8,0000101010000111000110110000000000000000000000000000000001111001
8483,12051,11.739378,260,8,0000000000000000000000000000000000000000000000010110000111001100
43493,3060,11.740787,423,2,10101000000111
2761,12053,11.742892,25,8,0000000001101111000000000000000111111111101110100000000001010110
22968,12054,11.743557,0AA,8,0010000110101111001000001111100000100001100001110010000011000111
36954,12013,11.743605,0BA,5,1100011000000000000000000000000010111110
36955,4013,11.751094,0BA,5,0010100100000000000000000000011100101011
28821,12057,11.752854,24,8,0000001001011000000000100000111101000010001011111000000010001000
2762,12058,11.753094,25,8,0000000001101110000000000000000101101111101100000000000010111011
22969,12059,11.753509,0AA,8,0010000110110011001000001111101000100001100010110010000011010011
19177,12060,11.754514,0B4,8,0000000000000000000000000000000010110000000001101011010000100110
32279,12063,11.757135,1C4,8,0000101010001110000110110000000000000000000000000000000010000000
16978,12066,11.758512,226,8,0000000000000000000100000000000000000000000000000000000000000000
36956,8035,11.758584,0BA,5,0100111100000000000000000000000000101110
8484,12067,11.759292,260,8,0000000000000000000000000000000000000000000000010100101110110110
11679,12068,11.761122,2C1,8,0000000000000010101111000000001100000000110000000001011101100011
2763,12070,11.762839,25,8,0000000001101110000000000000000111111111101110100000000001010101
14669,12071,11.763107,1C6,8,0000000000000000000000000000011000011010000101110000000000000000
22970,12072,11.76351,0AA,8,0010000110110100001000010000000100100001100011110010000011010011
557,12074,11.765496,320,8,0000000000100000000000000000000000000000000000000000000001001011
36957,8038,11.766073,0BA,5,1110000000110100001110000000000011000001
28822,12077,11.772821,24,8,0000001001010111000000100000111101000010001011111000000010000111
2764,12078,11.773061,25,8,0000000001101101000000000000000101101111101100000000000010111010
22971,12079,11.773466,0AA,8,0010000110110111001000001111101100100001100100000010000011010010
36958,12048,11.773563,0BA,5,1100011000000000000000000000000010111110
19178,12081,11.774474,0B4,8,0000000000000000000000000000000010110100000001101011100100101111
32280,12085,11.77709,1C4,8,0000101010010110000110110000000000000000000000000000000010001000
8485,12088,11.77934,260,8,0000000000000000000000000000000000000000000000010011010010011111
36959,4026,11.781052,0BA,5,0010100100000000000000000000010000101000
13969,12089,11.781881,38E,8,0
2765,12092,11.782932,25,8,0000000001101101000000000000000111111111101110100000000001010100
22972,12093,11.783469,0AA,8,0010000110111000001000010000001100100001100101010010000011010101
16979,12097,11.786456,226,8,0000000000000000000100000000000000000000000000000000000000000000
36960,8058,11.788542,0BA,5,0100111100000000000000000000000000101110
11680,12098,11.791044,2C1,8,0000000000000010110001100000001100001100110000000001011101111001
2766,12100,11.79277,25,8,0000000001101100000000000000000101101111101100000000000010111001
28823,12101,11.793004,24,8,0000001001010110000000100000110101000010001011111000000010000100
14670,12102,11.793246,1C6,8,0000000000000000000000000000011000010010000101110000000000000000
22973,12103,11.793473,0AA,8,0010000110111000001000010000100100100001100100010010000011010111
19179,12104,11.794433,0B4,8,0000000000000000000000000000000010110100000001101011111100110101
36961,8061,11.796031,0BA,5,1110000000110100010001000000000011001101
21631,12107,11.796832,443,8,0100110100000010000000000010111100000110000000000000000000000000
32281,12108,11.797073,1C4,8,0000101010011110000110110000000000000000000000000000000010010000
8486,12111,11.799289,260,8,0000000000000000000000000000000000000000000000010100000010101011
2767,12113,11.802756,25,8,0000000001101100000000000000000111111111101110100000000001010011
22974,12114,11.803422,0AA,8,0010000110111011001000010000101100100001100110010010000011011010
36962,12073,11.803521,0BA,5,1100011000000000000000000000000010111110
36963,4035,11.81101,0BA,5,0010100100000000000000000000011100101011
2768,12116,11.812726,25,8,0000000001101011000000000000000101111111101110100000000011010010
28824,12117,11.812965,24,8,0000001001010101000000100000111101000010001011111000000010000101
22975,12118,11.813406,0AA,8,0010000111000001001000010000101100100001100101010010000011011010
19180,12119,11.814389,0B4,8,0000000000000000000000000000000010111000000001101100010100111111
32282,12123,11.817009,1C4,8,0000101010100101000110110000000000000000000000000000000010010111
16980,12126,11.818385,226,8,0000000000000000000100000000000000000000000000000000000000000000
36964,8074,11.8185,0BA,5,0100111100000000000000000000000000101110
8487,12127,11.819205,260,8,0000000000000000000000000000000000000000000000010100000010101011
558,12128,11.819451,320,8,0000000000100000000000000000000000000000000000000000000001001011
11681,12129,11.820996,2C1,8,0000000000000010110010010000001100011001110000000001011110001001
2769,12131,11.822712,25,8,0000000001101011000000000000000111111111101100000000000001001000
14671,12132,11.822984,1C6,8,0000000000000000000000000000011000001100000101110000000000000000
22976,12133,11.82338,0AA,8,0010000111000110001000010000110100100001100101000010000011011000
36965,8077,11.82599,0BA,5,1110000000110100001110000000000011000001
28825,12138,11.832682,24,8,0000001001010100000000100001000101000010001011111000000010000110
2770,12139,11.83292,25,8,0000000001101010000000000000000101111111101110100000000011010001
22977,12140,11.833332,0AA,8,0010000111001100001000010001001000100001100110110010000011100010
36966,12106,11.833479,0BA,5,1100011000000000000000000000000010111110
19181,12141,11.834342,0B4,8,0000000000000000000000000000000010111000000001101100101001000100
32283,12143,11.837266,1C4,8,0000101010101110000110110000000000000000000000000000000010100000
8488,12147,11.839108,260,8,0000000000000000000000000000000000000000000000010010100010010011
36967,4046,11.840969,0BA,5,0010100100000000000000000000010000101000
13841,12148,11.841625,4C6,8,0000011100000000000000110000000000000000000000000000000000000000
13714,12149,11.84187,3A5,8,100000000
2771,12151,11.842668,25,8,0000000001101010000000000000000111101111101001100000000000101101
22978,12152,11.843338,0AA,8,0010000111001100001000010001010000100001100110110010000011100110
16981,12156,11.846322,226,8,0000000000000001000100000000000000000000000000000000000000000000
36968,8098,11.848458,0BA,5,0100111100000000000000000000000000101110
11682,12158,11.850922,2C1,8,0000000000000010110101100000001100101100110000000001011110101001
2772,12160,11.85267,25,8,0000000001101001000000000000000101101111101110100000000011000000
28826,12161,11.852903,24,8,0000001001010011000000100001000101000010001011111000000010000101
14672,12162,11.853151,1C6,8,0000000000000000000000000000011000000110000101110000000000000000
22979,12163,11.853375,0AA,8,0010000111001001001000010001011100100001100111000010000011100110
19182,12164,11.854302,0B4,8,0000000000000000000000000000000010111100000001101101000001001110
36969,8102,11.855948,0BA,5,1110000000110100001110000000000011000001
32284,12167,11.856924,1C4,8,0000101010110101000110110000000000000000000000000000000010100111
16392,12169,11.857324,3F9,8,0111010100011000000000100000001010000000000000000000000000010101
8489,12170,11.859037,260,8,0000000000000000000000000000000000000000000000010100000010101011
7797,12171,11.860001,610,8,0010000010000000000100010110010011000000000000000111000101000000
27999,12172,11.863288,6C0,8,1110010000000000000000001110000010000000000000000000000000000000
36970,12134,11.863437,0BA,5,1100011000000000000000000000000010111110
2773,12174,11.863868,25,8,0000000001101001000000000000000111001111101001100000000000001100
22980,12175,11.864272,0AA,8,0010000111001100001000010001101000100001100111110010000011110001
559,12177,11.865285,320,8,0000000000100000000000000000000000000000000000000000000001001011
36971,4058,11.870927,0BA,5,0010100100000000000000000000011100101011
35008,12178,11.87169,413,8,0000000100000001000000010000100100000000000000000000000000000000
31322,12179,11.871968,640,8,1010100000000000000000000011011100000001110111010000000000000000
2774,12181,11.872597,25,8,0000000001101000000000000000000101001111101100110000000010011000
28827,12182,11.872831,24,8,0000001001010011000000100001001101000010001011111000000010000111
22981,12183,11.873275,0AA,8,0010000111001101001000010001110100100001101000010010000011110001
19183,12184,11.874257,0B4,8,0000000000000000000000000000000010111100000001101101010101010011
32285,12187,11.876884,1C4,8,0000101011000011000110110000000000000000000000000000000010110101
16982,12190,11.878257,226,8,0000000000000000000100000000000000000000000000000000000000000000
36972,8120,11.878416,0BA,5,0100111100000000000000000000000000101110
8490,12191,11.878945,260,8,0000000000000000000000000000000000000000000000010001110010000111
11683,12194,11.881023,2C1,8,0000000000000010110110010000001100111001110000000001011110111001
2775,12196,11.882581,25,8,0000000001101000000000000000000111001111101100000000000000010101
14673,12197,11.88286,1C6,8,0000000000000000000000000000010111111111000101110000000000000000
22982,12198,11.883256,0AA,8,0010000111010101001000010010001000100001101010000010000011110001
36973,8123,11.885906,0BA,5,1110000000110100001110000000000011000001
28828,12201,11.89256,24,8,0000001001010001000000100001001101000010001011011000000010000011
2776,12202,11.892801,25,8,0000000001100111000000000000000100111111101100000000000010000100
22983,12203,11.893206,0AA,8,0010000111010100001000010010001000100001101010010010000011111010
36974,12166,11.893395,0BA,5,1100011000000000000000000000000010111110
19184,12204,11.894216,0B4,8,0000000000000000000000000000000011000000000001101101101101011101
32286,12206,11.89684,1C4,8,0000101011001000000110110000000000000000000000000000000010111010
31410,12209,11.898133,44D,8,0100001000000010000000000000000000000001000000000000000000000000
8491,12210,11.898952,260,8,0000000000000000000000000000000000000000000000010001110010000111
36975,4070,11.900885,0BA,5,0010100100000000000000000000010000101000
2777,12212,11.902535,25,8,0000000001100111000000000000000110101111101001100000000011101010
22984,12214,11.903212,0AA,8,0010000111010011001000010010001100100001101100000010000011111110
43678,404,11.903393,3BB,5,1011101100000000000000000000000000100110
16983,12219,11.906196,226,8,0000000000000000000100000000000000000000000000000000000000000000
36976,8135,11.908374,0BA,5,0100111100000000000000000000000000101110
11684,12220,11.910799,2C1,8,0000000000000010111001100000001100110110110000000001011111000011
28829,12222,11.912515,24,8,0000001001010001000000100001001101000010001011011000000010000011
2778,12223,11.912754,25,8,0000000001100110000000000000000100001111101001100000000001001001
14674,12224,11.912996,1C6,8,0000000000000000000000000000010111110110000101110000000000000000
22985,12225,11.913219,0AA,8,0010000111010111001000010010100100100001101100100010000100000011
19185,12227,11.914174,0B4,8,0000000000000000000000000000000011000000000001101110000101100011
36977,8139,11.915864,0BA,5,1110000000110100001110000000000011000001
32287,12230,11.916805,1C4,8,0000101011001110000110110000000000000000000000000000000011000000
560,12232,11.917212,320,8,0000000000100000000000000000000000000000000000000000000001001011
8492,12233,11.918794,260,8,0000000000000000000000000000000000000000000000010001000001111011
2779,12235,11.922499,25,8,0000000001100101000000000000000101011111100111000000000010001110
22986,12236,11.923168,0AA,8,0010000111011110001000010010111100100001101100010010000100000100
36978,12199,11.923354,0BA,5,1100011000000000000000000000000010111110
36979,4075,11.930843,0BA,5,0010100100000000000000000000011100101011
2780,12240,11.932476,25,8,0000000001100101000000000000000111001111101001100000000000001000
28830,12241,11.93271,24,8,0000001001010000000000100001000101000010001011011000000010000000
22987,12242,11.933145,0AA,8,0010000111100001001000010011001100100001101101000010000100001001
19186,12243,11.934132,0B4,8,0000000000000000000000000000000011000100000001101110011001101100
32288,12246,11.936759,1C4,8,0000101011010101000110110000000000000000000000000000000011000111
16984,12249,11.93813,226,8,0000000000000000000100000000000000000000000000000000000000000000
36980,8157,11.938333,0BA,5,0100111100000000000000000000000000101110
8493,12250,11.938711,260,8,0000000000000000000000000000000000000000000000010001000001111011
11685,12251,11.940747,2C1,8,0000000000000010111010010000001101001100110000000001011111011100
2781,12253,11.94245,25,8,0000000001100100000000000000000100011111100111000000000001001101
14675,12254,11.942732,1C6,8,0000000000000000000000000000010111101101000101100000000000000000
22988,12255,11.943125,0AA,8,0010000111100000001000010011100100100001101110100010000100010010
35102,12035,11.944192,3D3,3,111001010000001000010100
36981,8159,11.945822,0BA,5,1110000000110100000111000000000010100101
28831,12259,11.952437,24,8,0000001001010000000000100001001101000010001010111000000010000000
2782,12260,11.952677,25,8,0000000001100011000000000000000101101111100111000000000010011100
22989,12261,11.953073,0AA,8,0010000111011101001000010011110000100001101111000010000100010011
36982,12229,11.953312,0BA,5,1100011000000000000000000000000010111110
19187,12262,11.954084,0B4,8,0000000000000000000000000000000011000100000001101110011001101100
27810,12264,11.956089,420,8,0000000000000000000000000000000011111111000000001000000010101011
32289,12266,11.956714,1C4,8,0000101011011001000110110000000000000000000000000000000011001011
8494,12268,11.958544,260,8,0000000000000000000000000000000000000000000000001111100001100010
36983,4089,11.960801,0BA,5,0010100100000000000000000000010000101000
2783,12270,11.962413,25,8,0000000001100011000000000000000111001111100111000000000011111100
22990,12272,11.963079,0AA,8,0010000111100000001000010011110000100001101110110010000100010101
16985,12276,11.966067,226,8,0000000000000000000100000000000000000000000000000000000000000000
561,12277,11.967063,320,8,0000000000100000000000000000000000000000000000000000000001001011
36984,8177,11.968291,0BA,5,0100111100000000000000000000000000101110
11686,12280,11.970672,2C1,8,0000000000000010111101100000001101100110110000000001011100000011
2784,12282,11.972391,25,8,0000000001100010000000000000000100001111100100100000000000110001
28832,12283,11.972624,24,8,0000001001001111000000100001001101000010001010011000000001111101
14676,12284,11.972865,1C6,8,0000000000000000000000000000010111100111000101110000000000000000
22991,12285,11.973093,0AA,8,0010000111100110001000010011110000100001101110110010000100011001
19188,12286,11.974041,0B4,8,0000000000000000000000000000000011001000000001101110110001110110
36985,8181,11.97578,0BA,5,1110000000110011110100000000000001011000
7604,12289,11.976223,3BC,8,0
32290,12290,11.976671,1C4,8,0000101011011110000110110000000000000000000000000000000011010000
8495,12293,11.978457,260,8,0000000000000000000000000000000000000000000000001110110101010111
2785,12296,11.982371,25,8,0000000001100001000000000000000101001111100100100000000001110000
22992,12297,11.983038,0AA,8,0010000111101011001000010100000100100001110010100010000100011001
36986,12256,11.98327,0BA,5,1100011000000000000000000000000010111110
35306,10355,11.984069,386,7,11011011000000000000000000000000000001100000000000000011
43410,10384,11.984092,3000000.0,6,101011000000000000000000000000000000000000000000
36987,4098,11.990759,0BA,5,0010100100000000000000000000011100101011
28833,12299,11.992348,24,8,0000001001001110000000100001000101000010001010011000000001111010
2786,12300,11.99259,25,8,0000000001100000000000000000000101111111100010000000000010010101
22993,12301,11.992998,0AA,8,0010000111101010001000010100000100100001110010000010000100011101
11236,12302,11.993466,4C8,8,0000100100000000000000000000000000000000000000000000000000000000
19189,12303,11.994003,0B4,8,0000000000000000000000000000000011001000000001101111001001111100
32291,12307,11.996637,1C4,8,0000101011100100000110110000000000000000000000000000000011010110
14057,12310,11.997634,442,8,0100001100000010000000000000000000000010000000000000000000000000
16986,12311,11.997996,226,8,0000000000000000000100000000000000000000000000000000000000000000
36988,8196,11.998249,0BA,5,0100111100000000000000000000000000101110
8496,12312,11.998448,260,8,0000000000000000000000000000000000000000000000001101010100111111
13355,12313,11.9986,394,3,0
11687,12314,12.000619,2C1,8,0000000000000011000000110000001101110011110000000001011100011110
27871,12315,12.000931,4DC,8,0001110100000000000000000000000000000000000000000000000000000000
14677,12316,12.00262,1C6,8,0000000000000000000000000000010111100001000101110000000000000000
2787,12318,12.00335,25,8,0000000001100000000000000000000110101111100010100000000011000111
22994,12319,12.003966,0AA,8,0010000111101010001000010100001000100001110010100010000100011111
36989,8200,12.005739,0BA,5,1110000000110011100100000000000000011000
100,12321,12.005985,3B7,8,1000
2788,12324,12.012309,25,8,0000000001011111000000000000000111111111100100010000000000011101
28834,12325,12.012541,24,8,0000001001001110000000100001000101000010001010111000000001111100
22995,12326,12.012974,0AA,8,0010000111101010001000010100100000100001110011010010000100011111
36990,12288,12.013228,0BA,5,1100011000000000000000000000000010111110
19190,12327,12.013957,0B4,8,0000000000000000000000000000000011001100000001101111011110000101
562,12329,12.015958,320,8,0000000000100000000000000000000000000000000000000000000001001011
32292,12330,12.016588,1C4,8,0000101011101001000110110000000000000000000000000000000011011011
8497,12332,12.018322,260,8,0000000000000000000000000000000000000000000000001101010100111111
36991,4108,12.020718,0BA,5,0010100100000000000000000000010000101000
1535,12334,12.021384,6F3,8,0010000000000000000000000000000000000000000000000000000000000000
2789,12336,12.022279,25,8,0000000001011110000000000000000100101111100010000000000001000011
22996,12337,12.022948,0AA,8,0010000111101110001000010100110000100001110101000010000100100111
16987,12341,12.025942,226,8,0000000000000000000100000000000000000000000000000000000000000000
11003,12343,12.027569,620,8,0001000000000000000000000000000000000000000000000000000000000000
31581,12344,12.027813,633,8,1000000100000000000000000000000000000000000000000000000000000000
36992,8219,12.028207,0BA,5,0100111100000000000000000000000000101110
11688,12346,12.030555,2C1,8,0000000000000011000010010000001110000011110000000001011100110100
11176,12349,12.032255,39A,8,0000000000000000000000000000000100000000000000000000000000000000
28835,12350,12.032486,24,8,0000001001001100000000100001000101000010001010111000000001111010
2790,12351,12.032725,25,8,0000000001011101000000000000000101001111011111100000000001011000
22997,12352,12.032951,0AA,8,0010000111101110001000010101000000100001110101000010000100100100
14678,12353,12.033188,1C6,8,0000000000000000000000000000010111011011000101110000000000000000
19191,12354,12.033912,0B4,8,0000000000000000000000000000000011001100000001101111011110000101
36993,8221,12.035697,0BA,5,1110000000110011010010000000000011010000
13528,12356,12.035916,399,8,0000000000000000000000000000000000000000111111110000000000000000
32293,12358,12.036552,1C4,8,0000101011101110000110110000000000000000000000000000000011100000
8498,12361,12.038271,260,8,0000000000000000000000000000000000000000000000001110000101001011
2791,12363,12.042237,25,8,0000000001011100000000000000000101101111011111100000000001110111
22998,12364,12.042907,0AA,8,0010000111101110001000010101000000100001110100100010000100101000
36994,12320,12.043186,0BA,5,1100011000000000000000000000000010111110
36995,4119,12.050676,0BA,5,0010100100000000000000000000011100101011
2792,12367,12.052215,25,8,0000000001011100000000000000000110011111011111100000000010100111
28836,12368,12.052447,24,8,0000001001001011000000100001000101000010001010111000000001111001
22999,12369,12.052887,0AA,8,0010000111110001001000010101010000100001110100110010000100110000
19192,12370,12.05387,0B4,8,0000000000000000000000000000000011010000000001101111110110001111
12,12373,12.056238,3B1,8,0000000000000000000000100000101000000000000010000000000000000000
32294,12374,12.056504,1C4,8,0000101011110001000110110000000000000000000000000000000011100011
16988,12377,12.057869,226,8,0000000000000000000100000000000000000000000000000000000000000000
36996,8242,12.058165,0BA,5,0100111100000000000000000000000000101110
8499,12378,12.058258,260,8,0000000000000000000000000000000000000000000000001100100100110011
11689,12379,12.060497,2C1,8,0000000000000011000100000000001110001001110000000001011101000001
2793,12382,12.062196,25,8,0000000001011011000000000000000110111111011111100000000011000110
14679,12383,12.062482,1C6,8,0000000000000000000000000000010111010101000101110000000000000000
23000,12384,12.06287,0AA,8,0010000111110010001000010101100000100001110101010010000100101110
563,12386,12.064853,320,8,0000000000100000000000000000000000000000000000000000000001001011
36997,8245,12.065655,0BA,5,1110000000110011000000000000000010001000
2794,12388,12.072169,25,8,0000000001011010000000000000000111001111011101000000000011001011
28837,12389,12.072405,24,8,0000001001001010000000100000111101000010001010111000000001110110
23001,12390,12.072845,0AA,8,0010000111110011001000010101101000100001110110010010000100110001
36998,12357,12.073144,0BA,5,1100011000000000000000000000000010111110
19193,12391,12.073834,0B4,8,0000000000000000000000000000000011010000000001110000001010010101
43494,11651,12.076238,423,2,1000100000000
32295,12394,12.076466,1C4,8,0000101011110011000110110000000000000000000000000000000011100101
8500,12397,12.078196,260,8,0000000000000000000000000000000000000000000000001100100100110011
36999,4132,12.080634,0BA,5,0010100100000000000000000000010000101000
2795,12400,12.083185,25,8,0000000001011001000000000000000111011111100000010000000011100111
23002,12401,12.083793,0AA,8,0010000111110010001000010101101000100001110101100010000100110011
16989,12404,12.086808,226,8,0000000000000000000100000000000000000000000000000000000000000000
37000,8263,12.088124,0BA,5,0100111100000000000000000000000000101110
11690,12405,12.090421,2C1,8,0000000000000011000110010000001110101001110000000001011101101010
28838,12407,12.092142,24,8,0000001001001001000000100001000101000010001010001000000001110100
2796,12408,12.092385,25,8,0000000001011000000000000000000111111111011100000000000011110101
14680,12409,12.092628,1C6,8,0000000000000000000000000000010111001111000101110000000000000000
23003,12410,12.092855,0AA,8,0010000111110111001000010101110100100001110110000010000100110110
19194,12412,12.093785,0B4,8,0000000000000000000000000000000011010100000001110000001010011001
37001,8267,12.095613,0BA,5,1110000000110010101111000000000001000011
21632,12415,12.096204,443,8,0100110100000010000000000010111100000110000000000000000000000000
32296,12416,12.096445,1C4,8,0000101011111010000110110000000000000000000000000000000011101100
8501,12420,12.098148,260,8,0000000000000000000000000000000000000000000000001011110100100111
2797,12422,12.102104,25,8,0000000001010111000000000000000100001111011101000000000000001000
23004,12423,12.102795,0AA,8,0010000111111100001000010110000100100001110111010010000100111111
37002,12385,12.103103,0BA,5,1100011000000000000000000000000010111110
16393,12424,12.106497,3F9,8,0111010100011000000000100000001010000000000000000000000000010101
37003,4136,12.110592,0BA,5,0010100100000000000000000000011100101011
2798,12427,12.112083,25,8,0000000001010110000000000000000100001111011010100000000011111101
28839,12428,12.112322,24,8,0000001001001000000000100000111101000010001001101000000001101111
23005,12429,12.112764,0AA,8,0010000111111110001000010101111100100001110111010010000100111110
19195,12430,12.113744,0B4,8,0000000000000000000000000000000011010100000001110000100010011111
32297,12433,12.116391,1C4,8,0000101011111101000110110000000000000000000000000000000011101111
16990,12436,12.11774,226,8,0000000000000000000100000000000000000000000000000000000000000000
37004,8283,12.118082,0BA,5,0100111100000000000000000000000000101110
8502,12437,12.118109,260,8,0000000000000000000000000000000000000000000000001010011000010000
564,12438,12.118735,320,8,0000000000100000000000000000000000000000000000000000000001001011
11691,12439,12.120378,2C1,8,0000000000000011001000000000001100100000110000000001011111101000
2799,12441,12.122066,25,8,0000000001010101000000000000000100101111011111100000000000110000
14681,12442,12.122358,1C6,8,0000000000000000000000000000010111001001000101110000000000000000
23006,12443,12.122739,0AA,8,0010000111111101001000010110101000100001111000010010000101000010
37005,8286,12.125571,0BA,5,1110000000110010010110000000000011011111
28840,12448,12.132059,24,8,0000001001000111000000100000111101000010001000101000000001101010
2800,12449,12.1323,25,8,0000000001010100000000000000000100111111011101000000000000110101
23007,12450,12.132689,0AA,8,0010000111111101001000010110011100100001110111100010000101000110
37006,12414,12.133061,0BA,5,1100011000000000000000000000000010111110
19196,12451,12.133703,0B4,8,0000000000000000000000000000000011011000000001110000111010101001
32298,12453,12.136341,1C4,8,0000101011111110000110110000000000000000000000000000000011110000
8503,12455,12.137956,260,8,0000000000000000000000000000000000000000000000001000111011111000
37007,4152,12.14055,0BA,5,0010100100000000000000000000010000101000
2801,12457,12.142025,25,8,0000000001010011000000000000000100111111011010100000000000101010
23008,12459,12.142698,0AA,8,0010000111111101001000010110011100100001111010000010000101000111
16991,12463,12.145679,226,8,0000000000000000000100000000000000000000000000000000000000000000
37008,8305,12.14804,0BA,5,0100111100000000000000000000000000101110
11692,12464,12.150297,2C1,8,0000000000000011001010010000001100110000110000000001011100000001
28841,12466,12.152021,24,8,0000001001000110000000100000111101000010001000101000000001101001
2802,12467,12.152257,25,8,0000000001010010000000000000000101001111011101000000000001000011
14682,12468,12.152498,1C6,8,0000000000000000000000000000010111000100000101110000000000000000
23009,12469,12.15273,0AA,8,0010001000000000001000010110101100100001110111110010000101001110
19197,12470,12.153653,0B4,8,0000000000000000000000000000000011011000000001110001001110101110
37009,8308,12.155529,0BA,5,1110000000110010000010000000000010001111
32299,12473,12.156297,1C4,8,0000101011101010000110110000000000000000000000000000000011011100
8504,12475,12.157856,260,8,0000000000000000000000000000000000000000000000000110101011010100
2803,12479,12.161977,25,8,0000000001010001000000000000000101011111011101000000000001010010
23010,12481,12.162651,0AA,8,0010001000000010001000010110110000100001111001000010000101000111
37010,12444,12.163019,0BA,5,1100011000000000000000000000000010111110
565,12482,12.163642,320,8,0000000000100000000000000000000000000000000000000000000001001011
37011,4161,12.170509,0BA,5,0010100100000000000000000000011100101011
2804,12484,12.171957,25,8,0000000001010000000000000000000101011111011010100000000001000111
28842,12485,12.172192,24,8,0000001001000100000000100000110001000010001000011000000001100011
28000,12486,12.172433,6C0,8,1110010000000000000000001110000010000000000000000000000000000000
23011,12487,12.172661,0AA,8,0010001000000001001000010110101000100001111001100010000101001100
19198,12488,12.173612,0B4,8,0000000000000000000000000000000011011100000001110001001110110010
32300,12492,12.176256,1C4,8,0000101011010000000110110000000000000000000000000000000011000010
34836,12495,12.176829,3C3,8,0100011000011110100100110100111011101110010110010000001110001000
16992,12496,12.177611,226,8,0000000000000000000100000000000000000000000000000000000000000000
8505,12497,12.177858,260,8,0000000000000000000000000000000000000000000000000110101011010100
37012,8323,12.177998,0BA,5,0100111100000000000000000000000000101110
11693,12499,12.180246,2C1,8,0000000000000011001100110000001100111001110000000001011100010100
2805,12501,12.181941,25,8,0000000001001111000000000000000101101111011101000000000001100000
14683,12502,12.182235,1C6,8,0000000000000000000000000000010111000000000101110000000000000000
23012,12503,12.182608,0AA,8,0010000111111100001000010110100100100001111001010010000101010000
34945,12505,12.184595,4C3,8,0000001100000000000000000000000100000000000000000000000000000000
37013,8327,12.185488,0BA,5,1110000000110001101111000000000001000010
28843,12508,12.191938,24,8,0000001001000011000000100000101001000010000111111000000001011110
2806,12509,12.192177,25,8,0000000001001110000000000000000101101111011010100000000001010101
23013,12510,12.192559,0AA,8,0010000111111010001000010110011100100001111010010010000101001100
37014,12472,12.192977,0BA,5,1100011000000000000000000000000010111110
19199,12511,12.19357,0B4,8,0000000000000000000000000000000011011100000001110001100110111000
32301,12513,12.196221,1C4,8,0000101010111000000110110000000000000000000000000000000010101010
31411,12515,12.197004,44D,8,0100001000000010000000000000000000000001000000000000000000000000
8506,12516,12.197627,260,8,0000000000000000000000000000000000000000000000000011101010100100
37015,4173,12.200467,0BA,5,0010100100000000000000000000010000101000
43679,815,12.200978,3BB,5,1010010100000000000000000000000000000000
2807,12518,12.201893,25,8,0000000001001101000000000000000101101111011010100000000001010100
23014,12519,12.202578,0AA,8,0010000111110101001000010110100100100001111000110010000101010100
35103,1523,12.203848,3D3,3,011011000001001000000000
16993,12523,12.205553,226,8,0000000000000000000100000000000000000000000000000000000000000000
37016,8348,12.207956,0BA,5,0100111100000000000000000000000000101110
11694,12526,12.210172,2C1,8,0000000000000011010000000000001100111001110000000001011100100001
2808,12528,12.211871,25,8,0000000001001100000000000000000101101111011010100000000001010011
28844,12529,12.212103,24,8,0000001001000010000000100000011001000010000110111000000001010101
14684,12530,12.212343,1C6,8,0000000000000000000000000000010110111010000101110000000000000000
23015,12531,12.212571,0AA,8,0010000111111001001000010110100100100001111010110010000101010110
19200,12532,12.213535,0B4,8,0000000000000000000000000000000011100000000001110001100110111100
37017,8351,12.215446,0BA,5,1110000000110001010101000000000011011010
32302,12535,12.216172,1C4,8,0000101010110000000110110000000000000000000000000000000010100010
566,12537,12.216579,320,8,0000000000100000000000000000000000000000000000000000000001001011
8507,12538,12.217571,260,8,0000000000000000000000000000000000000000000000000001011110000001
2809,12540,12.22185,25,8,0000000001001011000000000000000101101111011010100000000001010010
23016,12541,12.222529,0AA,8,0010000111111001001000010110101100100001111010000010000101010101
37018,12504,12.222935,0BA,5,1100011000000000000000000000000010111110
7665,12546,12.228036,611,8,0010000100000000000000000001000000000000000000000011110101101100
34765,12547,12.229301,4DF,8,0010000000000000000000000000000100000000000000000000000000000000
37019,4184,12.230425,0BA,5,0010100100000000000000000000011100101011
2810,12549,12.231829,25,8,0000000001001010000000000000000101011111011000000000000000110111
28845,12550,12.232064,24,8,0000001001000000000000100000000101000010000110101000000001001101
23017,12551,12.232499,0AA,8,0010000111110110001000010110110000100001111001010010000101011100
19201,12552,12.233488,0B4,8,0000000000000000000000000000000011100000000001110001001110110110
32303,12555,12.236135,1C4,8,0000101011000000000110110000000000000000000000000000000010110010
8508,12558,12.23748,260,8,0000000000000000000000000000000000000000000000000000000001101010
16994,12559,12.237727,226,8,0000000000000000000100000000000000000000000000000000000000000000
37020,8370,12.237914,0BA,5,0100111100000000000000000000000000101110
11695,12560,12.240123,2C1,8,0000000000000011010000000000001101000110110000000001011100101110
2811,12563,12.241808,25,8,0000000001001001000000000000000101001111011000000000000000100110
14685,12564,12.24211,1C6,8,0000000000000000000000000000010110110100000101110000000000000000
23018,12565,12.242478,0AA,8,0010000111110111001000010110111100100001111010100010000101011001
37021,8373,12.245404,0BA,5,1110000000110001000000000000000010000110
2812,12569,12.25181,25,8,0000000001001000000000000000000100101111010101100000000011111011
28846,12570,12.252048,24,8,0000001000111110000000100000000001000010000101101000000001000110
23019,12571,12.252429,0AA,8,0010000111111001001000010111000100100001111001100010000101011011
37022,12534,12.252894,0BA,5,1100011000000000000000000000000010111110
19202,12572,12.253441,0B4,8,0000000000000000000000000000000011100100000001110001001110111010
32304,12574,12.256091,1C4,8,0000101011100000000110110000000000000000000000000000000011010010
8509,12577,12.257433,260,8,0000000000000000000000000000000000000000111111111110100001010001
37023,4196,12.260383,0BA,5,0010100100000000000000000000010000101000
2813,12579,12.261761,25,8,0000000001000111000000000000000100001111010101100000000011011010
23020,12581,12.26255,0AA,8,0010000111111110001000010111010100100001111010000010000101011100
16995,12584,12.265425,226,8,0000000000000000000100000000000000000000000000000000000000000000
567,12585,12.266419,320,8,0000000000100000000000000000000000000000000000000000000001001011
37024,8385,12.267873,0BA,5,0100111100000000000000000000000000101110
11696,12586,12.270044,2C1,8,0000000000000011010001100000001101000110110000000001011100110100
2814,12588,12.271739,25,8,0000000001000110000000000000000111101111010101100000000010111001
28847,12589,12.271973,24,8,0000001000111100000000100000000001000010000101101000000001000100
14686,12590,12.272217,1C6,8,0000000000000000000000000000010110101110000101110000000000000000
23021,12591,12.272446,0AA,8,0010000111111001001000010111010100100001111001000010000101011011
19203,12593,12.273411,0B4,8,0000000000000000000000000000000011100100000001110001100111000000
37025,8388,12.275362,0BA,5,1110000000110000101010000000000000101101
32305,12596,12.276054,1C4,8,0000101011110001000110110000000000000000000000000000000011100011
8510,12599,12.277453,260,8,0000000000000000000000000000000000000000111111111011100000100001
2815,12601,12.281726,25,8,0000000001000101000000000000000110111111010011000000000001111110
23022,12602,12.282394,0AA,8,0010000111110100001000010111010100100001111010100010000101100000
37026,12566,12.282852,0BA,5,1100011000000000000000000000000010111110
37027,4202,12.290341,0BA,5,0010100100000000000000000000011100101011
2816,12607,12.29172,25,8,0000000001000011000000000000000101111111010011000000000000111100
28848,12608,12.291957,24,8,0000001000111011000000100000000001000010000110001000000001000101
23023,12609,12.292377,0AA,8,0010000111110010001000010111011000100001111001110010000101011111
19204,12610,12.293355,0B4,8,0000000000000000000000000000000011101000000001110001100111000100
32306,12613,12.296088,1C4,8,0000101011110101000110110000000000000000000000000000000011100111
14058,12616,12.29685,442,8,0100001100000010000000000000000000000010000000000000000000000000
8511,12617,12.297311,260,8,0000000000000000000000000000000000000000111111110111110111100110
16996,12618,12.297561,226,8,0000000000000000000100000000000000000000000000000000000000000000
13356,12619,12.297713,394,3,0
37028,8406,12.297831,0BA,5,0100111100000000000000000000000000101110
11697,12620,12.299996,2C1,8,0000000000000011010011000000001101010011110000000001011101000111
2817,12622,12.301677,25,8,0000000001000010000000000000000101001111010011000000000000001011
14687,12623,12.302046,1C6,8,0000000000000000000000000000010110100101000101110000000000000000
23024,12624,12.302352,0AA,8,0010000111110110001000010111101100100001111000110010000101100101
101,12626,12.304344,3B7,8,1000
37029,8410,12.30532,0BA,5,1110000000110000010010000000000011001101
2818,12629,12.311688,25,8,0000000001000001000000000000000100001111010000100000000011000000
28849,12630,12.311927,24,8,0000001000111001000000100000000001000010000101101000000001000001
23025,12631,12.312305,0AA,8,0010000111110100001000010111110100100001111010110010000101100110
37030,12595,12.31281,0BA,5,1100011000000000000000000000000010111110
19205,12632,12.313315,0B4,8,0000000000000000000000000000000011101000000001110001100111000100
568,12634,12.315315,320,8,0000000000100000000000000000000000000000000000000000000001001011
32307,12635,12.315962,1C4,8,0000101100101110000110110000000000000000000000000000000000100001
8512,12637,12.317276,260,8,0000000000000000000000000000000000000000111111111000100111110010
37031,4219,12.320299,0BA,5,0010100100000000000000000000010000101000
2819,12639,12.321641,25,8,0000000001000000000000000000000111001111010000100000000001111111
23026,12642,12.32245,0AA,8,0010000111110001001000010111110100100001111000100010000101100110
16997,12645,12.325297,226,8,0000000000000000000100000000000000000000000000000000000000000000
31251,12647,12.326779,4A6,8,0000000000000000000000000000000000000000000010100000000000000000
11004,12648,12.327046,620,8,0001000000000000000000000000000000000000000000000000000000000000
37032,8429,12.327789,0BA,5,0100111100000000000000000000000000101110
11698,12649,12.329918,2C1,8,0000000000000011010100110000001101100110110000000001011101100001
2820,12651,12.331617,25,8,0000000000111110000000000000000101011111001011100000000011111001
28850,12652,12.331853,24,8,0000001000110111000000100000000001000010000100111000000000111100
14688,12653,12.332093,1C6,8,0000000000000000000000000000010110011100000101110000000000000000
23027,12654,12.332321,0AA,8,0010000111101111001000010111111000100001111001000010000101101010
19206,12655,12.333271,0B4,8,0000000000000000000000000000000011101100000001110001100111001000
37033,8432,12.335278,0BA,5,1110000000101111111101000000000001111000
32308,12658,12.335917,1C4,8,0000101101001010000110110000000000000000000000000000000000111101
8513,12660,12.337222,260,8,0000000000000000000000000000000000000000111111110111000111011010
2821,12663,12.341607,25,8,0000000000111101000000000000000111111111001011100000000010011000
23028,12664,12.342265,0AA,8,0010000111101010001000010111111100100001111000100010000101100111
37034,12625,12.342768,0BA,5,1100011000000000000000000000000010111110
37035,4225,12.350258,0BA,5,0010100100000000000000000000011100101011
2822,12666,12.351575,25,8,0000000000111100000000000000000110011111001011100000000000110111
28851,12667,12.35181,24,8,0000001000110100000000100000000001000010000100011000000000110111
23029,12668,12.352244,0AA,8,0010000111101011001000011000001000100001111000110010000101100111
19207,12669,12.353232,0B4,8,0000000000000000000000000000000011101100000001110001100111001000
16394,12674,12.355761,3F9,8,0111010100011000000000100000001010000000000000000000000000010101
32309,12675,12.355999,1C4,8,0000101101011011000110110000000000000000000000000000000001001110
7798,12679,12.356706,610,8,0010000000000000000100100110010011000000000000000111000101000000
8514,12680,12.35718,260,8,0000000000000000000000000000000000000000111111110101100111000010
16998,12681,12.357428,226,8,0000000000000000000100000000000000000000000000000000000000000000
37036,8445,12.357747,0BA,5,0100111100000000000000000000000000101110
11699,12682,12.35987,2C1,8,0000000000000011010100110000001101011100110000000001011101010111
14689,12683,12.361858,1C6,8,0000000000000000000000000000010110010110000101100000000000000000
2823,12686,12.362575,25,8,0000000000111010000000000000000100001111001011110000000010100110
23030,12687,12.363194,0AA,8,0010000111101100001000011000000100100001111000110010000101101011
569,12689,12.36521,320,8,0000000000100000000000000000000000000000000000000000000001001011
37037,8448,12.365237,0BA,5,1110000000101111101000000000000000100100
28852,12692,12.371571,24,8,0000001000110011000000100000000101000010000011111000000000110101
2824,12693,12.371814,25,8,0000000000111001000000000000000110111111001000100000000001001000
23031,12694,12.372173,0AA,8,0010000111101100001000011000001100100001110111000010000101100101
37038,12657,12.372726,0BA,5,1100011000000000000000000000000010111110
19208,12695,12.373185,0B4,8,0000000000000000000000000000000011110000000001110001100111001100
32310,12698,12.375836,1C4,8,0000101101101010000110110000000000000000000000000000000001011101
8515,12700,12.37706,260,8,0000000000000000000000000000000000000000111111110110011011001111
37039,4235,12.380216,0BA,5,0010100100000000000000000000010000101000
2825,12702,12.381509,25,8,0000000000110111000000000000000100111111001001000000000011001000
23032,12704,12.382179,0AA,8,0010000111101110001000011000011000100001110110110010000101101010
16999,12707,12.38516,226,8,0000000000000001000100000000000000000000000000000000000000000000
37040,8468,12.387705,0BA,5,0100111100000000000000000000000000101110
11700,12710,12.389798,2C1,8,0000000000000011010101100000001101010011110000000001011101010001
2826,12712,12.39151,25,8,0000000000110110000000000000000111001111001001000000000001010111
28853,12713,12.391746,24,8,0000001000110001000000100000001101000010000011011000000000110011
14690,12714,12.391994,1C6,8,0000000000000000000000000000010110010000000101110000000000000000
23033,12715,12.39222,0AA,8,0010000111101101001000011000110000100001110110000010000101100111
19209,12716,12.393141,0B4,8,0000000000000000000000000000000011110000000001110001100111001100
37041,8470,12.395195,0BA,5,1110000000101111010010000000000011001100
21633,12719,12.395574,443,8,0100110100000010000000000010111100000110000000000000000000000000
32311,12720,12.395813,1C4,8,0000101110000011000110110000000000000000000000000000000001110110
13904,12722,12.396226,622,8,0001001000000000000000000000000000000000000000000000000000000000
8516,12723,12.39703,260,8,0000000000000000000000000000000000000000111111110100111010110111
2827,12725,12.401471,25,8,0000000000110100000000000000000101011111001011100000000011101111
23034,12726,12.40214,0AA,8,0010000111110001001000011001000100100001110110010010000101100111
37042,12688,12.402684,0BA,5,1100011000000000000000000000000010111110
37043,4245,12.410174,0BA,5,0010100100000000000000000000011100101011
2828,12729,12.411446,25,8,0000000000110011000000000000000111111111001011100000000010001110
28854,12730,12.411686,24,8,0000001000110000000000100000011001000010000010101000000000110010
43495,862,12.411689,423,2,11100000000
23035,12731,12.412116,0AA,8,0010000111110010001000011001011000100001110101000010000101101100
19210,12732,12.413101,0B4,8,0000000000000000000000000000000011110100000001110001111111010110
32312,12735,12.415757,1C4,8,0000101110011000000110110000000000000000000000000000000010001011
8517,12738,12.416873,260,8,0000000000000000000000000000000000000000111111110100111010110111
17000,12739,12.417121,226,8,0000000000000000000100000000000000000000000000000000000000000000
37044,8487,12.417663,0BA,5,0100111100000000000000000000000000101110
570,12740,12.418174,320,8,0000000000100000000000000000000000000000000000000000000001001011
11701,12742,12.419747,2C1,8,0000000000000011010111000000001101100000110000000001011101100100
14691,12745,12.421733,1C6,8,0000000000000000000000000000010110001010000101100000000000000000
2829,12747,12.422449,25,8,0000000000110001000000000000000101101111001011110000000011111101
23036,12748,12.42307,0AA,8,0010000111110011001000011001100100100001110101010010000101101100
37045,8490,12.425153,0BA,5,1110000000101110111101000000000001110111
31642,12751,12.430539,389,8,0000000000100000000000000000000000000000000000000000000000000000
2830,12753,12.431427,25,8,0000000000110000000000000000000100011111001000100000000010011111
28855,12754,12.431661,24,8,0000001000101110000000100000110101000010000001101000000000110011
23037,12755,12.432046,0AA,8,0010000111110111001000011001100100100001110101100010000101110101
37046,12718,12.432643,0BA,5,1100011000000000000000000000000010111110
19211,12756,12.433061,0B4,8,0000000000000000000000000000000011110100000001110001111111010110
32313,12758,12.435712,1C4,8,0000101110100011000110110000000000000000000000000000000010010110
8518,12761,12.436908,260,8,0000000000000000000000000000000000000000111111110110011011001111
37047,4259,12.440132,0BA,5,0010100100000000000000000000010000101000
2831,12763,12.441383,25,8,0000000000101111000000000000000110111111001011100000000001001010
23038,12765,12.442055,0AA,8,0010000111111011001000011001111100100001110101110010000101111010
17001,12768,12.445039,226,8,0000000000000001000100000000000000000000000000000000000000000000
37048,8503,12.447622,0BA,5,0100111100000000000000000000000000101110
11702,12769,12.44967,2C1,8,0000000000000011011000110000001101100000110000000001011101101011
13649,12770,12.450003,4B7,8,1110001001011111001000001111000000000000111010100000000100001000
2832,12772,12.451378,25,8,0000000000101101000000000000000101001111001011100000000011011000
28856,12773,12.451612,24,8,0000001000101011000000100001001101000010000001011000000000110101
14692,12774,12.451853,1C6,8,0000000000000000000000000000010110000100000101100000000000000000
23039,12775,12.45208,0AA,8,0010000111111100001000011010100100100001110111010010000101110111
19212,12776,12.453014,0B4,8,0000000000000000000000000000000011111000000001110010101011100101
37049,8507,12.455111,0BA,5,1110000000101110101010000000000000101011
32314,12781,12.455668,1C4,8,0000101110100001000110110000000000000000000000000000000010010100
8519,12783,12.456799,260,8,0000000000000000000000000000000000000000111111111001010111111110
28001,12784,12.460987,6C0,8,1110010000000000000000001110000010000000000000000000000000000000
2833,12786,12.46159,25,8,0000000000101100000000000000000111011111001001000000000001011101
23040,12787,12.462009,0AA,8,0010001000000000001000011010110000100001110111010010000110000001
37050,12749,12.462601,0BA,5,1100011000000000000000000000000010111110
571,12788,12.462997,320,8,0000000000100000000000000000000000000000000000000000000001001011
35104,12567,12.463505,3D3,3,111001010000001011010110
37051,4265,12.47009,0BA,5,0010100100000000000000000000011100101011
2834,12791,12.471312,25,8,0000000000101010000000000000000101101111001011100000000011110101
28857,12792,12.471548,24,8,0000001000101001000000100001100001000010000001011000000000111000
23041,12793,12.471989,0AA,8,0010001000000000001000011011100000100001110111010010000110001000
19213,12794,12.472972,0B4,8,0000000000000000000000000000000011111000000001110010111111101010
32315,12797,12.475633,1C4,8,0000101110011011000110110000000000000000000000000000000010001110
8520,12800,12.476568,260,8,0000000000000000000000000000000000000000111111111010000100001010
17002,12801,12.476967,226,8,0000000000000000000100000000000000000000000000000000000000000000
37052,8527,12.47758,0BA,5,0100111100000000000000000000000000101110
11703,12803,12.479618,2C1,8,0000000000000011011010010000001101100011110000000001011101110100
2835,12805,12.481296,25,8,0000000000101001000000000000000100011111001110000000000010101110
14693,12806,12.481606,1C6,8,0000000000000000000000000000010101111101000101100000000000000000
23042,12807,12.481969,0AA,8,0010001000000010001000011011100000100001110111010010000110010001
37053,8529,12.485069,0BA,5,1110000000101110010011000000000011001111
273,12812,12.490395,38F,8,0000000100000000000000000000000000000000000000000000000000000000
2836,12814,12.491298,25,8,0000000000101000000000000000000111001111001110000000000001011101
28858,12815,12.491534,24,8,0000001000100110000000100001111101000010000000111000000000111010
23043,12816,12.491919,0AA,8,0010001000000110001000011011100000100001111000010010000110001110
37054,12779,12.492559,0BA,5,1100011000000000000000000000000010111110
19214,12817,12.492933,0B4,8,0000000000000000000000000000000011111100000001110011101111111010
32316,12819,12.49559,1C4,8,0000101110010101000110110000000000000000000000000000000010001000
31412,12821,12.495993,44D,8,0100001000000010000000000000000000000001000000000000000000000000
8521,12822,12.496502,260,8,0000000000000000000000000000000000000000111111111010110100010110
43680,13702,12.498563,3BB,5,0111000000000000001000001010000000000000
37055,4279,12.500048,0BA,5,0010100100000000000000000000010000101000
2837,12824,12.501255,25,8,0000000000100110000000000000000101101111001110000000000011111011
23044,12826,12.501923,0AA,8,0010001000000110001000011011111000100001111010000010000110010110
17003,12830,12.504911,226,8,0000000000000000000100000000000000000000000000000000000000000000
13589,12831,12.505277,4DD,8,0001111000000000000000000000000000000000000000000000000000000000
37056,8546,12.507538,0BA,5,0100111100000000000000000000000000101110
11704,12832,12.509543,2C1,8,0000000000000011011101100000001101111001110000000001011110010111
2838,12834,12.511222,25,8,0000000000100101000000000000000100101111010000100000000011000100
28859,12835,12.511459,24,8,0000001000100100000000100001111101000010000000011000000000110110
14694,12836,12.511699,1C6,8,0000000000000000000000000000010101110100000101100000000000000000
23045,12837,12.511927,0AA,8,0010001000010000001000011100000100100001111001110010000110011011
19215,12838,12.512888,0B4,8,0000000000000000000000000000000011111100000001110011101111111010
37057,8549,12.515028,0BA,5,1110000000101101111101000000000001110110
32317,12841,12.515554,1C4,8,0000101110001100000110110000000000000000000000000000000001111111
572,12843,12.515962,320,8,0000000000100000000000000000000000000000000000000000000001001011
8522,12844,12.516431,260,8,0000000000000000000000000000000000000000111111111010000100001010
34706,12846,12.51986,380,8,0
2839,12848,12.521207,25,8,0000000000100100000000000000000111101111010000100000000010000011
23046,12849,12.52188,0AA,8,0010001000001101001000011100100100100001111010100010000110011101
37058,12809,12.522517,0BA,5,1100011000000000000000000000000010111110
37059,4286,12.530007,0BA,5,0010100100000000000000000000011100101011
2840,12852,12.53118,25,8,0000000000100011000000000000000110101111010000100000000001000010
28860,12853,12.531418,24,8,0000001000100001000000100001111101000010000000011000000000110011
23047,12854,12.531858,0AA,8,0010001000001001001000011100101000100001111010000010000110100101
19216,12855,12.532874,0B4,8,0000000000000000000000000000000000000000000001110100011000001001
16292,12859,12.535178,4C1,8,0000000100000000000000010000000100000000000000000000000000000000
32318,12860,12.535507,1C4,8,0000101101111100000110110000000000000000000000000000000001101111
8523,12863,12.536423,260,8,0000000000000000000000000000000000000000111111111001010111111110
17004,12864,12.53684,226,8,0000000000000000000100000000000000000000000000000000000000000000
37060,8565,12.537496,0BA,5,0100111100000000000000000000000000101110
11705,12865,12.539496,2C1,8,0000000000000011011100110000001101110110110000000001011110010001
2841,12867,12.541167,25,8,0000000000100001000000000000000101101111010011000000000000001010
14695,12868,12.541481,1C6,8,0000000000000000000000000000010101101110000101100000000000000000
23048,12869,12.541849,0AA,8,0010001000001111001000011100110000100001111100100010000110100000
37061,8568,12.544986,0BA,5,1110000000101101101101000000000000110110
28861,12875,12.551338,24,8,0000001000011111000000100010000101000010000000011000000000110011
2842,12876,12.55158,25,8,0000000000100000000000000000000100111111010011000000000011011001
23049,12877,12.551814,0AA,8,0010001000001100001000011100111100100001111100110010000110101100
37062,12840,12.552475,0BA,5,1100011000000000000000000000000010111110
19217,12878,12.552799,0B4,8,0000000000000000000000000000000000000000000001110100110000001111
32319,12880,12.555463,1C4,8,0000101101110000000110110000000000000000000000000000000001100011
8524,12882,12.556423,260,8,0000000000000000000000000000000000000000111111111001010111111110
37063,4295,12.559965,0BA,5,0010100100000000000000000000010000101000
2843,12885,12.562148,25,8,0000000000011111000000000000000111101111010010110000000010000111
23050,12886,12.562769,0AA,8,0010001000001111001000011101001100100001111101000010000110110011
17005,12889,12.565779,226,8,0000000000000000000100000000000000000000000000000000000000000000
573,12890,12.566773,320,8,0000000000100000000000000000000000000000000000000000000001001011
37064,8585,12.567454,0BA,5,0100111100000000000000000000000000101110
11706,12892,12.569421,2C1,8,0000000000000011011111000000001110110000110000000001011111010100
2844,12894,12.571098,25,8,0000000000011110000000000000000111011111010011110000000001111010
28862,12895,12.571333,24,8,0000001000011100000000100010000101000010000000001000000000101111
14696,12896,12.571577,1C6,8,0000000000000000000000000000010101101000000101100000000000000000
23051,12897,12.571803,0AA,8,0010001000010010001000011101011100100001111110010010000110110100
19218,12898,12.572761,0B4,8,0000000000000000000000000000000000000100000001110101000100011000
37065,8588,12.574944,0BA,5,1110000000101101011100000000000011110010
32320,12901,12.575418,1C4,8,0000101101100100000110110000000000000000000000000000000001010111
8525,12904,12.576278,260,8,0000000000000000000000000000000000000000111111111000100111110010
2845,12906,12.581091,25,8,0000000000011101000000000000000110111111010101100000000001100000
23052,12907,12.581749,0AA,8,0010001000010100001000011101101100100001111110110010000110111011
37066,12870,12.582433,0BA,5,1100011000000000000000000000000010111110
35307,224,12.583273,386,7,01001110000000000000000000000000000000000000000010110001
37067,4308,12.589923,0BA,5,0010100100000000000000000000011100101011
2846,12910,12.591053,25,8,0000000000011100000000000000000110101111011000000000000001011001
28863,12911,12.591286,24,8,0000001000011010000000100001110101000010000000001000000000101001
23053,12912,12.591731,0AA,8,0010001000010101001000011101110100100010000000010010000110111110
19219,12913,12.592742,0B4,8,0000000000000000000000000000000000001000000001110101000100011100
32321,12916,12.59538,1C4,8,0000101101011010000110110000000000000000000000000000000001001101
14059,12919,12.596065,442,8,0100001100000010000000000000000000000010000000000000000000000000
8526,12920,12.59631,260,8,0000000000000000000000000000000000000000111111111001010111111110
13357,12921,12.59646,394,3,0
17006,12922,12.596711,226,8,0000000000000000000100000000000000000000000000000000000000000000
37068,8608,12.597413,0BA,5,0100111100000000000000000000000000101110
11707,12923,12.59937,2C1,8,0000000000000011100001100000001110100110110000000001011111010100
2847,12926,12.601039,25,8,0000000000011011000000000000000110011111011000000000000001001000
14697,12927,12.601355,1C6,8,0000000000000000000000000000010101011111000101100000000000000000
23054,12928,12.601712,0AA,8,0010001000010010001000011101110100100001111111110010000111000100
102,12930,12.603701,3B7,8,1000
37069,8611,12.604902,0BA,5,1110000000101101001001000000000010100110
16395,12931,12.605455,3F9,8,0111010100011000000000100000001010000000000000000000000000010101
2848,12933,12.611012,25,8,0000000000011010000000000000000110101111011101000000000001101011
28864,12934,12.611247,24,8,0000001000011000000000100001101101000010000000001000000000100101
23055,12936,12.611687,0AA,8,0010001000010100001000011110000100100010000010010010000111001010
37070,12900,12.612392,0BA,5,1100011000000000000000000000000010111110
19220,12937,12.612671,0B4,8,0000000000000000000000000000000000001000000001110101011100100010
574,12939,12.614673,320,8,0000000000100000000000000000000000000000000000000000000001001011
32322,12940,12.615333,1C4,8,0000101101011010000110110000000000000000000000000000000001001101
14228,12943,12.615857,60.0,8,1010000100000000000000000000000000000000011100000000000000000000
8527,12944,12.616182,260,8,0000000000000000000000000000000000000000111111111001010111111110
37071,4323,12.619881,0BA,5,0010100100000000000000000000010000101000
2849,12948,12.622018,25,8,0000000000011001000000000000000110011111011011110000000001010101
23056,12949,12.622635,0AA,8,0010001000010110001000011110011000100010000010000010000111001101
17007,12952,12.625648,226,8,0000000000000000000100000000000000000000000000000000000000000000
11005,12953,12.625997,620,8,0001000000000000000000000000000000000000000000000000000000000000
37072,8625,12.627371,0BA,5,0100111100000000000000000000000000101110
11708,12955,12.629397,2C1,8,0000000000000011100010010000001110010110110000000001011111000111
2850,12957,12.630967,25,8,0000000000011000000000000000000110111111011100000000000001110101
28865,12958,12.631206,24,8,0000001000010111000000100001101001000010000000001000000000100011
14698,12959,12.631446,1C6,8,0000000000000000000000000000010101010110000101100000000000000000
23057,12960,12.631674,0AA,8,0010001000011001001000011110100000100010000001110010000111010010
19221,12961,12.632627,0B4,8,0000000000000000000000000000000000001100000001110101110000101011
37073,8628,12.63486,0BA,5,1110000000101100111000000000000001100001
7725,12965,12.635082,435,8,1000000000000101000001011111111111100000001111110000000000000011
32323,12966,12.63532,1C4,8,0000101101011010000110110000000000000000000000000000000001001101
8528,12968,12.636104,260,8,0000000000000000000000000000000000000000111111111001010111111110
2851,12970,12.640947,25,8,0000000000010111000000000000000111011111011111100000000010100010
23058,12971,12.641618,0AA,8,0010001000011001001000011110111100100010000101000010000111011000
10915,12972,12.642074,436,8,0
37074,12929,12.64235,0BA,5,1100011000000000000000000000000010111110
37075,4327,12.649839,0BA,5,0010100100000000000000000000011100101011
2852,12975,12.650928,25,8,0000000000010110000000000000000100001111100010000000000011011011
28866,12976,12.651168,24,8,0000001000010101000000100001100001000010000000001000000000011111
23059,12977,12.651605,0AA,8,0010001000011001001000011111001100100010000011110010000111100100
19222,12978,12.652584,0B4,8,0000000000000000000000000000000000001100000001110110001000110001
32324,12981,12.65525,1C4,8,0000101101100010000110110000000000000000000000000000000001010101
8529,12984,12.655966,260,8,0000000000000000000000000000000000000000111111111000100111110010
17008,12985,12.656581,226,8,0000000000000000000100000000000000000000000000000000000000000000
37076,8648,12.657329,0BA,5,0100111100000000000000000000000000101110
11709,12986,12.659242,2C1,8,0000000000000011100011000000001110010000110000000001011111000100
2853,12988,12.660909,25,8,0000000000010101000000000000000100111111100010000000000000001010
14699,12989,12.661228,1C6,8,0000000000000000000000000000010101001101000101100000000000000000
23060,12990,12.661584,0AA,8,0010001000010111001000011111010000100010000100000010000111100010
575,12992,12.663569,320,8,0000000000100000000000000000000000000000000000000000000001001011
37077,8651,12.664818,0BA,5,1110000000101100101000000000000000100001
13781,12994,12.670018,434,8,0100001000000000000000000000000000000000000000000000000000000000
2854,12996,12.670912,25,8,0000000000010100000000000000000101111111100100100000000001010011
28867,12997,12.671158,24,8,0000001000010100000000100001010001000001111111111000000000011000
23061,12998,12.671533,0AA,8,0010001000011000001000011111100000100010000011100010000111101010
37078,12964,12.672308,0BA,5,1100011000000000000000000000000010111110
19223,12999,12.672541,0B4,8,0000000000000000000000000000000000010000000001110110001000110101
32325,13002,12.675223,1C4,8,0000101101101100000110110000000000000000000000000000000001011111
34837,13004,12.675609,3C3,8,0100011000011110100100110100111011101110010110010000001110001000
8530,13006,12.675982,260,8,0000000000000000000000000000000000000000111111111001010111111110
28172,13007,12.677001,437,8,1111110011111111111111111111111111111111111111111111111111111111
37079,4341,12.679797,0BA,5,0010100100000000000000000000010000101000
2855,13011,12.680999,25,8,0000000000010100000000000000000111011111100111000000000010111101
23062,13012,12.681533,0AA,8,0010001000011110001000011111100100100010000110100010000111101001
17009,13016,12.68452,226,8,0000000000000000000100000000000000000000000000000000000000000000
37080,8672,12.687287,0BA,5,0100111100000000000000000000000000101110
11710,13017,12.689317,2C1,8,0000000000000011100011000000001101110011110000000001011110100111
2856,13019,12.690867,25,8,0000000000010011000000000000000100101111100111000000000000001100
28868,13020,12.691105,24,8,0000001000010010000000100001000101000001111111011000000000010001
14700,13021,12.691344,1C6,8,0000000000000000000000000000010101000111000101100000000000000000
23063,13022,12.691569,0AA,8,0010001000011011001000011111100100100010000110010010000111101000
19224,13023,12.692498,0B4,8,0000000000000000000000000000000000010000000001110110100000111011
37081,8675,12.694777,0BA,5,1110000000101100010011000000000011001101
21634,13026,12.694947,443,8,0100110100000010000000000010111100000110000000000000000000000000
32326,13027,12.695192,1C4,8,0000101101110100000110110000000000000000000000000000000001100111
8531,13029,12.695739,260,8,0000000000000000000000000000000000000000111111111000100111110010
2857,13032,12.700818,25,8,0000000000010011000000000000000110011111101001100000000010000110
23064,13033,12.701496,0AA,8,0010001000011100001000011111110000100010000101110010000111101111
37082,12991,12.702266,0BA,5,1100011000000000000000000000000010111110
37083,4350,12.709756,0BA,5,0010100100000000000000000000011100101011
2858,13036,12.710798,25,8,0000000000010010000000000000000100001111101100000000000011111111
28869,13037,12.711037,24,8,0000001000010001000000100001001101000001111111011000000000010010
23065,13038,12.711472,0AA,8,0010001000011110001000011111111000100010000101000010000111101101
19225,13039,12.712486,0B4,8,0000000000000000000000000000000000010100000001110110110101000100
32327,13043,12.715132,1C4,8,0000101110000100000110110000000000000000000000000000000001110111
8532,13046,12.715792,260,8,0000000000000000000000000000000000000000111111111001010111111110
17010,13047,12.716452,226,8,0000000000000000000100000000000000000000000000000000000000000000
37084,8687,12.717245,0BA,5,0100111100000000000000000000000000101110
576,13048,12.717446,320,8,0000000000100000000000000000000000000000000000000000000001001011
11711,13049,12.719115,2C1,8,0000000000000011100010010000001101101100110000000001011110011101
14701,13050,12.721102,1C6,8,0000000000000000000000000000010101000001000101100000000000000000
2859,13052,12.721805,25,8,0000000000010010000000000000000110011111110000010000000010100000
23066,13053,12.72242,0AA,8,0010001000100001001000100000000100100010000101000010000111110011
35105,1595,12.723161,3D3,3,011011000001001000000000
37085,8692,12.724735,0BA,5,1110000000101100000111000000000010011101
2860,13057,12.730782,25,8,0000000000010001000000000000000100011111101100110000000000010001
28870,13058,12.731023,24,8,0000001000010000000000100001000101000001111111011000000000001111
23067,13060,12.731431,0AA,8,0010001000100100001000100000100000100010000110110010000111101110
37086,13025,12.732224,0BA,5,1100011000000000000000000000000010111110
19226,13061,12.732407,0B4,8,0000000000000000000000000000000000010100000001110110110101000100
32328,13063,12.735114,1C4,8,0000101110100001000110110000000000000000000000000000000010010100
8533,13065,12.735641,260,8,0000000000000000000000000000000000000000111111111000100111110010
37087,4360,12.739714,0BA,5,0010100100000000000000000000010000101000
2861,13069,12.740794,25,8,0000000000010001000000000000000110111111110001000000000011000010
23068,13070,12.741407,0AA,8,0010001000100101001000100000110000100010000101100010000111110100
17011,13073,12.744394,226,8,0000000000000000000100000000000000000000000000000000000000000000
43496,3317,12.74714,423,2,10101000001000
37088,8712,12.747203,0BA,5,0100111100000000000000000000000000101110
11712,13076,12.74904,2C1,8,0000000000000011100100110000001101110110110000000001011110110001
2862,13078,12.75074,25,8,0000000000010000000000000000000101011111110011100000000001101011
28871,13079,12.750989,24,8,0000001000001111000000100000111101000001111111011000000000001100
14702,13080,12.751231,1C6,8,0000000000000000000000000000010100111011000101100000000000000000
23069,13081,12.751461,0AA,8,0010001000101000001000100000111100100010000110100010000111111101
19227,13082,12.752367,0B4,8,0000000000000000000000000000000000011000000001110111001101001110
37089,8716,12.754693,0BA,5,1110000000101011111100000000000001110000
32329,13085,12.755046,1C4,8,0000101110110001000110110000000000000000000000000000000010100100
8534,13087,12.755516,260,8,0000000000000000000000000000000000000000111111111010000100001010
28002,13088,12.759829,6C0,8,1110010000000000000000001110000010000000000000000000000000000000
2863,13090,12.760696,25,8,0000000000010000000000000000000100001111110011100000000000011011
23070,13091,12.761366,0AA,8,0010001000101100001000100000110000100010000110110010000111111110
37090,13054,12.762182,0BA,5,1100011000000000000000000000000010111110
577,13092,12.762355,320,8,0000000000100000000000000000000000000000000000000000000001001011
37091,4373,12.769672,0BA,5,0010100100000000000000000000011100101011
2864,13096,12.770676,25,8,0000000000010000000000000000000111001111110011100000000011011011
28872,13097,12.770919,24,8,0000001000001110000000100000111101000001111111011000000000001011
23071,13098,12.771348,0AA,8,0010001000101101001000100000110100100010000111000010000111111110
19228,13099,12.772331,0B4,8,0000000000000000000000000000000000011000000001110111100101010100
32330,13102,12.775018,1C4,8,0000101110111110000110110000000000000000000000000000000010110001
8535,13105,12.775611,260,8,0000000000000000000000000000000000000000111111111000100111110010
17012,13106,12.776324,226,8,0000000000000001000100000000000000000000000000000000000000000000
37092,8736,12.777162,0BA,5,0100111100000000000000000000000000101110
11713,13108,12.778996,2C1,8,0000000000000011100100110000001101110011110000000001011110101110
13970,13109,12.779792,38E,8,0
2865,13112,12.780659,25,8,0000000000001111000000000000000101111111110101110000000010010011
14703,13113,12.780982,1C6,8,0000000000000000000000000000010100110101000101100000000000000000
23072,13114,12.781326,0AA,8,0010001000110101001000100001010100100010001000010010000111111010
37093,8739,12.784651,0BA,5,1110000000101011111101000000000001110100
2866,13117,12.790662,25,8,0000000000001111000000000000000101001111110111010000000001101001
28873,13118,12.790904,24,8,0000001000001101000000100001000101000010000000001000000000010000
23073,13119,12.791278,0AA,8,0010001000110100001000100001011100100010001000000010001000000101
37094,13084,12.792141,0BA,5,1100011000000000000000000000000010111110
19229,13120,12.79229,0B4,8,0000000000000000000000000000000000011100000001110111111001011101
32331,13122,12.794971,1C4,8,0000101111001100000110110000000000000000000000000000000010111111
8536,13124,12.795428,260,8,0000000000000000000000000000000000000000111111111001010111111110
43681,431,12.796147,3BB,5,1011101100000000000000000000000000100110
13842,13126,12.799314,4C6,8,0000011100000000000000110000000000000000000000000000000000000000
37095,4384,12.79963,0BA,5,0010100100000000000000000000010000101000
31413,13127,12.799668,44D,8,0100001000000010000000000000000000000001000000000000000000000000
2867,13130,12.800626,25,8,0000000000001111000000000000000100011111110111010000000000111001
23074,13131,12.801288,0AA,8,0010001000110111001000100001110000100010001001000010001000000111
17013,13134,12.804272,226,8,0000000000000000000100000000000000000000000000000000000000000000
37096,8750,12.80712,0BA,5,0100111100000000000000000000000000101110
11714,13136,12.80907,2C1,8,0000000000000011100101100000001101101100110000000001011110101010
2868,13139,12.810626,25,8,0000000000001111000000000000000111101111110111110000000000001011
28874,13140,12.810868,24,8,0000001000001100000000100001001101000010000000011000000000010010
14704,13141,12.811111,1C6,8,0000000000000000000000000000010100101111000101100000000000000000
23075,13142,12.811339,0AA,8,0010001000111010001000100010001000100010001000010010001000001110
19230,13143,12.812244,0B4,8,0000000000000000000000000000000000011100000001111000010001100011
37097,8753,12.814609,0BA,5,1110000000101100000100000000000010010001
32332,13147,12.81492,1C4,8,0000101111010111000110110000000000000000000000000000000011001010
578,13149,12.815331,320,8,0000000000100000000000000000000000000000000000000000000001001011
8537,13150,12.815573,260,8,0000000000000000000000000000000000000000111111111010110100010110
2869,13152,12.820572,25,8,0000000000001111000000000000000110111111111001010000000011100001
23076,13153,12.821241,0AA,8,0010001000111100001000100010000100100010001000110010001000001100
37098,13115,12.822099,0BA,5,1100011000000000000000000000000010111110
37099,4391,12.829588,0BA,5,0010100100000000000000000000011100101011
2870,13157,12.830554,25,8,0000000000001111000000000000000110011111111001010000000011000001
28875,13158,12.830794,24,8,0000001000001100000000100001001101000010000000111000000000010100
23077,13159,12.831224,0AA,8,0010001000111111001000100010100000100010001001000010001000010000
19231,13160,12.832211,0B4,8,0000000000000000000000000000000000100000000001111000100101101100
32333,13163,12.834888,1C4,8,0000101111100101000110110000000000000000000000000000000011011000
8538,13166,12.835479,260,8,0000000000000000000000000000000000000000111111111010110100010110
17014,13167,12.836206,226,8,0000000000000000000100000000000000000000000000000000000000000000
37100,8773,12.837078,0BA,5,0100111100000000000000000000000000101110
11715,13168,12.838993,2C1,8,0000000000000011100101100000001101101100110000000001011110101010
13715,13169,12.839667,3A5,8,100000000
14705,13170,12.840861,1C6,8,0000000000000000000000000000010100101001000101100000000000000000
2871,13172,12.841586,25,8,0000000000001110000000000000000101011111111001110000000010000010
23078,13173,12.842174,0AA,8,0010001001000000001000100010101100100010001001010010001000010101
37101,8775,12.844567,0BA,5,1110000000101100000101000000000010010101
2872,13177,12.850568,25,8,0000000000001110000000000000000100101111111001110000000001010010
28876,13178,12.850806,24,8,0000001000001011000000100001001101000010000000111000000000010011
23079,13179,12.851157,0AA,8,0010001000111111001000100010101100100010001010000010001000010100
37102,13146,12.852057,0BA,5,1100011000000000000000000000000010111110
19232,13180,12.852163,0B4,8,0000000000000000000000000000000000100100000001111000111101110110
16396,13182,12.854572,3F9,8,0111010100011000000000100000001010000000000000000000000000010101
32334,13183,12.854924,1C4,8,0000101111110000000110110000000000000000000000000000000011100011
8539,13185,12.855331,260,8,0000000000000000000000000000000000000000111111111011100000100001
7799,13186,12.856394,610,8,0010000000000000000100110110010011000000000000000111000101000000
37103,4404,12.859547,0BA,5,0010100100000000000000000000010000101000
2873,13189,12.861548,25,8,0000000000001110000000000000000100001111111010010000000000110100
23080,13191,12.862132,0AA,8,0010001001000111001000100010110100100010001001010010001000011000
17015,13194,12.865151,226,8,0000000000000000000100000000000000000000000000000000000000000000
579,13195,12.866143,320,8,0000000000100000000000000000000000000000000000000000000001001011
37104,8794,12.867036,0BA,5,0100111100000000000000000000000000101110
31323,13196,12.868367,640,8,1010100000000000000000000011011100000001110111100000000000000000
11716,13197,12.868803,2C1,8,0000000000000011100100110000001101101100110000000001011110100111
35009,13199,12.869607,413,8,0000000100000001000000010000100100000000000000000000000000000000
2874,13201,12.87047,25,8,0000000000001110000000000000000111101111111010010000000000010100
28877,13202,12.870711,24,8,0000001000001011000000100001010001000010000000111000000000010100
14706,13203,12.870953,1C6,8,0000000000000000000000000000010100100100000101100000000000000000
23081,13204,12.871178,0AA,8,0010001001000110001000100010101100100010001100000010001000010100
19233,13205,12.872124,0B4,8,0000000000000000000000000000000000100100000001111001010101111100
37105,8797,12.874526,0BA,5,1110000000101100000101000000000010010101
32335,13209,12.874814,1C4,8,0000101111111000000110110000000000000000000000000000000011101011
8540,13212,12.875432,260,8,0000000000000000000000000000000000000000111111111100010100101110
2875,13216,12.880451,25,8,0000000000001110000000000000000111001111111010010000000011110100
23082,13217,12.88112,0AA,8,0010001001000100001000100010111000100010001010100010001000011011
37106,13174,12.882015,0BA,5,1100011000000000000000000000000010111110
37107,4411,12.889505,0BA,5,0010100100000000000000000000011100101011
2876,13219,12.890485,25,8,0000000000001110000000000000000111001111111100000000000011111011
28878,13220,12.890724,24,8,0000001000001011000000100001010001000010000001011000000000010110
23083,13221,12.891071,0AA,8,0010001001000100001000100011010100100010001100010010001000011011
19234,13222,12.892116,0B4,8,0000000000000000000000000000000000101000000001111001101010000101
32336,13226,12.894766,1C4,8,0000110000000001000110110000000000000000000000000000000011110101
8541,13229,12.895359,260,8,0000000000000000000000000000000000000000000000000000101101110101
13358,13230,12.895516,394,3,0
17016,13231,12.896079,226,8,0000000000000000000100000000000000000000000000000000000000000000
37108,8810,12.896994,0BA,5,0100111100000000000000000000000000101110
11717,13232,12.898753,2C1,8,0000000000000011100100110000001101100110110000000001011110100001
2877,13234,12.900413,25,8,0000000000001110000000000000000111001111111100000000000011111011
14707,13235,12.900742,1C6,8,0000000000000000000000000000010100011110000101100000000000000000
23084,13236,12.901078,0AA,8,0010001001001010001000100011101000100010001100100010001000011100
103,13238,12.903073,3B7,8,1000
14060,13239,12.904268,442,8,0100001100000010000000000000000000000010000000000000000000000000
37109,8813,12.904484,0BA,5,1110000000101100000111000000000010011101
2878,13241,12.910392,25,8,0000000000001110000000000000000110111111111100000000000011101011
28879,13242,12.910629,24,8,0000001000001010000000100001001101000010000001011000000000010100
23085,13244,12.911059,0AA,8,0010001001010011001000100011101100100010001101110010001000100001
37110,13207,12.911973,0BA,5,1100011000000000000000000000000010111110
19235,13245,12.912047,0B4,8,0000000000000000000000000000000000101000000001111001101010000101
580,13247,12.914048,320,8,0000000000100000000000000000000000000000000000000000000001001011
32337,13248,12.914732,1C4,8,0000110000001000000110110000000000000000000000000000000011111100
8542,13250,12.91514,260,8,0000000000000000000000000000000000000000111111111111010001011101
37111,4421,12.919463,0BA,5,0010100100000000000000000000010000101000
2879,13253,12.921425,25,8,0000000000001110000000000000000110101111111100000000000011011011
23086,13254,12.922006,0AA,8,0010001001011010001000100011101000100010001101110010001000100011
17017,13257,12.925055,226,8,0000000000000000000100000000000000000000000000000000000000000000
11006,13258,12.925274,620,8,0001000000000000000000000000000000000000000000000000000000000000
37112,8832,12.926952,0BA,5,0100111100000000000000000000000000101110
11718,13261,12.928683,2C1,8,0000000000000011100110010000001101010110110000000001011110010111
2880,13263,12.930375,25,8,0000000000001110000000000000000110011111111101000000000011001111
28880,13264,12.930616,24,8,0000001000001010000000100001010001000010000001011000000000010101
14708,13265,12.93086,1C6,8,0000000000000000000000000000010100011000000101100000000000000000
23087,13266,12.931083,0AA,8,0010001001011110001000100011101000100010001110100010001000101100
19236,13267,12.932001,0B4,8,0000000000000000000000000000000000101100000001111010011010010101
37113,8834,12.934442,0BA,5,1110000000101100001101000000000010110101
32338,13271,12.934687,1C4,8,0000110000010100000110110000000000000000000000000000000000001000
8543,13273,12.935093,260,8,0000000000000000000000000000000000000000111111111101000000111001
2881,13276,12.940359,25,8,0000000000001101000000000000000101111111111101100000000010110000
23088,13277,12.941,0AA,8,0010001001011100001000100100000100100010010000110010001000101101
37114,13237,12.941932,0BA,5,1100011000000000000000000000000010111110
37115,4430,12.949421,0BA,5,0010100100000000000000000000011100101011
2882,13280,12.950332,25,8,0000000000001101000000000000000101101111111110000000000010100010
28881,13281,12.950569,24,8,0000001000001010000000100001100001000010000001101000000000011010
23089,13282,12.950976,0AA,8,0010001001011100001000100100011000100010010000100010001000110001
19237,13283,12.951958,0B4,8,0000000000000000000000000000000000101100000001111010011010010101
32339,13287,12.954652,1C4,8,0000110000011000000110110000000000000000000000000000000000001100
8544,13290,12.955245,260,8,0000000000000000000000000000000000000000111111111110100001010001
17018,13291,12.955956,226,8,0000000000000000000100000000000000000000000000000000000000000000
37116,8854,12.956911,0BA,5,0100111100000000000000000000000000101110
27811,13292,12.956949,420,8,0000000000000000000000000000000011111111000000001000000010101011
11719,13293,12.958633,2C1,8,0000000000000011100110010000001101010110110000000001011110010111
2883,13296,12.960467,25,8,0000000000001101000000000000000101101111111110010000000010100011
14709,13297,12.96071,1C6,8,0000000000000000000000000000010100010010000101100000000000000000
23090,13298,12.960956,0AA,8,0010001001011010001000100100110000100010010010100010001000110001
581,13300,12.96294,320,8,0000000000100000000000000000000000000000000000000000000001001011
37117,8857,12.9644,0BA,5,1110000000101100010011000000000011001101
11237,13301,12.969859,4C8,8,0000100100000000000000000000000000000000000000000000000000000000
28882,13303,12.970342,24,8,0000001000001010000000100001101001000010000010101000000000100000
2884,13304,12.970584,25,8,0000000000001101000000000000000101011111111110100000000010010100
23091,13305,12.970913,0AA,8,0010001001011111001000100100111100100010010100000010001000111111
37118,13270,12.97189,0BA,5,1100011000000000000000000000000010111110
19238,13306,12.971948,0B4,8,0000000000000000000000000000000000110000000001111010101110011110
7605,13309,12.974135,3BC,8,0
32340,13310,12.974606,1C4,8,0000110000010101000110110000000000000000000000000000000000001001
8545,13312,12.975014,260,8,0000000000000000000000000000000000000000000000000000101101110101
37119,4443,12.979379,0BA,5,0010100100000000000000000000010000101000
2885,13316,12.981301,25,8,0000000000001101000000000000000101011111111110100000000010010100
23092,13317,12.98189,0AA,8,0010001001100001001000100100111100100010010100000010001001000100
43411,78,12.982766,3000000.0,6,110000010000101110100010000000010000000000000000
35106,13094,12.982817,3D3,3,111001010000001011111101
17019,13320,12.984902,226,8,0000000000000000000100000000000000000000000000000000000000000000
37120,8871,12.986869,0BA,5,0100111100000000000000000000000000101110
11720,13321,12.988567,2C1,8,0000000000000011100101100000001101011001110000000001011110010111
2886,13323,12.990282,25,8,0000000000001101000000000000000101001111111110100000000010000100
28883,13324,12.990518,24,8,0000001000001010000000100001101001000010000010101000000000100000
14710,13325,12.99076,1C6,8,0000000000000000000000000000010100001100000101100000000000000000
23093,13326,12.990986,0AA,8,0010001001100101001000100101010100100010010101010010001001000001
19239,13327,12.99188,0B4,8,0000000000000000000000000000000000110000000001111011011010101001
37121,8876,12.994358,0BA,5,1110000000101100010100000000000011010001
32341,13331,12.994577,1C4,8,0000110000010011000110110000000000000000000000000000000000000111
8546,13333,12.994996,260,8,0000000000000000000000000000000000000000111111111111010001011101
27872,13335,12.998886,4DC,8,0001110100000000000000000000000000000000000000000000000000000000
2887,13337,13.000235,25,8,0000000000001101000000000000000100111111111110100000000001110100
23094,13338,13.000877,0AA,8,0010001001100110001000100101101000100010010111110010001001000110
37122,13299,13.001848,0BA,5,1100011000000000000000000000000010111110
21635,13340,13.004326,443,8,0100110100000010000000000010111100000110000000000000000000000000
37123,4449,13.009337,0BA,5,0010100100000000000000000000011100101011
2888,13343,13.010211,25,8,0000000000001101000000000000000100101111111110100000000001100100
28884,13344,13.010451,24,8,0000001000001001000000100001101001000010000010101000000000011111
23095,13345,13.010851,0AA,8,0010001001100110001000100101110100100010010110110010001001000101
19240,13346,13.011838,0B4,8,0000000000000000000000000000000000110100000001111011110010110011
8547,13349,13.01454,260,8,0000000000000000000000000000000000000000000000000000101101110101
32342,13351,13.015023,1C4,8,0000110000011000000110110000000000000000000000000000000000001100
17020,13353,13.015836,226,8,0000000000000000000100000000000000000000000000000000000000000000
37124,8893,13.016827,0BA,5,0100111100000000000000000000000000101110
582,13354,13.016833,320,8,0000000000100000000000000000000000000000000000000000000001001011
11721,13355,13.018517,2C1,8,0000000000000011100110010000001101001001110000000001011110001010
1536,13357,13.019315,6F3,8,0010000000000000000000000000000000000000000000000000000000000000
2889,13359,13.020191,25,8,0000000000001101000000000000000100101111111110100000000001100100
14711,13360,13.020502,1C6,8,0000000000000000000000000000010100000110000101100000000000000000
23096,13361,13.020831,0AA,8,0010001001101001001000100101111000100010010111010010001001001110
31582,13364,13.023823,633,8,1000000100000000000000000000000000000000000000000000000000000000
37125,8895,13.024317,0BA,5,1110000000101100010100000000000011010001
2890,13367,13.030197,25,8,0000000000001101000000000000000100011111111110100000000001010100
28885,13368,13.030435,24,8,0000001000001010000000100001100001000010000011001000000000100000
11177,13369,13.03068,39A,8,0000000000000000000000000000000100000000000000000000000000000000
23097,13370,13.030905,0AA,8,0010001001101110001000100101110100100010010111000010001001001100
19241,13371,13.0318,0B4,8,0000000000000000000000000000000000111000000001111100001010111101
37126,13330,13.031806,0BA,5,1100011000000000000000000000000010111110
13529,13373,13.033833,399,8,0000000000000000000000000000000000000000111111110000000000000000
8548,13374,13.03449,260,8,0000000000000000000000000000000000000000000000000000101101110101
32343,13375,13.034732,1C4,8,0000110000011010000110110000000000000000000000000000000000001110
37127,4463,13.039296,0BA,5,0010100100000000000000000000010000101000
2891,13379,13.040156,25,8,0000000000001101000000000000000100011111111110100000000001010100
23098,13380,13.040797,0AA,8,0010001001110011001000100101111100100010010110110010001001001111
17021,13384,13.04378,226,8,0000000000000000000100000000000000000000000000000000000000000000
37128,8915,13.046785,0BA,5,0100111100000000000000000000000000101110
11722,13385,13.048443,2C1,8,0000000000000011100100110000001101000000110000000001011101111011
2892,13388,13.05013,25,8,0000000000001101000000000000000100011111111110100000000001010100
28886,13389,13.050369,24,8,0000001000001001000000100001011001000010000010101000000000011011
14712,13390,13.050612,1C6,8,0000000000000000000000000000010100000000000101100000000000000000
23099,13391,13.050838,0AA,8,0010001001110111001000100110011000100010011000110010001001001011
19242,13392,13.051764,0B4,8,0000000000000000000000000000000000111000000001111100011111000010
13,13395,13.054185,3B1,8,0000000000000000000000100000101000000000000010000000000000000000
37129,8918,13.054275,0BA,5,1110000000101100010100000000000011010001
32344,13396,13.054453,1C4,8,0000110000010100000110110000000000000000000000000000000000001000
8549,13398,13.054865,260,8,0000000000000000000000000000000000000000000000000000101101110101
28003,13400,13.058724,6C0,8,1110010000000000000000001110000010000000000000000000000000000000
2893,13402,13.060108,25,8,0000000000001101000000000000000100001111111110110000000001000101
23100,13403,13.060754,0AA,8,0010001001110111001000100110110000100010011000110010001001001111
583,13404,13.061744,320,8,0000000000100000000000000000000000000000000000000000000001001011
37130,13362,13.061764,0BA,5,1100011000000000000000000000000010111110
37131,4471,13.069254,0BA,5,0010100100000000000000000000011100101011
2894,13408,13.070084,25,8,0000000000001101000000000000000100001111111110110000000001000101
28887,13409,13.070324,24,8,0000001000001010000000100001011001000010000010001000000000011010
23101,13410,13.070732,0AA,8,0010001001111000001000100110100100100010011010000010001001011000
19243,13411,13.071714,0B4,8,0000000000000000000000000000000000111100000001111100110111001100
32345,13415,13.074559,1C4,8,0000110000010100000110110000000000000000000000000000000000001000
8550,13418,13.075158,260,8,0000000000000000000000000000000000000000000000000000101101110101
17022,13419,13.075711,226,8,0000000000000000000100000000000000000000000000000000000000000000
37132,8934,13.076743,0BA,5,0100111100000000000000000000000000101110
11723,13421,13.078396,2C1,8,0000000000000011100110010000001101010000110000000001011110010001
2895,13424,13.080065,25,8,0000000000001101000000000000000100001111111110110000000001000101
14713,13425,13.080384,1C6,8,0000000000000000000000000000010011111011000101100000000000000000
23102,13426,13.080714,0AA,8,0010001001111110001000100110011000100010011010000010001001011000
43497,12685,13.082591,423,2,1000100000000
37133,8937,13.084233,0BA,5,1110000000101100010100000000000011010001
2896,13429,13.090071,25,8,0000000000001101000000000000000100001111111110110000000001000101
28888,13430,13.09031,24,8,0000001000001010000000100001001101000010000010001000000000010111
23103,13431,13.09066,0AA,8,0010001001111110001000100110010000100010011011110010001001011010
19244,13433,13.091672,0B4,8,0000000000000000000000000000000000111100000001111100110111001100
37134,13394,13.091722,0BA,5,1100011000000000000000000000000010111110
43682,878,13.093732,3BB,5,1010010100000000000000000000000000000000
32346,13435,13.094372,1C4,8,0000110000010100000110110000000000000000000000000000000000001000
8551,13437,13.094781,260,8,0000000000000000000000000000000000000000000000000000101101110101
37135,4480,13.099212,0BA,5,0010100100000000000000000000010000101000
2897,13440,13.100026,25,8,0000000000001101000000000000000100001111111110110000000001000101
23104,13441,13.100668,0AA,8,0010001010000001001000100110100100100010011011110010001001011001
17023,13444,13.103658,226,8,0000000000000000000100000000000000000000000000000000000000000000
16397,13445,13.104681,3F9,8,0111010100011000000000100000001010000000000000000000000000010101
37136,8956,13.106701,0BA,5,0100111100000000000000000000000000101110
11724,13447,13.108328,2C1,8,0000000000000011100110010000001101001001110000000001011110001010
31414,13448,13.108599,44D,8,0100001000000010000000000000000000000001000000000000000000000000
2898,13451,13.110018,25,8,0000000000001101000000000000000100001111111110110000000001000101
28889,13452,13.110245,24,8,0000001000001010000000100001000101000010000010001000000000010101
14714,13453,13.110482,1C6,8,0000000000000000000000000000010011110101000101100000000000000000
23105,13454,13.110708,0AA,8,0010001010000001001000100110101000100010011011110010001001011100
19245,13455,13.111635,0B4,8,0000000000000000000000000000000001000000000001111101001111010110
37137,8959,13.114191,0BA,5,1110000000101100010100000000000011010001
8552,13458,13.114293,260,8,0000000000000000000000000000000000000000000000000000101101110101
32347,13459,13.114539,1C4,8,0000110000011100000110110000000000000000000000000000000000010000
584,13461,13.114947,320,8,0000000000100000000000000000000000000000000000000000000001001011
34946,13462,13.115628,4C3,8,0000001100000000000000000000000100000000000000000000000000000000
2899,13464,13.12,25,8,0000000000001101000000000000000111111111111110110000000000110101
23106,13465,13.120629,0AA,8,0010001010000100001000100111100000100010011100010010001001011101
37138,13427,13.121681,0BA,5,1100011000000000000000000000000010111110
31252,13468,13.125717,4A6,8,0000000000000000000000000000000000000000000010100000000000000000
37139,4490,13.12917,0BA,5,0010100100000000000000000000011100101011
2900,13471,13.129968,25,8,0000000000001101000000000000000111101111111110110000000000100101
28890,13472,13.130212,24,8,0000001000001010000000100000111101000010000010101000000000010101
23107,13473,13.130612,0AA,8,0010001010001000001000100111010000100010011011000010001001100100
19246,13474,13.131599,0B4,8,0000000000000000000000000000000001000000000001111101100011011011
8553,13478,13.13416,260,8,0000000000000000000000000000000000000000000000000000101101110101
32348,13479,13.134398,1C4,8,0000110000110101000110110000000000000000000000000000000000101001
17024,13482,13.135589,226,8,0000000000000001000100000000000000000000000000000000000000000000
37140,8980,13.13666,0BA,5,0100111100000000000000000000000000101110
11725,13483,13.138283,2C1,8,0000000000000011100100110000001101000000110000000001011101111011
13293,13484,13.139057,30000000.0,7,0
2901,13487,13.139971,25,8,0000000000001101000000000000000111011111111110110000000000010101
14715,13488,13.140262,1C6,8,0000000000000000000000000000010011101111000101100000000000000000
23108,13489,13.14059,0AA,8,0010001010000111001000100111010100100010011101000010001001100101
37141,8983,13.144149,0BA,5,1110000000101100011000000000000011100001
2902,13492,13.149955,25,8,0000000000001101000000000000000111011111111110110000000000010101
28891,13493,13.150196,24,8,0000001000001010000000100001000101000010000010001000000000010101
23109,13494,13.15054,0AA,8,0010001010001101001000100111010100100010011100110010001001100101
19247,13495,13.151555,0B4,8,0000000000000000000000000000000001000100000001111101111011100101
37142,13457,13.151639,0BA,5,1100011000000000000000000000000010111110
8554,13497,13.154084,260,8,0000000000000000000000000000000000000000111111111111010001011101
32349,13498,13.154322,1C4,8,0000110001000011000110110000000000000000000000000000000000110111
37143,4504,13.159128,0BA,5,0010100100000000000000000000010000101000
2903,13503,13.159911,25,8,0000000000001101000000000000000111001111111111000000000000000110
23110,13504,13.160548,0AA,8,0010001010001100001000100111100000100010011110000010001001100111
17025,13507,13.163536,226,8,0000000000000000000100000000000000000000000000000000000000000000
585,13508,13.164532,320,8,0000000000100000000000000000000000000000000000000000000001001011
37144,8995,13.166618,0BA,5,0100111100000000000000000000000000101110
11726,13509,13.168206,2C1,8,0000000000000011100100110000001101001001110000000001011110000100
27944,13510,13.169018,300000000.0,8,0
2904,13512,13.169888,25,8,0000000000001101000000000000000110111111111111000000000011110110
28892,13513,13.17013,24,8,0000001000001010000000100000111101000010000010001000000000010011
14716,13514,13.170369,1C6,8,0000000000000000000000000000010011101001000101100000000000000000
23111,13515,13.170592,0AA,8,0010001010010011001000100111101000100010011101010010001001100101
19248,13516,13.171512,0B4,8,0000000000000000000000000000000001001000000001111101111011101001
8555,13520,13.174076,260,8,0000000000000000000000000000000000000000000000000000000001101010
37145,8998,13.174107,0BA,5,1110000000101100011011000000000011101101
32350,13521,13.174316,1C4,8,0000110001001111000110110000000000000000000000000000000001000011
34838,13524,13.174914,3C3,8,0100011000011110100100110100111011101110010110010000001110001000
2905,13526,13.179872,25,8,0000000000001101000000000000000110101111111111000000000011100110
23112,13527,13.18051,0AA,8,0010001010010001001000100111110100100010011111010010001001101010
37146,13490,13.181597,0BA,5,1100011000000000000000000000000010111110
35308,4150,13.182476,386,7,10100100000000000000000000000000000000000000000010000000
37147,4510,13.189086,0BA,5,0010100100000000000000000000011100101011
2906,13530,13.189845,25,8,0000000000001101000000000000000110101111111111000000000011100110
28893,13531,13.190089,24,8,0000001000001010000000100000111101000010000010101000000000010101
23113,13532,13.190487,0AA,8,0010001010010001001000100111101000100010011110000010001001100100
19249,13534,13.191477,0B4,8,0000000000000000000000000000000001001000000001111110001111101110
8556,13537,13.193895,260,8,0000000000000000000000000000000000000000111111111111010001011101
13359,13538,13.19406,394,3,0
32351,13539,13.194289,1C4,8,0000110001011010000110110000000000000000000000000000000001001110
17026,13542,13.195465,226,8,0000000000000000000100000000000000000000000000000000000000000000
37148,9015,13.196576,0BA,5,0100111100000000000000000000000000101110
11727,13543,13.198157,2C1,8,0000000000000011100100110000001100110110110000000001011101110001
27924,13545,13.198954,3000000000.0,8,0
2907,13547,13.199829,25,8,0000000000001101000000000000000110011111111111000000000011010110
14717,13548,13.200147,1C6,8,0000000000000000000000000000010011100011000101100000000000000000
23114,13549,13.200468,0AA,8,0010001010010011001000100111111000100010100000100010001001101011
104,13551,13.202459,3B7,8,1000
37149,9019,13.204066,0BA,5,1110000000101100011001000000000011100101
2908,13555,13.2098,25,8,0000000000001101000000000000000110011111111111000000000011010110
28894,13556,13.210041,24,8,0000001000001010000000100001000101000010000011001000000000011001
23115,13557,13.210449,0AA,8,0010001010011000001000100111111100100010100000010010001001100110
19250,13558,13.21143,0B4,8,0000000000000000000000000000000001001100000001111110100111111000
37150,13519,13.211555,0BA,5,1100011000000000000000000000000010111110
586,13560,13.213434,320,8,0000000000100000000000000000000000000000000000000000000001001011
8557,13561,13.213781,260,8,0000000000000000000000000000000000000000000000000000101101110101
32352,13562,13.214126,1C4,8,0000110001101110000110110000000000000000000000000000000001100010
14061,13564,13.215484,442,8,0100001100000010000000000000000000000010000000000000000000000000
37151,4525,13.219045,0BA,5,0010100100000000000000000000010000101000
2909,13567,13.219786,25,8,0000000000001100000000000000000101111111111111000000000010110101
23116,13568,13.220426,0AA,8,0010001010011001001000101000001100100010100001100010001001101001
17027,13572,13.223414,226,8,0000000000000000000100000000000000000000000000000000000000000000
7666,13574,13.224614,611,8,0010000100000000000000000001000000000000000000000011110101101100
37152,9038,13.226534,0BA,5,0100111100000000000000000000000000101110
11728,13575,13.228158,2C1,8,0000000000000011100100110000001100110000110000000001011101101011
2910,13577,13.22979,25,8,0000000000001100000000000000000101111111111111000000000010110101
28895,13578,13.230028,24,8,0000001000001010000000100001001101000010000011001000000000011011
14718,13579,13.230268,1C6,8,0000000000000000000000000000010011011101000101100000000000000000
23117,13580,13.23049,0AA,8,0010001010010111001000101000011000100010100010010010001001101101
19251,13581,13.231391,0B4,8,0000000000000000000000000000000001001100000001111110100111111000
8558,13584,13.233714,260,8,0000000000000000000000000000000000000000000000000000101101110101
37153,9041,13.234024,0BA,5,1110000000101100011010000000000011101001
32353,13585,13.234088,1C4,8,0000110001110000000110110000000000000000000000000000000001100100
11007,13587,13.236443,620,8,0001000000000000000000000000000000000000000000000000000000000000
2911,13590,13.239743,25,8,0000000000001100000000000000000101111111111111000000000010110101
23118,13591,13.240385,0AA,8,0010001010011010001000101000100000100010100001110010001001110001
37154,13550,13.241513,0BA,5,1100011000000000000000000000000010111110
35107,1655,13.242474,3D3,3,011011000001001000000000
37155,4533,13.249003,0BA,5,0010100100000000000000000000011100101011
2912,13593,13.249731,25,8,0000000000001100000000000000000101111111111111000000000010110101
28896,13594,13.249968,24,8,0000001000001001000000100001001101000010000010101000000000011000
23119,13595,13.250363,0AA,8,0010001010011111001000101000110000100010100011100010001001110111
19252,13596,13.25138,0B4,8,0000000000000000000000000000000001010000000001111110111100000010
8559,13599,13.253642,260,8,0000000000000000000000000000000000000000000000000000101101110101
32354,13600,13.254047,1C4,8,0000110001110101000110110000000000000000000000000000000001101001
17028,13605,13.25539,226,8,0000000000000000000100000000000000000000000000000000000000000000
37156,9053,13.256492,0BA,5,0100111100000000000000000000000000101110
34766,13606,13.257309,4DF,8,0010000000000000000000000000000100000000000000000000000000000000
11729,13607,13.258037,2C1,8,0000000000000011100101100000001100111100110000000001011101111010
14719,13608,13.260021,1C6,8,0000000000000000000000000000010011010111000101100000000000000000
2913,13610,13.260728,25,8,0000000000001100000000000000000101111111111111000000000010110101
23120,13611,13.261312,0AA,8,0010001010100011001000101000110000100010100011010010001001111001
587,13614,13.263327,320,8,0000000000100000000000000000000000000000000000000000000001001011
37157,9056,13.263982,0BA,5,1110000000101100100000000000000000000001
2914,13616,13.269709,25,8,0000000000001100000000000000000101111111111111000000000010110101
28897,13617,13.269947,24,8,0000001000001010000000100001001101000010000010001000000000010111
23121,13618,13.270295,0AA,8,0010001010100011001000101001001000100010100110010010001001111100
19253,13620,13.271311,0B4,8,0000000000000000000000000000000001010000000001111111010000000111
37158,13583,13.271471,0BA,5,1100011000000000000000000000000010111110
8560,13623,13.273668,260,8,0000000000000000000000000000000000000000000000000000101101110101
32355,13624,13.274017,1C4,8,0000110001111110000110110000000000000000000000000000000001110010
37159,4543,13.278961,0BA,5,0010100100000000000000000000010000101000
2915,13628,13.279663,25,8,0000000000001100000000000000000101101111111111000000000010100101
23122,13629,13.280303,0AA,8,0010001010100011001000101001011100100010100101110010001010000001
17029,13632,13.283295,226,8,0000000000000000000100000000000000000000000000000000000000000000
37160,9075,13.286451,0BA,5,0100111100000000000000000000000000101110
11730,13635,13.287966,2C1,8,0000000000000011100100110000001100011100110000000001011101010111
2916,13637,13.28967,25,8,0000000000001100000000000000000101101111111111000000000010100101
28898,13638,13.28991,24,8,0000001000001010000000100001010001000010000001101000000000010110
14720,13639,13.290151,1C6,8,0000000000000000000000000000010011010011000101100000000000000000
23123,13640,13.290377,0AA,8,0010001010100100001000101001101000100010100110010010001010000111
19254,13641,13.291266,0B4,8,0000000000000000000000000000000001010100000001111111101000010001
8561,13644,13.293553,260,8,0000000000000000000000000000000000000000000000000000101101110101
37161,9077,13.29394,0BA,5,1110000000101100100011000000000000001101
32356,13645,13.293973,1C4,8,0000110010001110000110110000000000000000000000000000000010000010
2917,13648,13.299618,25,8,0000000000001100000000000000000101101111111111010000000010100110
23124,13649,13.300265,0AA,8,0010001010101100001000101001111100100010100100110010001010000110
37162,13612,13.30143,0BA,5,1100011000000000000000000000000010111110
37163,4552,13.308919,0BA,5,0010100100000000000000000000011100101011
2918,13652,13.309594,25,8,0000000000001100000000000000000101101111111111010000000010100110
28899,13653,13.309861,24,8,0000001000001010000000100001010001000010000001101000000000010110
23125,13654,13.310244,0AA,8,0010001010110001001000101001111100100010100111110010001010001100
19255,13655,13.311228,0B4,8,0000000000000000000000000000000001011000000001111111101000010101
8562,13658,13.313529,260,8,0000000000000000000000000000000000000000000000000000000001101010
21636,13659,13.313766,443,8,0100110100000010000000000010111100000110000000000000000000000000
32357,13660,13.314006,1C4,8,0000110010010111000110110000000000000000000000000000000010001011
17030,13663,13.315222,226,8,0000000000000000000100000000000000000000000000000000000000000000
588,13664,13.316216,320,8,0000000000100000000000000000000000000000000000000000000001001011
37164,9096,13.316409,0BA,5,0100111100000000000000000000000000101110
11731,13665,13.317917,2C1,8,0000000000000011100011000000001100011001110000000001011001001100
2919,13667,13.319578,25,8,0000000000001100000000000000000101101111111111010000000010100110
14721,13669,13.320004,1C6,8,0000000000000000000000000000010011010000000101100000000000000000
23126,13670,13.320232,0AA,8,0010001010110001001000101001101000100010100101110010001010001000
37165,9100,13.323898,0BA,5,1110000000101100100100000000000000010001
2920,13676,13.329587,25,8,0000000000001100000000000000000101011111111111010000000010010110
28900,13677,13.329825,24,8,0000001000001010000000100001001101000010000001011000000000010100
23127,13678,13.330173,0AA,8,0010001010101001001000101001101000100010100101010010001010001010
19256,13679,13.331191,0B4,8,0000000000000000000000000000000001011000000010000000000000011100
37166,13643,13.331388,0BA,5,1100011000000000000000000000000010111110
8563,13681,13.333489,260,8,0000000000000000000000000000000000000000000000000000000001101010
32358,13682,13.333888,1C4,8,0000110010011100000110110000000000000000000000000000000010010000
37167,4565,13.338877,0BA,5,0010100100000000000000000000010000101000
2921,13687,13.340564,25,8,0000000000001100000000000000000101011111111111010000000010010110
23128,13688,13.341147,0AA,8,0010001010101010001000101010001000100010100101000010001010000101
17031,13691,13.344164,226,8,0000000000000000000100000000000000000000000000000000000000000000
37168,9117,13.346367,0BA,5,0100111100000000000000000000000000101110
11732,13692,13.347878,2C1,8,0000000000000011100001100000001100010000110000000001010100111100
2922,13694,13.349542,25,8,0000000000001100000000000000000101011111111111010000000010010110
28901,13695,13.34978,24,8,0000001000001010000000100001001101000010000010001000000000010111
14722,13696,13.350019,1C6,8,0000000000000000000000000000010011001101000101010000000000000000
23129,13697,13.350249,0AA,8,0010001010110011001000101010100000100010100110000010001010001110
19257,13698,13.351141,0B4,8,0000000000000000000000000000000001011100000010000000010100100101
8564,13703,13.353489,260,8,0000000000000000000000000000000000000000000000000000101101110101
16398,13704,13.353726,3F9,8,0111010100011000000000100000001010000000000000000000000000010101
37169,9120,13.353856,0BA,5,1110000000101100100101000000000000010101
32359,13705,13.354178,1C4,8,0000110010100000000110110000000000000000000000000000000010010100
7800,13707,13.356152,610,8,0010000000000000000101000110010011000000000000000111000101000000
28004,13708,13.35763,6C0,8,1110010000000000000000001110000010000000000000000000000000000000
2923,13710,13.359494,25,8,0000000000001100000000000000000101011111111111010000000010010110
23130,13711,13.360134,0AA,8,0010001010111001001000101010111000100010101000010010001010001100
589,13712,13.361128,320,8,0000000000100000000000000000000000000000000000000000000001001011
37170,13672,13.361346,0BA,5,1100011000000000000000000000000010111110
37171,4573,13.368836,0BA,5,0010100100000000000000000000011100101011
2924,13716,13.369472,25,8,0000000000001100000000000000000101011111111111010000000010010110
28902,13717,13.36971,24,8,0000001000001001000000100001010001000010000010001000000000010111
23131,13718,13.370116,0AA,8,0010001010111111001000101010111000100010101001110010001010010001
19258,13719,13.371101,0B4,8,0000000000000000000000000000000001011100000010000000101100101011
8565,13722,13.373322,260,8,0000000000000000000000000000000000000000000000000000101101110101
32360,13723,13.373809,1C4,8,0000110010011110000110110000000000000000000000000000000010010010
17032,13726,13.375095,226,8,0000000000000000000100000000000000000000000000000000000000000000
37172,9138,13.376325,0BA,5,0100111100000000000000000000000000101110
11733,13728,13.377799,2C1,8,0000000000000011011111000000001011111001110000000001001100011000
2925,13730,13.379453,25,8,0000000000001100000000000000000101011111111111010000000010010110
14723,13731,13.379787,1C6,8,0000000000000000000000000000010011001000000101010000000000000000
23132,13732,13.380095,0AA,8,0010001010111111001000101010110000100010101001110010001010010100
37173,9141,13.383815,0BA,5,1110000000101100100101000000000000010101
2926,13737,13.389462,25,8,0000000000001100000000000000000101011111111111010000000010010110
28903,13738,13.389701,24,8,0000001000001001000000100001011001000010000010001000000000011001
23133,13739,13.390046,0AA,8,0010001010111101001000101010110100100010101010010010001010010101
19259,13740,13.391064,0B4,8,0000000000000000000000000000000001100000000010000001000000110100
37174,13701,13.391304,0BA,5,1100011000000000000000000000000010111110
43683,14642,13.391317,3BB,5,0111000000000000000000001010000000000000
8566,13743,13.393268,260,8,0000000000000000000000000000000000000000000000000000101101110101
32361,13744,13.393781,1C4,8,0000110010100001000110110000000000000000000000000000000010010101
13905,13746,13.395046,622,8,0001001000000000000000000000000000000000000000000000000000000000
37175,4587,13.398794,0BA,5,0010100100000000000000000000010000101000
2927,13749,13.399416,25,8,0000000000001100000000000000000101011111111111010000000010010110
23134,13750,13.400056,0AA,8,0010001010111011001000101011000100100010101100100010001010011010
17033,13754,13.403045,226,8,0000000000000000000100000000000000000000000000000000000000000000
37176,9158,13.406283,0BA,5,0100111100000000000000000000000000101110
11734,13755,13.407734,2C1,8,0000000000000011011011000000001100000000110000000001000000001101
2928,13757,13.409396,25,8,0000000000001100000000000000000101011111111111010000000010010110
28904,13758,13.409635,24,8,0000001000001001000000100001010001000010000010001000000000010111
14724,13759,13.409876,1C6,8,0000000000000000000000000000010010111111000101010000000000000000
23135,13760,13.410098,0AA,8,0010001011000010001000101011010000100010101010010010001010011000
19260,13761,13.411019,0B4,8,0000000000000000000000000000000001100000000010000001011000111010
8567,13764,13.413193,260,8,0000000000000000000000000000000000000000000000000000101101110101
32362,13765,13.413731,1C4,8,0000110010100111000110110000000000000000000000000000000010011011
37177,9162,13.413773,0BA,5,1110000000101100100101000000000000010101
590,13767,13.414142,320,8,0000000000100000000000000000000000000000000000000000000001001011
31415,13768,13.417391,44D,8,0100001000000010000000000000000000000001000000000000000000000000
43498,926,13.418042,423,2,11100000000
2929,13771,13.419372,25,8,0000000000001100000000000000000101011111111111010000000010010110
23136,13772,13.420014,0AA,8,0010001011000111001000101011011100100010101011100010001010100010
37178,13733,13.421262,0BA,5,1100011000000000000000000000000010111110
31643,13774,13.428561,389,8,0000000000100000000000000000000000000000000000000000000000000000
37179,4596,13.428752,0BA,5,0010100100000000000000000000011100101011
2930,13776,13.429379,25,8,0000000000001100000000000000000101011111111111010000000010010110
28905,13777,13.429618,24,8,0000001000001001000000100001010001000010000010001000000000010111
23137,13778,13.429965,0AA,8,0010001011010000001000101011011000100010101011000010001010100101
19261,13779,13.430977,0B4,8,0000000000000000000000000000000001100100000010000001110001000100
8568,13781,13.432955,260,8,0000000000000000000000000000000000000000000000000000000001101010
32363,13783,13.433699,1C4,8,0000110010101100000110110000000000000000000000000000000010100000
17034,13787,13.434974,226,8,0000000000000000000100000000000000000000000000000000000000000000
37180,9176,13.436241,0BA,5,0100111100000000000000000000000000101110
11735,13788,13.437682,2C1,8,0000000000000011010100110000001011111001110000000000110111101001
2931,13790,13.439333,25,8,0000000000001100000000000000000101001111111111010000000010000110
14725,13791,13.439665,1C6,8,0000000000000000000000000000010010110110000101010000000000000000
23138,13792,13.439974,0AA,8,0010001011001010001000101011100000100010101101000010001010101000
16293,13794,13.442896,4C1,8,0000000100000000000000010000000100000000000000000000000000000000
37181,9180,13.443731,0BA,5,1110000000101100100101000000000000010101
13650,13796,13.448535,4B7,8,1110001001011111001000001111000000001000111010100000000100001000
2932,13798,13.449336,25,8,0000000000001100000000000000000101001111111111010000000010000110
28906,13799,13.449574,24,8,0000001000001001000000100001011001000010000010001000000000011001
23139,13800,13.449925,0AA,8,0010001011001011001000101011111100100010101101110010001010100110
19262,13802,13.450937,0B4,8,0000000000000000000000000000000001101000000010000001110001001000
37182,13763,13.45122,0BA,5,1100011000000000000000000000000010111110
8569,13804,13.452934,260,8,0000000000000000000000000000000000000000000000000000101101110101
32364,13806,13.453654,1C4,8,0000110010110111000110110000000000000000000000000000000010101011
28221,13808,13.454889,618,8,0010001000000000000000000001010001000000000000000000000000000000
37183,4606,13.45871,0BA,5,0010100100000000000000000000010000101000
2933,13812,13.459299,25,8,0000000000001100000000000000000100111111111111010000000001110110
23140,13813,13.459933,0AA,8,0010001011001000001000101100001000100010101110110010001010101100
17035,13816,13.462921,226,8,0000000000000000000100000000000000000000000000000000000000000000
591,13817,13.463915,320,8,0000000000100000000000000000000000000000000000000000000001001011
37184,9196,13.4662,0BA,5,0100111100000000000000000000000000101110
13764,13819,13.466981,61C,8,0010011000000000000000000000000000000000000000000000000000011001
11736,13820,13.467607,2C1,8,0000000000000011001100110000001010000110110000000000110001010101
2934,13822,13.469273,25,8,0000000000001100000000000000000100101111111111010000000001100110
28907,13823,13.46951,24,8,0000001000001001000000100001010001000010000010001000000000010111
14726,13824,13.469751,1C6,8,0000000000000000000000000000010010101101000101010000000000000000
23141,13825,13.46998,0AA,8,0010001011011000001000101100011100100010101110000010001010101000
19263,13826,13.4709,0B4,8,0000000000000000000000000000000001101000000010000010000101001101
8570,13828,13.472867,260,8,0000000000000000000000000000000000000000000000000000101101110101
32365,13830,13.473621,1C4,8,0000110010110110000110110000000000000000000000000000000010101010
37185,9200,13.473689,0BA,5,1110000000101100100101000000000000010101
2935,13834,13.479251,25,8,0000000000001100000000000000000100101111111111010000000001100110
23142,13835,13.479894,0AA,8,0010001011011100001000101100011100100010110000000010001010101101
37186,13793,13.481179,0BA,5,1100011000000000000000000000000010111110
274,13837,13.48838,38F,8,0000000100000000000000000000000000000000000000000000000000000000
37187,4615,13.488668,0BA,5,0010100100000000000000000000011100101011
2936,13839,13.489236,25,8,0000000000001100000000000000000100011111111111010000000001010110
28908,13840,13.489474,24,8,0000001000001010000000100001010001000010000010001000000000011000
23143,13841,13.489871,0AA,8,0010001011011100001000101011110100100010110001010010001010101101
19264,13842,13.490858,0B4,8,0000000000000000000000000000000001101100000010000010011101010111
8571,13844,13.492771,260,8,0000000000000000000000000000000000000000000000000000000001101010
13360,13846,13.493094,394,3,0
32366,13847,13.493575,1C4,8,0000110010110101000110110000000000000000000000000000000010101001
17036,13850,13.494854,226,8,0000000000000000000100000000000000000000000000000000000000000000
37188,9219,13.496158,0BA,5,0100111100000000000000000000000000101110
11737,13851,13.497566,2C1,8,0000000000000011000100110000001010101001110000000000101101010111
2937,13853,13.499213,25,8,0000000000001100000000000000000100001111111111100000000001000111
14727,13855,13.499677,1C6,8,0000000000000000000000000000010010100111000101010000000000000000
23144,13856,13.499905,0AA,8,0010001011001111001000101011101100100010110010110010001010101111
105,13858,13.501845,3B7,8,1000
35108,13633,13.50213,3D3,3,111001010000001010110011
37189,9223,13.503647,0BA,5,1110000000101100100101000000000000010101
2938,13860,13.509219,25,8,0000000000001100000000000000000111111111111111100000000000110111
28909,13861,13.509456,24,8,0000001000001010000000100001011001000010000010101000000000011100
23145,13862,13.509803,0AA,8,0010001011010101001000101100001000100010110011000010001010101111
19265,13863,13.510815,0B4,8,0000000000000000000000000000000001101100000010000010110101011101
37190,13829,13.511137,0BA,5,1100011000000000000000000000000010111110
8572,13865,13.512699,260,8,0000000000000000000000000000000000000000000000000000000001101010
592,13866,13.512944,320,8,0000000000100000000000000000000000000000000000000000000001001011
13590,13868,13.51332,4DD,8,0001111000000000000000000000000000000000000000000000000000000000
32367,13869,13.513559,1C4,8,0000110010111011000110110000000000000000000000000000000010101111
34707,13873,13.518032,380,8,0
37191,4628,13.518626,0BA,5,0010100100000000000000000000010000101000
2939,13875,13.519172,25,8,0000000000001100000000000000000111111111111111100000000000110111
23146,13876,13.519811,0AA,8,0010001011011101001000101100110000100010110100010010001010110011
17037,13880,13.522797,226,8,0000000000000000000100000000000000000000000000000000000000000000
14062,13881,13.523706,442,8,0100001100000010000000000000000000000010000000000000000000000000
11008,13883,13.524164,620,8,0001000000000000000000000000000000000000000000000000000000000000
37192,9237,13.526116,0BA,5,0100111100000000000000000000000000101110
11738,13884,13.527492,2C1,8,0000000000000010111100110000001001010011110000000000101011011111
2940,13886,13.529153,25,8,0000000000001100000000000000000111111111111111100000000000110111
28910,13887,13.52939,24,8,0000001000001010000000100001001101000010000011001000000000011011
14728,13888,13.529629,1C6,8,0000000000000000000000000000010010100001000101010000000000000000
23147,13889,13.529853,0AA,8,0010001011100111001000101101011000100010110100110010001010111011
19266,13890,13.530774,0B4,8,0000000000000000000000000000000001110000000010000010110101100001
8573,13893,13.532719,260,8,0000000000000000000000000000000000000000000000000000000001101010
32368,13895,13.533496,1C4,8,0000110011000100000110110000000000000000000000000000000010111000
37193,9240,13.533605,0BA,5,1110000000101100100101000000000000010101
2941,13898,13.539129,25,8,0000000000001100000000000000000111101111111111100000000000100111
23148,13899,13.539775,0AA,8,0010001011101111001000101101010100100010110100000010001010111001
37194,13857,13.541095,0BA,5,1100011000000000000000000000000010111110
37195,4635,13.548585,0BA,5,0010100100000000000000000000011100101011
2942,13902,13.549106,25,8,0000000000001100000000000000000111101111111111100000000000100111
28911,13903,13.549345,24,8,0000001000001010000000100001001101000010000010101000000000011001
23149,13904,13.549752,0AA,8,0010001011101011001000101101010100100010110110000010001011000001
19267,13905,13.550734,0B4,8,0000000000000000000000000000000001110100000010000011001001101010
8574,13907,13.552671,260,8,0000000000000000000000000000000000000000000000000000000001101010
32369,13909,13.553456,1C4,8,0000110011001101000110110000000000000000000000000000000011000001
17038,13912,13.554732,226,8,0000000000000000000100000000000000000000000000000000000000000000
37196,9261,13.556074,0BA,5,0100111100000000000000000000000000101110
11739,13913,13.557449,2C1,8,0000000000000010110101100000001000110000110000000000101010011111
2943,13915,13.559091,25,8,0000000000001100000000000000000111011111111111100000000000010111
14729,13916,13.559431,1C6,8,0000000000000000000000000000010010011011000101010000000000000000
23150,13917,13.55973,0AA,8,0010001011101010001000101101011000100010110110110010001011000100
593,13919,13.561716,320,8,0000000000100000000000000000000000000000000000000000000001001011
37197,9264,13.563564,0BA,5,1110000000101100100101000000000000010101
2944,13922,13.569078,25,8,0000000000001100000000000000000111011111111111100000000000010111
28912,13923,13.569318,24,8,0000001000001010000000100001001101000010000010101000000000011001
23151,13924,13.569677,0AA,8,0010001011101010001000101101111000100010111001110010001011000101
19268,13925,13.570693,0B4,8,0000000000000000000000000000000001110100000010000011100001110000
37198,13894,13.571053,0BA,5,1100011000000000000000000000000010111110
8575,13927,13.572554,260,8,0000000000000000000000000000000000000000000000000000000001101010
32370,13929,13.573412,1C4,8,0000110011010011000110110000000000000000000000000000000011000111
37199,4647,13.578543,0BA,5,0010100100000000000000000000010000101000
2945,13934,13.579048,25,8,0000000000001100000000000000000111011111111111100000000000010111
23152,13935,13.579691,0AA,8,0010001011101110001000101110000100100010111000000010001011000111
17039,13939,13.582675,226,8,0000000000000000000100000000000000000000000000000000000000000000
37200,9287,13.586032,0BA,5,0100111100000000000000000000000000101110
11740,13941,13.587371,2C1,8,0000000000000010101100110000001000000000110000000000100101001011
2946,13943,13.589033,25,8,0000000000001100000000000000000111011111111111100000000000010111
28913,13944,13.589272,24,8,0000001000001010000000100001001101000010000010101000000000011001
14730,13945,13.589511,1C6,8,0000000000000000000000000000010010010101000101010000000000000000
23153,13946,13.589737,0AA,8,0010001011101011001000101101101100100010111000100010001011010011
19269,13947,13.590652,0B4,8,0000000000000000000000000000000001111000000010000011110101111001
8576,13949,13.59254,260,8,0000000000000000000000000000000000000000000000000000000001101010
32371,13951,13.593374,1C4,8,0000110011011110000110110000000000000000000000000000000011010010
37201,9291,13.593522,0BA,5,1110000000101100100101000000000000010101
2947,13955,13.599009,25,8,0000000000001100000000000000000111011111111111100000000000010111
23154,13956,13.599652,0AA,8,0010001011101110001000101101101000100010111000110010001011001110
37202,13918,13.601011,0BA,5,1100011000000000000000000000000010111110
16399,13957,13.603254,3F9,8,0111010100011000000000100000001010000000000000000000000000010101
37203,4657,13.608501,0BA,5,0010100100000000000000000000011100101011
2948,13959,13.608984,25,8,0000000000001100000000000000000111011111111111100000000000010111
28914,13960,13.609221,24,8,0000001000001010000000100001001101000010000001101000000000010101
23155,13961,13.609642,0AA,8,0010001011110001001000101110001000100010111011010010001011010110
19270,13962,13.610613,0B4,8,0000000000000000000000000000000001111000000010000100001101111111
8577,13964,13.612459,260,8,0000000000000000000000000000000000000000000000000000000001101010
32372,13966,13.613333,1C4,8,0000110011100001000110110000000000000000000000000000000011010101
17040,13970,13.614607,226,8,0000000000000000000100000000000000000000000000000000000000000000
594,13971,13.615603,320,8,0000000000100000000000000000000000000000000000000000000001001011
37204,9303,13.61599,0BA,5,0100111100000000000000000000000000101110
14229,13972,13.616601,60.0,8,1010000100000000000000000000000000000000011100000000000000000000
11741,13973,13.617327,2C1,8,0000000000000010100100000000000111001100110000000000100011110010
14731,13974,13.619311,1C6,8,0000000000000000000000000000010010001111000101010000000000000000
2949,13976,13.619961,25,8,0000000000001100000000000000000111011111111111100000000000010111
23156,13977,13.620578,0AA,8,0010001011110111001000101110101000100010111010010010001011001110
21637,13980,13.623088,443,8,0100110100000010000000000010111100000110000000000000000000000000
37205,9307,13.62348,0BA,5,1110000000101100100101000000000000010101
2950,13982,13.628942,25,8,0000000000001100000000000000000111011111111111100000000000010111
28915,13983,13.629186,24,8,0000001000001010000000100000111101000010000001101000000000010001
23157,13984,13.62956,0AA,8,0010001011111001001000101110111000100010111010010010001011010110
19271,13986,13.63057,0B4,8,0000000000000000000000000000000001111100000010000100001110000011
37206,13950,13.63097,0BA,5,1100011000000000000000000000000010111110
8578,13988,13.632377,260,8,0000000000000000000000000000000000000000000000000000000001101010
7726,13989,13.633086,435,8,1000000000000101000001011111111111100000001111110000000000000011
32373,13990,13.633322,1C4,8,0000110011100011000110110000000000000000000000000000000011010111
37207,4667,13.638459,0BA,5,0010100100000000000000000000010000101000
2951,13994,13.638916,25,8,0000000000001100000000000000000111011111111111100000000000010111
23158,13995,13.639568,0AA,8,0010001011111000001000101110011000100010111000100010001011010111
10916,13996,13.640075,436,8,0
17041,14000,13.642553,226,8,0000000000000000000100000000000000000000000000000000000000000000
37208,9326,13.645949,0BA,5,0100111100000000000000000000000000101110
11742,14002,13.647251,2C1,8,0000000000000010011011000000000110101100110000000000011010101100
2952,14004,13.648907,25,8,0000000000001100000000000000000111001111111111100000000000000111
28916,14005,13.649149,24,8,0000001000001001000000100000110101000010000001011000000000001101
14732,14006,13.649389,1C6,8,0000000000000000000000000000010010001001000101010000000000000000
23159,14007,13.649615,0AA,8,0010001011110101001000101110000100100010111010100010001011011011
19272,14008,13.65053,0B4,8,0000000000000000000000000000000010000000000010000100100110001101
8579,14011,13.65229,260,8,0000000000000000000000000000000000000000000000000000000001101010
32374,14013,13.653252,1C4,8,0000110011100011000110110000000000000000000000000000000011010111
37209,9330,13.653438,0BA,5,1110000000101100100101000000000000010101
2953,14016,13.658873,25,8,0000000000001100000000000000000111001111111111100000000000000111
23160,14017,13.659529,0AA,8,0010001011111010001000101110100000100010111010110010001011001111
595,14018,13.660514,320,8,0000000000100000000000000000000000000000000000000000000001001011
37210,13978,13.660928,0BA,5,1100011000000000000000000000000010111110
28005,14019,13.661437,6C0,8,1110010000000000000000001110000010000000000000000000000000000000
13782,14021,13.668016,434,8,0100001000000000000000000000000000000000000000000000000000000000
37211,4678,13.668417,0BA,5,0010100100000000000000000000011100101011
2954,14023,13.668849,25,8,0000000000001100000000000000000111001111111111100000000000000111
28917,14024,13.66909,24,8,0000001000001010000000100000110101000010000001011000000000001110
23161,14025,13.669504,0AA,8,0010001100000001001000101110111000100010111011000010001011010100
19273,14026,13.670492,0B4,8,0000000000000000000000000000000010000000000010000100100110001101
8580,14028,13.672087,260,8,0000000000000000000000000000000000000000111111111110100001010001
32375,14030,13.673215,1C4,8,0000110011100101000110110000000000000000000000000000000011011001
34839,14033,13.673795,3C3,8,0100011000011110100100110100111011101110010110010000001110001000
17042,14034,13.674485,226,8,0000000000000000000100000000000000000000000000000000000000000000
28173,14035,13.675003,437,8,1111110011111111111111111111111111111111111111111111111111111111
37212,9347,13.675907,0BA,5,0100111100000000000000000000000000101110
11743,14037,13.677205,2C1,8,0000000000000010010010010000000111000011110000000000011010100000
2955,14039,13.678827,25,8,0000000000001100000000000000000111001111111111100000000000000111
14733,14040,13.679193,1C6,8,0000000000000000000000000000010010000100000101010000000000000000
23162,14042,13.679603,0AA,8,0010001100000010001000101111001100100010111010010010001011011011
37213,9351,13.683396,0BA,5,1110000000101100100101000000000000010101
2956,14045,13.688821,25,8,0000000000001100000000000000000111001111111111100000000000000111
43684,463,13.688902,3BB,5,1011101100000000000000000000000000100110
28918,14046,13.68906,24,8,0000001000001010000000100000110001000010000001101000000000001110
23163,14047,13.689437,0AA,8,0010001100000001001000101110111000100010111011110010001011100001
19274,14048,13.690448,0B4,8,0000000000000000000000000000000010000100000010000100111010010110
37214,14012,13.690886,0BA,5,1100011000000000000000000000000010111110
8581,14050,13.692006,260,8,0000000000000000000000000000000000000000111111111111010001011101
32376,14051,13.693179,1C4,8,0000110011101000000110110000000000000000000000000000000011011100
37215,4691,13.698375,0BA,5,0010100100000000000000000000010000101000
2957,14056,13.698783,25,8,0000000000001100000000000000000111001111111111100000000000000111
23164,14057,13.699444,0AA,8,0010001100000001001000101110111000100010111100110010001011100010
17043,14060,13.702433,226,8,0000000000000000000100000000000000000000000000000000000000000000
37216,9364,13.705865,0BA,5,0100111100000000000000000000000000101110
11744,14063,13.707132,2C1,8,0000000000000010001000110000000111000011110000000000010101111001
2958,14065,13.708781,25,8,0000000000001100000000000000000111001111111111100000000000000111
28919,14066,13.709021,24,8,0000001000001010000000100000110101000010000010001000000000010001
14734,14067,13.709262,1C6,8,0000000000000000000000000000010010000001000101010000000000000000
23165,14068,13.709501,0AA,8,0010001100000010001000101110110000100010111100110010001011010111
19275,14069,13.710406,0B4,8,0000000000000000000000000000000010000100000010000100111010010110
8582,14071,13.711991,260,8,0000000000000000000000000000000000000000111111111111010001011101
32377,14074,13.713181,1C4,8,0000110011101010000110110000000000000000000000000000000011011110
37217,9367,13.713355,0BA,5,1110000000101100100101000000000000010101
596,14076,13.713591,320,8,0000000000100000000000000000000000000000000000000000000001001011
2959,14079,13.718737,25,8,0000000000001100000000000000000111001111111111100000000000000111
23166,14080,13.71941,0AA,8,0010001100000111001000101111011100100010111100000010001011100000
37218,14043,13.720844,0BA,5,1100011000000000000000000000000010111110
31416,14082,13.726185,44D,8,0100001000000010000000000000000000000001000000000000000000000000
37219,4696,13.728334,0BA,5,0010100100000000000000000000011100101011
2960,14085,13.728728,25,8,0000000000001100000000000000000111001111111111100000000000000111
28920,14086,13.728968,24,8,0000001000001010000000100000101001000010000010101000000000010000
23167,14087,13.729382,0AA,8,0010001100000101001000101111010000100010111011100010001011100011
19276,14088,13.730367,0B4,8,0000000000000000000000000000000010001000000010000101010010100000
8583,14090,13.731905,260,8,0000000000000000000000000000000000000000111111111111010001011101
32378,14092,13.733097,1C4,8,0000110011110011000110110000000000000000000000000000000011100111
17044,14095,13.734365,226,8,0000000000000000000100000000000000000000000000000000000000000000
37220,9388,13.735823,0BA,5,0100111100000000000000000000000000101110
11745,14096,13.737097,2C1,8,0000000000000010000000000000000101110011110000000000010000000101
2961,14098,13.738698,25,8,0000000000001100000000000000000111001111111111100000000000000111
14735,14099,13.739075,1C6,8,0000000000000000000000000000010001111110000101010000000000000000
23168,14100,13.73936,0AA,8,0010001100000110001000101111001100100010111100010010001011100111
37221,9390,13.743313,0BA,5,1110000000101100101000000000000000100001
2962,14104,13.748704,25,8,0000000000001100000000000000000110111111111111100000000011110111
28921,14105,13.748949,24,8,0000001000001001000000100000100001000010000010101000000000001101
23169,14106,13.74931,0AA,8,0010001100000101001000101111000100100010111100110010001011100010
19277,14107,13.750328,0B4,8,0000000000000000000000000000000010001100000010000101010010100100
37222,14073,13.750802,0BA,5,1100011000000000000000000000000010111110
8584,14109,13.751804,260,8,0000000000000000000000000000000000000000111111111111010001011101
32379,14110,13.753071,1C4,8,0000110011111000000110110000000000000000000000000000000011101100
43499,3574,13.753494,423,2,10101000001001
13843,14113,13.757112,4C6,8,0000011100000000000000110000000000000000000000000000000000000000
37223,4709,13.758292,0BA,5,0010100100000000000000000000010000101000
2963,14115,13.759679,25,8,0000000000001100000000000000000110111111111111100000000011110111
23170,14116,13.760289,0AA,8,0010001100001010001000101111010000100010111101100010001011100101
35109,1723,13.761786,3D3,3,011011000001001000000000
17045,14120,13.763309,226,8,0000000000000000000100000000000000000000000000000000000000000000
597,14121,13.764305,320,8,0000000000100000000000000000000000000000000000000000000001001011
37224,9408,13.765781,0BA,5,0100111100000000000000000000000000101110
11746,14122,13.76702,2C1,8,0000000000000001110100000000000100111001110000000000001110011001
2964,14124,13.768635,25,8,0000000000001100000000000000000110101111111111100000000011100111
28922,14125,13.768876,24,8,0000001000001001000000100000101001000010000011001000000000010001
14736,14126,13.769115,1C6,8,0000000000000000100000000000010001111011000101010000000000000000
23171,14127,13.769345,0AA,8,0010001100001001001000101111100000100010111101110010001011100001
19278,14128,13.770286,0B4,8,0000000000000000000000000000000010001100000010000101010010100100
8585,14131,13.771835,260,8,0000000000000000000000000000000000000000111111111110100001010001
32380,14133,13.773024,1C4,8,0000110011111101000110110000000000000000000000000000000011110001
37225,9411,13.773271,0BA,5,1110000000101100100110000000000000011001
13971,14137,13.777802,38E,8,0
2965,14139,13.778624,25,8,0000000000001100000000000000000110101111111111100000000011100111
23172,14140,13.779286,0AA,8,0010001100000111001000101111010000100010111101100010001011101100
37226,14101,13.78076,0BA,5,1100011000000000000000000000000010111110
35309,5341,13.78168,386,7,11000100000000000000000000000000000000000000000010101010
37227,4717,13.78825,0BA,5,0010100100000000000000000000011100101011
2966,14143,13.788621,25,8,0000000000001100000000000000000110011111111111100000000011010111
28923,14144,13.788863,24,8,0000001000001001000000100000101001000010000011011000000000010010
23173,14145,13.789233,0AA,8,0010001100001110001000101111010100100010111101100010001011100010
19279,14146,13.790244,0B4,8,0000000000000000000000000000000010010000000010000101101010101110
8586,14148,13.791722,260,8,0000000000000000000000000000000000000000111111111110100001010001
13361,14149,13.791876,394,3,0
32381,14151,13.792987,1C4,8,0000110100000011000110110000000000000000000000000000000011111000
17046,14155,13.794248,226,8,0000000000000000000100000000000000000000000000000000000000000000
37228,9424,13.79574,0BA,5,0100111100000000000000000000000000101110
11747,14156,13.796979,2C1,8,0000000000000001101001100000000011110000110000000000001000100100
2967,14158,13.798575,25,8,0000000000001100000000000000000110011111111111100000000011010111
14737,14159,13.798955,1C6,8,0000000000000000100000000000010001110101000101010000000000000000
23174,14160,13.799243,0AA,8,0010001100001100001000101111010000100010111111110010001011100111
106,14162,13.801237,3B7,8,1000
37229,9427,13.803229,0BA,5,1110000000101100101010000000000000101001
2968,14165,13.80858,25,8,0000000000001100000000000000000110011111111111100000000011010111
28924,14166,13.808821,24,8,0000001000001001000000100000100001000010000011001000000000001111
23175,14167,13.8092,0AA,8,0010001100001011001000101111100000100010111110100010001011100001
19280,14169,13.810366,0B4,8,0000000000000000000000000000000010010000000010000101101010101110
37230,14132,13.810719,0BA,5,1100011000000000000000000000000010111110
8587,14171,13.811734,260,8,0000000000000000000000000000000000000000111111111110100001010001
598,14172,13.81221,320,8,0000000000100000000000000000000000000000000000000000000001001011
32382,14173,13.812943,1C4,8,0000110100000101000110110000000000000000000000000000000011111010
37231,4727,13.818208,0BA,5,0010100100000000000000000000010000101000
2969,14177,13.819565,25,8,0000000000001011000000000000000101111111111111100000000010110110
23176,14178,13.820181,0AA,8,0010001100000111001000101111001100100011000000000010001011101000
11009,14181,13.822972,620,8,0001000000000000000000000000000000000000000000000000000000000000
17047,14182,13.823221,226,8,0000000000000000000100000000000000000000000000000000000000000000
37232,9449,13.825698,0BA,5,0100111100000000000000000000000000101110
11748,14185,13.826904,2C1,8,0000000000000001011111000000000010101001110000000000000010110001
2970,14187,13.828516,25,8,0000000000001011000000000000000101111111111111100000000010110110
28925,14188,13.828759,24,8,0000001000001001000000100000011001000010000010101000000000001011
14738,14189,13.828997,1C6,8,0000000000000000100000000000010001101111000101010000000000000000
23177,14190,13.829224,0AA,8,0010001100000110001000101111001100100010111110010010001011101000
19281,14191,13.830167,0B4,8,0000000000000000000000000000000010010100000010000101101010110010
8588,14193,13.831706,260,8,0000000000000000000000000000000000000000111111111101110001000101
14063,14194,13.83195,442,8,0100001100000010000000000000000000000010000000000000000000000000
32383,14196,13.832915,1C4,8,0000110100000110000110110000000000000000000000000000000011111011
37233,9451,13.833187,0BA,5,1110000000101100101001000000000000100101
13716,14199,13.837686,3A5,8,100000000
2971,14201,13.838509,25,8,0000000000001011000000000000000101111111111111100000000010110110
23178,14202,13.839168,0AA,8,0010001100001100001000101111011000100010111110110010001011100111
37234,14161,13.840677,0BA,5,1100011000000000000000000000000010111110
37235,4736,13.848166,0BA,5,0010100100000000000000000000011100101011
2972,14206,13.848487,25,8,0000000000001011000000000000000101111111111111100000000010110110
28926,14207,13.848727,24,8,0000001000001010000000100000011001000010000010001000000000001010
23179,14208,13.84915,0AA,8,0010001100010000001000101111100000100010111101110010001011101001
19282,14209,13.850127,0B4,8,0000000000000000000000000000000010011000000010000101101010110110
8589,14211,13.851591,260,8,0000000000000000000000000000000000000000111111111110100001010001
32384,14213,13.852872,1C4,8,0000110100000110000110110000000000000000000000000000000011111011
16400,14216,13.853463,3F9,8,0111010100011000000000100000001010000000000000000000000000010101
7801,14217,13.853704,610,8,0010000010000000000101010110010011000000000000000110001001000000
17048,14218,13.854128,226,8,0000000000000000000100000000000000000000000000000000000000000000
37236,9469,13.855656,0BA,5,0100111100000000000000000000000000101110
11749,14219,13.856862,2C1,8,0000100000000001010111000000000001110011110000000000000001100011
2973,14221,13.858466,25,8,0000000000001011000000000000000101101111111111100000000010100110
14739,14222,13.858844,1C6,8,0000000000000000100000000000010001101001000101010000000000000000
23180,14223,13.859129,0AA,8,0010001100001110001000101111100100100011000001000010001011101100
599,14226,13.861115,320,8,0000000000100000000000000000000000000000000000000000000001001011
37237,9472,13.863145,0BA,5,1110000000101100101100000000000000110001
31324,14227,13.864861,640,8,1010100000000000000000000011011100000001110111010000000000000000
35010,14228,13.867628,413,8,0000000100000001000000010000100100000000000000000000000000000000
2974,14230,13.868465,25,8,0000000000001011000000000000000101101111111111100000000010100110
28927,14231,13.868706,24,8,0000001000001010000000100000011001000010000001101000000000001000
23181,14232,13.869084,0AA,8,0010001100000111001000101111100000100011000001000010001011101010
19283,14233,13.870092,0B4,8,0000000000000000000000000000000010011000000010000101111110111011
37238,14195,13.870635,0BA,5,1100011000000000000000000000000010111110
8590,14235,13.871446,260,8,0000000000000000000000000000000000000000111111111101110001000101
32385,14237,13.872834,1C4,8,0000110100000011000110110000000000000000000000000000000011111000
37239,4747,13.878124,0BA,5,0010100100000000000000000000010000101000
2975,14242,13.878425,25,8,0000000000001011000000000000000101011111111111010000000010010101
23182,14243,13.879095,0AA,8,0010001100001000001000101111100000100011000001110010001011110100
17049,14246,13.882079,226,8,0000000000000000000100000000000000000000000000000000000000000000
37240,9486,13.885614,0BA,5,0100111100000000000000000000000000101110
11750,14247,13.886795,2C1,8,0000100000000001001001100000000001001100110000000000000000000110
2976,14249,13.888409,25,8,0000000000001011000000000000000101011111111111010000000010010101
28928,14250,13.888651,24,8,0000001000001010000000100000100001000010000010001000000000001100
14740,14251,13.888886,1C6,8,0000000000000000100000000000010001100001000101010000000000000000
23183,14252,13.889122,0AA,8,0010001100001110001000101111101000100010111110110010001011110000
19284,14253,13.890056,0B4,8,0000000000000000000000000000000010011100000010000101111110111111
8591,14255,13.891493,260,8,0000000000000000000000000000000000000000111111111101110001000101
32386,14258,13.892792,1C4,8,0000110100000001000110110000000000000000000000000000000011110110
37241,9489,13.893104,0BA,5,1110000000101100110001000000000001000101
2977,14261,13.898379,25,8,0000000000001011000000000000000101011111111111010000000010010101
23184,14262,13.89905,0AA,8,0010001100001110001000101111110100100011000000110010001011101011
37242,14225,13.900593,0BA,5,1100011000000000000000000000000010111110
37243,4753,13.908083,0BA,5,0010100100000000000000000000011100101011
2978,14266,13.908473,25,8,0000000000001011000000000000000101011111111111010000000010010101
28929,14267,13.908713,24,8,0000001000001010000000100000001101000010000010101000000000001001
23185,14268,13.909032,0AA,8,0010001100001100001000101111101000100011000000010010001011100011
19285,14269,13.910015,0B4,8,0000000000000000000000000000000010011100000010000101111110111111
8592,14272,13.911338,260,8,0000000000000000000000000000000000000000111111111101110001000101
32387,14274,13.912788,1C4,8,0000110100000000000110110000000000000000000000000000000011110101
17050,14277,13.914012,226,8,0000000000000000000100000000000000000000000000000000000000000000
600,14278,13.915007,320,8,0000000000100000000000000000000000000000000000000000000001001011
37244,9506,13.915572,0BA,5,0100111100000000000000000000000000101110
11751,14279,13.916748,2C1,8,0000100000000000111100000000000000010000110000000000000010010011
2979,14281,13.918339,25,8,0000000000001011000000000000000101011111111111010000000010010101
14741,14282,13.918731,1C6,8,0000000000000000100000000000010001011010000101010000000000000000
23186,14283,13.919015,0AA,8,0010001100000101001000101111100100100010111111010010001011100111
31253,14286,13.921725,4A6,8,0000000000000000000000000000000000000000000010100000000000000000
37245,9508,13.923062,0BA,5,1110000000101100110101000000000001010101
2980,14289,13.928349,25,8,0000000000001011000000000000000101001111111111010000000010000101
28930,14290,13.928587,24,8,0000001000001001000000100000000101000010000011001000000000001000
23187,14291,13.928965,0AA,8,0010001100000110001000101111011000100010111110010010001011101011
19286,14292,13.929973,0B4,8,0000000000000000000000000000000010100000000010000101101010111110
37246,14257,13.930551,0BA,5,1100011000000000000000000000000010111110
8593,14294,13.931155,260,8,0000000000000000000000000000000000000000111111111110100001010001
21638,14295,13.932489,443,8,0100110100000010000000000010111100000110000000000000000000000000
32388,14296,13.932728,1C4,8,0000110011111010000110110000000000000000000000000000000011101110
37247,4768,13.938041,0BA,5,0010100100000000000000000000010000101000
2981,14300,13.938301,25,8,0000000000001011000000000000000101011111111111010000000010010101
23188,14301,13.938969,0AA,8,0010001100000111001000101111011000100010111101100010001011100100
17051,14305,13.941958,226,8,0000000000000000000100000000000000000000000000000000000000000000
37248,9527,13.94553,0BA,5,0100111100000000000000000000000000101110
11238,14306,13.946222,4C8,8,0000100100000000000000000000000000000000000000000000000000000000
11752,14307,13.94668,2C1,8,0000100000000000110000000000000000001100110000000000000001011111
2982,14309,13.948335,25,8,0000000000001011000000000000000101011111111111010000000010010101
28931,14310,13.948546,24,8,0000001000001001000000100000001101000010000010101000000000001000
14742,14311,13.948785,1C6,8,0000000000000000100000000000010001010100000101010000000000000000
23189,14312,13.949015,0AA,8,0010001100001011001000101111101100100010111110110010001011100011
19287,14313,13.949933,0B4,8,0000000000000000000000000000000010100100000010000101101011000010
8594,14315,13.951123,260,8,0000000000000000000000000000000000000000111111111110100001010001
32389,14318,13.952683,1C4,8,0000110011111000000110110000000000000000000000000000000011101100
37249,9531,13.95302,0BA,5,1110000000101100110011000000000001001101
27812,14320,13.953089,420,8,0000000000000000000000000000000011111111000000001000000010101011
28006,14321,13.955393,6C0,8,1110010000000000000000001110000010000000000000000000000000000000
2983,14324,13.958266,25,8,0000000000001011000000000000000101001111111111010000000010000101
23190,14325,13.958937,0AA,8,0010001100001011001000101111100100100011000001100010001011101001
601,14326,13.959925,320,8,0000000000100000000000000000000000000000000000000000000001001011
37250,14284,13.960509,0BA,5,1100011000000000000000000000000010111110
37251,4776,13.967999,0BA,5,0010100100000000000000000000011100101011
2984,14329,13.96824,25,8,0000000000001011000000000000000101001111111111010000000010000101
28932,14330,13.968479,24,8,0000001000001001000000100000001101000010000010101000000000001000
23191,14331,13.96892,0AA,8,0010001100000111001000101111100100100010111110100010001011110000
19288,14332,13.969897,0B4,8,0000000000000000000000000000000010100100000010000101101011000010
8595,14334,13.971068,260,8,0000000000000000000000000000000000000000111111111111010001011101
7606,14336,13.972074,3BC,8,0
32390,14337,13.97264,1C4,8,0000110011110110000110110000000000000000000000000000000011101010
17052,14342,13.973894,226,8,0000000000000000000100000000000000000000000000000000000000000000
37252,9544,13.975489,0BA,5,0100111100000000000000000000000000101110
11753,14345,13.976634,2C1,8,0000100000000000000000000000000000000011110000000000000010010110
2985,14347,13.978225,25,8,0000000000001011000000000000000101011111111111010000000010010101
14743,14348,13.978611,1C6,8,0000000000000000100000000000010001001110000101010100000000000000
23192,14349,13.978896,0AA,8,0010001100001011001000101111011000100010111110110010001011101000
43412,128,13.98144,3000000.0,6,000010000000000000000000000000000000000000101000
37253,9547,13.982978,0BA,5,1110000000101100110101000000000001010101
43685,939,13.986487,3BB,5,1010010100000000000000000000000000000000
2986,14352,13.988233,25,8,0000000000001011000000000000000101001111111111010000000010000101
28933,14353,13.988471,24,8,0000001000001001000000100000000101000010000010001000000000000100
23193,14354,13.988846,0AA,8,0010001100001011001000101111100100100010111110100010001011100111
19289,14355,13.989857,0B4,8,0000000000000000000000000000000010101000000010000101101011000110
37254,14316,13.990468,0BA,5,1100011000000000000000000000000010111110
8596,14358,13.991028,260,8,0000000000000000000000000000000000000000111111111111010001011101
32391,14359,13.992601,1C4,8,0000110011110111000110110000000000000000000000000000000011101011
27873,14362,13.996934,4DC,8,0001110100000000000000000000000000000000000000000000000000000000
37255,4787,13.997957,0BA,5,0010100100000000000000000000010000101000
2987,14364,13.998184,25,8,0000000000001011000000000000000101001111111111010000000010000101
23194,14365,13.998854,0AA,8,0010001100001111001000101111011000100010111111010010001011100100
17053,14368,14.001843,226,8,0000000000000000000100000000000000000000000000000000000000000000
37256,9566,14.005447,0BA,5,0100111100000000000000000000000000101110
11754,14370,14.006583,2C1,8,0000100011111111111010101111111111110000110000000000000001101011
2988,14372,14.008164,25,8,0000000000001011000000000000000101001111111111010000000010000101
28934,14373,14.008432,24,8,0000001000001010000000011111111101000010000001101000000000000000
14744,14374,14.008642,1C6,8,0000000000000000100000000000010001001000000101010100000000000000
23195,14375,14.008875,0AA,8,0010001100001100001000101111101100100010111110100010001011101110
19290,14376,14.009817,0B4,8,0000000000000000000000000000000010101000000010000101101011000110
8597,14378,14.01099,260,8,0000000000000000000000000000000000000000111111111101110001000101
32392,14380,14.012562,1C4,8,0000110011110111000110110000000000000000000000000000000011101011
37257,9569,14.012936,0BA,5,1110000000101100110101000000000001010101
602,14382,14.01297,320,8,0000000000100000000000000000000000000000000000000000000001001011
1537,14384,14.017351,6F3,8,0010000000000000000000000000000000000000000000000000000000000000
2989,14386,14.018153,25,8,0000000000001011000000000000000100111111111111010000000001110101
23196,14387,14.018813,0AA,8,0010001100001000001000101111011000100010111101010010001011101010
31583,14389,14.020137,633,8,1000000100000000000000000000000000000000000000000000000000000000
37258,14350,14.020426,0BA,5,1100011000000000000000000000000010111110
35110,14163,14.021443,3D3,3,111001010000001001101010
37259,4797,14.027915,0BA,5,0010100100000000000000000000011100101011
2990,14393,14.02813,25,8,0000000000001011000000000000000100101111111111010000000001100101
28935,14394,14.028367,24,8,0000001000001010000000100000000101000010000001101000000000000011
23197,14395,14.0288,0AA,8,0010001100001010001000101111100000100010111101100010001011101110
11178,14396,14.029046,39A,8,0000000000000000000000000000000100000000000000000000000000000000
19291,14397,14.029782,0B4,8,0000000000000000000000000000000010101100000010000101101011001010
8598,14399,14.030953,260,8,0000000000000000000000000000000000000000111111111101110001000101
13530,14401,14.031954,399,8,0000000000000000000000000000000000000000111111110000000000000000
32393,14402,14.032536,1C4,8,0000110011111000000110110000000000000000000000000000000011101100
17054,14405,14.033778,226,8,0000000000000000000100000000000000000000000000000000000000000000
31417,14406,14.035069,44D,8,0100001000000010000000000000000000000001000000000000000000000000
37260,9589,14.035405,0BA,5,0100111100000000000000000000000000101110
11755,14407,14.036525,2C1,8,0000100011111111110101111111111111100000110000000000000001001000
14745,14408,14.0385,1C6,8,0000000000000000100000000000010001000010000101010100000000000000
2991,14411,14.039288,25,8,0000000000001011000000000000000100101111111111010000000001100101
23198,14412,14.039747,0AA,8,0010001100001001001000101111100000100010111101010010001011100110
34947,14415,14.041759,4C3,8,0000001100000000000000000000000100000000000000000000000000000000
37261,9592,14.042894,0BA,5,1110000000101100110101000000000001010101
2992,14417,14.048122,25,8,0000000000001011000000000000000100101111111111100000000001100110
28936,14418,14.048358,24,8,0000001000001001000000100000000101000010000001101000000000000010
23199,14419,14.048727,0AA,8,0010001100001111001000101111100100100010111110100010001011101001
19292,14420,14.049737,0B4,8,0000000000000000000000000000000010110000000010000101101011001110
37262,14379,14.050384,0BA,5,1100011000000000000000000000000010111110
8599,14422,14.050912,260,8,0000000000000000000000000000000000000000111111111101110001000101
14,14423,14.052229,3B1,8,0000000000000000000000100000101000000000000010000000000000000000
32394,14424,14.052485,1C4,8,0000110011111001000110110000000000000000000000000000000011101101
37263,4809,14.057874,0BA,5,0010100100000000000000000000010000101000
2993,14429,14.058115,25,8,0000000000001011000000000000000100011111111111100000000001010110
23200,14430,14.058737,0AA,8,0010001100001100001000101111011000100010111110110010001011100100
17055,14433,14.061723,226,8,0000000000000000000100000000000000000000000000000000000000000000
603,14434,14.062718,320,8,0000000000100000000000000000000000000000000000000000000001001011
37264,9604,14.065363,0BA,5,0100111100000000000000000000000000101110
11756,14435,14.066736,2C1,8,0000100011111111110010101111111111010000110000000000000000101011
2994,14437,14.068123,25,8,0000000000001011000000000000000100001111111111100000000001000110
28937,14438,14.068321,24,8,0000001000001010000000100000000001000010000001101000000000000010
14746,14439,14.068555,1C6,8,0000000000000000100000000000010000111100000101010100000000000000
23201,14440,14.068781,0AA,8,0010001100001010001000101111000100100010111101110010001011101001
19293,14441,14.069698,0B4,8,0000000000000000000000000000000010110000000010000101101011001110
8600,14443,14.07087,260,8,0000000000000000000000000000000000000000111111111101110001000101
32395,14446,14.07249,1C4,8,0000110011110101000110110000000000000000000000000000000011101001
37265,9607,14.072853,0BA,5,1110000000101100110101000000000001010101
2995,14450,14.078033,25,8,0000000000001011000000000000000111111111111111100000000000110110
23202,14451,14.078699,0AA,8,0010001100001001001000101111000000100010111101110010001011011101
37266,14414,14.080342,0BA,5,1100011000000000000000000000000010111110
37267,4816,14.087832,0BA,5,0010100100000000000000000000011100101011
2996,14453,14.088018,25,8,0000000000001011000000000000000111111111111111100000000000110110
28938,14454,14.088269,24,8,0000001000001010000000100000000001000010000010101000000000000110
23203,14456,14.088683,0AA,8,0010001100000111001000101111000000100010111111010010001011100011
43500,13713,14.088945,423,2,1000100000000
19294,14457,14.089659,0B4,8,0000000000000000000000000000000010110100000010000101101011010010
8601,14459,14.090832,260,8,0000000000000000000000000000000000000000111111111101110001000101
13362,14460,14.090987,394,3,0
32396,14463,14.09241,1C4,8,0000110011110101000110110000000000000000000000000000000011101001
17056,14466,14.093657,226,8,0000000000000000000100000000000000000000000000000000000000000000
37268,9628,14.095321,0BA,5,0100111100000000000000000000000000101110
11757,14467,14.0964,2C1,8,0000100011111111101111011111111111000100110000000000000000010010
2997,14469,14.097994,25,8,0000000000001011000000000000000111111111111111100000000000110110
14747,14470,14.098387,1C6,8,0000000000000000100000000000010000110110000101010100000000000000
23204,14471,14.098656,0AA,8,0010001100001001001000101111010000100010111110110010001011100010
107,14473,14.100651,3B7,8,1000
16401,14474,14.102557,3F9,8,0111010100011000000000100000001010000000000000000000000000010101
37269,9632,14.102811,0BA,5,1110000000101100110101000000000001010101
2998,14478,14.107975,25,8,0000000000001011000000000000000111101111111111100000000000100110
28939,14479,14.108256,24,8,0000001000001010000000100000000001000010000010101000000000000110
23205,14480,14.108639,0AA,8,0010001100001001001000101111001100100010111110110010001011100010
19295,14481,14.109635,0B4,8,0000000000000000000000000000000010111000000010000101101011010110
37270,14444,14.1103,0BA,5,1100011000000000000000000000000010111110
8602,14483,14.110795,260,8,0000000000000000000000000000000000000000111111111101110001000101
604,14484,14.111624,320,8,0000000000100000000000000000000000000000000000000000000001001011
32397,14485,14.112373,1C4,8,0000110011110101000110110000000000000000000000000000000011101001
37271,4834,14.11779,0BA,5,0010100100000000000000000000010000101000
2999,14489,14.118979,25,8,0000000000001011000000000000000111011111111111100000000000010110
23206,14490,14.119592,0AA,8,0010001100001010001000101111001100100010111110100010001011100101
11010,14494,14.122242,620,8,0001000000000000000000000000000000000000000000000000000000000000
17057,14495,14.122606,226,8,0000000000000000000100000000000000000000000000000000000000000000
37272,9651,14.125279,0BA,5,0100111100000000000000000000000000101110
11758,14497,14.126338,2C1,8,0000100011111111101100001111111110110111110000000000000011111000
3000,14499,14.12793,25,8,0000000000001011000000000000000111011111111111100000000000010110
28940,14500,14.12818,24,8,0000001000001010000000100000000101000010000010001000000000000101
14748,14501,14.128411,1C6,8,0000000000000000100000000000010000110011000101010100000000000000
23207,14502,14.128637,0AA,8,0010001100001011001000101111001100100010111111110010001011101001
19296,14503,14.12958,0B4,8,0000000000000000000000000000000010111000000010000101101011010110
8603,14504,14.130575,260,8,0000000000000000000000000000000000000000111111111101110001000101
32398,14507,14.132334,1C4,8,0000110011110010000110110000000000000000000000000000000011100110
37273,9654,14.132769,0BA,5,1110000000101100110110000000000001011001
3001,14511,14.137941,25,8,0000000000001011000000000000000111001111111111100000000000000110
23208,14512,14.138555,0AA,8,0010001100000110001000101111001100100010111110110010001011100111
37274,14472,14.140259,0BA,5,1100011000000000000000000000000010111110
14064,14513,14.143178,442,8,0100001100000010000000000000000000000010000000000000000000000000
37275,4840,14.147748,0BA,5,0010100100000000000000000000011100101011
3002,14515,14.147915,25,8,0000000000001011000000000000000111001111111111100000000000000110
28941,14516,14.148156,24,8,0000001000001001000000100000000101000010000010001000000000000100
23209,14517,14.148532,0AA,8,0010001100000001001000101111010000100011000000110010001011100110
19297,14518,14.149574,0B4,8,0000000000000000000000000000000010111100000010000101101011011010
8604,14519,14.150452,260,8,0000000000000000000000000000000000000000111111111101000000111001
32399,14522,14.152299,1C4,8,0000110011110000000110110000000000000000000000000000000011100100
17058,14525,14.153543,226,8,0000000000000000000100000000000000000000000000000000000000000000
37276,9667,14.155238,0BA,5,0100111100000000000000000000000000101110
11759,14527,14.156289,2C1,8,0000100011111111101001001111111110101010110000000000000011011111
3003,14530,14.157873,25,8,0000000000001011000000000000000111001111111111100000000000000110
14749,14531,14.158273,1C6,8,0000000000000000100000000000010000110000000101010100000000000000
23210,14532,14.158544,0AA,8,0010001011111110001000101111010000100010111111110010001011100110
605,14534,14.160528,320,8,0000000000100000000000000000000000000000000000000000000001001011
37277,9670,14.162727,0BA,5,1110000000101100110110000000000001011001
3004,14536,14.167848,25,8,0000000000001011000000000000000110111111111110110000000011110011
28942,14537,14.168135,24,8,0000001000001001000000100000000001000010000011001000000000000111
23211,14538,14.168527,0AA,8,0010001011111110001000101111000100100011000000000010001011101011
19298,14539,14.169509,0B4,8,0000000000000000000000000000000010111100000010000101010011010100
37278,14506,14.170217,0BA,5,1100011000000000000000000000000010111110
8605,14542,14.170435,260,8,0000000000000000000000000000000000000000111111111101110001000101
32400,14545,14.172258,1C4,8,0000110011101110000110110000000000000000000000000000000011100010
34840,14547,14.172765,3C3,8,0100011000011110100100110100111011101110010110010000001110001000
37279,4849,14.177706,0BA,5,0010100100000000000000000000010000101000
3005,14550,14.177836,25,8,0000000000001011000000000000000110011111111110110000000011010011
23212,14551,14.178505,0AA,8,0010001100000010001000101111001100100010111111110010001011101100
17059,14554,14.181487,226,8,0000000000000001000100000000000000000000000000000000000000000000
37280,9689,14.185196,0BA,5,0100111100000000000000000000000000101110
11760,14555,14.186222,2C1,8,0000100011111111100110101111111110100000110000000000000011001011
3006,14558,14.187843,25,8,0000000000001010000000000000000101111111111110110000000010110010
28943,14559,14.188126,24,8,0000001000001001000000100000000001000010000010101000000000000101
14750,14560,14.188325,1C6,8,0000000000000000100000000000010000101011000101010100000000000000
23213,14561,14.188554,0AA,8,0010001100000100001000101111001100100011000000010010001011101100
19299,14562,14.189468,0B4,8,0000000000000000000000000000000011000000000010000101010011011000
8606,14563,14.190385,260,8,0000000000000000000000000000000000000000111111111100010100101110
32401,14566,14.192222,1C4,8,0000110011100111000110110000000000000000000000000000000011011011
37281,9691,14.192685,0BA,5,1110000000101100110110000000000001011001
3007,14569,14.197791,25,8,0000000000001010000000000000000101101111111110110000000010100010
23214,14570,14.198468,0AA,8,0010001100000001001000101111010000100010111111110010001011101010
37282,14533,14.200175,0BA,5,1100011000000000000000000000000010111110
37283,4859,14.207664,0BA,5,0010100100000000000000000000011100101011
3008,14574,14.207772,25,8,0000000000001010000000000000000101001111111101000000000001111011
28944,14575,14.208014,24,8,0000001000001001000000100000001101000010000010101000000000001000
23215,14576,14.20845,0AA,8,0010001100000010001000101111010000100010111111000010001011100111
19300,14577,14.209423,0B4,8,0000000000000000000000000000000011000100000010000101010011011100
8607,14578,14.210149,260,8,0000000000000000000000000000000000000000111111111100010100101110
32402,14581,14.212187,1C4,8,0000110011100101000110110000000000000000000000000000000011011001
17060,14584,14.21342,226,8,0000000000000001000100000000000000000000000000000000000000000000
606,14585,14.214419,320,8,0000000000100000000000000000000000000000000000000000000001001011
37284,9711,14.215154,0BA,5,0100111100000000000000000000000000101110
11761,14586,14.216173,2C1,8,0000100011111111100001001111111110001101110000000000000010100010
3009,14588,14.21776,25,8,0000000000001010000000000000000100111111111101000000000001101011
14751,14589,14.218157,1C6,8,0000000000000000100000000000010000100101000101010100000000000000
23216,14590,14.218424,0AA,8,0010001100000010001000101110111100100010111101100010001011101000
7667,14594,14.220997,611,8,0010000100000000000000000001000000000000000000000011110101101100
37285,9716,14.222643,0BA,5,1110000000101100110110000000000001011001
3010,14597,14.22776,25,8,0000000000001010000000000000000100011111111101000000000001001011
28945,14598,14.228002,24,8,0000001000001001000000100000000101000010000001101000000000000010
23217,14599,14.22838,0AA,8,0010001100000010001000101110110000100010111110010010001011100011
19301,14600,14.229387,0B4,8,0000000000000000000000000000000011000100000010000101010011011100
8608,14601,14.230086,260,8,0000000000000000000000000000000000000000111111111100010100101110
37286,14565,14.230133,0BA,5,1100011000000000000000000000000010111110
32403,14603,14.232147,1C4,8,0000110011100011000110110000000000000000000000000000000011010111
37287,4872,14.237623,0BA,5,0010100100000000000000000000010000101000
3011,14609,14.238748,25,8,0000000000001010000000000000000111111111111100010000000000101000
23218,14610,14.239359,0AA,8,0010001100000001001000101111001000100010111101000010001011100001
21639,14613,14.241902,443,8,0100110100000010000000000010111100000110000000000000000000000000
17061,14614,14.242369,226,8,0000000000000000000100000000000000000000000000000000000000000000
37288,9729,14.245112,0BA,5,0100111100000000000000000000000000101110
11762,14615,14.246111,2C1,8,0000100011111111011100001111111101110111110000000000000001111000
3012,14617,14.247705,25,8,0000000000001010000000000000000111011111111100010000000000001000
28946,14618,14.247951,24,8,0000001000001000000000011111111101000010000001101000000011111110
14752,14619,14.248203,1C6,8,0000000000000000100000000000010000011111000101010100000000000000
23219,14620,14.248434,0AA,8,0010001100000000001000101111011100100010111110010010001011011111
19302,14621,14.249351,0B4,8,0000000000000000000000000000000011001000000010000101010011100000
8609,14622,14.250051,260,8,0000000000000000000000000000000000000000111111111011100000100001
32404,14626,14.252204,1C4,8,0000110011011101000110110000000000000000000000000000000011010001
37289,9733,14.252602,0BA,5,1110000000101100110110000000000001011001
28007,14628,14.254323,6C0,8,1110010000000000000000001110000010000000000000000000000000000000
3013,14630,14.257678,25,8,0000000000001010000000000000000110111111111011010000000011100100
23220,14631,14.258346,0AA,8,0010001100000001001000101111010000100010111010110010001011100001
607,14632,14.259337,320,8,0000000000100000000000000000000000000000000000000000000001001011
37290,14592,14.260091,0BA,5,1100011000000000000000000000000010111110
37291,4877,14.267581,0BA,5,0010100100000000000000000000011100101011
3014,14634,14.267654,25,8,0000000000001010000000000000000110011111111011010000000011000100
28947,14635,14.267895,24,8,0000001000001001000000011111111101000010000010001000000000000001
23221,14637,14.26834,0AA,8,0010001100000100001000101110111100100010111101000010001011100010
19303,14638,14.269311,0B4,8,0000000000000000000000000000000011001000000010000101010011100000
8610,14639,14.270045,260,8,0000000000000000000000000000000000000000111111111100010100101110
32405,14643,14.272077,1C4,8,0000110011010100000110110000000000000000000000000000000011001000
17062,14646,14.273307,226,8,0000000000000000000100000000000000000000000000000000000000000000
37292,9752,14.27507,0BA,5,0100111100000000000000000000000000101110
11763,14648,14.276064,2C1,8,0000100011111111010101111111111101100000110000000000000001001000
3015,14650,14.277639,25,8,0000000000001001000000000000000101101111111011010000000010010011
14753,14651,14.278044,1C6,8,0000000000000000100000000000010000011001000101010100000000000000
23222,14652,14.27831,0AA,8,0010001100000110001000101110111000100010111100000010001011100000
35111,1787,14.281099,3D3,3,011011000001001000000000
37293,9754,14.28256,0BA,5,1110000000101100110110000000000001011001
43686,15652,14.284072,3BB,5,0111000000000000000000001010001000000000
34767,14656,14.285555,4DF,8,0010000000000000000000000000000100000000000000000000000000000000
3016,14658,14.287643,25,8,0000000000001001000000000000000101001111111010100000000001110000
28948,14659,14.287886,24,8,0000001000001000000000100000000001000010000010001000000000000010
23223,14660,14.288262,0AA,8,0010001100000110001000101110101100100010111101000010001011011011
19304,14661,14.289272,0B4,8,0000000000000000000000000000000011001100000010000101010011100100
8611,14662,14.289933,260,8,0000000000000000000000000000000000000000111111111100010100101110
37294,14624,14.290049,0BA,5,1100011000000000000000000000000010111110
32406,14664,14.292035,1C4,8,0000110011001111000110110000000000000000000000000000000011000011
37295,4890,14.297539,0BA,5,0010100100000000000000000000010000101000
3017,14668,14.297605,25,8,0000000000001001000000000000000100011111111010100000000001000000
23224,14669,14.298269,0AA,8,0010001100000101001000101111101000100010111011000010001011100001
17063,14674,14.301255,226,8,0000000000000000000100000000000000000000000000000000000000000000
37296,9772,14.305028,0BA,5,0100111100000000000000000000000000101110
11764,14675,14.305993,2C1,8,0000100011111111001111011111111101001101110000000000000000011011
3018,14677,14.307582,25,8,0000000000001001000000000000000111101111111001110000000000001101
28949,14678,14.307824,24,8,0000001000001001000000011111111101000010000010001000000000000001
14754,14679,14.308102,1C6,8,0000000000000000100000000000010000010011000101010100000000000000
23225,14680,14.308288,0AA,8,0010001100000010001000101111011000100010111011000010001011011111
19305,14681,14.309238,0B4,8,0000000000000000000000000000000011010000000010000101010011101000
8612,14682,14.309938,260,8,0000000000000000000000000000000000000000111111111101000000111001
32407,14685,14.311997,1C4,8,0000110011001010000110110000000000000000000000000000000010111110
608,14687,14.312408,320,8,0000000000100000000000000000000000000000000000000000000001001011
37297,9776,14.312518,0BA,5,1110000000101100110110000000000001011001
3019,14690,14.317618,25,8,0000000000001001000000000000000110111111111001010000000011011011
23226,14691,14.318232,0AA,8,0010001100000110001000101111000100100010111011110010001011100101
37298,14653,14.320008,0BA,5,1100011000000000000000000000000010111110
37299,4899,14.327497,0BA,5,0010100100000000000000000000011100101011
3020,14695,14.327543,25,8,0000000000001000000000000000000101111111111001010000000010011010
28950,14696,14.327788,24,8,0000001000001001000000011111111101000010000001011000000011111110
23227,14697,14.328208,0AA,8,0010001100000010001000101110111000100010111010110010001011011110
19306,14698,14.329193,0B4,8,0000000000000000000000000000000011010000000010000101010011101000
8613,14699,14.329856,260,8,0000000000000000000000000000000000000000111111111011100000100001
32408,14702,14.331962,1C4,8,0000110011000000000110110000000000000000000000000000000010110100
17064,14705,14.333193,226,8,0000000000000000000100000000000000000000000000000000000000000000
37300,9790,14.334987,0BA,5,0100111100000000000000000000000000101110
11765,14707,14.336028,2C1,8,0000100011111111001010101111111100110000110000000000000011101011
3021,14709,14.337522,25,8,0000000000001000000000000000000101011111111001010000000001111010
14755,14710,14.33793,1C6,8,0000000000000000100000000000010000001101000101010100000000000000
23228,14711,14.338194,0AA,8,0010001100000001001000101110111000100010111011110010001011100010
37301,9793,14.342476,0BA,5,1110000000101100110110000000000001011001
31418,14713,14.343957,44D,8,0100001000000010000000000000000000000001000000000000000000000000
3022,14715,14.347527,25,8,0000000000001000000000000000000100101111111001010000000001001010
28951,14716,14.347774,24,8,0000001000001000000000011111111101000010000001011000000011111101
23229,14717,14.348147,0AA,8,0010001011111011001000101111000000100010111011110010001011011010
19307,14718,14.349153,0B4,8,0000000000000000000000000000000011010100000010000101010011101100
8614,14719,14.349782,260,8,0000000000000000000000000000000000000000111111111011100000100001
37302,14684,14.349966,0BA,5,1100011000000000000000000000000010111110
16294,14723,14.351345,4C1,8,0000000100000000000000010000000100000000000000000000000000000000
16402,14724,14.351762,3F9,8,0111010100011000000000100000001010000000000000000000000000010101
32409,14725,14.352002,1C4,8,0000110010111010000110110000000000000000000000000000000010101110
7802,14727,14.35267,610,8,0010000000000000000101010110010011000000000000000110001001000000
37303,4908,14.357455,0BA,5,0010100100000000000000000000010000101000
3023,14730,14.358508,25,8,0000000000001000000000000000000111111111111000110000000000011000
23230,14731,14.359127,0AA,8,0010001011111000001000101110101100100010111011100010001011100000
17065,14734,14.362137,226,8,0000000000000000000100000000000000000000000000000000000000000000
609,14735,14.363131,320,8,0000000000100000000000000000000000000000000000000000000001001011
37304,9810,14.364945,0BA,5,0100111100000000000000000000000000101110
11766,14737,14.36588,2C1,8,0000100011111111000101001111111100100111110000000000000011001100
3024,14740,14.367464,25,8,0000000000001000000000000000000111001111111000110000000011101000
28952,14741,14.367705,24,8,0000001000001000000000011111110101000010000001101000000011111100
14756,14742,14.367944,1C6,8,0000000000000000100000000000010000001010000101010100000000000000
23231,14743,14.368178,0AA,8,0010001011111001001000101110011000100010111011110010001011100000
19308,14744,14.369117,0B4,8,0000000000000000000000000000000011010100000010000101010011101100
8615,14745,14.369764,260,8,0000000000000000000000000000000000000000111111111100010100101110
32410,14748,14.371881,1C4,8,0000110010111010000110110000000000000000000000000000000010101110
37305,9812,14.372434,0BA,5,1110000000101100110110000000000001011001
3025,14753,14.377443,25,8,0000000000001000000000000000000110011111111001100000000010111011
23232,14754,14.378168,0AA,8,0010001011111010001000101110010000100010111011110010001011011010
37306,14712,14.379924,0BA,5,1100011000000000000000000000000010111110
35310,13386,14.380883,386,7,01010100000000000000000000000000000000000000000000000000
37307,4919,14.387413,0BA,5,0010100100000000000000000000011100101011
3026,14757,14.387422,25,8,0000000000000111000000000000000101101111111001100000000010001010
28953,14758,14.387664,24,8,0000001000000111000000011111101001000010000001101000000011111000
23233,14759,14.388129,0AA,8,0010001011110101001000101110011000100010111010110010001011010101
19309,14760,14.389075,0B4,8,0000000000000000000000000000000011011000000010000100111011101010
8616,14761,14.389657,260,8,0000000000000000000000000000000000000000111111111010110100010110
13363,14762,14.389849,394,3,0
13906,14765,14.391589,622,8,0001001000000000000000000000000000000000000000000000000000000000
32411,14766,14.391843,1C4,8,0000110010111011000110110000000000000000000000000000000010101111
17066,14769,14.393073,226,8,0000000000000000000100000000000000000000000000000000000000000000
37308,9831,14.394903,0BA,5,0100111100000000000000000000000000101110
11767,14770,14.395835,2C1,8,0000100011111111000000001111111100010000110000000000000010100001
3027,14772,14.397406,25,8,0000000000000111000000000000000100101111111000110000000001000111
14757,14773,14.397817,1C6,8,0000000000000000100000000000010000001010000101010100000000000000
23234,14774,14.398104,0AA,8,0010001011101111001000101110010100100010111011110010001011010110
108,14777,14.400063,3B7,8,1000
37309,9834,14.402393,0BA,5,1110000000101100110110000000000001011001
3028,14779,14.407411,25,8,0000000000000111000000000000000100001111111000110000000000100111
28954,14780,14.407647,24,8,0000001000000111000000011111100001000010000001011000000011110101
23235,14781,14.408021,0AA,8,0010001011101111001000101110010100100010111010010010001011011100
19310,14782,14.409038,0B4,8,0000000000000000000000000000000011011100000010000100100111101001
8617,14783,14.409427,260,8,0000000000000000000000000000000000000000111111111010110100010110
37310,14747,14.409882,0BA,5,1100011000000000000000000000000010111110
610,14785,14.411039,320,8,0000000000100000000000000000000000000000000000000000000001001011
32412,14786,14.411813,1C4,8,0000110011000001000110110000000000000000000000000000000010110101
3029,14792,14.417368,25,8,0000000000000111000000000000000111101111111000110000000000000111
37311,4932,14.417372,0BA,5,0010100100000000000000000000010000101000
23236,14793,14.418035,0AA,8,0010001011110000001000101110000000100010111001110010001011010110
17067,14796,14.421022,226,8,0000000000000000000100000000000000000000000000000000000000000000
11011,14797,14.421516,620,8,0001000000000000000000000000000000000000000000000000000000000000
43501,1000,14.424396,423,2,11100000000
37312,9849,14.424861,0BA,5,0100111100000000000000000000000000101110
11768,14799,14.425762,2C1,8,0000100011111110111100001111111100000100110000000000000010000100
31644,14800,14.426566,389,8,0000000000100000000000000000000000000000000000000000000000000000
3030,14802,14.427373,25,8,0000000000000111000000000000000110111111111010010000000011011101
28955,14803,14.427609,24,8,0000001000000111000000011111011001000010000000011000000011101111
14758,14804,14.427851,1C6,8,0000000000000000100000000000010000001010000101010100000000000000
23237,14805,14.428137,0AA,8,0010001011101111001000101101111100100010111001110010001011011010
19311,14807,14.428996,0B4,8,0000000000000000000000000000000011011100000010000100100111101001
8618,14808,14.429364,260,8,0000000000000000000000000000000000000000111111111010110100010110
32413,14812,14.43177,1C4,8,0000110011000111000110110000000000000000000000000000000010111011
37313,9852,14.432351,0BA,5,1110000000101100110110000000000001011001
3031,14815,14.437326,25,8,0000000000000111000000000000000110011111111010010000000010111101
23238,14816,14.437998,0AA,8,0010001011101100001000101110000000100010111010100010001011010111
37314,14776,14.43984,0BA,5,1100011000000000000000000000000010111110
13651,14817,14.446888,4B7,8,1110001101011111001000101111000000001000111010100000000100001000
37315,4937,14.44733,0BA,5,0010100100000000000000000000011100101011
3032,14819,14.447469,25,8,0000000000000110000000000000000101011111111001100000000001111001
28956,14820,14.44771,24,8,0000001000000110000000011111001101000010000000011000000011101011
23239,14822,14.448123,0AA,8,0010001011100011001000101110000000100010111001110010001011010011
19312,14823,14.448961,0B4,8,0000000000000000000000000000000011100000000010000100001111100111
8619,14824,14.449275,260,8,0000000000000000000000000000000000000000111111111001010111111110
14065,14827,14.45143,442,8,0100001100000010000000000000000000000010000000000000000000000000
32414,14829,14.451784,1C4,8,0000110011001110000110110000000000000000000000000000000011000010
17068,14832,14.452955,226,8,0000000000000000000100000000000000000000000000000000000000000000
37316,9871,14.454819,0BA,5,0100111100000000000000000000000000101110
11769,14833,14.455723,2C1,8,0000100011111110110111011111111011100111110000000000000001010011
3033,14835,14.457286,25,8,0000000000000110000000000000000100101111111001100000000001001001
14759,14836,14.457704,1C6,8,0000000000000000100000000000010000001010000101010100000000000000
23240,14837,14.457957,0AA,8,0010001011011111001000101101110000100010111000000010001011010111
611,14839,14.459945,320,8,0000000000100000000000000000000000000000000000000000000001001011
37317,9874,14.462309,0BA,5,1110000000101100110110000000000001011001
3034,14842,14.467294,25,8,0000000000000110000000000000000100001111111010100000000000101101
28957,14843,14.467533,24,8,0000001000000110000000011111001101000010000000111000000011101101
23241,14844,14.467908,0AA,8,0010001011011111001000101101110000100010110111010010001011011010
19313,14845,14.468921,0B4,8,0000000000000000000000000000000011100000000010000100001111100111
8620,14846,14.469221,260,8,0000000000000000000000000000000000000000111111111010000100001010
37318,14810,14.469798,0BA,5,1100011000000000000000000000000010111110
32415,14849,14.471692,1C4,8,0000110011010111000110110000000000000000000000000000000011001011
3035,14853,14.477251,25,8,0000000000000110000000000000000111101111111010100000000000001101
37319,4949,14.477288,0BA,5,0010100100000000000000000000010000101000
23242,14854,14.477913,0AA,8,0010001011100001001000101101110000100010111001010010001011010010
17069,14859,14.480904,226,8,0000000000000000000100000000000000000000000000000000000000000000
37320,9895,14.484778,0BA,5,0100111100000000000000000000000000101110
11770,14860,14.485657,2C1,8,0000100011111110110010101111111011100000110000000000000000111001
275,14861,14.486453,38F,8,0000000100000000000000000000000000000000000000000000000000000000
3036,14863,14.487252,25,8,0000000000000110000000000000000111001111111010100000000011101101
28958,14864,14.487493,24,8,0000001000000101000000011111001101000010000000111000000011101100
14760,14865,14.487731,1C6,8,0000000000000000100000000000010000000110000101010100000000000000
23243,14866,14.487957,0AA,8,0010001011100000001000101101101000100010110111010010001011010110
19314,14867,14.488886,0B4,8,0000000000000000000000000000000011100100000010000011100011100000
8621,14868,14.489159,260,8,0000000000000000000000000000000000000000111111111010000100001010
32416,14871,14.491684,1C4,8,0000110011100101000110110000000000000000000000000000000011011001
37321,9900,14.492267,0BA,5,1110000000101100110110000000000001011001
3037,14876,14.497253,25,8,0000000000000110000000000000000110011111111010100000000010111101
23244,14877,14.497849,0AA,8,0010001011011100001000101101011000100010110110010010001011001100
37322,14838,14.499757,0BA,5,1100011000000000000000000000000010111110
3038,14879,14.507187,25,8,0000000000000101000000000000000101011111111000110000000001110101
37323,4959,14.507246,0BA,5,0010100100000000000000000000011100101011
28959,14880,14.50743,24,8,0000001000000101000000011111010001000010000000111000000011101101
23245,14881,14.507857,0AA,8,0010001011011011001000101101001100100010110100110010001011010001
19315,14882,14.508846,0B4,8,0000000000000000000000000000000011101000000010000011100011100100
8622,14883,14.509102,260,8,0000000000000000000000000000000000000000111111111010000100001010
32417,14886,14.511615,1C4,8,0000110011101010000110110000000000000000000000000000000011011110
17070,14889,14.512835,226,8,0000000000000001000100000000000000000000000000000000000000000000
612,14891,14.513834,320,8,0000000000100000000000000000000000000000000000000000000001001011
37324,9914,14.514736,0BA,5,0100111100000000000000000000000000101110
11771,14892,14.515606,2C1,8,0000100011111110101111011111111011010000110000000000000000011100
34708,14893,14.515963,380,8,0
14761,14894,14.517596,1C6,8,0000000000000000100000000000010000000000000101010100000000000000
3039,14896,14.518199,25,8,0000000000000101000000000000000100101111111000110000000001000101
23246,14897,14.51881,0AA,8,0010001011011010001000101101010000100010110101110010001011001011
13591,14900,14.521301,4DD,8,0001111000000000000000000000000000000000000000000000000000000000
37325,9917,14.522225,0BA,5,1110000000101100110110000000000001011001
3040,14902,14.527179,25,8,0000000000000101000000000000000111111111111001100000000000011000
28960,14903,14.527419,24,8,0000001000000011000000011111010001000010000000111000000011101011
23247,14904,14.527794,0AA,8,0010001011011000001000101101100000100010110011110010001011001110
19316,14905,14.528807,0B4,8,0000000000000000000000000000000011101000000010000011100011100100
8623,14906,14.529049,260,8,0000000000000000000000000000000000000000111111111010110100010110
37326,14870,14.529715,0BA,5,1100011000000000000000000000000010111110
32418,14909,14.531581,1C4,8,0000110011101101000110110000000000000000000000000000000011100001
3041,14913,14.537133,25,8,0000000000000101000000000000000111011111111001100000000011111000
37327,4969,14.537204,0BA,5,0010100100000000000000000000010000101000
23248,14914,14.537801,0AA,8,0010001011010111001000101101100000100010110100100010001011000100
35112,14693,14.540755,3D3,3,111001010000000101011111
17071,14917,14.540792,226,8,0000000000000000000100000000000000000000000000000000000000000000
37328,9935,14.544694,0BA,5,0100111100000000000000000000000000101110
11772,14919,14.545537,2C1,8,0000100011111110100111011111111011100100110000000000000000010000
3042,14922,14.547138,25,8,0000000000000101000000000000000110011111111000010000000010110011
28961,14923,14.547374,24,8,0000001000000011000000011111100001000010000001011000000011110001
14762,14924,14.547614,1C6,8,0000000000000000100000000000001111111010000101010100000000000000
23249,14925,14.54784,0AA,8,0010001011010101001000101101001100100010110010110010001011000111
19317,14926,14.548765,0B4,8,0000000000000000000000000000000011101100000010000011100011101000
8624,14927,14.549069,260,8,0000000000000000000000000000000000000000111111111010110100010110
21640,14930,14.551318,443,8,0100110100000010000000000010111100000110000000000000000000000000
32419,14931,14.551558,1C4,8,0000110011110100000110110000000000000000000000000000000011101000
37329,9939,14.552183,0BA,5,1110000000101100110110000000000001011001
28008,14933,14.553223,6C0,8,1110010000000000000000001110000010000000000000000000000000000000
3043,14935,14.5571,25,8,0000000000000100000000000000000101011111110111110000000001110000
23250,14936,14.557758,0AA,8,0010001011010110001000101100111000100010110010110010001011000111
613,14937,14.558752,320,8,0000000000100000000000000000000000000000000000000000000001001011
37330,14898,14.559673,0BA,5,1100011000000000000000000000000010111110
3044,14941,14.567071,25,8,0000000000000100000000000000000100011111110111110000000000110000
37331,4980,14.567163,0BA,5,0010100100000000000000000000011100101011
28962,14942,14.567315,24,8,0000001000000011000000011111100001000010000000111000000011101111
23251,14943,14.56774,0AA,8,0010001011010101001000101100111000100010110010000010001011000101
19318,14944,14.568725,0B4,8,0000000000000000000000000000000011101100000010000011100011101000
8625,14945,14.568968,260,8,0000000000000000000000000000000000000000111111111010000100001010
32420,14948,14.571502,1C4,8,0000110011110001000110110000000000000000000000000000000011100101
17072,14951,14.572724,226,8,0000000000000000000100000000000000000000000000000000000000000000
37332,9958,14.574652,0BA,5,0100111100000000000000000000000000101110
11773,14953,14.5755,2C1,8,0000100011111110011101111111111001111101110000000000000010000011
3045,14955,14.577053,25,8,0000000000000100000000000000000111011111110110100000000011101011
14763,14956,14.577474,1C6,8,0000000000000000100000000000001111110100000101010100000000000000
23252,14957,14.577721,0AA,8,0010001011010110001000101100111100100010110001010010001011000010
43687,492,14.581656,3BB,5,1011101100000000000000000000000000100110
37333,9961,14.582142,0BA,5,1110000000101101000000000000000010000010
3046,14961,14.587054,25,8,0000000000000100000000000000000110011111110110100000000010101011
28963,14962,14.587298,24,8,0000001000000011000000011111101001000010000000111000000011110001
23253,14963,14.587673,0AA,8,0010001011010110001000101101110100100010110001000010001011000000
19319,14964,14.588692,0B4,8,0000000000000000000000000000000011110000000010000011001011100110
8626,14965,14.588934,260,8,0000000000000000000000000000000000000000111111111001010111111110
37334,14929,14.589631,0BA,5,1100011000000000000000000000000010111110
32421,14967,14.591466,1C4,8,0000110011110000000110110000000000000000000000000000000011100100
37335,4993,14.597121,0BA,5,0010100100000000000000000000010000101000
3047,14972,14.598041,25,8,0000000000000011000000000000000101001111110110100000000001011010
23254,14973,14.598651,0AA,8,0010001011010011001000101101011000100010101111100010001011000101
16403,14976,14.601645,3F9,8,0111010100011000000000100000001010000000000000000000000000010101
17073,14977,14.601894,226,8,0000000000000000000100000000000000000000000000000000000000000000
37336,9975,14.60461,0BA,5,0100111100000000000000000000000000101110
11774,14978,14.605425,2C1,8,0000100011111110010101111111111001110100110000000000000001011010
3048,14980,14.606989,25,8,0000000000000011000000000000000100001111110101000000000000010100
28964,14981,14.607227,24,8,0000001000000011000000011111110101000010000000011000000011110010
14764,14982,14.607466,1C6,8,0000000000000000100000000000001111101110000101010100000000000000
23255,14983,14.607696,0AA,8,0010001011010110001000101101000000100010110000010010001011000010
19320,14985,14.60865,0B4,8,0000000000000000000000000000000011110100000010000011001011101010
8627,14986,14.608889,260,8,0000000000000000000000000000000000000000111111111010110100010110
32422,14989,14.611429,1C4,8,0000110011101000000110110000000000000000000000000000000011011100
614,14992,14.612016,320,8,0000000000100000000000000000000000000000000000000000000001001011
37337,9978,14.6121,0BA,5,1110000000101100110111000000000001011101
14230,14993,14.61264,60.0,8,1010000100000000000000000000000000000000011100000000000000000000
3049,14995,14.616975,25,8,0000000000000011000000000000000111001111110101110000000011010111
23256,14996,14.617648,0AA,8,0010001011010011001000101100110000100010101111100010001011000000
37338,14958,14.619589,0BA,5,1100011000000000000000000000000010111110
3050,15000,14.626979,25,8,0000000000000010000000000000000101111111110101110000000010000110
37339,4999,14.627079,0BA,5,0010100100000000000000000000011100101011
28965,15001,14.627217,24,8,0000001000000011000000011111111101000010000000001000000011110011
23257,15002,14.627602,0AA,8,0010001011011000001000101100101100100010101111100010001010111100
19321,15004,14.628611,0B4,8,0000000000000000000000000000000011110100000010000011001011101010
8628,15005,14.628851,260,8,0000000000000000000000000000000000000000111111111010000100001010
7727,15008,14.631171,435,8,1000000000000101000001011111111111100000001111110000000000000011
32423,15009,14.631409,1C4,8,0000110011001111000110110000000000000000000000000000000011000011
17074,15012,14.632604,226,8,0000000000000000000100000000000000000000000000000000000000000000
37340,9997,14.634568,0BA,5,0100111100000000000000000000000000101110
11775,15013,14.635382,2C1,8,0000000011111110010101001111111001000111110000000000000000100010
3051,15015,14.636936,25,8,0000000000000010000000000000000100111111110100110000000001000010
14765,15016,14.637363,1C6,8,0000000000000000100000000000001111101000000101010100000000000000
23258,15017,14.637601,0AA,8,0010001011010010001000101100110000100010101110010010001010111101
10917,15018,14.63817,436,8,0
37341,9999,14.642058,0BA,5,1110000000101100110110000000000001011001
3052,15022,14.646936,25,8,0000000000000010000000000000000111101111110011100000000011101101
28966,15023,14.647179,24,8,0000001000000011000000011111101101000010000000011000000011110000
23259,15024,14.647556,0AA,8,0010001011001101001000101100101000100010101111100010001010110010
19322,15025,14.648576,0B4,8,0000000000000000000000000000000011111000000010000011001011101110
8629,15026,14.648817,260,8,0000000000000000000000000000000000000000111111111001010111111110
37342,14988,14.649547,0BA,5,1100011000000000000000000000000010111110
32424,15028,14.651352,1C4,8,0000110011000011000110110000000000000000000000000000000010110111
31419,15030,14.652806,44D,8,0100001000000010000000000000000000000001000000000000000000000000
37343,5013,14.657037,0BA,5,0010100100000000000000000000010000101000
3053,15033,14.657918,25,8,0000000000000010000000000000000110101111110100110000000010110010
23260,15034,14.65854,0AA,8,0010001011001011001000101100010000100010101110000010001010110101
17075,15038,14.66155,226,8,0000000000000000000100000000000000000000000000000000000000000000
615,15039,14.662545,320,8,0000000000100000000000000000000000000000000000000000000001001011
37344,10016,14.664527,0BA,5,0100111100000000000000000000000000101110
11776,15040,14.665314,2C1,8,0000000011111110100111011111111000100100110000000000000001001000
13783,15041,14.666123,434,8,0100001000000000000000000000000000000000000000000000000000000000
3054,15043,14.666875,25,8,0000000000000001000000000000000101011111110101000000000001100010
28967,15044,14.667111,24,8,0000001000000010000000011111101101000010000000111000000011110001
14766,15045,14.667352,1C6,8,0000000000000000100000000000001111100100000101010100000000000000
23261,15046,14.667575,0AA,8,0010001011001101001000101100010000100010101110010010001010100101
8630,15047,14.668499,260,8,0000000000000000000000000000000000000000111111111010000100001010
19323,15048,14.668741,0B4,8,0000000000000000000000000000000011111000000010000010110111101001
32425,15051,14.67132,1C4,8,0000110010101111000110110000000000000000000000000000000010100011
37345,10019,14.672016,0BA,5,1110000000101100111011000000000001101101
34841,15055,14.672046,3C3,8,0100011000011110100100110100111011101110010110010000001110001000
28174,15056,14.673097,437,8,1111110011111111111111111111111111111111111111111111111111111111
3055,15059,14.677033,25,8,0000000000000001000000000000000100001111110011100000000000001100
23262,15060,14.677528,0AA,8,0010001011001000001000101100010000100010101110000010001010101001
37346,15019,14.679506,0BA,5,1100011000000000000000000000000010111110
3056,15062,14.686834,25,8,0000000000000001000000000000000111001111110100110000000011010001
37347,5023,14.686995,0BA,5,0010100100000000000000000000011100101011
28968,15063,14.687072,24,8,0000001000000010000000011111101101000010000000111000000011110001
23263,15064,14.687509,0AA,8,0010001011000100001000101100001000100010101101100010001010101000
8631,15066,14.688386,260,8,0000000000000000000000000000000000000000111111110111110111100110
19324,15067,14.688628,0B4,8,0000000000000000000000000000000011111100000010000010110111101101
13364,15068,14.688823,394,3,0
32426,15071,14.691275,1C4,8,0000110010100000000110110000000000000000000000000000000010010100
17076,15074,14.69249,226,8,0000000000000000000100000000000000000000000000000000000000000000
37348,10034,14.694485,0BA,5,0100111100000000000000000000000000101110
11777,15076,14.695265,2C1,8,0000000011111110111100001111111011110000110000000000010001101011
3057,15078,14.696816,25,8,0000000000000000000000000000000101111111110110100000000010000111
14767,15079,14.697254,1C6,8,0000000000000000100000000000001111100001000101010100000000000000
23264,15080,14.697494,0AA,8,0010001011000001001000101100000000100010101100010010001010101100
109,15082,14.69948,3B7,8,1000
37349,10038,14.701974,0BA,5,1110000000101100111011000000000001101101
3058,15085,14.706833,25,8,0000000000000000000000000000000101001111110110100000000001010111
28969,15086,14.707076,24,8,0000001000000010000000011111101101000010000000011000000011101111
23265,15087,14.707441,0AA,8,0010001011000000001000101100000000100010101101000010001010101010
8632,15088,14.708326,260,8,0000000000000000000000000000000000000000111111111001010111111110
19325,15089,14.708574,0B4,8,0000000000000000000000000000000000000000000010000010011111101011
37350,15050,14.709464,0BA,5,1100011000000000000000000000000010111110
616,15092,14.710453,320,8,0000000000100000000000000000000000000000000000000000000001001011
32427,15093,14.71124,1C4,8,0000110010010000000110110000000000000000000000000000000010000100
13844,15096,14.715011,4C6,8,0000011100000000000000110000000000000000000000000000000000000000
37351,5033,14.716953,0BA,5,0010100100000000000000000000010000101000
3059,15098,14.717808,25,8,0000000000000000000000000000000100011111110111110000000000101100
23266,15099,14.718421,0AA,8,0010001010111101001000101100000000100010101101010010001010101000
31254,15102,14.720782,4A6,8,0000000000000000000000000000000000000000000011000000000000000000
11012,15103,14.721049,620,8,0001000000000000000000000000000000000000000000000000000000000000
17077,15104,14.721435,226,8,0000000000000000000100000000000000000000000000000000000000000000
37352,10056,14.724443,0BA,5,0100111100000000000000000000000000101110
11778,15106,14.725194,2C1,8,0000000011111111001110101111111101110000110000000000011100111010
3060,15109,14.726774,25,8,0000000000000000000000000000000111011111110101000000000011100001
28970,15110,14.727011,24,8,0000001000000010000000011111100001000010000000001000000011101011
14768,15111,14.727248,1C6,8,0000000000000000100000000000001111011110000101010100000000000000
23267,15112,14.727475,0AA,8,0010001010111000001000101011101100100010101100000010001010101001
8633,15113,14.728326,260,8,0000000000000000000000000000000000000000111111111001010111111110
19326,15114,14.728575,0B4,8,0000000000000000000000000000000000000000000010000010011111101011
32428,15117,14.731201,1C4,8,0000110010000111000110110000000000000000000000000000000001111011
37353,10058,14.731932,0BA,5,1110000000101101000001000000000010000110
3061,15121,14.736738,25,8,0000000000000000000000000000000110101111110111010000000010111010
23268,15122,14.73741,0AA,8,0010001010110011001000101011101000100010101100110010001010101000
37354,15081,14.739422,0BA,5,1100011000000000000000000000000010111110
3062,15125,14.746718,25,8,0000111111111111000000000000000101101111110111010000000010001000
37355,5042,14.746912,0BA,5,0010100100000000000000000000011100101011
28971,15126,14.74696,24,8,0000001000000001000000011111011001000010000000001000000011101000
23269,15127,14.747397,0AA,8,0010001010110000001000101011100000100010101100000010001010101000
8634,15128,14.7482,260,8,0000000000000000000000000000000000000000111111111000100111110010
19327,15129,14.748442,0B4,8,0000000000000000000000000000000000000100000010000010000111101001
32429,15132,14.751166,1C4,8,0000110010001011000110110000000000000000000000000000000001111111
17078,15135,14.752373,226,8,0000000000000000000100000000000000000000000000000000000000000000
37356,10076,14.754401,0BA,5,0100111100000000000000000000000000101110
11779,15137,14.755163,2C1,8,0000000011111111011011011111111110000000110000000000100001111110
3063,15139,14.7567,25,8,0000111111111111000000000000000101001111111000110000000001101110
14769,15140,14.757137,1C6,8,0000000000000000100000000000001111011011000101010000000000000000
23270,15141,14.757372,0AA,8,0010001010110011001000101011011100100010101011100010001010101000
617,15144,14.759361,320,8,0000000000100000000000000000000000000000000000000000000001001011
14066,15145,14.759682,442,8,0100001100000010000000000000000000000010000000000000000000000000
43502,3829,14.759847,423,2,10101000001010
37357,10080,14.761891,0BA,5,1110000000101101000001000000000010000110
3064,15147,14.766713,25,8,0000111111111111000000000000000100011111111000110000000000111110
28972,15148,14.766955,24,8,0000001000000001000000011111010001000001111111111000000011100100
23271,15149,14.767323,0AA,8,0010001010110001001000101011101000100010101011000010001010101101
8635,15150,14.7682,260,8,0000000000000000000000000000000000000000111111110111110111100110
19328,15151,14.768442,0B4,8,0000000000000000000000000000000000000100000010000001110011100100
37358,15116,14.76938,0BA,5,1100011000000000000000000000000010111110
32430,15154,14.771127,1C4,8,0000110010011110000110110000000000000000000000000000000010010010
13972,15158,14.775904,38E,8,0
3065,15160,14.776667,25,8,0000111111111111000000000000000111111111111010010000000000100100
37359,5055,14.77687,0BA,5,0010100100000000000000000000010000101000
23272,15161,14.777333,0AA,8,0010001010101110001000101011011100100010101011100010001010101011
17079,15164,14.780322,226,8,0000000000000000000100000000000000000000000000000000000000000000
37360,10094,14.784359,0BA,5,0100111100000000000000000000000000101110
11780,15165,14.785085,2C1,8,0000000011111111100100001111111101111010110000000000100110011100
3066,15167,14.786677,25,8,0000111111111111000000000000000111011111111010010000000000000100
28973,15168,14.786921,24,8,0000001000000000000000011111011001000001111111011000000011100011
14770,15169,14.787161,1C6,8,0000000000000000100000000000001111011000000101010000000000000000
23273,15170,14.787389,0AA,8,0010001010101011001000101011001100100010101001000010001010101000
8636,15171,14.788143,260,8,0000000000000000000000000000000000000000111111110111000111011010
19329,15172,14.788381,0B4,8,0000000000000000000000000000000000001000000010000001011011100010
32431,15175,14.791087,1C4,8,0000110010101000000110110000000000000000000000000000000010011100
37361,10097,14.791849,0BA,5,1110000000101101000011000000000010001110
3067,15179,14.796641,25,8,0000111111111111000000000000000111001111111011010000000011111000
23274,15180,14.797294,0AA,8,0010001010101101001000101011000000100010101001000010001010100011
37362,15142,14.799338,0BA,5,1100011000000000000000000000000010111110
35113,1853,14.800412,3D3,3,011011000001001000000000
3068,15183,14.806625,25,8,0000111111111111000000000000000110111111111100000000000011101011
37363,5059,14.806828,0BA,5,0010100100000000000000000000011100101011
28974,15184,14.806869,24,8,0000001000000000000000011111011001000001111110111000000011100001
23275,15185,14.807282,0AA,8,0010001010110000001000101011000000100010100111100010001010101011
8637,15187,14.808175,260,8,0000000000000000000000000000000000000000111111111000100111110010
19330,15188,14.80835,0B4,8,0000000000000000000000000000000000001000000010000001000011011100
32432,15191,14.811053,1C4,8,0000110010110001000110110000000000000000000000000000000010100101
17080,15194,14.812262,226,8,0000000000000000000100000000000000000000000000000000000000000000
618,15195,14.813256,320,8,0000000000100000000000000000000000000000000000000000000001001011
37364,10115,14.814317,0BA,5,0100111100000000000000000000000000101110
11781,15196,14.815131,2C1,8,0000000011111111101101111111111101111010110000000000100111000011
3069,15198,14.8166,25,8,0000111111111111000000000000000110011111111100000000000011001011
14771,15199,14.81703,1C6,8,0000000000000000100000000000001111010101000101010000000000000000
23276,15201,14.81737,0AA,8,0010001010101100001000101011000000100010101000010010001010011110
37365,10118,14.821807,0BA,5,1110000000101100111101000000000001110101
3070,15206,14.826601,25,8,0000111111111110000000000000000101111111111100000000000010101010
28975,15207,14.826844,24,8,0000001000000000000000011111100001000001111110111000000011100011
23277,15208,14.82721,0AA,8,0010001010101011001000101011000100100010100111100010001010100010
8638,15209,14.82812,260,8,0000000000000000000000000000000000000000111111110111000111011010
19331,15210,14.828316,0B4,8,0000000000000000000000000000000000001100000010000001000011100000
37366,15174,14.829297,0BA,5,1100011000000000000000000000000010111110
32433,15212,14.831018,1C4,8,0000110010111011000110110000000000000000000000000000000010101111
13717,15215,14.835797,3A5,8,100000000
3071,15217,14.836554,25,8,0000111111111110000000000000000101101111111100110000000010011101
37367,5073,14.836786,0BA,5,0010100100000000000000000000010000101000
23278,15218,14.837227,0AA,8,0010001010101000001000101011001000100010100111110010001010011111
17081,15221,14.840216,226,8,0000000000000000000100000000000000000000000000000000000000000000
37368,10139,14.844276,0BA,5,0100111100000000000000000000000000101110
11782,15224,14.844986,2C1,8,0000000011111111111001001111111110010000110000000000100100000110
3072,15226,14.84656,25,8,0000111111111110000000000000000101101111111101100000000010100000
28976,15227,14.846807,24,8,0000000111111111000000011111110101000001111111011000000011101000
14772,15228,14.847045,1C6,8,0000000000000000100000000000001111010010000101010000000000000000
23279,15229,14.84727,0AA,8,0010001010101001001000101011000000100010100111100010001010011110
8639,15230,14.848002,260,8,0000000000000000000000000000000000000000111111111001010111111110
19332,15231,14.848252,0B4,8,0000000000000000000000000000000000010000000010000001000011100100
16404,15234,14.850703,3F9,8,0111010100011000000000100000001010000000000000000000000000010101
32434,15235,14.850982,1C4,8,0000110011000101000110110000000000000000000000000000000010111001
37369,10142,14.851765,0BA,5,1110000000101101000001000000000010000110
28009,15237,14.852128,6C0,8,1110010000000000000000001110000010000000000000000000000000000000
7803,15238,14.852465,610,8,0010000000000000000101010110010011000000000000000110001001000000
3073,15240,14.856518,25,8,0000111111111110000000000000000101011111111101110000000010010001
21641,15242,14.856937,443,8,0100110100000010000000000010111100000110000000000000000000000000
23280,15243,14.857181,0AA,8,0010001010110001001000101011001100100010100110100010001010100001
619,15244,14.858176,320,8,0000000000100000000000000000000000000000000000000000000001001011
37370,15202,14.859255,0BA,5,1100011000000000000000000000000010111110
31325,15245,14.864504,640,8,1010100000000000000000000011011100000001110111010000000000000000
35011,15247,14.865738,413,8,0000000100000001000000010000100100000000000000000000000000000000
3074,15249,14.866496,25,8,0000111111111110000000000000000101001111111101110000000010000001
28977,15250,14.866742,24,8,0000000111111111000000011111110101000001111111111000000011101010
37371,5080,14.866744,0BA,5,0010100100000000000000000000011100101011
23281,15251,14.867168,0AA,8,0010001010110000001000101011010100100010100110110010001010011110
8640,15252,14.867842,260,8,0000000000000000000000000000000000000000111111111010000100001010
19333,15253,14.868158,0B4,8,0000000000000000000000000000000000010000000010000001000011100100
32435,15256,14.870953,1C4,8,0000110011000111000110110000000000000000000000000000000010111011
17082,15259,14.87215,226,8,0000000000000000000100000000000000000000000000000000000000000000
37372,10156,14.874234,0BA,5,0100111100000000000000000000000000101110
11783,15262,14.874941,2C1,8,0000000000000000000100001111111111001010110000000000100101101101
14773,15263,14.87692,1C6,8,0000000000000000100000000000001111001111000101010000000000000000
3075,15265,14.877503,25,8,0000111111111110000000000000000101001111111101110000000010000001
23282,15266,14.878123,0AA,8,0010001010101101001000101011000100100010100110100010001010011110
43688,1001,14.879241,3BB,5,1010010100000000000000000000000000000000
37373,10159,14.881723,0BA,5,1110000000101101000101000000000010010110
3076,15270,14.886489,25,8,0000111111111110000000000000000100111111111101110000000001110001
28978,15271,14.886735,24,8,0000000111111111000000011111111101000010000000001000000011101110
23283,15272,14.8871,0AA,8,0010001010101100001000101011101000100010100111010010001010011011
8641,15273,14.887819,260,8,0000000000000000000000000000000000000000111111111010000100001010
19334,15274,14.888123,0B4,8,0000000000000000000000000000000000010100000010000001000011101000
37374,15233,14.889213,0BA,5,1100011000000000000000000000000010111110
32436,15277,14.890905,1C4,8,0000110011001010000110110000000000000000000000000000000010111110
3077,15281,14.896444,25,8,0000111111111110000000000000000100111111111101110000000001110001
37375,5090,14.896702,0BA,5,0010100100000000000000000000010000101000
23284,15282,14.897111,0AA,8,0010001010101001001000101011000100100010100100110010001010100010
17083,15285,14.900098,226,8,0000000000000000000100000000000000000000000000000000000000000000
37376,10179,14.904192,0BA,5,0100111100000000000000000000000000101110
11784,15286,14.904872,2C1,8,0000000000000000001111001111111111110100110000000000101011000100
3078,15289,14.906449,25,8,0000111111111110000000000000000100111111111101110000000001110001
28979,15290,14.906691,24,8,0000000111111111000000100000000101000010000000001000000011110001
14774,15291,14.906931,1C6,8,0000000000000000100000000000001111001100000101010000000000000000
23285,15292,14.907155,0AA,8,0010001010101010001000101011000000100010100110100010001010011110
8642,15293,14.907768,260,8,0000000000000000000000000000000000000000111111111011100000100001
19335,15294,14.908132,0B4,8,0000000000000000000000000000000000010100000010000001000011101000
32437,15297,14.910879,1C4,8,0000110011001100000110110000000000000000000000000000000011000000
620,15299,14.911287,320,8,0000000000100000000000000000000000000000000000000000000001001011
37377,10182,14.911682,0BA,5,1110000000101101000110000000000010011010
3079,15301,14.916403,25,8,0000111111111110000000000000000100111111111110010000000001110011
23286,15302,14.917073,0AA,8,0010001010100101001000101010110100100010100110000010001010100100
37378,15267,14.919171,0BA,5,1100011000000000000000000000000010111110
11239,15305,14.922712,4C8,8,0000100100000000000000000000000000000000000000000000000000000000
3080,15307,14.926388,25,8,0000111111111110000000000000000100111111111110100000000001110100
28980,15308,14.926632,24,8,0000000111111111000000100000000101000010000000011000000011110010
37379,5099,14.926661,0BA,5,0010100100000000000000000000011100101011
23287,15309,14.927055,0AA,8,0010001010101001001000101011000000100010100111000010001010100010
8643,15310,14.927546,260,8,0000000000000000000000000000000000000000111111111011100000100001
19336,15311,14.928045,0B4,8,0000000000000000000000000000000000011000000010000001000011101100
32438,15315,14.930842,1C4,8,0000110011001111000110110000000000000000000000000000000011000011
17084,15318,14.93204,226,8,0000000000000000000100000000000000000000000000000000000000000000
37380,10203,14.93415,0BA,5,0100111100000000000000000000000000101110
11785,15319,14.934832,2C1,8,0000000000000000010001100000000000001100110000000000101011100111
3081,15321,14.936366,25,8,0000111111111110000000000000000100101111111110110000000001100101
14775,15322,14.936815,1C6,8,0000000000000000100000000000001111001001000101010000000000000000
23288,15323,14.937042,0AA,8,0010001010100111001000101011000000100010100101000010001010011111
37381,10206,14.94164,0BA,5,1110000000101101000110000000000010011010
3082,15327,14.94637,25,8,0000111111111110000000000000000100101111111110110000000001100101
28981,15328,14.946612,24,8,0000000111111111000000100000000101000010000000111000000011110100
23289,15330,14.946989,0AA,8,0010001010101001001000101011001000100010100111010010001010011001
8644,15331,14.947473,260,8,0000000000000000000000000000000000000000111111111011100000100001
19337,15332,14.948007,0B4,8,0000000000000000000000000000000000011100000010000001000011110000
37382,15296,14.949129,0BA,5,1100011000000000000000000000000010111110
27813,15334,14.949999,420,8,0000000000000000000000000000000011111111000000001000000010101011
32439,15336,14.950796,1C4,8,0000110011010010000110110000000000000000000000000000000011000110
3083,15341,14.956336,25,8,0000111111111110000000000000000100101111111111000000000001100110
37383,5114,14.956619,0BA,5,0010100100000000000000000000010000101000
23290,15342,14.957003,0AA,8,0010001010101011001000101010111000100010100110010010001010011110
17085,15345,14.95999,226,8,0000000000000001000100000000000000000000000000000000000000000000
621,15346,14.960988,320,8,0000000000100000000000000000000000000000000000000000000001001011
31420,15347,14.961706,44D,8,0100001000000010000000000000000000000001000000000000000000000000
37384,10217,14.964108,0BA,5,0100111100000000000000000000000000101110
11786,15348,14.96477,2C1,8,0000000000000000010100110000000000011100110000000000110000000110
3084,15350,14.966324,25,8,0000111111111110000000000000000100101111111111000000000001100110
28982,15351,14.966569,24,8,0000000111111111000000100000000001000010000000111000000011110011
14776,15352,14.966809,1C6,8,0000000000000000100000000000001111000110000101010000000000000000
23291,15353,14.967032,0AA,8,0010001010101011001000101010110100100010100101110010001010010101
8645,15354,14.967457,260,8,0000000000000000000000000000000000000000111111111011100000100001
19338,15355,14.96797,0B4,8,0000000000000000000000000000000000011100000010000001000011110000
7607,15358,14.97021,3BC,8,0
32440,15360,14.971165,1C4,8,0000110011010011000110110000000000000000000000000000000011000111
37385,10222,14.971598,0BA,5,1110000000101101000110000000000010011010
34948,15363,14.971959,4C3,8,0000001100000000000000000000000100000000000000000000000000000000
3085,15365,14.976301,25,8,0000111111111110000000000000000100101111111111000000000001100110
23292,15366,14.976958,0AA,8,0010001010101001001000101010110100100010100101010010001010011001
37386,15324,14.979087,0BA,5,1100011000000000000000000000000010111110
35311,13422,14.980087,386,7,11011011000000000000000000000000000001100000000000000011
43413,13449,14.980114,3000000.0,6,101011000000000000000000000000000000000000000000
3086,15368,14.986307,25,8,0000111111111110000000000000000100101111111111010000000001100111
28983,15369,14.986553,24,8,0000000111111111000000100000000001000010000000001000000011110000
37387,5121,14.986577,0BA,5,0010100100000000000000000000011100101011
23293,15370,14.986913,0AA,8,0010001010100111001000101010110100100010100101010010001010010100
8646,15371,14.987362,260,8,0000000000000000000000000000000000000000111111111011100000100001
13365,15373,14.9877,394,3,0
19339,15374,14.98794,0B4,8,0000000000000000000000000000000000100000000010000000101111101111
32441,15377,14.990727,1C4,8,0000110011011101000110110000000000000000000000000000000011010001
17086,15380,14.991922,226,8,0000000000000000000100000000000000000000000000000000000000000000
37388,10241,14.994067,0BA,5,0100111100000000000000000000000000101110
11787,15382,14.994732,2C1,8,0000000000000000011001100000000000011100110000000000110100011010
27874,15383,14.995079,4DC,8,0001110100000000000000000000000000000000000000000000000000000000
3087,15385,14.99626,25,8,0000111111111110000000000000000100101111111111010000000001100111
14777,15386,14.996704,1C6,8,0000000000000000100000000000001111000011000101010000000000000000
23294,15387,14.99693,0AA,8,0010001010101000001000101010100100100010100101110010001010010101
110,15389,14.998922,3B7,8,1000
37389,10246,15.001556,0BA,5,1110000000101101000110000000000010011010
3088,15392,15.00624,25,8,0000111111111110000000000000000100101111111111010000000001100111
28984,15393,15.006488,24,8,0000000111111111000000100000000001000001111111111000000011101110
23295,15394,15.006909,0AA,8,0010001010101000001000101010011100100010100101000010001010011101
8647,15395,15.007325,260,8,0000000000000000000000000000000000000000111111111011100000100001
19340,15396,15.007898,0B4,8,0000000000000000000000000000000000100000000010000000101111101111
37390,15357,15.009046,0BA,5,1100011000000000000000000000000010111110
622,15398,15.009895,320,8,0000000000100000000000000000000000000000000000000000000001001011
32442,15399,15.010693,1C4,8,0000110011100001000110110000000000000000000000000000000011010101
1538,15404,15.015477,6F3,8,0010000000000000000000000000000000000000000000000000000000000000
37391,5136,15.016535,0BA,5,0010100100000000000000000000010000101000
3089,15406,15.017247,25,8,0000111111111110000000000000000100101111111111100000000001101000
23296,15407,15.017858,0AA,8,0010001010101001001000101010100000100010100100110010001010010101
11013,15410,15.020088,620,8,0001000000000000000000000000000000000000000000000000000000000000
17087,15412,15.02087,226,8,0000000000000000000100000000000000000000000000000000000000000000
31584,15413,15.021521,633,8,1000000100000000000000000000000000000000000000000000000000000000
37392,10263,15.024025,0BA,5,0100111100000000000000000000000000101110
11788,15415,15.024688,2C1,8,0000000000000000011110010000000001000000110000000000110101010001
3090,15417,15.026225,25,8,0000111111111110000000000000000100101111111111100000000001101000
28985,15418,15.026473,24,8,0000000111111111000000100000000001000001111111111000000011101110
14778,15419,15.026714,1C6,8,0000000000000000100000000000001111000000000101010000000000000000
23297,15420,15.026938,0AA,8,0010001010100110001000101010100000100010100100110010001010011011
8648,15421,15.027285,260,8,0000000000000000000000000000000000000000111111111100010100101110
11179,15422,15.02753,39A,8,0000000000000000000000000000000100000000000000000000000000000000
19341,15423,15.027851,0B4,8,0000000000000000000000000000000000100100000010000000101111110011
13531,15426,15.030029,399,8,0000000000000000000000000000000000000000111111110000000000000000
32443,15427,15.030654,1C4,8,0000110011100110000110110000000000000000000000000000000011011010
37393,10267,15.031514,0BA,5,1110000000101101000110000000000010011010
3091,15430,15.036185,25,8,0000111111111110000000000000000100101111111111100000000001101000
23298,15432,15.036847,0AA,8,0010001010100100001000101010111000100010100110010010001010010111
37394,15388,15.039004,0BA,5,1100011000000000000000000000000010111110
3092,15434,15.046159,25,8,0000111111111110000000000000000100101111111111100000000001101000
28986,15435,15.046402,24,8,0000000111111111000000100000000101000010000000011000000011110010
37395,5143,15.046493,0BA,5,0010100100000000000000000000011100101011
23299,15436,15.046829,0AA,8,0010001010100001001000101010110100100010100110100010001010011001
8649,15437,15.047244,260,8,0000000000000000000000000000000000000000111111111100010100101110
19342,15438,15.047817,0B4,8,0000000000000000000000000000000000100100000010000000101111110011
15,15441,15.050366,3B1,8,0000000000000000000000100000101000000000000010000000000000000000
32444,15442,15.050619,1C4,8,0000110011101110000110110000000000000000000000000000000011100010
17088,15445,15.051818,226,8,0000000000000000000100000000000000000000000000000000000000000000
37396,10279,15.053983,0BA,5,0100111100000000000000000000000000101110
11789,15447,15.054616,2C1,8,0000000000000000100011000000000001100110110000000000111010001011
3093,15449,15.056146,25,8,0000111111111110000000000000000100101111111111100000000001101000
14779,15450,15.056598,1C6,8,0000000000000000100000000000001110111111000101010000000000000000
23300,15451,15.056824,0AA,8,0010001010100101001000101010100100100010100110000010001010011001
623,15454,15.058803,320,8,0000000000100000000000000000000000000000000000000000000001001011
14067,15455,15.059047,442,8,0100001100000010000000000000000000000010000000000000000000000000
35114,15223,15.060068,3D3,3,111001010000000011110010
37397,10282,15.061472,0BA,5,1110000000101101000110000000000010011010
3094,15457,15.066152,25,8,0000111111111110000000000000000100101111111111100000000001101000
28987,15458,15.066394,24,8,0000000111111111000000100000000101000010000001011000000011110110
23301,15459,15.066765,0AA,8,0010001010101011001000101011010000100010100110000010001010100001
8650,15460,15.067148,260,8,0000000000000000000000000000000000000000111111111101000000111001
19343,15461,15.067778,0B4,8,0000000000000000000000000000000000101000000010000000010111110001
37398,15425,15.068962,0BA,5,1100011000000000000000000000000010111110
32445,15465,15.070578,1C4,8,0000110011110000000110110000000000000000000000000000000011100100
37399,5154,15.076451,0BA,5,0010100100000000000000000000010000101000
3095,15471,15.077134,25,8,0000111111111110000000000000000100101111111111100000000001101000
23302,15472,15.077748,0AA,8,0010001010101110001000101011101000100010100111110010001010011001
17089,15475,15.080762,226,8,0000000000000000000100000000000000000000000000000000000000000000
37400,10306,15.083941,0BA,5,0100111100000000000000000000000000101110
11790,15476,15.084547,2C1,8,0000000000000000100111000000000010000000110000000000111010110101
3096,15479,15.086216,25,8,0000111111111110000000000000000100101111111111100000000001101000
28988,15480,15.086459,24,8,0000000111111111000000100000011001000010000000111000000011111001
14780,15481,15.086696,1C6,8,0000000000000000100000000000001110111101000101010000000000000000
23303,15482,15.086921,0AA,8,0010001010110000001000101011101000100010100110100010001010011110
8651,15483,15.087179,260,8,0000000000000000000000000000000000000000111111111101110001000101
19344,15484,15.087745,0B4,8,0000000000000000000000000000000000101100000010000000101111111011
32446,15487,15.090548,1C4,8,0000110011101111000110110000000000000000000000000000000011100011
37401,10309,15.091431,0BA,5,1110000000101101000110000000000010011010
43503,14751,15.095298,423,2,1000100000000
3097,15490,15.096075,25,8,0000111111111110000000000000000100101111111111100000000001101000
23304,15491,15.096738,0AA,8,0010001010101101001000101011011000100010100111000010001010010111
37402,15452,15.09892,0BA,5,1100011000000000000000000000000010111110
16405,15492,15.100876,3F9,8,0111010100011000000000100000001010000000000000000000000000010101
3098,15495,15.106056,25,8,0000111111111110000000000000000100101111111111110000000001101001
28989,15496,15.106303,24,8,0000000111111111000000100000101001000010000000011000000011111011
37403,5162,15.10641,0BA,5,0010100100000000000000000000011100101011
23305,15497,15.106721,0AA,8,0010001010110000001000101011010100100010100110000010001010011001
8652,15498,15.107094,260,8,0000000000000000000000000000000000000000111111111110100001010001
19345,15499,15.107709,0B4,8,0000000000000000000000000000000000101100000010000001000000000000
32447,15502,15.110513,1C4,8,0000110011101011000110110000000000000000000000000000000011011111
17090,15505,15.111703,226,8,0000000000000000000100000000000000000000000000000000000000000000
624,15506,15.112701,320,8,0000000000100000000000000000000000000000000000000000000001001011
37404,10328,15.113899,0BA,5,0100111100000000000000000000000000101110
11791,15507,15.114507,2C1,8,0000000000000000101100110000000010100000110000000000111011101100
3099,15509,15.116037,25,8,0000111111111110000000000000000100101111111111110000000001101001
14781,15510,15.116488,1C6,8,0000000000000000100000000000001110111010000101010000000000000000
23306,15511,15.116714,0AA,8,0010001010110010001000101011100000100010100100110010001010011101
37405,10332,15.121389,0BA,5,1110000000101101000110000000000010011010
3100,15517,15.126043,25,8,0000111111111110000000000000000100101111111111110000000001101001
28990,15518,15.12629,24,8,0000000111111111000000100000110001000010000000011000000011111101
23307,15519,15.126656,0AA,8,0010001010110100001000101011111000100010100110010010001010011010
8653,15520,15.126935,260,8,0000000000000000000000000000000000000000111111111101110001000101
19346,15521,15.127671,0B4,8,0000000000000000000000000000000000110000000010000001011000001010
37406,15486,15.128878,0BA,5,1100011000000000000000000000000010111110
32448,15523,15.13047,1C4,8,0000110011011010000110110000000000000000000000000000000011001110
3101,15528,15.136001,25,8,0000111111111110000000000000000100101111111111110000000001101001
37407,5178,15.136368,0BA,5,0010100100000000000000000000010000101000
23308,15529,15.136666,0AA,8,0010001010110111001000101100000000100010100110010010001010011001
17091,15532,15.139653,226,8,0000000000000000000100000000000000000000000000000000000000000000
37408,10345,15.143857,0BA,5,0100111100000000000000000000000000101110
11792,15534,15.144436,2C1,8,0000000000000000110000110000000011010110110000000000110100110001
3102,15536,15.145977,25,8,0000111111111110000000000000000100101111111111110000000001101001
28991,15537,15.14622,24,8,0000000111111111000000100000110101000010000000011000000011111110
14782,15538,15.14646,1C6,8,0000000000000000100000000000001110110111000101010000000000000000
23309,15539,15.146684,0AA,8,0010001010110101001000101011101100100010100110100010001010011011
8654,15540,15.146926,260,8,0000000000000000000000000000000000000000111111111110100001010001
19347,15541,15.147636,0B4,8,0000000000000000000000000000000000110000000010000001110000010000
32449,15544,15.150444,1C4,8,0000110011010000000110110000000000000000000000000000000011000100
28010,15546,15.151065,6C0,8,1110010000000000000000001110000010000000000000000000000000000000
37409,10348,15.151347,0BA,5,1110000000101101000110000000000010011010
21642,15548,15.15523,443,8,0100110100000010000000000010111100000110000000000000000000000000
3103,15550,15.155961,25,8,0000111111111110000000000000000100101111111111110000000001101001
23310,15551,15.15663,0AA,8,0010001010110111001000101011101000100010100110100010001010100110
625,15552,15.157616,320,8,0000000000100000000000000000000000000000000000000000000001001011
37410,15512,15.158836,0BA,5,1100011000000000000000000000000010111110
3104,15554,15.16594,25,8,0000111111111110000000000000000100101111111111110000000001101001
28992,15555,15.16618,24,8,0000000111111111000000100001000101000010000000001000000000000001
37411,5186,15.166326,0BA,5,0010100100000000000000000000011100101011
23311,15556,15.166611,0AA,8,0010001010111011001000101011110100100010100111110010001010100000
8655,15557,15.166855,260,8,0000000000000000000000000000000000000000111111111110100001010001
19348,15559,15.167643,0B4,8,0000000000000000000000000000000000110100000010000001110000010100
32450,15562,15.170406,1C4,8,0000110011000101000110110000000000000000000000000000000010111001
34842,15565,15.170978,3C3,8,0100011000011110100100110100111011101110010110010000001110001000
17092,15566,15.171588,226,8,0000000000000000000100000000000000000000000000000000000000000000
37412,10369,15.173816,0BA,5,0100111100000000000000000000000000101110
11793,15568,15.174389,2C1,8,0000000000000000110010010000000011101100110000000000110101001101
3105,15570,15.175924,25,8,0000111111111110000000000000000100101111111111110000000001101001
14783,15571,15.176377,1C6,8,0000000000000000100000000000001110110111000101010000000000000000
23312,15572,15.176602,0AA,8,0010001010111101001000101011101100100010100110110010001010100100
43689,16194,15.176826,3BB,5,0111000000000000001000001010001000000000
37413,10371,15.181305,0BA,5,1110000000101101000110000000000010011010
3106,15576,15.185932,25,8,0000111111111110000000000000000100101111111111110000000001101001
28993,15577,15.186178,24,8,0000000111111111000000100001000101000001111111111000000011111111
23313,15578,15.186544,0AA,8,0010001011000001001000101100011100100010101001000010001010100000
8656,15579,15.186789,260,8,0000000000000000000000000000000000000000111111111111010001011101
19349,15581,15.187555,0B4,8,0000000000000000000000000000000000111000000010000001110000011000
37414,15543,15.188795,0BA,5,1100011000000000000000000000000010111110
32451,15583,15.190363,1C4,8,0000110010101101000110110000000000000000000000000000000010100001
3107,15587,15.195888,25,8,0000111111111110000000000000000100101111111111110000000001101001
37415,5200,15.196284,0BA,5,0010100100000000000000000000010000101000
23314,15588,15.196585,0AA,8,0010001010111110001000101100010100100010100111010010001010101110
17093,15591,15.19954,226,8,0000000000000000000100000000000000000000000000000000000000000000
37416,10391,15.203774,0BA,5,0100111100000000000000000000000000101110
11794,15594,15.204359,2C1,8,0000000000000000110110010000000100001100110000000000110101111110
3108,15596,15.205881,25,8,0000111111111110000000000000000100101111111111110000000001101001
28994,15597,15.206127,24,8,0000000111111111000000100001000101000001111111111000000011111111
14784,15598,15.206366,1C6,8,0000000000000000100000000000001110111101000101000000000000000000
23315,15599,15.20659,0AA,8,0010001011000010001000101100011000100010101000100010001010110011
8657,15600,15.206834,260,8,0000000000000000000000000000000000000000111111111111010001011101
19350,15602,15.207522,0B4,8,0000000000000000000000000000000000111000000010000010000100011101
32452,15605,15.210333,1C4,8,0000110010100001000110110000000000000000000000000000000010010101
626,15607,15.210744,320,8,0000000000100000000000000000000000000000000000000000000001001011
37417,10394,15.211263,0BA,5,1110000000101101000110000000000010011010
3109,15609,15.21585,25,8,0000111111111110000000000000000100101111111111110000000001101001
23316,15611,15.216692,0AA,8,0010001011000000001000101100100000100010101001000010001010111000
37418,15573,15.218753,0BA,5,1100011000000000000000000000000010111110
7668,15613,15.220677,611,8,0010000100000000000000000001000000000000000000000011110101101100
3110,15615,15.225826,25,8,0000111111111110000000000000000100101111111111110000000001101001
28995,15616,15.226072,24,8,0000000111111111000000100001000101000001111111111000000011111111
37419,5207,15.226242,0BA,5,0010100100000000000000000000011100101011
8658,15617,15.226511,260,8,0000000000000000000000000000000000000000111111111111010001011101
23317,15618,15.22674,0AA,8,0010001011001001001000101100110000100010101010000010001010110010
19351,15619,15.22748,0B4,8,0000000000000000000000000000000000111100000010000010000100100001
32453,15622,15.230296,1C4,8,0000110010010111000110110000000000000000000000000000000010001011
17094,15625,15.231482,226,8,0000000000000000000100000000000000000000000000000000000000000000
37420,10407,15.233732,0BA,5,0100111100000000000000000000000000101110
11795,15627,15.234288,2C1,8,0000000000000000111000000000000100100011110000000000110110011100
3111,15629,15.235815,25,8,0000111111111110000000000000000100101111111111110000000001101001
14785,15630,15.236268,1C6,8,0000000000000000100000000000001111000010000101000000000000000000
23318,15631,15.236494,0AA,8,0010001011000101001000101100101000100010101001110010001010110111
37421,10410,15.241221,0BA,5,1110000000101101000110000000000010011010
3112,15634,15.24582,25,8,0000111111111110000000000000000100101111111111110000000001101001
28996,15635,15.246061,24,8,0000000111111111000000100001000101000010000000001000000000000001
8659,15636,15.246442,260,8,0000000000000000000000000000000000000000111111111111010001011101
23319,15637,15.246667,0AA,8,0010001011001010001000101100011100100010101011010010001010110110
19352,15638,15.247442,0B4,8,0000000000000000000000000000000000111100000010000010011100100111
37422,15604,15.248711,0BA,5,1100011000000000000000000000000010111110
32454,15641,15.250259,1C4,8,0000110010001110000110110000000000000000000000000000000010000010
31421,15646,15.255695,44D,8,0100001000000010000000000000000000000001000000000000000000000000
3113,15647,15.255944,25,8,0000111111111110000000000000000100101111111111110000000001101001
37423,5217,15.256201,0BA,5,0010100100000000000000000000010000101000
23320,15648,15.25644,0AA,8,0010001011000111001000101100010000100010101011100010001010111001
17095,15651,15.25943,226,8,0000000000000000000100000000000000000000000000000000000000000000
16295,15653,15.259845,4C1,8,0000000100000000000000010000000100000000000000000000000000000000
627,15654,15.26042,320,8,0000000000100000000000000000000000000000000000000000000001001011
37424,10428,15.26369,0BA,5,0100111100000000000000000000000000101110
11796,15655,15.264251,2C1,8,0000000000000000111100000000000100101001110000000000110110110010
3114,15658,15.265798,25,8,0000111111111110000000000000000100101111111111110000000001101001
28997,15659,15.266044,24,8,0000001000000000000000100000110101000010000000111000000000000010
14786,15660,15.266284,1C6,8,0000000000000000100000000000001111000101000101010000000000000000
23321,15661,15.266508,0AA,8,0010001011000100001000101100011100100010101011000010001010111001
8660,15662,15.266751,260,8,0000000000000000000000000000000000000000111111111111010001011101
19353,15663,15.267405,0B4,8,0000000000000000000000000000000001000000000010000010011100101011
32455,15666,15.270222,1C4,8,0000110010000101000110110000000000000000000000000000000001111001
37425,10430,15.27118,0BA,5,1110000000101101000110000000000010011010
3115,15671,15.275737,25,8,0000111111111110000000000000000100101111111111110000000001101001
23322,15672,15.276405,0AA,8,0010001011000100001000101101000000100010101100010010001010111000
37426,15632,15.278669,0BA,5,1100011000000000000000000000000010111110
3116,15675,15.285715,25,8,0000111111111110000000000000000100101111111111110000000001101001
28998,15676,15.28596,24,8,0000000111111111000000100000110001000010000000111000000011111111
37427,5228,15.286159,0BA,5,0010100100000000000000000000011100101011
8661,15677,15.286388,260,8,0000000000000000000000000000000000000000111111111111010001011101
23323,15678,15.286613,0AA,8,0010001011000010001000101100111000100010101100110010001010111000
13366,15679,15.286771,394,3,0
19354,15680,15.287374,0B4,8,0000000000000000000000000000000001000100000010000010011100101111
32456,15683,15.290187,1C4,8,0000110010000101000110110000000000000000000000000000000001111001
17096,15686,15.291365,226,8,0000000000000000000100000000000000000000000000000000000000000000
37428,10452,15.293648,0BA,5,0100111100000000000000000000000000101110
11797,15687,15.294211,2C1,8,0000000000000000111110010000000100110110110000000000110111001000
3117,15689,15.295699,25,8,0000111111111110000000000000000100101111111111110000000001101001
14787,15690,15.29616,1C6,8,0000000000000000100000000000001110111010000101010000000000000000
23324,15691,15.296385,0AA,8,0010001011000010001000101100101000100010101110000010001010111011
111,15694,15.298482,3B7,8,1000
37429,10456,15.301138,0BA,5,1110000000101101000110000000000010011010
3118,15696,15.305706,25,8,0000111111111110000000000000000100101111111111110000000001101001
28999,15697,15.305952,24,8,0000000111111111000000100000101001000010000000001000000011111010
23325,15698,15.306317,0AA,8,0010001011000100001000101100001000100010101101110010001011000000
8662,15699,15.306562,260,8,0000000000000000000000000000000000000000111111111111010001011101
19355,15700,15.307334,0B4,8,0000000000000000000000000000000001000100000010000010011100101111
37430,15665,15.308627,0BA,5,1100011000000000000000000000000010111110
628,15702,15.309346,320,8,0000000000100000000000000000000000000000000000000000000001001011
32457,15703,15.310151,1C4,8,0000110010001001000110110000000000000000000000000000000001111101
34768,15706,15.313668,4DF,8,0010000000000000000000000000000100000000000000000000000000000000
3119,15709,15.315663,25,8,0000111111111110000000000000000100101111111111110000000001101001
37431,5241,15.316117,0BA,5,0010100100000000000000000000010000101000
23326,15711,15.316329,0AA,8,0010001011000100001000101100000100100010101110110010001010111100
17097,15714,15.319318,226,8,0000000000000000000100000000000000000000000000000000000000000000
11014,15715,15.319566,620,8,0001000000000000000000000000000000000000000000000000000000000000
35115,1921,15.319724,3D3,3,011011000001001000000000
37432,10470,15.323606,0BA,5,0100111100000000000000000000000000101110
11798,15717,15.324146,2C1,8,0000000000000001000000000000000100110110110000000000110111010000
3120,15719,15.325639,25,8,0000111111111110000000000000000100101111111111110000000001101001
29000,15720,15.325885,24,8,0000000111111111000000100000011001000001111111111000000011110100
14788,15721,15.326123,1C6,8,0000000000000000100000000000001110110001000101010000000000000000
23327,15722,15.326351,0AA,8,0010001011000101001000101100010100100010101101110010001011000001
8663,15723,15.326595,260,8,0000000000000000000000000000000000000000111111111111010001011101
19356,15724,15.327293,0B4,8,0000000000000000000000000000000001001000000010000010011100110011
32458,15727,15.330113,1C4,8,0000110010001111000110110000000000000000000000000000000010000011
37433,10473,15.331096,0BA,5,1110000000101101000110000000000010011010
3121,15732,15.335626,25,8,0000111111111110000000000000000100101111111111110000000001101001
23328,15733,15.33629,0AA,8,0010001011000010001000101101000100100010101111110010001010111100
37434,15692,15.338586,0BA,5,1100011000000000000000000000000010111110
3122,15735,15.345634,25,8,0000111111111110000000000000000100101111111111110000000001101001
29001,15736,15.345879,24,8,0000000111111111000000100000001101000010000000001000000011110011
37435,5246,15.346075,0BA,5,0010100100000000000000000000011100101011
8664,15737,15.346208,260,8,0000000000000000000000000000000000000000111111111111010001011101
23329,15738,15.346436,0AA,8,0010001011000010001000101101001000100010101111100010001010111111
19357,15739,15.347253,0B4,8,0000000000000000000000000000000001001000000010000010011100110011
7804,15743,15.349421,610,8,0010000000000000000101010110010011000000000000000110001001000000
16406,15744,15.34966,3F9,8,0111010100011000000000100000001010000000000000000000000000010101
32459,15745,15.350076,1C4,8,0000110010100010000110110000000000000000000000000000000010010110
17098,15748,15.351252,226,8,0000000000000000000100000000000000000000000000000000000000000000
37436,10493,15.353565,0BA,5,0100111100000000000000000000000000101110
11799,15749,15.354065,2C1,8,0000000000000001000010010000000100110000110000000000110111010011
14789,15750,15.356087,1C6,8,0000000000000000100000000000001110101000000101010000000000000000
3123,15752,15.356641,25,8,0000111111111110000000000000000100100000000000000000000001011011
23330,15753,15.357228,0AA,8,0010001011000010001000101100101100100010101110110010001011000001
14068,15755,15.358427,442,8,0100001100000010000000000000000000000010000000000000000000000000
629,15756,15.359242,320,8,0000000000100000000000000000000000000000000000000000000001001011
37437,10497,15.361054,0BA,5,1110000000101101000110000000000010011010
3124,15760,15.365572,25,8,0000111111111110000000000000000100100000000000000000000001011011
29002,15761,15.365813,24,8,0000000111111111000000100000010101000010000000011000000011110110
8665,15762,15.366124,260,8,0000000000000000000000000000000000000000111111111110100001010001
23331,15763,15.366352,0AA,8,0010001010111100001000101100101000100010101110100010001011001000
19358,15764,15.367219,0B4,8,0000000000000000000000000000000001001100000010000010011100110111
37438,15726,15.368544,0BA,5,1100011000000000000000000000000010111110
32460,15767,15.370043,1C4,8,0000110010101100000110110000000000000000000000000000000010100000
3125,15771,15.375548,25,8,0000111111111110000000000000000100100000000000000000000001011011
37439,5259,15.376033,0BA,5,0010100100000000000000000000010000101000
23332,15772,15.376216,0AA,8,0010001011010001001000101100011100100010110000100010001011000000
17099,15775,15.379209,226,8,0000000000000000000100000000000000000000000000000000000000000000
37440,10517,15.383523,0BA,5,0100111100000000000000000000000000101110
11800,15779,15.384003,2C1,8,0000000000000001000010010000000100000011110000000000110110100110
3126,15781,15.385557,25,8,0000111111111110000000000000000100100000000000000000000001011011
29003,15782,15.3858,24,8,0000000111111110000000100000010101000010000000011000000011110101
14790,15783,15.38604,1C6,8,0000000000000000100000000000001110100001000101010000000000000000
23333,15784,15.386265,0AA,8,0010001011001001001000101101011000100010101110110010001011000110
8666,15785,15.386508,260,8,0000000000000000000000000000000000000000111111111110100001010001
19359,15786,15.387182,0B4,8,0000000000000000000000000000000001010000000010000010011100111011
13907,15788,15.388358,622,8,0001001000000000000000000000000000000000000000000000000000000000
32461,15790,15.390007,1C4,8,0000110010110111000110110000000000000000000000000000000010101011
37441,10520,15.391012,0BA,5,1110000000101101000110000000000010011010
3127,15793,15.39551,25,8,0000111111111110000000000000000100100000000000000000000001011011
23334,15794,15.39618,0AA,8,0010001001111111001000101001100000100010101111000010001010111101
37442,15754,15.398502,0BA,5,1100011000000000000000000000000010111110
3128,15798,15.405489,25,8,0000111111111110000000000000000100100000000000000000000001011011
29004,15799,15.405733,24,8,0000000111111110000000100000010101000010000000011000000011110101
8667,15800,15.405975,260,8,0000000000000000000000000000000000000000111111111111010001011101
37443,5268,15.405991,0BA,5,0010100100000000000000000000011100101011
23335,15801,15.406201,0AA,8,0010001010110010001000101001011100100010101101100010001011000001
19360,15802,15.407147,0B4,8,0000000000000000000000000000000001010000000010000010011100111011
32462,15805,15.410095,1C4,8,0000110011000010000110110000000000000000000000000000000010110110
17100,15808,15.41114,226,8,0000000000000000000100000000000000000000000000000000000000000000
630,15809,15.412134,320,8,0000000000100000000000000000000000000000000000000000000001001011
37444,10532,15.413481,0BA,5,0100111100000000000000000000000000101110
11801,15811,15.41396,2C1,8,0000000000000001000100000000000011101100110000000000110110010101
3129,15813,15.415477,25,8,0000111111111110000000000000000100100000000000000000000001011011
14791,15814,15.41594,1C6,8,0000000000000000100000000000001110011011000101010000000000000000
23336,15815,15.416166,0AA,8,0010001011001110001000101101100100100010101110110010001011000000
37445,10535,15.42097,0BA,5,1110000000101101000110000000000010011010
31645,15818,15.424757,389,8,0000000000100000000000000000000000000000000000000000000000000000
3130,15820,15.425484,25,8,0000111111111110000000000000000100100000000000000000000001011011
29005,15821,15.425727,24,8,0000000111111110000000011111011001000010000000111000000011100111
8668,15822,15.42597,260,8,0000000000000000000000000000000000000000111111111101110001000101
23337,15823,15.426195,0AA,8,0010001011110001001000101111110100100010101101100010001010111101
19361,15824,15.427113,0B4,8,0000000000000000000000000000000001010100000010000001000000101000
37446,15789,15.42846,0BA,5,1100011000000000000000000000000010111110
32463,15827,15.429933,1C4,8,0000110011001110000110110000000000000000000000000000000011000010
43504,1061,15.430749,423,2,11100000000
3131,15831,15.435438,25,8,0000111111111110000000000000000100100000000000000000000001011011
37447,5278,15.43595,0BA,5,0010100100000000000000000000010000101000
23338,15832,15.436133,0AA,8,0010001011110110001000110010001000100010101100010010001010110001
17101,15835,15.439095,226,8,0000000000000000000100000000000000000000000000000000000000000000
37448,10553,15.443439,0BA,5,0100111100000000000000000000000000101110
11802,15836,15.443896,2C1,8,0000000000000001000101100000000011011100110000000000111110001101
3132,15839,15.445416,25,8,0000111111111110000000000000000100100000000000000000000001011011
29006,15841,15.44584,24,8,0000000111111110000000100000010101000010000010101000000011111110
14792,15842,15.446077,1C6,8,0000000000000000100000000000001110010110000101010000000000000000
23339,15843,15.446301,0AA,8,0010001011001101001000110000111000100010101110110010001010111011
8669,15844,15.446543,260,8,0000000000000000000000000000000000000000111111111110100001010001
13652,15845,15.446774,4B7,8,1110001101011111001000001111000000001000111010100000000100001000
19362,15846,15.447068,0B4,8,0000000000000000000000000000000001010100000010000010110101000101
32464,15850,15.44989,1C4,8,0000110011010011000110110000000000000000000000000000000011000111
28011,15852,15.450299,6C0,8,1110010000000000000000001110000010000000000000000000000000000000
37449,10556,15.450929,0BA,5,1110000000101101000110000000000010011010
21643,15853,15.454687,443,8,0100110100000010000000000010111100000110000000000000000000000000
3133,15855,15.4554,25,8,0000111111111110000000000000000100100000000000000000000001011011
23340,15856,15.456076,0AA,8,0010001010101001001000101100010000100010110000010010001011001011
631,15857,15.457057,320,8,0000000000100000000000000000000000000000000000000000000001001011
37450,15816,15.458418,0BA,5,1100011000000000000000000000000010111110
3134,15861,15.465453,25,8,0000111111111110000000000000000100100000000000000000000001011011
29007,15862,15.465694,24,8,0000000111111110000000100001011001000010000001011000000000001010
37451,5292,15.465908,0BA,5,0010100100000000000000000000011100101011
8670,15863,15.465942,260,8,0000000000000000000000000000000000000000000000000100011110110001
23341,15864,15.466165,0AA,8,0010001010101001001000101010010000100010110001110010001011001101
19363,15865,15.467032,0B4,8,0000000000000000000000000000000001011000000010000100001101011111
32465,15868,15.469867,1C4,8,0000110011010111000110110000000000000000000000000000000011001011
17102,15871,15.471035,226,8,0000000000000000000100000000000000000000000000000000000000000000
37452,10576,15.473397,0BA,5,0100111100000000000000000000000000101110
11803,15873,15.473856,2C1,8,0000000000000001001000000000000011001001110000000000111010000011
43690,522,15.474411,3BB,5,1011101100000000000000000000000000100110
3135,15875,15.475363,25,8,0000111111111110000000000000000100100000000000000000000001011011
14793,15876,15.475839,1C6,8,0000000000000000100000000000001110010011000101010000000000000000
23342,15877,15.476065,0AA,8,0010001011001101001000101011010100100010101101110010001011000101
37453,10579,15.480887,0BA,5,1110000000101101000110000000000010011010
276,15880,15.484619,38F,8,0000000100000000000000000000000000000000000000000000000000000000
3136,15882,15.485372,25,8,0000111111111110000000000000000100100000000000000000000001011011
29008,15883,15.485618,24,8,0000000111111110000000011111111101000001111111111000000011101011
8671,15884,15.485863,260,8,0000000000000000000000000000000000000000111111111101000000111001
23343,15885,15.486087,0AA,8,0010001011100111001000101101110000100010101100010010001010110111
19364,15886,15.486997,0B4,8,0000000000000000000000000000000001011000000010000010110101001001
37454,15848,15.488376,0BA,5,1100011000000000000000000000000010111110
32466,15888,15.489827,1C4,8,0000110011100001000110110000000000000000000000000000000011010101
3137,15893,15.495326,25,8,0000111111111110000000000000000100100000000000000000000001011011
37455,5303,15.495866,0BA,5,0010100100000000000000000000010000101000
23344,15894,15.495996,0AA,8,0010001011011110001000101111000000100010101101100010001011000010
17103,15897,15.498983,226,8,0000000000000000000100000000000000000000000000000000000000000000
37456,10590,15.503355,0BA,5,0100111100000000000000000000000000101110
11804,15898,15.503792,2C1,8,0000000000000001001000110000000011000011110000000000111010000000
3138,15900,15.505305,25,8,0000111111111110000000000000000100100000000000000000000001011011
29009,15901,15.505551,24,8,0000000111111111000000100000000001000010000000001000000011110000
8672,15902,15.505793,260,8,0000000000000000000000000000000000000000111111111111010001011101
23345,15903,15.50602,0AA,8,0010001011000000001000101110110000100010110000000010001011001000
14794,15904,15.50626,1C6,8,0000000000000000100000000000001110010000000101010000000000000000
19365,15905,15.506958,0B4,8,0000000000000000000000000000000001011100000010000010110101001101
32467,15909,15.509784,1C4,8,0000110011100011000110110000000000000000000000000000000011010111
632,15911,15.510192,320,8,0000000000100000000000000000000000000000000000000000000001001011
37457,10593,15.510845,0BA,5,1110000000101101000110000000000010011010
34709,15913,15.514215,380,8,0
3139,15915,15.515286,25,8,0000111111111110000000000000000100100000000000000000000001011011
23346,15916,15.515956,0AA,8,0010001011000111001000101101001100100010110000010010001011010101
37458,15878,15.518335,0BA,5,1100011000000000000000000000000010111110
31255,15918,15.519976,4A6,8,0000000000000000000000000000000000000000000011000000000000000000
3140,15920,15.525295,25,8,0000111111111110000000000000000100010000000000000000000001001011
29010,15921,15.525539,24,8,0000000111111111000000100001001101000010000000001000000000000011
8673,15922,15.525782,260,8,0000000000000000000000000000000000000000111111111111010001011101
37459,5309,15.525824,0BA,5,0010100100000000000000000000011100101011
23347,15923,15.526006,0AA,8,0010001011011100001000101101001100100010110001100010001011001101
19366,15924,15.526923,0B4,8,0000000000000000000000000000000001100000000010000011001001010110
13592,15928,15.529463,4DD,8,0001111000000000000000000000000000000000000000000000000000000000
32468,15930,15.52982,1C4,8,0000110011100101000110110000000000000000000000000000000011011001
17104,15933,15.53092,226,8,0000000000000000000100000000000000000000000000000000000000000000
37460,10612,15.533314,0BA,5,0100111100000000000000000000000000101110
11805,15934,15.533744,2C1,8,0000000000000001001011000000000011011100110000000000111010100010
3141,15936,15.535252,25,8,0000111111111110000000000000000100010000000000000000000001001011
14795,15937,15.535727,1C6,8,0000000000000000100000000000001110001101000101010000000000000000
23348,15938,15.535953,0AA,8,0010001011110001001000101110000000100010110001000010001011001110
37461,10614,15.540803,0BA,5,1110000000101101000110000000000010011010
3142,15942,15.54526,25,8,0000111111111110000000000000000100010000000000000000000001001011
29011,15943,15.54551,24,8,0000000111111111000000100000100001000001111111111000000011110110
8674,15944,15.545753,260,8,0000000000000000000000000000000000000000111111111110100001010001
23349,15945,15.545976,0AA,8,0010001011101111001000101110110000100010110011000010001011000101
19367,15946,15.546886,0B4,8,0000000000000000000000000000000001100000000010000011100001011100
37462,15908,15.548293,0BA,5,1100011000000000000000000000000010111110
32469,15948,15.549743,1C4,8,0000110011100111000110110000000000000000000000000000000011011011
28227,15950,15.550148,619,8,0010001100000000000000000000000000010000000000000111000001000000
31422,15952,15.554621,44D,8,0100001000000010000000000000000000000001000000000000000000000000
3143,15954,15.555217,25,8,0000111111111110000000000000000100010000000000000000000001001011
37463,5325,15.555782,0BA,5,0010100100000000000000000000010000101000
23350,15955,15.555879,0AA,8,0010001011011011001000101110110000100010110001010010001011001110
17105,15958,15.558873,226,8,0000000000000000000100000000000000000000000000000000000000000000
633,15959,15.559866,320,8,0000000000100000000000000000000000000000000000000000000001001011
37464,10634,15.563272,0BA,5,0100111100000000000000000000000000101110
11806,15961,15.563683,2C1,8,0000000000000001001101100000000100000110110000000000111011010111
3144,15963,15.565194,25,8,0000111111111110000000000000000100010000000000000000000001001011
29012,15964,15.565435,24,8,0000000111111111000000100000010101000010000000011000000011110110
8675,15965,15.565679,260,8,0000000000000000000000000000000000000000111111111111010001011101
23351,15966,15.565904,0AA,8,0010001011010001001000101110000100100010110010010010001011000110
14796,15967,15.56614,1C6,8,0000000000000000100000000000001110001010000101010000000000000000
19368,15968,15.566851,0B4,8,0000000000000000000000000000000001100100000010000011110101100101
32470,15971,15.569677,1C4,8,0000110011101010000110110000000000000000000000000000000011011110
37465,10638,15.570761,0BA,5,1110000000101101000110000000000010011010
3145,15976,15.575179,25,8,0000111111111110000000000000000100010000000000000000000001001011
23352,15977,15.575844,0AA,8,0010001011011000001000101101110000100010110001110010001011001011
37466,15939,15.578251,0BA,5,1100011000000000000000000000000010111110
35312,270,15.57929,386,7,01001110000000000000000000000000000000000000000010110001
35116,15757,15.579381,3D3,3,111001010000000110111101
3146,15980,15.585185,25,8,0000111111111110000000000000000100010000000000000000000001001011
29013,15981,15.58543,24,8,0000000111111111000000100000010101000001111111011000000011110001
8676,15982,15.585672,260,8,0000000000000000000000000000000000000000111111111111010001011101
37467,5331,15.58574,0BA,5,0010100100000000000000000000011100101011
23353,15983,15.5859,0AA,8,0010001011100011001000101101110100100010110010110010001011000001
13367,15984,15.586052,394,3,0
19369,15985,15.586813,0B4,8,0000000000000000000000000000000001100100000010000011110101100101
32471,15988,15.58965,1C4,8,0000110011101111000110110000000000000000000000000000000011100011
17106,15991,15.590809,226,8,0000000000000000000100000000000000000000000000000000000000000000
37468,10653,15.59323,0BA,5,0100111100000000000000000000000000101110
11807,15993,15.593635,2C1,8,0000000000000001001111000000000100010000110000000000111011100111
3147,15996,15.595142,25,8,0000111111111110000000000000000100010000000000000000000001001011
14797,15997,15.595619,1C6,8,0000000000000000100000000000001110000111000101010000000000000000
23354,15998,15.595846,0AA,8,0010001011100110001000101110001100100010110010100010001011000001
112,16000,15.597799,3B7,8,1000
16407,16001,15.599721,3F9,8,0111010100011000000000100000001010000000000000000000000000010101
37469,10656,15.60072,0BA,5,1110000000101101000110000000000010011010
3148,16003,15.605126,25,8,0000111111111110000000000000000100010000000000000000000001001011
29014,16004,15.605376,24,8,0000000111111111000000100000100001000001111111111000000011110110
8677,16005,15.605623,260,8,0000000000000000000000000000000000000000000000000000101101110101
23355,16006,15.605847,0AA,8,0010001011100010001000101110101000100010110001110010001011001011
19370,16007,15.606775,0B4,8,0000000000000000000000000000000001101000000010000011100001100100
37470,15970,15.608209,0BA,5,1100011000000000000000000000000010111110
634,16009,15.608776,320,8,0000000000100000000000000000000000000000000000000000000001001011
32472,16011,15.609605,1C4,8,0000110011110001000110110000000000000000000000000000000011100101
14231,16013,15.610014,60.0,8,1010000100000000000000000000000000000000011100000000000000000000
3149,16016,15.615103,25,8,0000111111111110000000000000000100010000000000000000000001001011
37471,5343,15.615699,0BA,5,0010100100000000000000000000010000101000
23356,16017,15.615768,0AA,8,0010001011011111001000101110101000100010110011010010001011010010
11015,16020,15.618683,620,8,0001000000000000000000000000000000000000000000000000000000000000
17107,16021,15.61893,226,8,0000000000000000000100000000000000000000000000000000000000000000
37472,10675,15.623188,0BA,5,0100111100000000000000000000000000101110
11808,16023,15.62357,2C1,8,0000000000000001010000110000000100100000110000000000111011111110
3150,16025,15.625109,25,8,0000111111111110000000000000000100010000000000000000000001001011
29015,16026,15.62536,24,8,0000000111111111000000100000100001000001111111111000000011110110
23357,16028,15.625763,0AA,8,0010001011100010001000101110101000100010110011100010001011010100
14798,16029,15.626004,1C6,8,0000000000000000100000000000001110000100000101010000000000000000
8678,16030,15.62625,260,8,0000000000000000000000000000000000000000000000000001011110000001
19371,16031,15.626737,0B4,8,0000000000000000000000000000000001101100000010000011110101101101
7728,16034,15.629349,435,8,1000000000000101000001011111111111100000001111110000000000000011
32473,16035,15.629587,1C4,8,0000110011110111000110110000000000000000000000000000000011101011
37473,10677,15.630678,0BA,5,1110000000101101000110000000000010011010
3151,16038,15.635064,25,8,0000111111111110000000000000000100010000000000000000000001001011
23358,16039,15.635729,0AA,8,0010001011100100001000101110101000100010110111010010001011001101
10918,16040,15.636344,436,8,0
37474,15999,15.638167,0BA,5,1100011000000000000000000000000010111110
3152,16044,15.645042,25,8,0000111111111110000000000000000100010000000000000000000001001011
8679,16045,15.645288,260,8,0000000000000000000000000000000000000000000000000000101101110101
29016,16046,15.645532,24,8,0000001000000000000000100000011001000001111111111000000011110110
37475,5351,15.645657,0BA,5,0010100100000000000000000000011100101011
23359,16047,15.645755,0AA,8,0010001011100101001000101110100100100010110110110010001011010110
19372,16048,15.646699,0B4,8,0000000000000000000000000000000001101100000010000011110101101101
32474,16051,15.649541,1C4,8,0000110011111010000110110000000000000000000000000000000011101110
17108,16054,15.650698,226,8,0000000000000000000100000000000000000000000000000000000000000000
37476,10696,15.653146,0BA,5,0100111100000000000000000000000000101110
11809,16055,15.65353,2C1,8,0000000000000001010010010000000100101001110000000000111000001101
3153,16057,15.655027,25,8,0000111111111110000000000000000100010000000000000000000001001011
14799,16058,15.655511,1C6,8,0000000000000000100000000000001110000001000101010000000000000000
23360,16059,15.655734,0AA,8,0010001011100011001000101110101000100010110110110010001011011101
14069,16061,15.65758,442,8,0100001100000010000000000000000000000010000000000000000000000000
635,16062,15.657826,320,8,0000000000100000000000000000000000000000000000000000000001001011
37477,10699,15.660636,0BA,5,1110000000101101000111000000000010011110
13784,16065,15.664293,434,8,0100001000000000000000000000000000000000000000000000000000000000
8680,16067,15.664944,260,8,0000000000000000000000000000000000000000000000000000101101110101
3154,16068,15.66519,25,8,0000111111111110000000000000000100010000000000000000000001001011
29017,16069,15.665437,24,8,0000001000000000000000100000100001000001111111111000000011111000
23361,16070,15.665664,0AA,8,0010001011100010001000101110111100100010110110010010001011100011
19373,16071,15.666662,0B4,8,0000000000000000000000000000000001110000000010000100001101110111
37478,16033,15.668125,0BA,5,1100011000000000000000000000000010111110
32475,16074,15.66951,1C4,8,0000110011111011000110110000000000000000000000000000000011101111
34843,16076,15.669899,3C3,8,0100011000011110100100110100111011101110010110010000001110001000
28175,16078,15.671278,437,8,1111110011111111111111111111111111111111111111111111111111111111
13845,16079,15.672966,4C6,8,0000011100000000000000110000000000000000000000000000000000000000
3155,16082,15.674989,25,8,0000111111111110000000000000000100010000000000000000000001001011
37479,5364,15.675615,0BA,5,0010100100000000000000000000010000101000
23362,16083,15.675655,0AA,8,0010001011100111001000101111000000100010111000000010001011100010
17109,16086,15.678648,226,8,0000000000000000000100000000000000000000000000000000000000000000
37480,10714,15.683105,0BA,5,0100111100000000000000000000000000101110
11810,16087,15.683497,2C1,8,0000000000000001010010010000000100111100110000000000111000100000
8681,16089,15.684914,260,8,0000000000000000000000000000000000000000111111111111010001011101
3156,16090,15.685161,25,8,0000111111111110000000000000000100010000000000000000000001001011
29018,16091,15.685409,24,8,0000000111111111000000100000110001000001111111011000000011111000
23363,16092,15.685632,0AA,8,0010001011101001001000101110111000100010111000100010001011101000
14800,16093,15.685872,1C6,8,0000000000000000100000000000001101111110000101010000000000000000
19374,16094,15.686631,0B4,8,0000000000000000000000000000000001110000000010000100001101110111
32476,16097,15.689462,1C4,8,0000110011111110000110110000000000000000000000000000000011110010
37481,10717,15.690594,0BA,5,1110000000101101000111000000000010011110
3157,16101,15.694958,25,8,0000111111111110000000000000000100010000000000000000000001001011
23364,16102,15.695617,0AA,8,0010001011101100001000101111000000100010111000100010001011100101
37482,16060,15.698084,0BA,5,1100011000000000000000000000000010111110
8682,16106,15.704827,260,8,0000000000000000000000000000000000000000111111111111010001011101
3158,16107,15.705074,25,8,0000111111111110000000000000000100010000000000000000000001001011
29019,16108,15.705321,24,8,0000000111111111000000100000111101000001111111011000000011111011
37483,5369,15.705573,0BA,5,0010100100000000000000000000011100101011
23365,16109,15.7056,0AA,8,0010001011101111001000101111010000100010110110000010001011101100
19375,16110,15.706586,0B4,8,0000000000000000000000000000000001110100000010000100001101111011
32477,16114,15.709501,1C4,8,0000110011111110000110110000000000000000000000000000000011110010
17110,16117,15.710583,226,8,0000000000000000000100000000000000000000000000000000000000000000
636,16118,15.711577,320,8,0000000000100000000000000000000000000000000000000000000001001011
37484,10734,15.713063,0BA,5,0100111100000000000000000000000000101110
11811,16119,15.71342,2C1,8,0000000000000001010100000000000101010011110000000000111000111110
14801,16120,15.715433,1C6,8,0000000000000000100000000000001101111011000101010000000000000000
3159,16122,15.715987,25,8,0000111111111110000000000000000100010000000000000000000001001011
23366,16123,15.716552,0AA,8,0010001011110100001000101111101100100010110111010010001011101100
37485,10738,15.720552,0BA,5,1110000000101101000110000000000010011010
8683,16129,15.7248,260,8,0000000000000000000000000000000000000000111111111111010001011101
3160,16130,15.725045,25,8,0000111111111110000000000000000100010000000000000000000001001011
29020,16131,15.725292,24,8,0000000111111111000000100000101001000001111111111000000011111000
23367,16132,15.725533,0AA,8,0010001011110100001000101111110000100010110111010010001011110000
19376,16133,15.726547,0B4,8,0000000000000000000000000000000001111000000010000100100110000101
37486,16096,15.728042,0BA,5,1100011000000000000000000000000010111110
32478,16135,15.729391,1C4,8,0000110100000000000110110000000000000000000000000000000011110101
3161,16139,15.73488,25,8,0000111111111110000000000000000100010000000000000000000001001011
37487,5384,15.735531,0BA,5,0010100100000000000000000000010000101000
23368,16140,15.735544,0AA,8,0010001011110011001000101111101000100010111001010010001011101101
17111,16143,15.738535,226,8,0000000000000000000100000000000000000000000000000000000000000000
37488,10756,15.743021,0BA,5,0100111100000000000000000000000000101110
11812,16145,15.743382,2C1,8,0000000000000001010100110000000101011001110000000000111001000111
8684,16147,15.744758,260,8,0000000000000000000000000000000000000000000000000000000001101010
3162,16148,15.745004,25,8,0000111111111110000000000000000100010000000000000000000001001011
29021,16149,15.74525,24,8,0000000111111111000000100000110001000010000000001000000011111100
14802,16150,15.745495,1C6,8,0000000000000000100000000000001101111000000101010000000000000000
23369,16151,15.745721,0AA,8,0010001011111001001000101111101100100010110111100010001011110100
19377,16152,15.746507,0B4,8,0000000000000000000000000000000001111000000010000100111010001010
28012,16155,15.748937,6C0,8,1110010000000000000000001110000010000000000000000000000000000000
32479,16156,15.749676,1C4,8,0000110100000010000110110000000000000000000000000000000011110111
37489,10760,15.75051,0BA,5,1110000000101101000111000000000010011110
21644,16158,15.754146,443,8,0100110100000010000000000010111100000110000000000000000000000000
3163,16160,15.754842,25,8,0000111111111110000000000000000100010000000000000000000001001011
23370,16161,15.755518,0AA,8,0010001011111101001000110000000000100010111000000010001011110110
637,16163,15.756498,320,8,0000000000100000000000000000000000000000000000000000000001001011
37490,16124,15.758,0BA,5,1100011000000000000000000000000010111110
8685,16165,15.764715,260,8,0000000000000000000000000000000000000000111111111111010001011101
3164,16166,15.764959,25,8,0000111111111110000000000000000100010000000000000000000001001011
29022,16167,15.765203,24,8,0000000111111111000000100000110101000010000000001000000011111101
37491,5393,15.76549,0BA,5,0010100100000000000000000000011100101011
23371,16168,15.765497,0AA,8,0010001100000000001000110000011000100010111001010010001011111100
43505,4081,15.7662,423,2,10101000001011
19378,16170,15.766554,0B4,8,0000000000000000000000000000000001111100000010000101010010010100
32480,16173,15.769324,1C4,8,0000110100001000000110110000000000000000000000000000000011111101
17112,16176,15.770473,226,8,0000000000000000000100000000000000000000000000000000000000000000
43691,1063,15.771996,3BB,5,1010010100000000000000000000000000000000
37492,10775,15.772979,0BA,5,0100111100000000000000000000000000101110
11813,16179,15.773311,2C1,8,0000000000000001010101100000000101010110110000000000111001000111
13973,16180,15.774094,38E,8,0
14803,16181,15.7753,1C6,8,0000000000000000100000000000001101110100000101010000000000000000
3165,16183,15.775885,25,8,0000111111111110000000000000000100010000000000000000000001001011
23372,16184,15.776452,0AA,8,0010001100000000001000110000101100100010111111110010001100000110
13953,16185,15.777308,614,8,0010100100000000000000000011000000000000000000000000000000000000
37493,10778,15.780469,0BA,5,1110000000101101001001000000000010100110
8686,16188,15.784686,260,8,0000000000000000000000000000000000000000000000000000000001101010
3166,16189,15.784894,25,8,0000111111111110000000000000000100010000000000000000000001001011
29023,16190,15.785137,24,8,0000000111111110000000100001000101000010000000001000000000000000
23373,16191,15.785428,0AA,8,0010001011111011001000110000100100100010110111010010001011111011
19379,16192,15.786438,0B4,8,0000000000000000000000000000000001111100000010000101101010011010
37494,16154,15.787958,0BA,5,1100011000000000000000000000000010111110
32481,16197,15.789291,1C4,8,0000110100001100000110110000000000000000000000000000000000000001
3167,16201,15.794769,25,8,0000111111111110000000000000000100010000000000000000000001001011
23374,16202,15.795443,0AA,8,0010001100000110001000110000110000100010110000010010001011000001
37495,5401,15.795448,0BA,5,0010100100000000000000000000010000101000
17113,16205,15.79843,226,8,0000000000000000000100000000000000000000000000000000000000000000
37496,10797,15.802937,0BA,5,0100111100000000000000000000000000101110
11814,16206,15.803247,2C1,8,0000000000000001010111000000000101101001110000000000111001100000
8687,16208,15.804625,260,8,0000000000000000000000000000000000000000000000000000101101110101
3168,16209,15.804871,25,8,0000111111111110000000000000000100010000000000000000000001001011
29024,16210,15.805112,24,8,0000000111111110000000100000001101000010000000011000000011110011
23375,16212,15.805519,0AA,8,0010001100001011001000110000111000100010111000000010001011100001
14804,16213,15.805758,1C6,8,0000000000000000100000000000001101101110000101010000000000000000
19380,16214,15.806402,0B4,8,0000000000000000000000000000000010000000000010000101101010011110
32482,16217,15.809251,1C4,8,0000110100010000000110110000000000000000000000000000000000000101
638,16219,15.809664,320,8,0000000000100000000000000000000000000000000000000000000001001011
37497,10800,15.810427,0BA,5,1110000000101101001011000000000010101110
3169,16221,15.814736,25,8,0000111111111110000000000000000100010000000000000000000001001011
23376,16222,15.815412,0AA,8,0010001100000000001000110000010100100010110100100010001011010011
37498,16186,15.817916,0BA,5,1100011000000000000000000000000010111110
8688,16226,15.824573,260,8,0000000000000000000000000000000000000000111111111111010001011101
3170,16227,15.824819,25,8,0000111111111110000000000000000100010000000000000000000001001011
29025,16228,15.825059,24,8,0000000111111110000000011111101101000010000010001000000011110001
23377,16229,15.825358,0AA,8,0010001011110000001000101111111100100010110100000010001011001010
37499,5410,15.825406,0BA,5,0010100100000000000000000000011100101011
19381,16230,15.826368,0B4,8,0000000000000000000000000000000010000100000010000101111110100111
32483,16233,15.829222,1C4,8,0000110100011001000110110000000000000000000000000000000000001110
17114,16236,15.830368,226,8,0000000000000000000100000000000000000000000000000000000000000000
37500,10820,15.832895,0BA,5,0100111100000000000000000000000000101110
11815,16238,15.833211,2C1,8,0000000000000001010110010000000101011100110000000000111001010000
13718,16239,15.833991,3A5,8,100000000
3171,16241,15.834704,25,8,0000111111111110000000000000000100010000000000000000000001001011
14805,16242,15.835194,1C6,8,0000000000000000100000000000001101101011000101010000000000000000
23378,16243,15.835426,0AA,8,0010001011111000001000110000001000100010110001000010001011100010
35117,1989,15.839037,3D3,3,011011000001001000000000
37501,10823,15.840385,0BA,5,1110000000101101001110000000000010111010
8689,16247,15.844541,260,8,0000000000000000000000000000000000000000000000000010001110001101
3172,16248,15.844785,25,8,0000111111111110000000000000000100010000000000000000000001001011
29026,16249,15.845027,24,8,0000000111111110000000100001011001000010000001011000000000001010
23379,16250,15.845321,0AA,8,0010001100001100001000110000110000100010111001110010001011101100
19382,16251,15.846335,0B4,8,0000000000000000000000000000000010000100000010000101111110100111
37502,16216,15.847874,0BA,5,1100011000000000000000000000000010111110
16408,16253,15.848924,3F9,8,0111010100011000000000100000001010000000000000000000000000010101
7805,16254,15.849141,610,8,0010000010000000000101010110010011000000000000000100101101000000
32484,16255,15.849381,1C4,8,0000110100011101000110110000000000000000000000000000000000010010
37503,5424,15.855364,0BA,5,0010100100000000000000000000010000101000
3173,16261,15.855688,25,8,0000111111111110000000000000000100010000000000000000000001001011
23380,16262,15.856302,0AA,8,0010001100010010001000110001010000100011000011110010001100000101
31423,16265,15.858548,44D,8,0100001000000010000000000000000000000001000000000000000000000000
17115,16266,15.859318,226,8,0000000000000000000100000000000000000000000000000000000000000000
639,16267,15.860312,320,8,0000000000100000000000000000000000000000000000000000000001001011
31326,16268,15.861117,640,8,1010100000000000000000000011011100000001110111100000000000000000
37504,10837,15.862854,0BA,5,0100111100000000000000000000000000101110
11816,16269,15.863178,2C1,8,0000000000000001011000000000000101011001110000000000111001010100
35012,16270,15.863941,413,8,0000000100000001000000010000100100000000000000000000000000000000
8690,16272,15.864481,260,8,0000000000000000000000000000000000000000000000000010001110001101
3174,16273,15.864724,25,8,0000111111111110000000000000000100010000000000000000000001001011
29027,16274,15.864974,24,8,0000000111111111000000100000110001000001111111111000000011111010
14806,16275,15.865214,1C6,8,0000000000000000100000000000001101101000000101010000000000000000
23381,16276,15.865442,0AA,8,0010001100000100001000110000101000100011000000010010001100001101
19383,16277,15.866296,0B4,8,0000000000000000000000000000000010001000000010000101111110101011
32485,16280,15.869156,1C4,8,0000110100100000000110110000000000000000000000000000000000010101
37505,10840,15.870343,0BA,5,1110000000101101001011000000000010101110
3175,16285,15.874637,25,8,0000111111111110000000000000000100010000000000000000000001001011
23382,16286,15.875301,0AA,8,0010001011111001001000110000000100100010110101110010001011101100
37506,16244,15.877833,0BA,5,1100011000000000000000000000000010111110
8691,16289,15.884439,260,8,0000000000000000000000000000000000000000000000000010001110001101
3176,16290,15.884686,25,8,0000111111111110000000000000000100010000000000000000000001001011
29028,16291,15.88493,24,8,0000000111111111000000100000011001000001111111011000000011110010
13368,16292,15.885082,394,3,0
23383,16293,15.885317,0AA,8,0010001100000101001000110000011000100010110111110010001011110010
37507,5430,15.885322,0BA,5,0010100100000000000000000000011100101011
19384,16294,15.88626,0B4,8,0000000000000000000000000000000010001000000010000110010110110001
32486,16298,15.889121,1C4,8,0000110100101000000110110000000000000000000000000000000000011101
17116,16301,15.890264,226,8,0000000000000000000100000000000000000000000000000000000000000000
37508,10857,15.892812,0BA,5,0100111100000000000000000000000000101110
11817,16302,15.89311,2C1,8,0000000000000001010111000000000101011100110000000000110101010010
3177,16304,15.894594,25,8,0000111111111110000000000000000100010000000000000000000001001011
14807,16305,15.895087,1C6,8,0000000000000000100000000000001101100101000101010000000000000000
23384,16306,15.895321,0AA,8,0010001100001111001000110000111000100011000000000010001100001001
113,16309,15.897255,3B7,8,1000
34949,16310,15.898248,4C3,8,0000001100000000000000000000000100000000000000000000000000000000
11240,16311,15.89921,4C8,8,0000100100000000000000000000000000000000000000000000000000000000
37509,10860,15.900301,0BA,5,1110000000101101000110000000000010011010
8692,16313,15.904169,260,8,0000000000000000000000000000000000000000000000000000101101110101
3178,16315,15.904751,25,8,0000111111111110000000000000000100010000000000000000000001001011
29029,16316,15.904997,24,8,0000001000000000000000100000010101000001111111111000000011110101
23385,16317,15.905224,0AA,8,0010001100001000001000110000110000100010111011010010001011101111
19385,16318,15.906229,0B4,8,0000000000000000000000000000000010001100000010000101111110101111
37510,16279,15.907791,0BA,5,1100011000000000000000000000000010111110
640,16320,15.90823,320,8,0000000000100000000000000000000000000000000000000000000001001011
32487,16321,15.909077,1C4,8,0000110100101100000110110000000000000000000000000000000000100001
37511,5445,15.91528,0BA,5,0010100100000000000000000000010000101000
3179,16325,15.915583,25,8,0000111111111110000000000000000100010000000000000000000001001011
23386,16326,15.916197,0AA,8,0010001100000110001000110000111100100010111000100010001011101011
11016,16328,15.917997,620,8,0001000000000000000000000000000000000000000000000000000000000000
17117,16331,15.919211,226,8,0000000000000000000100000000000000000000000000000000000000000000
37512,10877,15.92277,0BA,5,0100111100000000000000000000000000101110
11818,16334,15.923073,2C1,8,0000000000000001010110010000000101010110110000000000110101001001
8693,16336,15.924369,260,8,0000000000000000000000000000000000000000000000000000101101110101
3180,16337,15.924616,25,8,0000111111111110000000000000000100010000000000000000000001001011
29030,16338,15.924864,24,8,0000000111111111000000100000111101000010000000001000000011111111
14808,16339,15.925101,1C6,8,0000000000000000100000000000001101100010000101010000000000000000
23387,16340,15.925333,0AA,8,0010001100000110001000110001010000100010111110000010001100000010
19386,16341,15.926187,0B4,8,0000000000000000000000000000000010010000000010000110010110111001
32488,16344,15.929048,1C4,8,0000110100110000000110110000000000000000000000000000000000100101
37513,10881,15.930259,0BA,5,1110000000101101001100000000000010110010
3181,16347,15.934524,25,8,0000111111111110000000000000000100010000000000000000000001001011
23388,16348,15.935189,0AA,8,0010001100001011001000110001010100100011000001000010001100000101
37514,16308,15.937749,0BA,5,1100011000000000000000000000000010111110
8694,16350,15.943995,260,8,0000000000000000000000000000000000000000000000000001011110000001
3182,16352,15.944575,25,8,0000111111111110000000000000000100010000000000000000000001001011
29031,16353,15.944818,24,8,0000001000000000000000100000101001000010000000011000000011111101
23389,16354,15.94514,0AA,8,0010001100001010001000110001000100100010111110110010001011110111
37515,5452,15.945239,0BA,5,0010100100000000000000000000011100101011
19387,16355,15.946151,0B4,8,0000000000000000000000000000000010010000000010000110010110111001
32489,16359,15.949014,1C4,8,0000110100110001000110110000000000000000000000000000000000100110
17118,16362,15.950157,226,8,0000000000000000000100000000000000000000000000000000000000000000
27814,16363,15.95115,420,8,0000000000000000000000000000000011111111000000001000000010101011
37516,10895,15.952728,0BA,5,0100111100000000000000000000000000101110
11819,16365,15.953003,2C1,8,0000000000000001010110010000000101100000110000000000110101010011
3183,16367,15.954484,25,8,0000111111111110000000000000000100010000000000000000000001001011
14809,16368,15.954986,1C6,8,0000000000000000100000000000001101011111000101010000000000000000
23390,16369,15.955215,0AA,8,0010001100001001001000110000110000100010111110010010001011111110
14070,16371,15.956896,442,8,0100001100000010000000000000000000000010000000000000000000000000
641,16372,15.957141,320,8,0000000000100000000000000000000000000000000000000000000001001011
37517,10898,15.960218,0BA,5,1110000000101101001100000000000010110010
8695,16374,15.963952,260,8,0000000000000000000000000000000000000000000000000010111110011001
3184,16376,15.964533,25,8,0000111111111110000000000000000100010000000000000000000001001011
29032,16377,15.964778,24,8,0000000111111111000000100000100001000010000000011000000011111001
23391,16378,15.965106,0AA,8,0010001100000110001000110000110000100011000010010010001100001001
19388,16379,15.966117,0B4,8,0000000000000000000000000000000010010100000010000110101011000010
37518,16343,15.967707,0BA,5,1100011000000000000000000000000010111110
7608,16382,15.968612,3BC,8,0
32490,16384,15.969031,1C4,8,0000110100110100000110110000000000000000000000000000000000101001
3185,16388,15.974452,25,8,0000111111111110000000000000000100010000000000000000000001001011
23392,16389,15.975118,0AA,8,0010001100000111001000110001000100100011000000100010001100001010
37519,5461,15.975197,0BA,5,0010100100000000000000000000010000101000
17119,16392,15.978159,226,8,0000000000000000000100000000000000000000000000000000000000000000
43414,91,15.978789,3000000.0,6,110000010000101110101111000000010000000000000000
37520,10917,15.982686,0BA,5,0100111100000000000000000000000000101110
11820,16393,15.983001,2C1,8,0000000000000001010101100000000101011100110000000000110101001100
8696,16395,15.98391,260,8,0000000000000000000000000000000000000000000000000011101010100100
3186,16397,15.984494,25,8,0000111111111110000000000000000100100000000000000000000001011011
29033,16398,15.984742,24,8,0000000111111111000000100000101001000001111111111000000011111000
14810,16399,15.984985,1C6,8,0000000000000000100000000000001101011100000101010000000000000000
23393,16400,15.985213,0AA,8,0010001100001100001000110001010000100011000000000010001011111111
19389,16402,15.986082,0B4,8,0000000000000000000000000000000010011000000010000110101011000110
13698,16403,15.98683,615,8,0010101000000000011101100000101000000000000000000000000000000000
32491,16406,15.988944,1C4,8,0000110100110101000110110000000000000000000000000000000000101010
37521,10921,15.990176,0BA,5,1110000000101101010100000000000011010010
27875,16408,15.993337,4DC,8,0001110100000000000000000000000000000000000000000000000000000000
3187,16410,15.994412,25,8,0000111111111110000000000000000100100000000000000000000001011011
23394,16411,15.995084,0AA,8,0010001100010010001000110001101100100010111110100010001100001000
37522,16370,15.997665,0BA,5,1100011000000000000000000000000010111110
8697,16413,16.003843,260,8,0000000000000000000000000000000000000000000000000011101010100100
3188,16415,16.004423,25,8,0000111111111110000000000000000100110000000000000000000001101011
29034,16416,16.004668,24,8,0000000111111110000000100001000101000010000000001000000000000000
23395,16417,16.005065,0AA,8,0010001100011001001000110001111000100011000001100010001100001100
37523,5471,16.005155,0BA,5,0010100100000000000000000000011100101011
19390,16418,16.006046,0B4,8,0000000000000000000000000000000010011000000010000110101011000110
32492,16421,16.008906,1C4,8,0000110100110101000110110000000000000000000000000000000000101010
17120,16424,16.010051,226,8,0000000000000000000100000000000000000000000000000000000000000000
642,16425,16.011042,320,8,0000000000100000000000000000000000000000000000000000000001001011
37524,10939,16.012644,0BA,5,0100111100000000000000000000000000101110
11821,16426,16.012897,2C1,8,0000000000000001010101100000000101010110110000000000110101000110
31585,16427,16.013143,633,8,1000000100000000000000000000000000000000000000000000000000000000
1539,16429,16.013698,6F3,8,0010000000000000000000000000000000000000000000000000000000000000
3189,16431,16.014377,25,8,0000111111111110000000000000000100110000000000000000000001101011
14811,16432,16.01488,1C6,8,0000000000000000100000000000001101011001000101010000000000000000
23396,16433,16.015107,0AA,8,0010001100010110001000110001101100100011000001010010001100001110
37525,10942,16.020134,0BA,5,1110000000101101010011000000000011001110
8698,16437,16.023791,260,8,0000000000000000000000000000000000000000000000000011101010100100
3190,16440,16.0245,25,8,0000111111111110000000000000000100110000000000000000000001101011
29035,16441,16.024739,24,8,0000000111111110000000100001001101000010000000011000000000000011
23397,16442,16.025001,0AA,8,0010001100010110001000110001111000100011000000000010001100000101
19391,16443,16.026008,0B4,8,0000000000000000000000000000000010011100000010000111000011010000
11180,16444,16.026254,39A,8,0000000000000000000000000000000100000000000000000000000000000000
37526,16405,16.027624,0BA,5,1100011000000000000000000000000010111110
13532,16446,16.028329,399,8,0000000000000000000000000000000000000000111111110000000000000000
32493,16448,16.028909,1C4,8,0000110100110100000110110000000000000000000000000000000000101001
3191,16452,16.034427,25,8,0000111111111110000000000000000101000000000000000000000001111011
23398,16453,16.035013,0AA,8,0010001100011001001000110010001000100011000000100010001100001100
37527,5483,16.035113,0BA,5,0010100100000000000000000000010000101000
17121,16456,16.037999,226,8,0000000000000000000100000000000000000000000000000000000000000000
37528,10957,16.042603,0BA,5,0100111100000000000000000000000000101110
11822,16457,16.042833,2C1,8,0000000000000001010101100000000101011001110000000000110101001001
8699,16459,16.043835,260,8,0000000000000000000000000000000000000000000000000101001010111100
3192,16461,16.044416,25,8,0000111111111110000000000000000101000000000000000000000001111011
29036,16462,16.044658,24,8,0000000111111110000000100000101001000010000000111000000011111100
14812,16463,16.044896,1C6,8,0000000000000000100000000000001101010110000101010000000000000000
23399,16464,16.045124,0AA,8,0010001100011101001000110001111100100011000001110010001100010000
19392,16465,16.045973,0B4,8,0000000000000000000000000000000010011100000010000111000011010000
16,16469,16.048587,3B1,8,0000000000000000000000100000101000000000000010000000000000000000
32494,16470,16.048836,1C4,8,0000110100110100000110110000000000000000000000000000000000101001
37529,10960,16.050092,0BA,5,1110000000101101010010000000000011001010
21645,16473,16.053626,443,8,0100110100000010000000000010111100000110000000000000000000000000
3193,16475,16.054305,25,8,0000111111111110000000000000000101000000000000000000000001111011
23400,16476,16.054977,0AA,8,0010001100011011001000110010000000100011000001010010001100001111
643,16477,16.055967,320,8,0000000000100000000000000000000000000000000000000000000001001011
37530,16434,16.057582,0BA,5,1100011000000000000000000000000010111110
28013,16478,16.057842,6C0,8,1110010000000000000000001110000010000000000000000000000000000000
8700,16479,16.063781,260,8,0000000000000000000000000000000000000000000000000101001010111100
3194,16481,16.064285,25,8,0000111111111110000000000000000101000000000000000000000001111011
29037,16482,16.064592,24,8,0000000111111111000000100000100001000010000000011000000011111001
23401,16483,16.064959,0AA,8,0010001100010111001000110010010000100010111111110010001100000101
37531,5490,16.065071,0BA,5,0010100100000000000000000000011100101011
19393,16484,16.065971,0B4,8,0000000000000000000000000000000010100000000010000111011011011010
13310,16487,16.067649,61A,8,0010010000000000000000000000000000000000000000000011011001000000
32495,16489,16.068808,1C4,8,0000110100110011000110110000000000000000000000000000000000101000
43692,17212,16.06958,3BB,5,0111000000000000001000001010001000000000
17122,16492,16.069937,226,8,0000000000000000000100000000000000000000000000000000000000000000
37532,10982,16.072561,0BA,5,0100111100000000000000000000000000101110
11823,16494,16.072845,2C1,8,0000000000000001010001100000000101001001110000000000110000101000
3195,16497,16.074265,25,8,0000111111111110000000000000000101010000000000010000000010001100
14813,16498,16.074779,1C6,8,0000000000000000100000000000001101010010000101010000000000000000
23402,16499,16.075007,0AA,8,0010001100011111001000110010010000100011000001100010001100010000
37533,10984,16.08005,0BA,5,1110000000101101010100000000000011010010
8701,16502,16.083629,260,8,0000000000000000000000000000000000000000000000000101001010111100
3196,16504,16.084273,25,8,0000111111111110000000000000000101010000000000010000000010001100
29038,16505,16.084517,24,8,0000000111111111000000100000110101000010000000001000000011111101
23403,16506,16.084888,0AA,8,0010001100011010001000110010010100100011000010010010001100010001
19394,16507,16.085904,0B4,8,0000000000000000000000000000000010100100000010000111011011011110
37534,16468,16.08754,0BA,5,1100011000000000000000000000000010111110
32496,16511,16.088846,1C4,8,0000110100110100000110110000000000000000000000000000000000101001
3197,16514,16.09423,25,8,0000111111111110000000000000000101010000000000010000000010001100
23404,16515,16.094904,0AA,8,0010001100100010001000110010010000100011000010000010001100011000
37535,5502,16.095029,0BA,5,0010100100000000000000000000010000101000
17123,16518,16.097923,226,8,0000000000000000000100000000000000000000000000000000000000000000
35118,16287,16.098693,3D3,3,111001010000001000101101
16409,16519,16.099235,3F9,8,0111010100011000000000100000001010000000000000000000000000010101
43506,15776,16.101651,423,2,1000100000000
37536,11003,16.102519,0BA,5,0100111100000000000000000000000000101110
11824,16521,16.102763,2C1,8,0000000000000001010000000000000101000011110000000000100100011001
8702,16523,16.103717,260,8,0000000000000000000000000000000000000000000000000101001010111100
3198,16525,16.104296,25,8,0000111111111110000000000000000101010000000000010000000010001100
29039,16526,16.104545,24,8,0000000111111111000000100000111101000010000000001000000011111111
14814,16527,16.104785,1C6,8,0000000000000000100000000000001101001100000101010000000000000000
23405,16528,16.10501,0AA,8,0010001100100011001000110010010100100011000000110010001100010011
19395,16529,16.105869,0B4,8,0000000000000000000000000000000010100100000010000111101111100011
32497,16532,16.10874,1C4,8,0000110100110100000110110000000000000000000000000000000000101001
644,16534,16.109148,320,8,0000000000100000000000000000000000000000000000000000000001001011
37537,11007,16.110009,0BA,5,1110000000101101010100000000000011010010
3199,16537,16.114199,25,8,0000111111111110000000000000000101010000000000010000000010001100
23406,16538,16.114871,0AA,8,0010001100100000001000110010011100100011000010110010001100010100
37538,16500,16.117498,0BA,5,1100011000000000000000000000000010111110
8703,16541,16.123475,260,8,0000000000000000000000000000000000000000000000000101001010111100
3200,16543,16.124176,25,8,0000111111111110000000000000000101010000000000010000000010001100
29040,16544,16.124456,24,8,0000000111111111000000100000101001000010000000111000000011111101
23407,16545,16.124853,0AA,8,0010001100100000001000110010010000100011000011000010001100001111
37539,5510,16.124988,0BA,5,0010100100000000000000000000011100101011
19396,16546,16.125837,0B4,8,0000000000000000000000000000000010101000000010000111101111100111
32498,16550,16.129014,1C4,8,0000110100110101000110110000000000000000000000000000000000101010
17124,16552,16.129831,226,8,0000000000000000000100000000000000000000000000000000000000000000
37540,11023,16.132477,0BA,5,0100111100000000000000000000000000101110
11825,16554,16.132696,2C1,8,0000000000000001001010010000000101000000110000000000100111111111
13294,16555,16.133454,30000000.0,7,0
3201,16557,16.134158,25,8,0000111111111110000000000000000101010000000000010000000010001100
14815,16558,16.134672,1C6,8,0000000000000000100000000000001101000110000101010000000000000000
23408,16559,16.1349,0AA,8,0010001100100010001000110010001100100011000011000010001100010000
37541,11026,16.139967,0BA,5,1110000000101101010100000000000011010010
8704,16561,16.143387,260,8,0000000000000000000000000000000000000000000000000101001010111100
3202,16563,16.144168,25,8,0000111111111110000000000000000101010000000000010000000010001100
29041,16564,16.144412,24,8,0000000111111111000000100000011001000010000000111000000011111001
23409,16565,16.144781,0AA,8,0010001100100010001000110010001000100011000010100010001100001001
19397,16566,16.145797,0B4,8,0000000000000000000000000000000010101000000010000111101111100111
37542,16531,16.147456,0BA,5,1100011000000000000000000000000010111110
32499,16569,16.148666,1C4,8,0000110100111001000110110000000000000000000000000000000000101110
3203,16574,16.154125,25,8,0000111111111110000000000000000101010000000000010000000010001100
23410,16575,16.154793,0AA,8,0010001100100010001000110010010000100011000011110010001100010001
37543,5521,16.154946,0BA,5,0010100100000000000000000000010000101000
31424,16578,16.157497,44D,8,0100001000000010000000000000000000000001000000000000000000000000
17125,16579,16.157785,226,8,0000000000000000000100000000000000000000000000000000000000000000
645,16580,16.158783,320,8,0000000000100000000000000000000000000000000000000000000001001011
37544,11043,16.162435,0BA,5,0100111100000000000000000000000000101110
11826,16581,16.162626,2C1,8,0000000000000001000110010000000100111100110000000000100111101011
8705,16582,16.163282,260,8,0000000000000000000000000000000000000000000000000101111011001000
27945,16583,16.163538,300000000.0,8,0
3204,16585,16.164114,25,8,0000111111111110000000000000000101010000000000010000000010001100
29042,16586,16.164395,24,8,0000001000000000000000100000100001000010000000111000000011111101
14816,16587,16.16471,1C6,8,0000000000000000100000000000001101000011000101010000000000000000
23411,16588,16.164941,0AA,8,0010001100100010001000110010010000100011000100000010001100001111
19398,16590,16.165766,0B4,8,0000000000000000000000000000000010101100000010000111101111101011
16296,16593,16.168128,4C1,8,0000000100000000000000010000000100000000000000000000000000000000
32500,16594,16.168628,1C4,8,0000110100111100000110110000000000000000000000000000000000110001
34844,16598,16.169432,3C3,8,0100011000011110100100110100111011101110010110010000001110001000
37545,11045,16.169925,0BA,5,1110000000101101010100000000000011010010
3205,16600,16.174089,25,8,0000111111111110000000000000000101010000000000010000000010001100
23412,16601,16.174759,0AA,8,0010001100100100001000110010010000100011000101000010001100001011
37546,16560,16.177414,0BA,5,1100011000000000000000000000000010111110
35313,5176,16.178494,386,7,10100100000000000000000000000000000000000000000010000000
8706,16604,16.183206,260,8,0000000000000000000000000000000000000000000000000101111011001000
13369,16605,16.183387,394,3,0
3206,16607,16.1841,25,8,0000111111111110000000000000000101100000000000010000000010011100
29043,16608,16.184341,24,8,0000001000000000000000100000110001000010000000011000000011111111
23413,16609,16.18471,0AA,8,0010001100100011001000110010010000100011000100100010001100010000
37547,5531,16.184904,0BA,5,0010100100000000000000000000011100101011
19399,16610,16.18573,0B4,8,0000000000000000000000000000000010110000000010000111101111101111
32501,16613,16.188599,1C4,8,0000110101000000000110110000000000000000000000000000000000110101
17126,16616,16.189723,226,8,0000000000000000000100000000000000000000000000000000000000000000
37548,11063,16.192393,0BA,5,0100111100000000000000000000000000101110
11827,16617,16.19262,2C1,8,0000000000000001000100000000000100110011110000000000100111011001
27925,16618,16.193404,3000000000.0,8,0
14817,16619,16.194603,1C6,8,0000000000000000100000000000001101000000000101010000000000000000
3207,16621,16.195154,25,8,0000111111111110000000000000000101100000000000010000000010011100
23414,16622,16.195698,0AA,8,0010001100100000001000110010001100100011000101100010001100010010
114,16624,16.197716,3B7,8,1000
37549,11066,16.199883,0BA,5,1110000000101101010100000000000011010010
8707,16627,16.203145,260,8,0000000000000000000000000000000000000000000000000101111011001000
3208,16629,16.20404,25,8,0000111111111110000000000000000101100000000000010000000010011100
29044,16630,16.204321,24,8,0000001000000000000000100000101001000010000000111000000011111111
23415,16631,16.204709,0AA,8,0010001100100000001000110010100000100011000101000010001100010110
19400,16632,16.205693,0B4,8,0000000000000000000000000000000010110000000010001000000111110101
37550,16592,16.207373,0BA,5,1100011000000000000000000000000010111110
646,16634,16.207693,320,8,0000000000100000000000000000000000000000000000000000000001001011
32502,16636,16.208616,1C4,8,0000110101000111000110110000000000000000000000000000000000111100
3209,16639,16.214018,25,8,0000111111111110000000000000000101100000000000010000000010011100
23416,16641,16.214688,0AA,8,0010001100011101001000110010010100100011000111010010001100010001
37551,5544,16.214862,0BA,5,0010100100000000000000000000010000101000
7669,16645,16.217351,611,8,0010000100000000000000000001000000000000000000000011110101101100
17127,16646,16.217682,226,8,0000000000000000000100000000000000000000000000000000000000000000
37552,11079,16.222352,0BA,5,0100111100000000000000000000000000101110
11828,16648,16.222526,2C1,8,0000000000000001000010010000000100101001110000000000100011000111
8708,16649,16.223089,260,8,0000000000000000000000000000000000000000000000000101111011001000
3210,16651,16.224028,25,8,0000111111111110000000000000000101100000000000010000000010011100
29045,16652,16.224281,24,8,0000001000000000000000100000011001000010000000011000000011111001
14818,16653,16.224541,1C6,8,0000000000000000100000000000001100111101000101010000000000000000
23417,16654,16.224771,0AA,8,0010001100011111001000110010010100100011000110000010001100010110
19401,16655,16.225654,0B4,8,0000000000000000000000000000000010110100000010001000000111111001
32503,16658,16.228533,1C4,8,0000110101001011000110110000000000000000000000000000000001000000
11017,16660,16.229292,620,8,0001000000000000000000000000000000000000000000000000000000000000
37553,11082,16.229841,0BA,5,1110000000101101010010000000000011001010
3211,16663,16.233984,25,8,0000111111111110000000000000000101110000000000010000000010101100
23418,16664,16.234655,0AA,8,0010001100011110001000110010010100100011000110100010001100011111
37554,16623,16.237331,0BA,5,1100011000000000000000000000000010111110
8709,16666,16.24299,260,8,0000000000000000000000000000000000000000000000000101111011001000
3212,16668,16.243991,25,8,0000111111111110000000000000000101110000000000010000000010101100
29046,16669,16.244274,24,8,0000001000000000000000100000100001000010000000011000000011111011
23419,16670,16.244608,0AA,8,0010001100100000001000110010010100100011000110000010001100011011
37555,5550,16.24482,0BA,5,0010100100000000000000000000011100101011
19402,16671,16.245621,0B4,8,0000000000000000000000000000000010111000000010001000000111111101
32504,16675,16.24849,1C4,8,0000110101001110000110110000000000000000000000000000000001000011
17128,16678,16.249618,226,8,0000000000000000000100000000000000000000000000000000000000000000
37556,11103,16.25231,0BA,5,0100111100000000000000000000000000101110
11829,16679,16.252518,2C1,8,0000000000000001000000110000000100000110110000000000011110011101
3213,16681,16.253951,25,8,0000111111111111000000000000000110010000000000010000000011001101
14819,16682,16.254466,1C6,8,0000000000000000100000000000001100111010000101010000000000000000
23420,16683,16.254697,0AA,8,0010001100100000001000110010100100100011000111110010001100011011
14071,16685,16.256217,442,8,0100001100000010000000000000000000000010000000000000000000000000
647,16686,16.256608,320,8,0000000000100000000000000000000000000000000000000000000001001011
37557,11107,16.259799,0BA,5,1110000000101101010110000000000011011010
8710,16687,16.262997,260,8,0000000000000000000000000000000000000000000000000101111011001000
3214,16690,16.263956,25,8,0000111111111111000000000000000110100000000000010000000011011101
29047,16691,16.264252,24,8,0000000111111111000000100000110001000010000000001000000011111100
23421,16692,16.264571,0AA,8,0010001100100110001000110010100100100011000111100010001100011110
19403,16693,16.265591,0B4,8,0000000000000000000000000000000010111000000010001000000111111101
37558,16657,16.267289,0BA,5,1100011000000000000000000000000010111110
32505,16697,16.268466,1C4,8,0000110101010000000110110000000000000000000000000000000001000101
37559,5564,16.274778,0BA,5,0010100100000000000000000000010000101000
3215,16700,16.274938,25,8,0000111111111111000000000000000110110000000000100000000011101110
23422,16701,16.275553,0AA,8,0010001100101000001000110010110000100011000110100010001100011010
17129,16704,16.278571,226,8,0000000000000000000100000000000000000000000000000000000000000000
37560,11126,16.282268,0BA,5,0100111100000000000000000000000000101110
11830,16707,16.28242,2C1,8,0000000000000000111101100000000011101100110000000000011001110011
8711,16708,16.282971,260,8,0000000000000000000000000000000000000000000000000110101011010100
3216,16710,16.283896,25,8,0000111111111111000000000000000111000000000000100000000011111110
29048,16711,16.284182,24,8,0000001000000000000000100000101001000010000000001000000011111100
14820,16712,16.284503,1C6,8,0000000000000000100000000000001100110111000101010000000000000000
23423,16713,16.284732,0AA,8,0010001100100111001000110010111100100011000101110010001100011111
19404,16714,16.285551,0B4,8,0000000000000000000000000000000010111100000010001000000100000001
32506,16717,16.288426,1C4,8,0000110101001110000110110000000000000000000000000000000001000011
37561,11129,16.289758,0BA,5,1110000000101101010100000000000011010010
3217,16720,16.293906,25,8,0000111111111111000000000000000111010000000000100000000000001110
23424,16721,16.29452,0AA,8,0010001100101010001000110010111100100011000101100010001100010111
37562,16684,16.297247,0BA,5,1100011000000000000000000000000010111110
8712,16723,16.302888,260,8,0000000000000000000000000000000000000000000000000111011011100000
3218,16725,16.303859,25,8,0000111111111111000000000000000111010000000000100000000000001110
29049,16726,16.304146,24,8,0000001000000000000000100000100001000010000000001000000011111010
23425,16727,16.304528,0AA,8,0010001100101001001000110010110000100011000110010010001100011011
37563,5573,16.304737,0BA,5,0010100100000000000000000000011100101011
19405,16728,16.305515,0B4,8,0000000000000000000000000000000010111100000010001000000100000001
32507,16732,16.308393,1C4,8,0000110101001101000110110000000000000000000000000000000001000010
17130,16735,16.309516,226,8,0000000000000000000100000000000000000000000000000000000000000000
648,16736,16.310508,320,8,0000000000100000000000000000000000000000000000000000000001001011
37564,11141,16.312226,0BA,5,0100111100000000000000000000000000101110
11831,16738,16.312463,2C1,8,0000000000000000111010010000000011100110110000000000010101011111
3219,16740,16.313845,25,8,0000111111111111000000000000000111100000000000100000000000011110
14821,16741,16.314369,1C6,8,0000000000000000100000000000001100110100000101010000000000000000
23426,16742,16.314594,0AA,8,0010001100101100001000110010110000100011000111010010001100011011
31256,16744,16.316089,4A6,8,0000000000000000000000000000000000000000000011000000000000000000
37565,11145,16.319716,0BA,5,1110000000101101010101000000000011010110
8713,16746,16.322903,260,8,0000000000000000000000000000000000000000000000000111011011100000
3220,16748,16.323853,25,8,0000111111111111000000000000000111110000000000100000000000101110
29050,16749,16.324114,24,8,0000001000000000000000100000100001000010000000011000000011111011
23427,16750,16.324469,0AA,8,0010001100101110001000110010111000100011000110000010001100100000
19406,16751,16.325479,0B4,8,0000000000000000000000000000000011000000000010001000011100001011
37566,16716,16.327205,0BA,5,1100011000000000000000000000000010111110
32508,16754,16.328366,1C4,8,0000110101001100000110110000000000000000000000000000000001000001
3221,16758,16.333806,25,8,0000111111111111000000000000000100000000000001110000000001000011
23428,16759,16.334475,0AA,8,0010001100110010001000110010110100100011000110010010001100011110
37567,5583,16.334695,0BA,5,0010100100000000000000000000010000101000
17131,16762,16.337466,226,8,0000000000000000000100000000000000000000000000000000000000000000
34769,16763,16.341938,4DF,8,0010000000000000000000000000000100000000000000000000000000000000
37568,11167,16.342184,0BA,5,0100111100000000000000000000000000101110
11832,16764,16.342317,2C1,8,0000000000000000111000000000000011010011110000000000010001000010
8714,16765,16.342763,260,8,0000000000000000000000000000000000000000000000000110101011010100
3222,16767,16.343787,25,8,0000111111111111000000000000000100000000000001110000000001000011
29051,16768,16.344081,24,8,0000001000000000000000100000101001000010000000111000000011111111
14822,16769,16.344323,1C6,8,0000000000000000100000000000001100110001000101010000000000000000
23429,16770,16.344552,0AA,8,0010001100110010001000110011011000100011000110110010001100011111
19407,16772,16.345442,0B4,8,0000000000000000000000000000000011000100000010001000011100001111
28014,16775,16.346883,6C0,8,1110010000000000000000001110000010000000000000000000000000000000
16410,16777,16.347897,3F9,8,0111010100011000000000100000001010000000000000000000000000010101
32509,16778,16.348329,1C4,8,0000110101001100000110110000000000000000000000000000000001000001
7806,16780,16.349014,610,8,0010000000000000000101100110010011000000000000000100101101000000
37569,11170,16.349674,0BA,5,1110000000101101010110000000000011011010
21646,16781,16.353143,443,8,0100110100000010000000000010111100000110000000000000000000000000
3223,16783,16.35377,25,8,0000111111111111000000000000000100100000000001110000000001100011
23430,16784,16.35444,0AA,8,0010001100101110001000110011010000100011000111100010001100011011
649,16785,16.35543,320,8,0000000000100000000000000000000000000000000000000000000001001011
37570,16743,16.357163,0BA,5,1100011000000000000000000000000010111110
35119,2053,16.35835,3D3,3,011011000001001000000000
8715,16787,16.362689,260,8,0000000000000000000000000000000000000000000000000111011011100000
3224,16789,16.363749,25,8,0000111111111111000000000000000100110000000001110000000001110011
29052,16790,16.364053,24,8,0000001000000000000000100000101001000010000000111000000011111111
23431,16791,16.364423,0AA,8,0010001100110011001000110011001000100011000101110010001100100110
37571,5595,16.364653,0BA,5,0010100100000000000000000000011100101011
19408,16792,16.365407,0B4,8,0000000000000000000000000000000011000100000010001000110000010100
43693,554,16.367165,3BB,5,1011101100000000000000000000000000100110
32510,16795,16.36829,1C4,8,0000110101001101000110110000000000000000000000000000000001000010
17132,16798,16.369405,226,8,0000000000000000000100000000000000000000000000000000000000000000
37572,11188,16.372143,0BA,5,0100111100000000000000000000000000101110
11833,16801,16.372284,2C1,8,0000000000000000110100000000000010101001110000000000010000001000
3225,16803,16.373738,25,8,0000111111111111000000000000000101000000000001110000000010000011
14823,16804,16.374262,1C6,8,0000000000000000100000000000001100101110000101010000000000000000
23432,16805,16.37449,0AA,8,0010001100101101001000110011001000100011000101100010001100100000
37573,11192,16.379632,0BA,5,1110000000101101010100000000000011010010
8716,16808,16.382692,260,8,0000000000000000000000000000000000000000000000000111011011100000
3226,16810,16.383744,25,8,0000111111111111000000000000000101000000000001110000000010000011
29053,16811,16.384009,24,8,0000001000000000000000100000011001000010000001011000000011111101
23433,16812,16.384353,0AA,8,0010001100110100001000110011011000100011000110110010001100100011
19409,16813,16.385372,0B4,8,0000000000000000000000000000000011001000000010001000110000011000
37574,16776,16.387122,0BA,5,1100011000000000000000000000000010111110
13908,16817,16.387934,622,8,0001001000000000000000000000000000000000000000000000000000000000
32511,16818,16.388252,1C4,8,0000110101001011000110110000000000000000000000000000000001000000
3227,16821,16.393703,25,8,0000111111111111000000000000000101010000000010010000000010010101
23434,16823,16.394368,0AA,8,0010001100110001001000110011011000100011000110100010001100100001
37575,5608,16.394611,0BA,5,0010100100000000000000000000010000101000
17133,16826,16.397357,226,8,0000000000000000000100000000000000000000000000000000000000000000
37576,11204,16.402101,0BA,5,0100111100000000000000000000000000101110
11834,16828,16.402218,2C1,8,0000000000000000110000000000000001110110110000000000001011000011
8717,16829,16.402478,260,8,0000000000000000000000000000000000000000000000001000001011101100
3228,16831,16.403675,25,8,0000111111111111000000000000000101110000000010010000000010110101
29054,16832,16.403969,24,8,0000001000000000000000100000011001000010000001011000000011111101
14824,16833,16.404222,1C6,8,0000000000000000100000000000001100101011000101010000000000000000
23435,16834,16.404444,0AA,8,0010001100110010001000110011010000100011000110010010001100100100
19410,16835,16.405342,0B4,8,0000000000000000000000000000000011001000000010001000110000011000
32512,16838,16.408218,1C4,8,0000110101001010000110110000000000000000000000000000000000111111
650,16840,16.408662,320,8,0000000000100000000000000000000000000000000000000000000001001011
37577,11207,16.40959,0BA,5,1110000000101101010110000000000011011010
3229,16844,16.413659,25,8,0000000000000000000000000000000110010000000010010000000011000111
23436,16845,16.414336,0AA,8,0010001100110011001000110011001000100011000111100010001100100000
37578,16806,16.41708,0BA,5,1100011000000000000000000000000010111110
8718,16847,16.422356,260,8,0000000000000000000000000000000000000000000000001000001011101100
31646,16848,16.422971,389,8,0000000000100000000000000000000000000000000000000000000000000000
3230,16850,16.423666,25,8,0000000000000000000000000000000110010000000010010000000011000111
29055,16851,16.423935,24,8,0000001000000000000000100000011001000010000001011000000011111101
23437,16852,16.424284,0AA,8,0010001100111001001000110011001100100011000111000010001100100100
37579,5614,16.424569,0BA,5,0010100100000000000000000000011100101011
19411,16853,16.4253,0B4,8,0000000000000000000000000000000011001100000010001000110000011100
32513,16857,16.428187,1C4,8,0000110101001001000110110000000000000000000000000000000000111110
17134,16860,16.429298,226,8,0000000000000000000100000000000000000000000000000000000000000000
37580,11226,16.432059,0BA,5,0100111100000000000000000000000000101110
11835,16861,16.432179,2C1,8,0000100000000000010101100000000001010011110000000000000000111100
3231,16863,16.433626,25,8,0000000000000000000000000000000110100000000010010000000011010111
14825,16864,16.434157,1C6,8,0000000000000000100000000000001100101000000101010000000000000000
23438,16865,16.434383,0AA,8,0010001100110011001000110011001100100011001000110010001100011110
43507,1131,16.437102,423,2,11100000000
37581,11229,16.439548,0BA,5,1110000000101101010110000000000011011010
8719,16868,16.442355,260,8,0000000000000000000000000000000000000000000000001000111011111000
3232,16871,16.443642,25,8,0000000000000000000000000000000110110000000010010000000011100111
29056,16872,16.44393,24,8,0000001000000000000000100000010101000010000001011000000011111100
13653,16873,16.444162,4B7,8,1110001101011111001000001111000000001000111010100000000100001000
23439,16874,16.444385,0AA,8,0010001100101100001000110011001000100011000111100010001100100101
19412,16875,16.44526,0B4,8,0000000000000000000000000000000011010000000010001001001000100110
37582,16837,16.447038,0BA,5,1100011000000000000000000000000010111110
32514,16879,16.448149,1C4,8,0000110101001000000110110000000000000000000000000000000000111101
3233,16882,16.453592,25,8,0000000000000000000000000000000111010000000010010000000000000111
23440,16883,16.454257,0AA,8,0010001100101110001000110010111100100011001001000010001100011110
37583,5628,16.454528,0BA,5,0010100100000000000000000000010000101000
31425,16886,16.456453,44D,8,0100001000000010000000000000000000000001000000000000000000000000
17135,16887,16.45725,226,8,0000000000000000000100000000000000000000000000000000000000000000
651,16888,16.458249,320,8,0000000000100000000000000000000000000000000000000000000001001011
37584,11246,16.462017,0BA,5,0100111100000000000000000000000000101110
11836,16890,16.462112,2C1,8,0000100000000000001010010000000000101100110000000000000011101000
8720,16891,16.462359,260,8,0000000000000000000000000000000000000000000000001000111011111000
3234,16893,16.463577,25,8,0000000000000000000000000000000111100000000010010000000000010111
29057,16894,16.463902,24,8,0000001000000000000000100000010101000010000000011000000011111000
14826,16895,16.46414,1C6,8,0000000000000000100000000000001100100101000101010000000000000000
23441,16896,16.464365,0AA,8,0010001100110011001000110010111100100011001000000010001100100100
19413,16897,16.465229,0B4,8,0000000000000000000000000000000011010000000010001001001000100110
32515,16900,16.468124,1C4,8,0000110101000110000110110000000000000000000000000000000000111011
37585,11250,16.469507,0BA,5,1110000000101101010110000000000011011010
3235,16904,16.473558,25,8,0000000000000000000000000000000111110000000010010000000000100111
23442,16905,16.474226,0AA,8,0010001100110111001000110011000100100011001010010010001100011111
37586,16866,16.476996,0BA,5,1100011000000000000000000000000010111110
8721,16908,16.482181,260,8,0000000000000000000000000000000000000000000000001000001011101100
13370,16909,16.482375,394,3,0
277,16910,16.482868,38F,8,0000000100000000000000000000000000000000000000000000000000000000
3236,16912,16.483531,25,8,0000000000000000000000000000000100010000000011110000000001001101
29058,16913,16.483825,24,8,0000001000000000000000100000000101000010000000001000000011110011
23443,16914,16.484214,0AA,8,0010001100110010001000110011010000100011001000000010001100100100
37587,5636,16.484486,0BA,5,0010100100000000000000000000011100101011
19414,16915,16.485189,0B4,8,0000000000000000000000000000000011010100000010001001001000101010
32516,16918,16.488146,1C4,8,0000110101000101000110110000000000000000000000000000000000111010
17136,16921,16.48919,226,8,0000000000000000000100000000000000000000000000000000000000000000
37588,11264,16.491975,0BA,5,0100111100000000000000000000000000101110
11837,16922,16.492076,2C1,8,0000100011111111111101111111111111111010110000000000000010000010
3237,16925,16.493519,25,8,0000000000000000000000000000000100110000000011110000000001101101
14827,16926,16.494052,1C6,8,0000000000000000100000000000001100100010000101010000000000000000
23444,16927,16.494276,0AA,8,0010001100101101001000110011010000100011001001010010001100100100
115,16929,16.496185,3B7,8,1000
37589,11268,16.499465,0BA,5,1110000000101101010110000000000011011010
8722,16931,16.502114,260,8,0000000000000000000000000000000000000000000000001000111011111000
3238,16933,16.503534,25,8,0000000000000000000000000000000101000000000011110000000001111101
29059,16934,16.503795,24,8,0000001000000000000000100000001101000010000000011000000011110110
23445,16935,16.504145,0AA,8,0010001100101100001000110011000100100011001010110010001100101000
19415,16936,16.505154,0B4,8,0000000000000000000000000000000011011000000010001001001000101110
37590,16899,16.506954,0BA,5,1100011000000000000000000000000010111110
652,16938,16.507158,320,8,0000000000100000000000000000000000000000000000000000000001001011
32517,16940,16.508045,1C4,8,0000110101000011000110110000000000000000000000000000000000111000
34710,16943,16.512425,380,8,0
3239,16945,16.513487,25,8,0000000000000000000000000000000101010000000011000000000010001010
23446,16946,16.514157,0AA,8,0010001100101101001000110011000100100011001010000010001100101000
37591,5647,16.514444,0BA,5,0010100100000000000000000000010000101000
11018,16949,16.516642,620,8,0001000000000000000000000000000000000000000000000000000000000000
17137,16950,16.517142,226,8,0000000000000000000100000000000000000000000000000000000000000000
37592,11286,16.521933,0BA,5,0100111100000000000000000000000000101110
11838,16952,16.522007,2C1,8,0000100011111111110110101111111111011101110000000000000001001000
8723,16953,16.522254,260,8,0000000000000000000000000000000000000000000000001000111011111000
3240,16955,16.523489,25,8,0000000000000000000000000000000101110000000011000000000010101010
29060,16956,16.523762,24,8,0000001000000001000000100000000101000010000000111000000011110111
14828,16957,16.52407,1C6,8,0000000000000000100000000000001100011111000101010100000000000000
23447,16958,16.524295,0AA,8,0010001100101110001000110011001100100011001001110010001100110001
19416,16960,16.525119,0B4,8,0000000000000000000000000000000011011000000010001000110000101000
32518,16963,16.528003,1C4,8,0000110101000010000110110000000000000000000000000000000000110111
37593,11289,16.529423,0BA,5,1110000000101101010110000000000011011010
3241,16966,16.533453,25,8,0000000000000001000000000000000110010000000011000000000011001011
23448,16967,16.534118,0AA,8,0010001100101111001000110011001100100011001010000010001100101000
37594,16928,16.536913,0BA,5,1100011000000000000000000000000010111110
13593,16968,16.537705,4DD,8,0001111000000000000000000000000000000000000000000000000000000000
8724,16971,16.542098,260,8,0000000000000000000000000000000000000000000000001000001011101100
3242,16973,16.543426,25,8,0000000000000001000000000000000110100000000011000000000011011011
29061,16974,16.543717,24,8,0000001000000000000000100000000101000010000000111000000011110110
23449,16975,16.544098,0AA,8,0010001100101110001000110011000100100011001011100010001100110001
37595,5658,16.544402,0BA,5,0010100100000000000000000000011100101011
19417,16976,16.545085,0B4,8,0000000000000000000000000000000011011100000010001000110000101100
32519,16979,16.547979,1C4,8,0000110101000001000110110000000000000000000000000000000000110110
17138,16982,16.549086,226,8,0000000000000000000100000000000000000000000000000000000000000000
37596,11309,16.551892,0BA,5,0100111100000000000000000000000000101110
11839,16983,16.551974,2C1,8,0000100011111111101101001111111111000000110000000000000000000101
14829,16984,16.553951,1C6,8,0000000000000000100000000000001100011111000101010100000000000000
3243,16986,16.554559,25,8,0000000000000001000000000000000110110000000011000000000011101011
23450,16987,16.555055,0AA,8,0010001100110010001000110011010000100011001011100010001100101000
14072,16988,16.555541,442,8,0100001100000010000000000000000000000010000000000000000000000000
653,16990,16.557071,320,8,0000000000100000000000000000000000000000000000000000000001001011
37597,11313,16.559381,0BA,5,1110000000101101010111000000000011011110
8725,16992,16.562013,260,8,0000000000000000000000000000000000000000000000001000111011111000
3244,16994,16.563425,25,8,0000000000000001000000000000000111000000000011000000000011111011
29062,16995,16.563701,24,8,0000001000000000000000100000000101000010000000111000000011110110
23451,16996,16.564036,0AA,8,0010001100110100001000110011100100100011001001010010001100101111
19418,16997,16.565047,0B4,8,0000000000000000000000000000000011011100000010001000110000101100
37598,16962,16.566871,0BA,5,1100011000000000000000000000000010111110
32520,17002,16.567942,1C4,8,0000110100111100000110110000000000000000000000000000000000110001
3245,17005,16.573376,25,8,0000000000000001000000000000000111010000000011000000000000001011
23452,17007,16.57413,0AA,8,0010001100110111001000110011111000100011001001100010001100101101
37599,5669,16.57436,0BA,5,0010100100000000000000000000010000101000
17139,17010,16.577036,226,8,0000000000000000000100000000000000000000000000000000000000000000
37600,11330,16.58185,0BA,5,0100111100000000000000000000000000101110
11840,17011,16.581974,2C1,8,0000100011111111100101111111111110100111110000000000000011001111
8726,17012,16.582172,260,8,0000000000000000000000000000000000000000000000001000111011111000
3246,17014,16.583387,25,8,0000000000000001000000000000000111010000000011000000000000001011
29063,17015,16.583658,24,8,0000001000000000000000100000000101000010000000111000000011110110
14830,17016,16.583911,1C6,8,0000000000000000100000000000001100011111000101010100000000000000
23453,17017,16.584134,0AA,8,0010001100110010001000110011011100100011001001100010001100101101
19419,17018,16.585015,0B4,8,0000000000000000000000000000000011100000000010001000110000110000
32521,17021,16.58791,1C4,8,0000110100111000000110110000000000000000000000000000000000101101
37601,11334,16.589339,0BA,5,1110000000101101010111000000000011011110
3247,17025,16.593346,25,8,0000000000000001000000000000000111100000000011000000000000011011
23454,17026,16.59404,0AA,8,0010001100110011001000110011001100100011001010110010001100101000
37602,16989,16.596829,0BA,5,1100011000000000000000000000000010111110
16411,17027,16.597872,3F9,8,0111010100011000000000100000001010000000000000000000000000010101
8727,17028,16.60189,260,8,0000000000000000000000000000000000000000000000001000001011101100
3248,17030,16.603329,25,8,0000000000000001000000000000000111100000000010100000000000011001
29064,17032,16.60374,24,8,0000001000000000000000100000001101000010000001011000000011111010
23455,17033,16.603993,0AA,8,0010001100111000001000110011011100100011001010100010001100101110
37603,5674,16.604318,0BA,5,0010100100000000000000000000011100101011
19420,17034,16.604976,0B4,8,0000000000000000000000000000000011100100000010001000110000110100
32522,17038,16.607871,1C4,8,0000110100110101000110110000000000000000000000000000000000101010
17140,17041,16.60898,226,8,0000000000000000000100000000000000000000000000000000000000000000
654,17042,16.609973,320,8,0000000000100000000000000000000000000000000000000000000001001011
14232,17043,16.610969,60.0,8,1010000100000000000000000000000000000000011100000000000000000000
37604,11350,16.611808,0BA,5,0100111100000000000000000000000000101110
11841,17044,16.611863,2C1,8,0000100011111111011101111111111110001010110000000000000010010010
14831,17045,16.613845,1C6,8,0000000000000000100000000000001100011111000101010100000000000000
3249,17047,16.614458,25,8,0000000000000001000000000000000111100000000010000000000000010111
23456,17048,16.614952,0AA,8,0010001100111000001000110011011000100011001000110010001100101101
35120,16827,16.618006,3D3,3,111001010000001000100111
37605,11353,16.619297,0BA,5,1110000000101101010111000000000011011110
8728,17051,16.621773,260,8,0000000000000000000000000000000000000000000000000111011011100000
3250,17054,16.623335,25,8,0000000000000001000000000000000111100000000001110000000000010110
29065,17055,16.623597,24,8,0000001000000000000000100000000001000010000001101000000011111000
23457,17056,16.623927,0AA,8,0010001100111001001000110100010000100011001001000010001100101001
19421,17057,16.624939,0B4,8,0000000000000000000000000000000011100100000010001000110000110100
37606,17020,16.626787,0BA,5,1100011000000000000000000000000010111110
7729,17060,16.62761,435,8,1000000000000101000001011111111111100000001111110000000000000011
32523,17061,16.627846,1C4,8,0000110100101110000110110000000000000000000000000000000000100011
13846,17064,16.631014,4C6,8,0000011100000000000000110000000000000000000000000000000000000000
3251,17066,16.633276,25,8,0000000000000001000000000000000111100000000001100000000000010101
23458,17067,16.633942,0AA,8,0010001100111000001000110011110100100011001010000010001100100011
37607,5690,16.634277,0BA,5,0010100100000000000000000000010000101000
10919,17068,16.634605,436,8,0
17141,17071,16.636931,226,8,0000000000000000000100000000000000000000000000000000000000000000
8729,17073,16.641723,260,8,0000000000000000000000000000000000000000000000000101111011001000
37608,11373,16.641766,0BA,5,0100111100000000000000000000000000101110
11842,17074,16.641961,2C1,8,0000100011111111010111011111111101101010110000000000000001011000
3252,17076,16.64328,25,8,0000000000000001000000000000000111100000000001010000000000010100
29066,17077,16.643587,24,8,0000001000000001000000100000000001000010000001011000000011111000
14832,17078,16.643824,1C6,8,0000000000000000100000000000001100011111000101010100000000000000
23459,17079,16.644047,0AA,8,0010001100111011001000110011101000100011001001110010001100101001
19422,17080,16.644908,0B4,8,0000000000000000000000000000000011101000000010001001001000111110
28015,17081,16.645832,6C0,8,1110010000000000000000001110000010000000000000000000000000000000
32524,17084,16.647802,1C4,8,0000110100100111000110110000000000000000000000000000000000011100
37609,11376,16.649256,0BA,5,1110000000101101010111000000000011011110
21647,17086,16.652556,443,8,0100110100000010000000000010111100000110000000000000000000000000
3253,17088,16.653237,25,8,0000000000000001000000000000000111100000000001010000000000010100
23460,17089,16.653907,0AA,8,0010001100111011001000110011100000100011001000010010001100100110
655,17090,16.654893,320,8,0000000000100000000000000000000000000000000000000000000001001011
37610,17049,16.656745,0BA,5,1100011000000000000000000000000010111110
8730,17092,16.661594,260,8,0000000000000000000000000000000000000000000000000101001010111100
13785,17093,16.662553,434,8,0100001000000000000000000000000000000000000000000000000000000000
3254,17095,16.663216,25,8,0000000000000001000000000000000111100000000001000000000000010011
29067,17096,16.663545,24,8,0000001000000001000000100000000001000010000000111000000011110110
23461,17097,16.663892,0AA,8,0010001100111111001000110011100000100011000111110010001100101100
37611,5697,16.664235,0BA,5,0010100100000000000000000000011100101011
43694,1125,16.66475,3BB,5,1010010100000000000000000000000000000000
19423,17098,16.664869,0B4,8,0000000000000000000000000000000011101100000010001001011101000111
32525,17101,16.667778,1C4,8,0000110100100001000110110000000000000000000000000000000000010110
34845,17105,16.668534,3C3,8,0100011000011110100100110100111011101110010110010000001110001000
17142,17106,16.668871,226,8,0000000000000000000100000000000000000000000000000000000000000000
28176,17107,16.669545,437,8,1111110011111111111111111111111111111111111111111111111111111111
37612,11389,16.671724,0BA,5,0100111100000000000000000000000000101110
11843,17109,16.671764,2C1,8,0000100011111111001101111111111101000100110000000000000000001100
3255,17112,16.673205,25,8,0000000000000001000000000000000111100000000001000000000000010011
14833,17113,16.673741,1C6,8,0000000000000000100000000000001100011111000101010100000000000000
23462,17114,16.673967,0AA,8,0010001100111010001000110011100100100011001000000010001100100111
37613,11392,16.679214,0BA,5,1110000000101101010111000000000011011110
8731,17116,16.681533,260,8,0000000000000000000000000000000000000000000000000100011110110001
3256,17118,16.683213,25,8,0000000000000001000000000000000111100000000000110000000000010010
29068,17119,16.683489,24,8,0000001000000001000000100000000101000010000000111000000011110111
23463,17120,16.683825,0AA,8,0010001100110111001000110011010000100011001010000010001100101001
19424,17121,16.684836,0B4,8,0000000000000000000000000000000011101100000010001001011101000111
37614,17083,16.686703,0BA,5,1100011000000000000000000000000010111110
32526,17124,16.687733,1C4,8,0000110100011001000110110000000000000000000000000000000000001110
3257,17128,16.693172,25,8,0000000000000001000000000000000111100000000000110000000000010010
23464,17129,16.693836,0AA,8,0010001100110100001000110011000100100011001001010010001100100011
37615,5706,16.694193,0BA,5,0010100100000000000000000000010000101000
17143,17133,16.696821,226,8,0000000000000000000100000000000000000000000000000000000000000000
8732,17135,16.701416,260,8,0000000000000000000000000000000000000000000000000100011110110001
37616,11412,16.701682,0BA,5,0100111100000000000000000000000000101110
11844,17136,16.701717,2C1,8,0000100011111111000111011111111100101010110000000000000011011000
3258,17138,16.703178,25,8,0000000000000001000000000000000111100000000000110000000000010010
29069,17139,16.703454,24,8,0000001000000010000000100000000001000010000001011000000011111001
14834,17140,16.703704,1C6,8,0000000000000000100000000000001100011111000101010100000000000000
23465,17141,16.703928,0AA,8,0010001100110100001000110010110100100011001000110010001100100011
19425,17142,16.704799,0B4,8,0000000000000000000000000000000011110000000010001001011101001011
32527,17146,16.707698,1C4,8,0000110100000110000110110000000000000000000000000000000011111011
656,17148,16.708148,320,8,0000000000100000000000000000000000000000000000000000000001001011
37617,11415,16.709172,0BA,5,1110000000101101010111000000000011011110
3259,17150,16.713133,25,8,0000000000000001000000000000000111100000000000110000000000010010
23466,17151,16.713798,0AA,8,0010001100110011001000110010110100100011001000000010001100011001
37618,17115,16.716662,0BA,5,1100011000000000000000000000000010111110
8733,17154,16.721357,260,8,0000000000000000000000000000000000000000000000000100011110110001
3260,17156,16.723112,25,8,0000000000000001000000000000000111100000000000100000000000010001
29070,17157,16.72341,24,8,0000001000000010000000011111111101000010000010001000000011111010
23467,17158,16.723779,0AA,8,0010001100110011001000110010111100100011001000110010001100011111
37619,5715,16.724151,0BA,5,0010100100000000000000000000011100101011
19426,17159,16.724767,0B4,8,0000000000000000000000000000000011110000000010001000110001000000
32528,17162,16.727671,1C4,8,0000110011111101000110110000000000000000000000000000000011110001
17144,17165,16.728763,226,8,0000000000000000000100000000000000000000000000000000000000000000
37620,11436,16.731641,0BA,5,0100111100000000000000000000000000101110
11845,17166,16.731685,2C1,8,0000100011111111000001001111111100010000110000000000000010100101
3261,17169,16.733095,25,8,0000000000000001000000000000000111100000000000100000000000010001
14835,17170,16.733636,1C6,8,0000000000000000100000000000001100011111000101010100000000000000
23468,17171,16.733862,0AA,8,0010001100110110001000110011001000100011001001000010001100010111
37621,11439,16.73913,0BA,5,1110000000101101010111000000000011011110
8734,17174,16.741323,260,8,0000000000000000000000000000000000000000000000000101001010111100
3262,17176,16.743103,25,8,0000000000000001000000000000000111100000000000100000000000010001
29071,17177,16.743385,24,8,0000001000000010000000011111111101000010000001101000000011111000
23469,17178,16.743718,0AA,8,0010001100110000001000110010111100100011001010000010001100011110
19427,17179,16.744729,0B4,8,0000000000000000000000000000000011110100000010001000110001000100
37622,17145,16.74662,0BA,5,1100011000000000000000000000000010111110
32529,17182,16.74791,1C4,8,0000110011110111000110110000000000000000000000000000000011101011
3263,17186,16.754105,25,8,0000000000000001000000000000000111100000000000100000000000010001
37623,5727,16.754109,0BA,5,0010100100000000000000000000010000101000
23470,17187,16.754703,0AA,8,0010001100101011001000110010100000100011001000010010001100011011
31426,17188,16.755428,44D,8,0100001000000010000000000000000000000001000000000000000000000000
17145,17191,16.757715,226,8,0000000000000000000100000000000000000000000000000000000000000000
657,17192,16.758712,320,8,0000000000100000000000000000000000000000000000000000000001001011
8735,17194,16.761307,260,8,0000000000000000000000000000000000000000000000000101001010111100
11846,17195,16.761595,2C1,8,0000100011111110111101111111111011111101110000000000000010000011
37624,11450,16.761599,0BA,5,0100111100000000000000000000000000101110
3264,17197,16.763042,25,8,0000000000000001000000000000000111100000000000100000000000010001
29072,17198,16.763352,24,8,0000001000000010000000011111111101000010000001011000000011110111
14836,17199,16.763601,1C6,8,0000000000000000100000000000001100011111000101010100000000000000
23471,17200,16.763824,0AA,8,0010001100100101001000110010100100100011001000110010001100011110
19428,17201,16.764695,0B4,8,0000000000000000000000000000000011111000000010001000011101000011
32530,17204,16.767597,1C4,8,0000110011110110000110110000000000000000000000000000000011101010
37625,11453,16.769088,0BA,5,1110000000101101010111000000000011011110
13974,17208,16.77237,38E,8,0
43508,4347,16.772553,423,2,10101000001100
3265,17210,16.773025,25,8,0000000000000001000000000000000111100000000000100000000000010001
23472,17211,16.773696,0AA,8,0010001100100000001000110010010100100011000111110010001100011100
37626,17172,16.776578,0BA,5,1100011000000000000000000000000010111110
35314,6464,16.777697,386,7,11000100000000000000000000000000000000000000000010101011
8736,17213,16.781225,260,8,0000000000000000000000000000000000000000000000000101001010111100
13371,17214,16.781425,394,3,0
3266,17216,16.783035,25,8,0000000000000001000000000000000111100000000000100000000000010001
29073,17217,16.783318,24,8,0000001000000010000000011111100001000010000000011000000011101100
23473,17218,16.783647,0AA,8,0010001100011111001000110010000000100011001001000010001100011010
37627,5733,16.784067,0BA,5,0010100100000000000000000000011100101011
19429,17219,16.784658,0B4,8,0000000000000000000000000000000011111000000010001000011101000011
32531,17223,16.78757,1C4,8,0000110011111000000110110000000000000000000000000000000011101100
17146,17226,16.78866,226,8,0000000000000000000100000000000000000000000000000000000000000000
37628,11470,16.791557,0BA,5,0100111100000000000000000000000000101110
11847,17227,16.791588,2C1,8,0000100011111110110111011111111011100000110000000000000001001100
3267,17229,16.792989,25,8,0000000000000001000000000000000111100000000000100000000000010001
14837,17230,16.793536,1C6,8,0000000000000000100000000000001100011111000101010100000000000000
23474,17231,16.793764,0AA,8,0010001100011110001000110001111000100011000111110010001100010100
116,17233,16.795649,3B7,8,1000
37629,11474,16.799047,0BA,5,1110000000101101010111000000000011011110
8737,17235,16.801214,260,8,0000000000000000000000000000000000000000000000000101001010111100
3268,17238,16.803127,25,8,0000000000000001000000000000000111100000000000100000000000010001
29074,17239,16.803365,24,8,0000001000000010000000011111010001000010000000011000000011101000
23475,17240,16.803612,0AA,8,0010001100010110001000110001011000100011000111110010001100011110
19430,17241,16.804631,0B4,8,0000000000000000000000000000000011111100000010001000000101000001
37630,17203,16.806536,0BA,5,1100011000000000000000000000000010111110
658,17244,16.806629,320,8,0000000000100000000000000000000000000000000000000000000001001011
32532,17245,16.807536,1C4,8,0000110011111101000110110000000000000000000000000000000011110001
3269,17248,16.812962,25,8,0000000000000001000000000000000111100000000000010000000000010000
23476,17249,16.813624,0AA,8,0010001100010010001000110001001100100011000110100010001100011101
37631,5751,16.814026,0BA,5,0010100100000000000000000000010000101000
11019,17252,16.815972,620,8,0001000000000000000000000000000000000000000000000000000000000000
17147,17253,16.816616,226,8,0000000000000000000100000000000000000000000000000000000000000000
8738,17256,16.821184,260,8,0000000000000000000000000000000000000000000000000101001010111100
11848,17257,16.821494,2C1,8,0000100011111110110010101111111011010000110000000000000000101001
37632,11494,16.821515,0BA,5,0100111100000000000000000000000000101110
3270,17259,16.822947,25,8,0000000000000001000000000000000111100000000000010000000000010000
29075,17260,16.823239,24,8,0000001000000010000000011111010001000010000000011000000011101000
14838,17261,16.823506,1C6,8,0000000000000000100000000000001100011111000101000100000000000000
23477,17262,16.823732,0AA,8,0010001100001111001000110001000000100011000111100010001100010101
19431,17263,16.824596,0B4,8,0000000000000000000000000000000000000000000010000111011000111010
32533,17267,16.827502,1C4,8,0000110100001010000110110000000000000000000000000000000011111111
34950,17269,16.827909,4C3,8,0000001100000000000000000000000100000000000000000000000000000000
37633,11498,16.829005,0BA,5,1110000000101101010111000000000011011110
13719,17270,16.832271,3A5,8,100000000
3271,17272,16.832926,25,8,0000000000000001000000000000000111100000000000010000000000010000
23478,17273,16.833597,0AA,8,0010001100010100001000110001000000100011000101100010001100001110
37634,17232,16.836494,0BA,5,1100011000000000000000000000000010111110
8739,17275,16.84109,260,8,0000000000000000000000000000000000000000000000000100011110110001
3272,17277,16.842908,25,8,0000000000000001000000000000000111100000000000010000000000010000
29076,17278,16.843233,24,8,0000001000000010000000011111001101000010000000001000000011100110
23479,17279,16.843573,0AA,8,0010001100010010001000110001000000100011000101000010001100001100
37635,5757,16.843984,0BA,5,0010100100000000000000000000011100101011
19432,17280,16.844559,0B4,8,0000000000000000000000000000000000000000000010000111000000110100
7807,17282,16.845896,610,8,0010000000000000000101100110010011000000000000000100101101000000
16412,17284,16.847173,3F9,8,0111010100011000000000100000001010000000000000000000000000010101
32534,17285,16.847466,1C4,8,0000110100010011000110110000000000000000000000000000000000001000
17148,17288,16.848557,226,8,0000000000000000000100000000000000000000000000000000000000000000
11849,17289,16.85146,2C1,8,0000100011111110101110101111111011011101110000000000000000100110
37636,11512,16.851473,0BA,5,0100111100000000000000000000000000101110
14839,17291,16.853471,1C6,8,0000000000000000100000000000001100011111000101010100000000000000
3273,17293,16.854053,25,8,0000000000000001000000000000000111100000000000010000000000010000
23480,17294,16.854529,0AA,8,0010001100010000001000110001001100100011000011110010001100010001
14073,17295,16.854873,442,8,0100001100000010000000000000000000000010000000000000000000000000
659,17297,16.856543,320,8,0000000000100000000000000000000000000000000000000000000001001011
31327,17298,16.85787,640,8,1010100000000000000000000011011100000001110111100000000000000000
37637,11516,16.858963,0BA,5,1110000000101101010111000000000011011110
8740,17299,16.861073,260,8,0000000000000000000000000000000000000000000000000100011110110001
35013,17301,16.862216,413,8,0000000100000001000000010000100100000000000000000000000000000000
3274,17303,16.862929,25,8,0000000000000001000000000000000111100000000000010000000000010000
29077,17304,16.863218,24,8,0000001000000010000000011110111101000010000000001000000011100010
23481,17305,16.863512,0AA,8,0010001100001101001000110000110100100011000010100010001100000111
19433,17306,16.864522,0B4,8,0000000000000000000000000000000000000100000010000110101000110010
37638,17266,16.866452,0BA,5,1100011000000000000000000000000010111110
32535,17310,16.867441,1C4,8,0000110100011111000110110000000000000000000000000000000000010100
3275,17314,16.872857,25,8,0000000000000001000000000000000111100000000000010000000000010000
23482,17315,16.873523,0AA,8,0010001100001001001000110000101100100011000001010010001100000001
37639,5765,16.873942,0BA,5,0010100100000000000000000000010000101000
11241,17318,16.87584,4C8,8,0000100100000000000000000000000000000000000000000000000000000000
17149,17319,16.876511,226,8,0000000000000000000100000000000000000000000000000000000000000000
35121,2118,16.877663,3D3,3,011011000001001000000000
8741,17320,16.880808,260,8,0000000000000000000000000000000000000000000000000100011110110001
11850,17321,16.881393,2C1,8,0000100011111110100011011111111010011101110000000000000010111001
37640,11534,16.881432,0BA,5,0100111100000000000000000000000000101110
3276,17323,16.882897,25,8,0000000000000001000000000000000111100000000000010000000000010000
29078,17324,16.883151,24,8,0000001000000001000000011111000101000010000000001000000011100011
14840,17325,16.883403,1C6,8,0000000000000000100000000000001100011111000101010100000000000000
23483,17326,16.883628,0AA,8,0010001100001011001000110000101100100011000010010010001011111110
19434,17327,16.884491,0B4,8,0000000000000000000000000000000000000100000010000110101000110010
32536,17331,16.8874,1C4,8,0000110100110100000110110000000000000000000000000000000000101001
37641,11536,16.888921,0BA,5,1110000000101101010111000000000011011110
3277,17335,16.892826,25,8,0000000000000001000000000000000111100000000000010000000000010000
23484,17336,16.893496,0AA,8,0010001100001010001000110000101100100011000000000010001011111111
37642,17296,16.896411,0BA,5,1100011000000000000000000000000010111110
8742,17337,16.900719,260,8,0000000000000000000000000000000000000000000000000101001010111100
3278,17340,16.902807,25,8,0000000000000001000000000000000111100000000000010000000000010000
29079,17341,16.903107,24,8,0000001000000010000000011111000101000010000000111000000011100111
23485,17342,16.903475,0AA,8,0010001100001100001000110000101000100010111110110010001011111010
37643,5776,16.9039,0BA,5,0010100100000000000000000000011100101011
19435,17343,16.904455,0B4,8,0000000000000000000000000000000000001000000010000110010100110001
32537,17346,16.907364,1C4,8,0000110101000000000110110000000000000000000000000000000000110101
17150,17349,16.908458,226,8,0000000000000000000100000000000000000000000000000000000000000000
660,17350,16.909451,320,8,0000000000100000000000000000000000000000000000000000000001001011
11851,17351,16.911361,2C1,8,0000100011111110011001001111111001110111110000000000000001101010
37644,11554,16.91139,0BA,5,0100111100000000000000000000000000101110
3279,17353,16.912791,25,8,0000000000000001000000000000000111100000000000010000000000010000
14841,17354,16.913341,1C6,8,0000000000000000100000000000001100011111000101010100000000000000
23486,17355,16.91357,0AA,8,0010001100001001001000110000110000100010111110000010001011111010
37645,11557,16.918879,0BA,5,1110000000101101010111000000000011011110
8743,17360,16.92071,260,8,0000000000000000000000000000000000000000000000000101111011001000
3280,17362,16.922857,25,8,0000000000000001000000000000000111100000000000010000000000010000
29080,17363,16.923081,24,8,0000001000000010000000011111001101000010000000111000000011101001
23487,17364,16.923411,0AA,8,0010001100000111001000110000011100100010111110110010001011110001
19436,17365,16.924418,0B4,8,0000000000000000000000000000000000001100000010000110010100110101
37646,17330,16.926369,0BA,5,1100011000000000000000000000000010111110
32538,17369,16.927335,1C4,8,0000110101000001000110110000000000000000000000000000000000110110
3281,17372,16.932784,25,8,0000000000000001000000000000000111100000000000010000000000010000
23488,17373,16.93342,0AA,8,0010001100000100001000110000011000100010111100010010001011110101
37647,5790,16.933858,0BA,5,0010100100000000000000000000010000101000
17151,17377,16.936408,226,8,0000000000000000000100000000000000000000000000000000000000000000
8744,17379,16.940594,260,8,0000000000000000000000000000000000000000000000000101111011001000
11852,17380,16.941299,2C1,8,0000100011111110010100001111111001010111110000000000000000110110
37648,11573,16.941348,0BA,5,0100111100000000000000000000000000101110
3282,17382,16.94279,25,8,0000000000000001000000000000000111100000000000010000000000010000
29081,17383,16.943044,24,8,0000001000000010000000011111010001000010000000011000000011101000
14842,17384,16.943306,1C6,8,0000000000000000100000000000001100011111000101000100000000000000
23489,17385,16.943532,0AA,8,0010001100000110001000110000100100100010111011110010001011110100
19437,17386,16.944384,0B4,8,0000000000000000000000000000000000001100000010000110010100110101
28016,17387,16.944796,6C0,8,1110010000000000000000001110000010000000000000000000000000000000
32539,17391,16.947324,1C4,8,0000110100111101000110110000000000000000000000000000000000110010
27815,17393,16.94773,420,8,0000000000000000000000000000000011111111000000001000000010101011
37649,11577,16.948837,0BA,5,1110000000101101010111000000000011011110
21648,17395,16.952081,443,8,0100110100000010000000000010111100000110000000000000000000000000
3283,17397,16.952752,25,8,0000000000000001000000000000000111100000000000010000000000010000
23490,17398,16.953388,0AA,8,0010001100000110001000110000010000100010111011000010001011111010
661,17399,16.954376,320,8,0000000000100000000000000000000000000000000000000000000001001011
37650,17356,16.956327,0BA,5,1100011000000000000000000000000010111110
8745,17401,16.960551,260,8,0000000000000000000000000000000000000000000000000101111011001000
43695,17378,16.962335,3BB,5,0111000000000000000000001010001000000000
3284,17403,16.962728,25,8,0000000000000001000000000000000111100000000000010000000000010000
29082,17404,16.963017,24,8,0000001000000010000000011111100001000010000000011000000011101100
23491,17405,16.96337,0AA,8,0010001011111111001000110000001000100010111011010010001011110001
37651,5795,16.963816,0BA,5,0010100100000000000000000000011100101011
19438,17406,16.964352,0B4,8,0000000000000000000000000000000000010000000010000110010100111001
7609,17410,16.966882,3BC,8,0
32540,17411,16.967267,1C4,8,0000110100110110000110110000000000000000000000000000000000101011
17152,17414,16.968351,226,8,0000000000000000000100000000000000000000000000000000000000000000
11853,17416,16.971262,2C1,8,0000100011111110001110101111111001000000110000000000000000001001
37652,11593,16.971306,0BA,5,0100111100000000000000000000000000101110
14843,17417,16.973239,1C6,8,0000000000000000100000000000001100011110000101000100000000000000
3285,17419,16.973854,25,8,0000000000000001000000000000000111100000000000010000000000010000
23492,17420,16.974325,0AA,8,0010001100000000001000101111101100100010111010100010001011110001
43415,162,16.977463,3000000.0,6,000010000000000000000000000000000000000000101000
37653,11595,16.978796,0BA,5,1110000000101101010111000000000011011110
8746,17422,16.980485,260,8,0000000000000000000000000000000000000000000000000101111011001000
3286,17424,16.982722,25,8,0000000000000001000000000000000111100000000000010000000000010000
29083,17426,16.983141,24,8,0000001000000010000000011111101001000010000000001000000011101101
23493,17427,16.98337,0AA,8,0010001011111111001000101111101000100010111100000010001011100110
19439,17428,16.984318,0B4,8,0000000000000000000000000000000000010000000010000101111100110011
37654,17389,16.986285,0BA,5,1100011000000000000000000000000010111110
32541,17431,16.987238,1C4,8,0000110100101000000110110000000000000000000000000000000000011101
27876,17434,16.99165,4DC,8,0001110100000000000000000000000000000000000000000000000000000000
3287,17436,16.99268,25,8,0000000000000001000000000000000111100000000000010000000000010000
23494,17437,16.993318,0AA,8,0010001100000001001000101111110100100010111001100010001011101111
37655,5809,16.993775,0BA,5,0010100100000000000000000000010000101000
17153,17440,16.996307,226,8,0000000000000000000100000000000000000000000000000000000000000000
8747,17442,17.000453,260,8,0000000000000000000000000000000000000000000000000101001010111100
11854,17443,17.001197,2C1,8,0000100011111110001010101111111000110000110000000000000011101001
37656,11613,17.001264,0BA,5,0100111100000000000000000000000000101110
3288,17445,17.00266,25,8,0000000000000001000000000000000111100000000000010000000000010000
29084,17446,17.002943,24,8,0000001000000010000000011111100001000010000000011000000011101100
14844,17447,17.003203,1C6,8,0000000000000000100000000000001100011011000101000100000000000000
23495,17448,17.003431,0AA,8,0010001011111110001000101111101000100010111000110010001011100100
19440,17449,17.004281,0B4,8,0000000000000000000000000000000000010100000010000101101000110010
32542,17452,17.007201,1C4,8,0000110100100010000110110000000000000000000000000000000000010111
662,17454,17.007612,320,8,0000000000100000000000000000000000000000000000000000000001001011
37657,11616,17.008754,0BA,5,1110000000101101010111000000000011011110
31586,17455,17.009572,633,8,1000000100000000000000000000000000000000000000000000000000000000
1540,17457,17.011976,6F3,8,0010000000000000000000000000000000000000000000000000000000000000
3289,17459,17.012657,25,8,0000000000000001000000000000000111100000000000010000000000010000
23496,17460,17.013284,0AA,8,0010001011111001001000101111100100100010111001000010001011100111
37658,17421,17.016243,0BA,5,1100011000000000000000000000000010111110
8748,17464,17.020413,260,8,0000000000000000000000000000000000000000000000000101001010111100
3290,17466,17.022655,25,8,0000000000000001000000000000000111100000000000010000000000010000
29085,17467,17.02291,24,8,0000001000000010000000011111100001000010000000011000000011101100
23497,17468,17.023245,0AA,8,0010001011111000001000101111010100100010111001110010001011100001
37659,5817,17.023733,0BA,5,0010100100000000000000000000011100101011
19441,17469,17.02425,0B4,8,0000000000000000000000000000000000011000000010000101101000110110
11181,17470,17.024785,39A,8,0000000000000000000000000000000100000000000000000000000000000000
13533,17473,17.026542,399,8,0000000000000000000000000000000000000000111111110000000000000000
32543,17474,17.027172,1C4,8,0000110100001010000110110000000000000000000000000000000011111111
17154,17477,17.028249,226,8,0000000000000000000100000000000000000000000000000000000000000000
37660,11631,17.031222,0BA,5,0100111100000000000000000000000000101110
11855,17478,17.03123,2C1,8,0000100011111110000111011111111000101101110000000000000011011001
14845,17480,17.033174,1C6,8,0000000000000000100000000000001100011000000101000100000000000000
3291,17482,17.03375,25,8,0000000000000001000000000000000111100000000000010000000000010000
23498,17483,17.034222,0AA,8,0010001011111000001000101111010100100010111010010010001011100011
37661,11634,17.038712,0BA,5,1110000000101101010111000000000011011110
8749,17485,17.040382,260,8,0000000000000000000000000000000000000000000000000101001010111100
3292,17487,17.042621,25,8,0000000000000001000000000000000111100000000000010000000000010000
29086,17488,17.042901,24,8,0000001000000001000000011111101101000010000000011000000011101110
23499,17489,17.043204,0AA,8,0010001011110101001000101111001100100010111000010010001011100010
19442,17490,17.044217,0B4,8,0000000000000000000000000000000000011000000010000101010000110000
37662,17451,17.046201,0BA,5,1100011000000000000000000000000010111110
17,17493,17.046887,3B1,8,0000000000000000000000100000101000000000000010000000000000000000
32544,17494,17.047138,1C4,8,0000110011111101000110110000000000000000000000000000000011110001
3293,17498,17.052578,25,8,0000000000000001000000000000000111100000000000010000000000010000
23500,17499,17.053211,0AA,8,0010001011110001001000101111010000100010111000100010001011100101
37663,5826,17.053691,0BA,5,0010100100000000000000000000010000101000
31427,17501,17.054417,44D,8,0100001000000010000000000000000000000001000000000000000000000000
17155,17504,17.056207,226,8,0000000000000000000100000000000000000000000000000000000000000000
663,17505,17.057203,320,8,0000000000100000000000000000000000000000000000000000000001001011
8750,17506,17.060288,260,8,0000000000000000000000000000000000000000000000000101001010111100
11856,17507,17.061096,2C1,8,0000100011111110000100001111111000100100110000000000000011000011
37664,11650,17.061181,0BA,5,0100111100000000000000000000000000101110
3294,17509,17.062587,25,8,0000000000000001000000000000000111100000000000000000000000001111
29087,17510,17.062876,24,8,0000001000000001000000011111101101000010000000011000000011101110
14846,17511,17.063113,1C6,8,0000000000000000100000000000001100010101000101000100000000000000
23501,17512,17.063341,0AA,8,0010001011101100001000101111000100100010111001010010001011100101
19443,17513,17.06418,0B4,8,0000000000000000000000000000000000011100000010000100111000101110
32545,17517,17.067108,1C4,8,0000110011110001000110110000000000000000000000000000000011100101
37665,11654,17.06867,0BA,5,1110000000101101010111000000000011011110
3295,17521,17.072553,25,8,0000000000000001000000000000000111100000000000000000000000001111
23502,17522,17.073182,0AA,8,0010001011101011001000101110110000100010111100000010001011011111
37666,17484,17.07616,0BA,5,1100011000000000000000000000000010111110
16297,17523,17.076282,4C1,8,0000000100000000000000010000000100000000000000000000000000000000
8751,17524,17.080247,260,8,0000000000000000000000000000000000000000000000000101001010111100
13372,17525,17.080467,394,3,0
3296,17528,17.082523,25,8,0000000000000001000000000000000111100000000000000000000000001111
29088,17529,17.08281,24,8,0000001000000010000000011111101001000010000000011000000011101110
23503,17530,17.083163,0AA,8,0010001011101001001000101110111000100010111000010010001011011101
37667,5837,17.083649,0BA,5,0010100100000000000000000000011100101011
19444,17531,17.084146,0B4,8,0000000000000000000000000000000000011100000010000100111000101110
32546,17535,17.087071,1C4,8,0000110011010000000110110000000000000000000000000000000011000100
17156,17538,17.088147,226,8,0000000000000000000100000000000000000000000000000000000000000000
37668,11674,17.091139,0BA,5,0100111100000000000000000000000000101110
11857,17539,17.091162,2C1,8,0000100011111101110111011111110111011101110000000000000001000111
3297,17541,17.092515,25,8,0000000000000001000000000000000111100000000000000000000000001111
14847,17542,17.09304,1C6,8,0000000000000000100000000000001100010010000101010100000000000000
23504,17543,17.093265,0AA,8,0010001011100111001000101110101100100010111000100010001011100101
117,17545,17.095139,3B7,8,1000
16413,17546,17.09711,3F9,8,0111010100011000000000100000001010000000000000000000000000010101
37669,11677,17.098628,0BA,5,1110000000101101010111000000000011011110
8752,17548,17.100247,260,8,0000000000000000000000000000000000000000000000000101001010111100
3298,17550,17.102493,25,8,0000000000000001000000000000000111100000000000000000000000001111
29089,17551,17.102778,24,8,0000001000000001000000011111011001000010000000111000000011101011
23505,17552,17.103131,0AA,8,0010001011100101001000101110100100100010110111010010001011100100
19445,17553,17.104118,0B4,8,0000000000000000000000000000000000100000000010000100100100101101
37670,17516,17.106118,0BA,5,1100011000000000000000000000000010111110
664,17556,17.10612,320,8,0000000000100000000000000000000000000000000000000000000001001011
32547,17557,17.107042,1C4,8,0000110011000001000110110000000000000000000000000000000010110101
43509,16814,17.108004,423,2,1000100000000
3299,17560,17.113504,25,8,0000000000000001000000000000000111100000000000000000000000001111
37671,5854,17.113607,0BA,5,0010100100000000000000000000010000101000
23506,17562,17.114085,0AA,8,0010001011100001001000101110001000100010111001100010001011011100
31257,17564,17.115312,4A6,8,0000000000000000000000000000000000000000000011000000000000000000
11020,17565,17.11558,620,8,0001000000000000000000000000000000000000000000000000000000000000
17157,17567,17.1171,226,8,0000000000000000000100000000000000000000000000000000000000000000
8753,17570,17.120087,260,8,0000000000000000000000000000000000000000000000000100011110110001
11858,17571,17.121017,2C1,8,0000100011111101110111011111110111011101110000000000000001000111
37672,11692,17.121097,0BA,5,0100111100000000000000000000000000101110
3300,17573,17.122467,25,8,0000000000000001000000000000000111100000000000000000000000001111
29090,17574,17.122748,24,8,0000001000000001000000011111011001000010000000111000000011101011
14848,17575,17.123005,1C6,8,0000000000000000100000000000001100001111000101000100000000000000
23507,17576,17.123236,0AA,8,0010001011100000001000101101111100100010110111100010001011011101
19446,17577,17.12408,0B4,8,0000000000000000000000000000000000100100000010000100001100101011
32548,17580,17.127003,1C4,8,0000110010110101000110110000000000000000000000000000000010101001
37673,11695,17.128586,0BA,5,1110000000101101010111000000000011011110
3301,17584,17.132447,25,8,0000000000000001000000000000000111100000000000000000000000001111
23508,17585,17.133079,0AA,8,0010001011011101001000101110000100100010110110110010001011011011
37674,17544,17.136076,0BA,5,1100011000000000000000000000000010111110
35122,17358,17.137319,3D3,3,111001010000000101000000
8754,17586,17.13994,260,8,0000000000000000000000000000000000000000000000000100011110110001
3302,17588,17.14245,25,8,0000000000000001000000000000000111100000000000000000000000001111
29091,17589,17.142712,24,8,0000001000000001000000011111001101000010000000111000000011101000
23509,17590,17.143033,0AA,8,0010001011011011001000101110000100100010110100110010001011011100
37675,5859,17.143566,0BA,5,0010100100000000000000000000011100101011
19447,17591,17.144083,0B4,8,0000000000000000000000000000000000100100000010000011110100100101
32549,17595,17.146971,1C4,8,0000110010101010000110110000000000000000000000000000000010011110
17158,17598,17.148044,226,8,0000000000000000000100000000000000000000000000000000000000000000
11859,17600,17.150963,2C1,8,0000100011111101110111011111110111011101110000000000000001000111
37676,11715,17.151055,0BA,5,0100111100000000000000000000000000101110
3303,17602,17.152409,25,8,0000000000000001000000000000000111100000000000000000000000001111
14849,17603,17.152945,1C6,8,0000000000000000100000000000001100001100000101000100000000000000
23510,17604,17.153172,0AA,8,0010001011011000001000101101110000100010110110000010001011010100
14074,17606,17.154218,442,8,0100001100000010000000000000000000000010000000000000000000000000
665,17607,17.155032,320,8,0000000000100000000000000000000000000000000000000000000001001011
37677,11718,17.158545,0BA,5,1110000000101101010111000000000011011110
8755,17608,17.159848,260,8,0000000000000000000000000000000000000000000000000101001010111100
3304,17610,17.162417,25,8,0000000000000001000000000000000111100000000000000000000000001111
29092,17611,17.162685,24,8,0000001000000001000000011111000101000010000000011000000011100100
23511,17613,17.163092,0AA,8,0010001011010110001000101101011000100010110101010010001011010110
19448,17614,17.164014,0B4,8,0000000000000000000000000000000000101000000010000011110100101001
37678,17579,17.166034,0BA,5,1100011000000000000000000000000010111110
32550,17618,17.166938,1C4,8,0000110010011100000110110000000000000000000000000000000010010000
34846,17620,17.167403,3C3,8,0100011000011110100100110100111011101110010110010000001110001000
3305,17622,17.1734,25,8,0000000000000001000000000000000111100000000000000000000000001111
37679,5871,17.173524,0BA,5,0010100100000000000000000000010000101000
23512,17623,17.173989,0AA,8,0010001011010110001000101101010100100010110110000010001011010001
17159,17626,17.176997,226,8,0000000000000000000100000000000000000000000000000000000000000000
8756,17628,17.179819,260,8,0000000000000000000000000000000000000000000000000100011110110001
11860,17629,17.180934,2C1,8,0000100011111101110101111111110111010111110000000000000000111011
37680,11738,17.181013,0BA,5,0100111100000000000000000000000000101110
3306,17631,17.182357,25,8,0000000000000001000000000000000111100000000000000000000000001111
29093,17632,17.182646,24,8,0000001000000001000000011111000101000010000000011000000011100100
14850,17633,17.182948,1C6,8,0000000000000000100000000000001100001001000101010100000000000000
23513,17634,17.183174,0AA,8,0010001011010101001000101101001000100010110011010010001011011000
19449,17636,17.183981,0B4,8,0000000000000000000000000000000000101000000010000011100000100100
32551,17639,17.186904,1C4,8,0000110010011001000110110000000000000000000000000000000010001101
37681,11741,17.188503,0BA,5,1110000000101101010111000000000011011110
3307,17642,17.192349,25,8,0000000000000001000000000000000111100000000000000000000000001111
23514,17643,17.192979,0AA,8,0010001011010010001000101101000100100010110100000010001011001101
37682,17605,17.195992,0BA,5,1100011000000000000000000000000010111110
8757,17646,17.19977,260,8,0000000000000000000000000000000000000000000000000100011110110001
3308,17648,17.20232,25,8,0000000000000001000000000000000111100000000000000000000000001111
29094,17649,17.202612,24,8,0000001000000001000000011110110101000010000000111000000011100010
23515,17650,17.202957,0AA,8,0010001011010001001000101101001000100010110010110010001011001110
37683,5882,17.203482,0BA,5,0010100100000000000000000000011100101011
19450,17651,17.20395,0B4,8,0000000000000000000000000000000000101100000010000011100000101000
32552,17654,17.206879,1C4,8,0000110010011000000110110000000000000000000000000000000010001100
17160,17657,17.207945,226,8,0000000000000000000100000000000000000000000000000000000000000000
666,17658,17.208944,320,8,0000000000100000000000000000000000000000000000000000000001001011
11861,17659,17.210867,2C1,8,0000100011111101110101111111110111010111110000000000000000111011
37684,11756,17.210971,0BA,5,0100111100000000000000000000000000101110
3309,17662,17.212406,25,8,0000000000000001000000000000000111100000000000000000000000001111
14851,17663,17.212848,1C6,8,0000000000000000100000000000001100000110000101010100000000000000
23516,17664,17.213084,0AA,8,0010001011001011001000101100110000100010110011000010001011000111
7670,17667,17.214212,611,8,0010000100000000000000000001000000000000000000000011110101101100
37685,11760,17.218461,0BA,5,1110000000101101010111000000000011011110
8758,17669,17.219685,260,8,0000000000000000000000000000000000000000000000000100011110110001
3310,17671,17.222317,25,8,0000000000000001000000000000000111100000000000000000000000001111
29095,17672,17.222581,24,8,0000001000000001000000011110110001000010000000111000000011100001
23517,17673,17.222902,0AA,8,0010001011001101001000101100101000100010110010000010001011001000
19451,17674,17.223911,0B4,8,0000000000000000000000000000000000110000000010000011001000100110
37686,17638,17.225951,0BA,5,1100011000000000000000000000000010111110
32553,17677,17.226844,1C4,8,0000110010011010000110110000000000000000000000000000000010001110
3311,17681,17.232277,25,8,0000000000000001000000000000000111100000000000000000000000001111
23518,17682,17.23291,0AA,8,0010001011000110001000101100011000100010101111010010001011000100
37687,5892,17.23344,0BA,5,0010100100000000000000000000010000101000
17161,17685,17.2359,226,8,0000000000000000000100000000000000000000000000000000000000000000
8759,17686,17.239618,260,8,0000000000000000000000000000000000000000000000000100011110110001
11862,17687,17.240801,2C1,8,0000100011111101110111011111110111011101110000000000000001000111
37688,11777,17.24093,0BA,5,0100111100000000000000000000000000101110
3312,17689,17.242262,25,8,0000000000000001000000000000000111100000000000000000000000001111
29096,17690,17.242577,24,8,0000001000000001000000011110101001000010000000111000000011011111
14852,17691,17.242815,1C6,8,0000000000000000100000000000001100000011000101010100000000000000
23519,17692,17.243039,0AA,8,0010001011000111001000101100011000100010110000000010001011000101
28017,17693,17.243786,6C0,8,1110010000000000000000001110000010000000000000000000000000000000
19452,17694,17.244028,0B4,8,0000000000000000000000000000000000110000000010000010110100100001
32554,17698,17.246804,1C4,8,0000110010100001000110110000000000000000000000000000000010010101
37689,11780,17.248419,0BA,5,1110000000101101010111000000000011011110
21649,17701,17.251665,443,8,0100110100000010000000000010111100000110000000000000000000000000
3313,17703,17.252234,25,8,0000000000000001000000000000000111100000000000000000000000001111
23520,17704,17.252875,0AA,8,0010001011000010001000101100010000100010101110000010001010111011
667,17705,17.253866,320,8,0000000000100000000000000000000000000000000000000000000001001011
37690,17666,17.255909,0BA,5,1100011000000000000000000000000010111110
8760,17706,17.259618,260,8,0000000000000000000000000000000000000000000000000100011110110001
43696,585,17.25992,3BB,5,1011101100000000000000000000000000100110
3314,17709,17.26222,25,8,0000000000000001000000000000000111100000000000000000000000001111
29097,17710,17.26255,24,8,0000001000000010000000011110101001000010000000111000000011100000
23521,17711,17.262859,0AA,8,0010001010111111001000101011111000100010101110110010001010111101
37691,5902,17.263398,0BA,5,0010100100000000000000000000011100101011
19453,17712,17.26384,0B4,8,0000000000000000000000000000000000110100000010000010110100100101
32555,17715,17.266784,1C4,8,0000110010100110000110110000000000000000000000000000000010011010
17162,17719,17.267839,226,8,0000000000000000000100000000000000000000000000000000000000000000
11863,17721,17.270767,2C1,8,0000100011111101110101111111110111010111110000000000000000111011
37692,11798,17.270888,0BA,5,0100111100000000000000000000000000101110
3315,17723,17.272201,25,8,0000000000000001000000000000000111100000000000000000000000001111
14853,17724,17.272749,1C6,8,0000000000000000100000000000001100000000000101010100000000000000
23522,17725,17.272978,0AA,8,0010001010111111001000101011101100100010101100100010001010110011
37693,11803,17.278377,0BA,5,1110000000101101010111000000000011011110
8761,17729,17.279564,260,8,0000000000000000000000000000000000000000000000000101111011001000
3316,17731,17.282211,25,8,0000000000000001000000000000000111100000000000000000000000001111
29098,17732,17.282483,24,8,0000001000000010000000011110101001000010000000111000000011100000
23523,17733,17.282796,0AA,8,0010001010111100001000101011011100100010101101100010001010101111
19454,17734,17.28381,0B4,8,0000000000000000000000000000000000110100000010000010011100011111
37694,17697,17.285867,0BA,5,1100011000000000000000000000000010111110
32556,17737,17.286743,1C4,8,0000110010101100000110110000000000000000000000000000000010100000
3317,17740,17.29217,25,8,0000000000000001000000000000000111100000000000000000000000001111
23524,17741,17.292806,0AA,8,0010001010111000001000101011011000100010101010010010001010101100
37695,5915,17.293356,0BA,5,0010100100000000000000000000010000101000
17163,17745,17.295796,226,8,0000000000000000000100000000000000000000000000000000000000000000
8762,17746,17.299524,260,8,0000000000000000000000000000000000000000000000000110101011010100
11864,17747,17.300705,2C1,8,0000100011111101110101111111110111010111110000000000000000111011
37696,11815,17.300846,0BA,5,0100111100000000000000000000000000101110
3318,17749,17.302151,25,8,0000000000000001000000000000000111100000000000000000000000001111
29099,17750,17.302445,24,8,0000001000000010000000011110100001000010000000111000000011011110
14854,17751,17.302713,1C6,8,0000000000000000100000000000001011111101000101010100000000000000
23525,17752,17.302942,0AA,8,0010001010110011001000101011001100100010101100000010001010100000
19455,17753,17.303776,0B4,8,0000000000000000000000000000000000111000000010000010000100011101
32557,17756,17.30671,1C4,8,0000110010110101000110110000000000000000000000000000000010101001
668,17758,17.307119,320,8,0000000000100000000000000000000000000000000000000000000001001011
37697,11819,17.308336,0BA,5,1110000000101101010111000000000011011110
3319,17762,17.312176,25,8,0000000000000001000000000000000111110000000000000000000000011111
23526,17763,17.312773,0AA,8,0010001010110000001000101010111000100010101001110010001010100101
37698,17726,17.315825,0BA,5,1100011000000000000000000000000010111110
8763,17765,17.319475,260,8,0000000000000000000000000000000000000000000000000111011011100000
3320,17767,17.32212,25,8,0000000000000001000000000000000111110000000000000000000000011111
29100,17768,17.322417,24,8,0000001000000010000000011110101001000010000000011000000011011110
23527,17769,17.322761,0AA,8,0010001010110001001000101010110000100010101010000010001010011100
37699,5919,17.323315,0BA,5,0010100100000000000000000000011100101011
19456,17770,17.32375,0B4,8,0000000000000000000000000000000000111100000010000001110000011100
32558,17774,17.326678,1C4,8,0000110010111000000110110000000000000000000000000000000010101100
17164,17777,17.327744,226,8,0000000000000000000100000000000000000000000000000000000000000000
11865,17778,17.330672,2C1,8,0000100011111101110101111111110111010111110000000000000000111011
37700,11839,17.330804,0BA,5,0100111100000000000000000000000000101110
3321,17780,17.332104,25,8,0000000000000001000000000000000111110000000000000000000000011111
14855,17781,17.332654,1C6,8,0000000000000000100000000000001011111010000101010100000000000000
23528,17782,17.332881,0AA,8,0010001010101100001000101010100100100010101000000010001010011110
37701,11842,17.338294,0BA,5,1110000000101101010111000000000011011110
8764,17784,17.339397,260,8,0000000000000000000000000000000000000000000000000111011011100000
3322,17786,17.342112,25,8,0000000000000001000000000000000100000000000000000000000000101111
29101,17787,17.342386,24,8,0000001000000010000000011110110001000010000000011000000011100000
23529,17788,17.342694,0AA,8,0010001010101011001000101010100100100010101001100010001010011001
19457,17791,17.343709,0B4,8,0000000000000000000000000000000000111100000010000001011000010110
37702,17755,17.345783,0BA,5,1100011000000000000000000000000010111110
7808,17794,17.345807,610,8,0010000000000000000101010110010011000000000000000100101101000000
16414,17795,17.346172,3F9,8,0111010100011000000000100000001010000000000000000000000000010101
32559,17796,17.346643,1C4,8,0000110010111000000110110000000000000000000000000000000010101100
3323,17799,17.353093,25,8,0000000000000001000000000000000100010000000000000000000000111111
37703,5932,17.353273,0BA,5,0010100100000000000000000000010000101000
31428,17800,17.353394,44D,8,0100001000000010000000000000000000000001000000000000000000000000
23530,17801,17.353678,0AA,8,0010001010100101001000101010110100100010100111010010001010011010
17165,17804,17.356695,226,8,0000000000000000000100000000000000000000000000000000000000000000
669,17805,17.357686,320,8,0000000000100000000000000000000000000000000000000000000001001011
8765,17807,17.359295,260,8,0000000000000000000000000000000000000000000000001000001011101100
11866,17808,17.360606,2C1,8,0000100011111101110111011111110111011101110000000000000001000111
37704,11859,17.360762,0BA,5,0100111100000000000000000000000000101110
3324,17810,17.362062,25,8,0000000000000001000000000000000100100000000000000000000001001111
29102,17811,17.362361,24,8,0000001000000010000000011110111101000010000000001000000011100010
14856,17812,17.362613,1C6,8,0000000000000000100000000000001011110111000101010100000000000000
23531,17813,17.362837,0AA,8,0010001010100100001000101010100100100010100110010010001010010101
19458,17814,17.363679,0B4,8,0000000000000000000000000000000001000000000010000001000000010100
32560,17817,17.366613,1C4,8,0000110010110111000110110000000000000000000000000000000010101011
37705,11862,17.368252,0BA,5,1110000000101101010111000000000011011110
34770,17820,17.370323,4DF,8,0010000000000000000000000000000100000000000000000000000000000000
3325,17822,17.372037,25,8,0000000000000001000000000000000100110000000000000000000001011111
23532,17823,17.372677,0AA,8,0010001010101000001000101010100000100010101000100010001010010001
37706,17783,17.375741,0BA,5,1100011000000000000000000000000010111110
35315,16458,17.3769,386,7,01010100000000000000000000000000000000000000000000000000
8766,17826,17.379329,260,8,0000000000000000000000000000000000000000000000001000111011111000
13373,17827,17.379538,394,3,0
3326,17829,17.382012,25,8,0000000000000001000000000000000101000000000000000000000001101111
29103,17830,17.382318,24,8,0000001000000010000000011111000101000010000000001000000011100100
23533,17831,17.382653,0AA,8,0010001010100100001000101010010000100010100110010010001010010100
37707,5940,17.383231,0BA,5,0010100100000000000000000000011100101011
19459,17832,17.383643,0B4,8,0000000000000000000000000000000001000000000010000000101100001111
13909,17834,17.38482,622,8,0001001000000000000000000000000000000000000000000000000000000000
32561,17836,17.386575,1C4,8,0000110010101110000110110000000000000000000000000000000010100010
17166,17839,17.387637,226,8,0000000000000000000100000000000000000000000000000000000000000000
11867,17840,17.390571,2C1,8,0000100011111101110101111111110111010111110000000000000000111011
37708,11875,17.39072,0BA,5,0100111100000000000000000000000000101110
3327,17844,17.392018,25,8,0000000000000001000000000000000101100000000011000000000010011011
14857,17845,17.39255,1C6,8,0000000000000000100000000000001011110111000101010100000000000000
23534,17846,17.392781,0AA,8,0010001010011111001000101001111100100010100110000010001010010111
118,17848,17.394632,3B7,8,1000
35123,2188,17.396975,3D3,3,011011000001001000000000
37709,11878,17.39821,0BA,5,1110000000101101010111000000000011011110
8767,17849,17.399054,260,8,0000000000000000000000000000000000000000000000001000111011111000
3328,17851,17.402006,25,8,0000000000000010000000000000000110010000000011000000000011001100
29104,17852,17.402291,24,8,0000001000000010000000011111001101000010000000011000000011100111
23535,17853,17.402591,0AA,8,0010001010011010001000101001110000100010100101000010001010010100
19460,17854,17.403605,0B4,8,0000000000000000000000000000000001000100000010000000010100001101
670,17857,17.405614,320,8,0000000000100000000000000000000000000000000000000000000001001011
37710,17816,17.4057,0BA,5,1100011000000000000000000000000010111110
32562,17858,17.406542,1C4,8,0000110010100111000110110000000000000000000000000000000010011011
3329,17863,17.411963,25,8,0000000000000010000000000000000111000000000101010000000000000101
23536,17864,17.412603,0AA,8,0010001010011001001000101001110000100010100110010010001010010000
37711,5952,17.413189,0BA,5,0010100100000000000000000000010000101000
11021,17867,17.414784,620,8,0001000000000000000000000000000000000000000000000000000000000000
17167,17868,17.415593,226,8,0000000000000000000100000000000000000000000000000000000000000000
8768,17870,17.418988,260,8,0000000000000000000000000000000000000000000000001011110100100111
11868,17871,17.420508,2C1,8,0000100011111101110101111111110111010111110000000000000000111011
37712,11897,17.420679,0BA,5,0100111100000000000000000000000000101110
31647,17872,17.421295,389,8,0000000000100000000000000000000000000000000000000000000000000000
3330,17874,17.421975,25,8,0000000000000010000000000000000111110000000101010000000000110101
29105,17875,17.422253,24,8,0000001000000001000000011111010001000010000000111000000011101001
14858,17876,17.422514,1C6,8,0000000000000000100000000000001011110111000101010100000000000000
23537,17877,17.422738,0AA,8,0010001010011001001000101001110000100010100011100010001010001110
19461,17878,17.423577,0B4,8,0000000000000000000000000000000001000100000010000000000000001000
32563,17882,17.426512,1C4,8,0000110010011101000110110000000000000000000000000000000010010001
37713,11899,17.428168,0BA,5,1110000000101101010111000000000011011110
3331,17885,17.431931,25,8,0000000000000010000000000000000100100000001000010000000001110001
23538,17886,17.43257,0AA,8,0010001010011000001000101001110000100010100011000010001010000111
37714,17847,17.435658,0BA,5,1100011000000000000000000000000010111110
8769,17888,17.438927,260,8,0000000000000000000000000000000000000000000000001101010100111111
3332,17892,17.441923,25,8,0000000000000010000000000000000101100000000111110000000010101111
29106,17893,17.442246,24,8,0000001000000001000000011111010001000010000000111000000011101001
23539,17894,17.442551,0AA,8,0010001010010111001000101001110000100010100001000010001010001001
13654,17895,17.44288,4B7,8,1110001101011111001000101111000000001000111010100000000100001000
37715,5962,17.443147,0BA,5,0010100100000000000000000000011100101011
43510,1194,17.443455,423,2,11100000000
19462,17896,17.443541,0B4,8,0000000000000000000000000000000001001000000010000000000000001100
32564,17901,17.44672,1C4,8,0000110010010001000110110000000000000000000000000000000010000101
17168,17903,17.447533,226,8,0000000000000000000100000000000000000000000000000000000000000000
11869,17904,17.450569,2C1,8,0000100011111101110111011111110111011101110000000000000001000111
37716,11918,17.450637,0BA,5,0100111100000000000000000000000000101110
14859,17905,17.452483,1C6,8,0000000000000000100000000000001011110111000101010100000000000000
3333,17907,17.453033,25,8,0000000000000011000000000000000111000000001011010000000000011110
23540,17908,17.453508,0AA,8,0010001010010011001000101001010100100010100001100010001010000011
14075,17909,17.453752,442,8,0100001100000010000000000000000000000010000000000000000000000000
671,17911,17.455521,320,8,0000000000100000000000000000000000000000000000000000000001001011
37717,11921,17.458126,0BA,5,1110000000101101010111000000000011011110
8770,17913,17.458916,260,8,0000000000000000000000000000000000000000000000001110000101001011
3334,17915,17.461871,25,8,0000000000000011000000000000000100000000001011000000000001011101
29107,17916,17.462215,24,8,0000001000000001000000011111100001000010000000111000000011101101
23541,17917,17.462514,0AA,8,0010001010010010001000101001001100100010100000100010001010000011
19463,17918,17.463498,0B4,8,0000000000000000000000000000000001001100000001111111101000001001
37718,17881,17.465616,0BA,5,1100011000000000000000000000000010111110
32565,17922,17.466447,1C4,8,0000110001110101000110110000000000000000000000000000000001101001
3335,17925,17.471857,25,8,0000000000000011000000000000000101010000001100100000000010110011
23542,17926,17.4725,0AA,8,0010001010010010001000101001001000100010100001000010001001111110
37719,5974,17.473105,0BA,5,0010100100000000000000000000010000101000
17169,17931,17.475491,226,8,0000000000000000000100000000000000000000000000000000000000000000
8771,17932,17.47885,260,8,0000000000000000000000000000000000000000000000001111100001100010
11870,17933,17.480406,2C1,8,0000100011111101110110101111110111011010110000000000000001000001
37720,11937,17.480595,0BA,5,0100111100000000000000000000000000101110
278,17934,17.481196,38F,8,0000000100000000000000000000000000000000000000000000000000000000
3336,17936,17.481838,25,8,0000000000000100000000000000000110110000001100100000000000010100
29108,17937,17.482153,24,8,0000001000000001000000011111100001000010000000111000000011101101
14860,17938,17.482412,1C6,8,0000000000000000100000000000001011110101000101010100000000000000
23543,17939,17.482638,0AA,8,0010001010010010001000101000111100100010100000000010001010000010
19464,17940,17.483469,0B4,8,0000000000000000000000000000000001001100000001111111010000000011
32566,17943,17.486407,1C4,8,0000110001100101000110110000000000000000000000000000000001011001
37721,11941,17.488085,0BA,5,1110000000101101010111000000000011011110
3337,17947,17.491835,25,8,0000000000000100000000000000000100010000001111000000000001111110
23544,17948,17.492467,0AA,8,0010001010010001001000101000111100100010011110100010001001111101
37722,17910,17.495574,0BA,5,1100011000000000000000000000000010111110
8772,17949,17.498753,260,8,0000000000000000000000000000000000000000000000010001110010000111
3338,17951,17.501803,25,8,0000000000000100000000000000000101110000001111000000000011011110
29109,17952,17.502118,24,8,0000001000000010000000011111011001000010000001011000000011101110
23545,17953,17.502451,0AA,8,0010001010001100001000101000110100100010011111100010001001111010
37723,5979,17.503064,0BA,5,0010100100000000000000000000011100101011
19465,17954,17.503469,0B4,8,0000000000000000000000000000000001010000000001111111010000000111
32567,17959,17.50645,1C4,8,0000110001010111000110110000000000000000000000000000000001001011
17170,17962,17.507433,226,8,0000000000000000000100000000000000000000000000000000000000000000
672,17963,17.508427,320,8,0000000000100000000000000000000000000000000000000000000001001011
11871,17964,17.510368,2C1,8,0000100011111101110110101111110111011010110000000000000001000001
37724,11960,17.510553,0BA,5,0100111100000000000000000000000000101110
34711,17965,17.510772,380,8,0
3339,17967,17.511795,25,8,0000000000000101000000000000000111110000010001100000000001101001
14861,17968,17.51235,1C6,8,0000000000000000100000000000001011110010000101010100000000000000
23546,17969,17.512591,0AA,8,0010001010000101001000101000010100100010011110010010001001111001
37725,11962,17.518043,0BA,5,1110000000101101010111000000000011011110
8773,17972,17.518723,260,8,0000000000000000000000000000000000000000000000010011010010011111
3340,17974,17.521786,25,8,0000000000000101000000000000000101100000010001100000000011011001
29110,17975,17.522087,24,8,0000001000000010000000011111100001000010000001101000000011110001
23547,17976,17.522386,0AA,8,0010001010000101001000101000001000100010011101010010001001110001
19466,17978,17.523403,0B4,8,0000000000000000000000000000000001010000000001111110111100000010
37726,17942,17.525532,0BA,5,1100011000000000000000000000000010111110
32568,17981,17.526346,1C4,8,0000110001001000000110110000000000000000000000000000000000111100
3341,17984,17.531761,25,8,0000000000000110000000000000000111110000010100000000000001110100
23548,17985,17.532404,0AA,8,0010001001111111001000100111111100100010011100000010001001111000
37727,5993,17.533022,0BA,5,0010100100000000000000000000010000101000
17171,17988,17.535391,226,8,0000000000000000000100000000000000000000000000000000000000000000
8774,17990,17.53872,260,8,0000000000000000000000000000000000000000000000010100000010101011
11872,17992,17.540305,2C1,8,0000100011111101110110101111110111011010110000000000000001000001
37728,11981,17.540511,0BA,5,0100111100000000000000000000000000101110
3342,17994,17.541753,25,8,0000000000000110000000000000000101110000010100000000000011110100
29111,17995,17.542052,24,8,0000001000000011000000011111011001000010000010001000000011110010
14862,17996,17.54232,1C6,8,0000000000000000100000000000001011101111000101010100000000000000
23549,17997,17.542545,0AA,8,0010001010000100001000100111110100100010011101010010001001110100
19467,17998,17.543369,0B4,8,0000000000000000000000000000000001010100000001111110100100000000
13594,18001,17.546025,4DD,8,0001111000000000000000000000000000000000000000000000000000000000
32569,18002,17.546312,1C4,8,0000110000101100000110110000000000000000000000000000000000100000
28018,18004,17.547749,6C0,8,1110010000000000000000001110000010000000000000000000000000000000
37729,11984,17.548001,0BA,5,1110000000101101010111000000000011011110
21650,18005,17.551133,443,8,0100110100000010000000000010111100000110000000000000000000000000
3343,18007,17.551719,25,8,0000000000000111000000000000000100000000010100000000000010000101
23550,18008,17.552369,0AA,8,0010001010000010001000100111110000100010011011110010001001110001
673,18009,17.553353,320,8,0000000000100000000000000000000000000000000000000000000001001011
37730,17970,17.55549,0BA,5,1100011000000000000000000000000010111110
43697,1188,17.557505,3BB,5,1010010100000000000000000000000000000000
8775,18011,17.558761,260,8,0000000000000000000000000000000000000000000000010100101110110110
3344,18013,17.561702,25,8,0000000000001000000000000000000110100000010110100000000000110000
29112,18014,17.562031,24,8,0000001000000100000000011111011001000010000010001000000011110011
23551,18015,17.562351,0AA,8,0010001001111101001000100111100000100010011100010010001001101011
37731,6000,17.56298,0BA,5,0010100100000000000000000000011100101011
19468,18016,17.563333,0B4,8,0000000000000000000000000000000001011000000001111110001111111110
32570,18019,17.56628,1C4,8,0000110000100001000110110000000000000000000000000000000000010101
17172,18022,17.567332,226,8,0000000000000000000100000000000000000000000000000000000000000000
11873,18025,17.570273,2C1,8,0000100011111101110110101111110111011010110000000000000001000001
37732,11998,17.57047,0BA,5,0100111100000000000000000000000000101110
3345,18027,17.571688,25,8,0000000000001000000000000000000100110000010110100000000011000000
14863,18029,17.572254,1C6,8,0000000000000000100000000000001011101100000101010100000000000000
23552,18030,17.572478,0AA,8,0010001001111001001000100111010000100010011011000010001001101100
37733,12001,17.577959,0BA,5,1110000000101101010111000000000011011110
8776,18032,17.578577,260,8,0000000000000000000000000000000000000000000000010110000111001100
3346,18034,17.581679,25,8,0000000000001001000000000000000111100000011001000000000001111011
29113,18035,17.58199,24,8,0000001000000101000000011111010001000010000010101000000011110100
23553,18036,17.582285,0AA,8,0010001001110111001000100110111100100010011100000010001001100110
19469,18037,17.583299,0B4,8,0000000000000000000000000000000001011000000001111101111011111001
37734,18000,17.585449,0BA,5,1100011000000000000000000000000010111110
32571,18040,17.586253,1C4,8,0000110000010111000110110000000000000000000000000000000000001011
13847,18043,17.58913,4C6,8,0000011100000000000000110000000000000000000000000000000000000000
3347,18045,17.592654,25,8,0000000000001010000000000000000110100000011001000000000000111100
37735,6011,17.592938,0BA,5,0010100100000000000000000000010000101000
23554,18046,17.593269,0AA,8,0010001001110111001000100110110100100010011010110010001001101001
16415,18049,17.596142,3F9,8,0111010100011000000000100000001010000000000000000000000000010101
17173,18050,17.59639,226,8,0000000000000000000100000000000000000000000000000000000000000000
8777,18051,17.598551,260,8,0000000000000000000000000000000000000000000000011010010000001111
11874,18052,17.600211,2C1,8,0000100011111101110110101111110111011010110000000000000001000001
37736,12023,17.600428,0BA,5,0100111100000000000000000000000000101110
3348,18054,17.601634,25,8,0000000000001010000000000000000101000000011011110000000011100111
29114,18055,17.60196,24,8,0000001000000101000000011111000101000010000011011000000011110100
14864,18056,17.602216,1C6,8,0000000000000000100000000000001011101001000101010100000000000000
23555,18057,17.602444,0AA,8,0010001001110101001000100110101000100010011010100010001001011010
19470,18059,17.603265,0B4,8,0000000000000000000000000000000001011100000001111101100011110111
32572,18063,17.606218,1C4,8,0000110000001110000110110000000000000000000000000000000000000010
674,18065,17.606627,320,8,0000000000100000000000000000000000000000000000000000000001001011
14233,18066,17.60726,60.0,8,1010000100000000000000000000000000000000011100000000000000000000
37737,12027,17.607917,0BA,5,1110000000101101010111000000000011011110
3349,18068,17.611615,25,8,0000000000001011000000000000000100000000011011100000000010100111
23556,18069,17.61226,0AA,8,0010001001110011001000100110100000100010011001110010001001011110
37738,18031,17.615407,0BA,5,1100011000000000000000000000000010111110
8778,18071,17.618422,260,8,0000000000000000000000000000000000000000000000011010111100011010
3350,18074,17.621605,25,8,0000000000001100000000000000000111000000011011100000000001101000
29115,18075,17.621922,24,8,0000001000000110000000011110111101000010000011111000000011110101
23557,18076,17.622212,0AA,8,0010001001110000001000100110010100100010011010010010001001011010
37739,6020,17.622896,0BA,5,0010100100000000000000000000011100101011
19471,18077,17.62323,0B4,8,0000000000000000000000000000000001011100000001111101001111110010
7730,18080,17.625948,435,8,1000000000000101000001011111111111100000001111110000000000000011
32573,18081,17.62619,1C4,8,0000110000001010000110110000000000000000000000000000000011111110
17174,18084,17.627228,226,8,0000000000000000000100000000000000000000000000000000000000000000
11875,18085,17.63024,2C1,8,0000100011111101110110101111110111011010110000000000000001000001
37740,12047,17.630386,0BA,5,0100111100000000000000000000000000101110
3351,18087,17.631579,25,8,0000000000001101000000000000000110100000100000100000000001011101
14865,18088,17.632153,1C6,8,0000000000000000100000000000001011100110000101010100000000000000
23558,18089,17.632383,0AA,8,0010001001101101001000100101111100100010011010000010001001010100
10920,18090,17.632943,436,8,0
37741,12050,17.637875,0BA,5,1110000000101101010111000000000011011110
8779,18094,17.63849,260,8,0000000000000000000000000000000000000000000000011100011000110001
3352,18096,17.641566,25,8,0000000000001101000000000000000101100000011110000000000000010011
29116,18097,17.641916,24,8,0000001000000111000000011110111101000010000011111000000011110110
23559,18098,17.642181,0AA,8,0010001001101010001000100101110100100010011000000010001001010100
19472,18099,17.643204,0B4,8,0000000000000000000000000000000001100000000001111100110111110000
37742,18062,17.645365,0BA,5,1100011000000000000000000000000010111110
32574,18102,17.646149,1C4,8,0000110000000101000110110000000000000000000000000000000011111001
3353,18105,17.651538,25,8,0000000000001110000000000000000101000000100000100000000011111110
23560,18106,17.652195,0AA,8,0010001001101001001000100101110000100010011001100010001001010100
31429,18107,17.652434,44D,8,0100001000000010000000000000000000000001000000000000000000000000
37743,6032,17.652855,0BA,5,0010100100000000000000000000010000101000
17175,18111,17.655181,226,8,0000000000000000000100000000000000000000000000000000000000000000
675,18112,17.656176,320,8,0000000000100000000000000000000000000000000000000000000001001011
35124,17887,17.656632,3D3,3,111001010000000000110110
8780,18113,17.658226,260,8,0000000000000000000000000000000000000000000000011101110001000111
11876,18114,17.660141,2C1,8,0000100011111101110110101111110111011010110000000000000001000001
37744,12061,17.660344,0BA,5,0100111100000000000000000000000000101110
13786,18115,17.660896,434,8,0100001000000000000000000000000000000000000000000000000000000000
3354,18117,17.661521,25,8,0000000000001111000000000000000100110000100011000000000011111001
29117,18118,17.661894,24,8,0000001000001000000000011110110001000010000011111000000011110100
14866,18119,17.662132,1C6,8,0000000000000000100000000000001011100011000101010100000000000000
23561,18120,17.662359,0AA,8,0010001001100010001000100101100100100010010111110010001001010011
19473,18121,17.663166,0B4,8,0000000000000000000000000000000001100000000001111100011111101010
32575,18125,17.666364,1C4,8,0000110000000101000110110000000000000000000000000000000011111001
34847,18127,17.666753,3C3,8,0100011000011110100100110100111011101110010110010000001110001000
37745,12064,17.667834,0BA,5,1110000000101101010111000000000011011110
28177,18129,17.667885,437,8,1111110011111111111111111111111111111111111111111111111111111111
3355,18132,17.671494,25,8,0000000000010000000000000000000100100000100011000000000011101010
23562,18133,17.672161,0AA,8,0010001001100000001000100101010100100010010111110010001001001101
37746,18091,17.675323,0BA,5,1100011000000000000000000000000010111110
8781,18134,17.678132,260,8,0000000000000000000000000000000000000000000000100000100101110101
13374,18135,17.678367,394,3,0
3356,18137,17.681476,25,8,0000000000010001000000000000000100010000100011000000000011011011
29118,18138,17.681822,24,8,0000001000001001000000011110110001000010000011111000000011110101
23563,18139,17.682139,0AA,8,0010001001011110001000100101001100100010011000110010001001001010
37747,6041,17.682813,0BA,5,0010100100000000000000000000011100101011
19474,18140,17.68313,0B4,8,0000000000000000000000000000000001100100000001111100001011101001
32576,18143,17.686083,1C4,8,0000110000000101000110110000000000000000000000000000000011111001
17176,18147,17.687123,226,8,0000000000000000000100000000000000000000000000000000000000000000
11877,18148,17.690176,2C1,8,0000100011111101110110101111110111011010110000000000000001000001
37748,12083,17.690302,0BA,5,0100111100000000000000000000000000101110
3357,18150,17.691456,25,8,0000000000010010000000000000000100000000100011000000000011001100
14867,18151,17.692058,1C6,8,0000000000000000100000000000001011011101000101010100000000000000
23564,18152,17.692312,0AA,8,0010001001011111001000100100111100100010010111100010001001001010
119,18154,17.694119,3B7,8,1000
37749,12086,17.697792,0BA,5,1110000000101101010111000000000011011110
8782,18156,17.698141,260,8,0000000000000000000000000000000000000000000000100101011111000011
3358,18159,17.701461,25,8,0000000000010011000000000000000100000000100101100000000011010111
29119,18160,17.701791,24,8,0000001000001010000000011110110001000010000100011000000011111000
23565,18161,17.702079,0AA,8,0010001001011110001000100100101100100010010110010010001001001001
19475,18163,17.703094,0B4,8,0000000000000000000000000000000001100100000001111011110011100011
676,18166,17.705095,320,8,0000000000100000000000000000000000000000000000000000000001001011
37750,18123,17.705281,0BA,5,1100011000000000000000000000000010111110
32577,18167,17.706053,1C4,8,0000110000001000000110110000000000000000000000000000000011111100
3359,18170,17.711418,25,8,0000000000010100000000000000000100000000100101100000000011011000
23566,18171,17.712091,0AA,8,0010001001011101001000100100010000100010010101000010001001000111
37751,6057,17.712771,0BA,5,0010100100000000000000000000010000101000
11022,18173,17.714013,620,8,0001000000000000000000000000000000000000000000000000000000000000
17177,18175,17.715082,226,8,0000000000000000000100000000000000000000000000000000000000000000
8783,18177,17.718012,260,8,0000000000000000000000000000000000000000000000100100000110101101
11878,18179,17.720014,2C1,8,0000100011111101110110101111110111011010110000000000000001000001
37752,12105,17.72026,0BA,5,0100111100000000000000000000000000101110
3360,18181,17.721411,25,8,0000000000010101000000000000000100000000100101100000000011011001
29120,18182,17.721757,24,8,0000001000001011000000011110110001000010000101001000000011111100
14868,18183,17.722019,1C6,8,0000000000000000100000000000001011010111000101010100000000000000
23567,18184,17.722247,0AA,8,0010001001011001001000100100001100100010010111110010001000111111
19476,18185,17.723058,0B4,8,0000000000000000000000000000000001101000000001111011011011100001
32578,18188,17.726324,1C4,8,0000110000001010000110110000000000000000000000000000000011111110
37753,12109,17.72775,0BA,5,1110000000101101010111000000000011011110
3361,18191,17.731386,25,8,0000000000010110000000000000000100010000101000000000000011110100
23568,18192,17.732063,0AA,8,0010001001011001001000100011111100100010010101000010001000111110
37754,18153,17.735239,0BA,5,1100011000000000000000000000000010111110
8784,18195,17.737973,260,8,0000000000000000000000000000000000000000000000101000111111111011
3362,18197,17.741359,25,8,0000000000010111000000000000000100010000100101100000000011101011
29121,18198,17.741723,24,8,0000001000001101000000011110101001000010000101101000000011111110
23569,18199,17.74204,0AA,8,0010001001011000001000100011111100100010010011110010001000110100
37755,6064,17.742729,0BA,5,0010100100000000000000000000011100101011
19477,18200,17.743055,0B4,8,0000000000000000000000000000000001101100000001111011000111100000
32579,18203,17.745988,1C4,8,0000110000001100000110110000000000000000000000000000000000000000
17178,18206,17.747023,226,8,0000000000000000000100000000000000000000000000000000000000000000
11879,18207,17.750043,2C1,8,0000100011111101110110101111110111011010110000000000000001000001
37756,12120,17.750219,0BA,5,0100111100000000000000000000000000101110
3363,18209,17.751353,25,8,0000000000011000000000000000000100100000101000000000000000000110
14869,18211,17.751954,1C6,8,0000000000000000100000000000001011010001000101010100000000000000
23570,18212,17.75218,0AA,8,0010001001010101001000100011111000100010010001110010001000110111
14076,18213,17.752911,442,8,0100001100000010000000000000000000000010000000000000000000000000
677,18215,17.754011,320,8,0000000000100000000000000000000000000000000000000000000001001011
34951,18216,17.755012,4C3,8,0000001100000000000000000000000100000000000000000000000000000000
37757,12124,17.757708,0BA,5,1110000000101101010111000000000011011110
8785,18217,17.757949,260,8,0000000000000000000000000000000000000000000000101000111111111011
3364,18219,17.761358,25,8,0000000000011001000000000000000100100000100101100000000011111101
29122,18220,17.761701,24,8,0000001000001110000000011110101001000010000110101000000000000011
23571,18221,17.761974,0AA,8,0010001001010111001000100011011000100010010010010010001000101101
19478,18223,17.763013,0B4,8,0000000000000000000000000000000001101100000001111010101111011010
37758,18187,17.765198,0BA,5,1100011000000000000000000000000010111110
32580,18227,17.765951,1C4,8,0000110000001100000110110000000000000000000000000000000000000000
13975,18230,17.770717,38E,8,0
3365,18232,17.771321,25,8,0000000000011010000000000000000100110000101000000000000000011000
23572,18233,17.771989,0AA,8,0010001001010011001000100011000000100010010001100010001000101011
37759,6073,17.772687,0BA,5,0010100100000000000000000000010000101000
17179,18236,17.774978,226,8,0000000000000000000100000000000000000000000000000000000000000000
8786,18237,17.777868,260,8,0000000000000000000000000000000000000000000000101011000100011101
43511,4602,17.778906,423,2,10101000001101
11880,18238,17.779917,2C1,8,0000100011111101110110101111110111011010110000000000000001000001
37760,12142,17.780177,0BA,5,0100111100000000000000000000000000101110
3366,18240,17.781324,25,8,0000000000011011000000000000000100110000100101100000000000001111
29123,18241,17.781664,24,8,0000001000001111000000011110110001000010000110111000000000000111
14870,18242,17.781919,1C6,8,0000000000000000100000000000001011001101000101010100000000000000
23573,18243,17.782143,0AA,8,0010001001010011001000100010110000100010010001010010001000100011
19479,18244,17.782956,0B4,8,0000000000000000000000000000000001110000000001111010011011011001
32581,18248,17.785921,1C4,8,0000110000001010000110110000000000000000000000000000000011111110
37761,12144,17.787666,0BA,5,1110000000101101010111000000000011011110
3367,18251,17.791287,25,8,0000000000011100000000000000000101000000101000000000000000101010
23574,18252,17.791957,0AA,8,0010001001010111001000100010111100100010010000100010001000100101
37762,18214,17.795156,0BA,5,1100011000000000000000000000000010111110
8787,18254,17.797856,260,8,0000000000000000000000000000000000000000000000101101001000111110
3368,18257,17.801267,25,8,0000000000011101000000000000000101010000101000000000000000111011
29124,18258,17.801632,24,8,0000001000010001000000011110110101000010000111111000000000001110
23575,18259,17.801944,0AA,8,0010001001010111001000100010011100100010010000000010001000100101
37763,6082,17.802645,0BA,5,0010100100000000000000000000011100101011
19480,18260,17.802925,0B4,8,0000000000000000000000000000000001110000000001111010011011011001
32582,18263,17.805892,1C4,8,0000110000000111000110110000000000000000000000000000000011111011
17180,18266,17.806923,226,8,0000000000000000000100000000000000000000000000000000000000000000
678,18267,17.807917,320,8,0000000000100000000000000000000000000000000000000000000001001011
11881,18268,17.809879,2C1,8,0000100011111101110110101111110111011010110000000000000001000001
37764,12165,17.810135,0BA,5,0100111100000000000000000000000000101110
14871,18269,17.811862,1C6,8,0000000000000000100000000000001011001010000101010100000000000000
3369,18271,17.812442,25,8,0000000000011111000000000000000110010000101000110000000010000000
23576,18272,17.812892,0AA,8,0010001001010011001000100010110100100010010001010010001000011011
37765,12168,17.817624,0BA,5,1110000000101101010111000000000011011110
8788,18276,17.817863,260,8,0000000000000000000000000000000000000000000000101110100001010100
3370,18278,17.82126,25,8,0000000000011111000000000000000101110000100110110000000001011000
29125,18279,17.821595,24,8,0000001000010011000000011110111101000010001000101000000000010101
23577,18280,17.821879,0AA,8,0010001001001010001000100010010000100010001111010010001000011001
19481,18282,17.822894,0B4,8,0000000000000000000000000000000001110100000001111010000011010111
37766,18247,17.825114,0BA,5,1100011000000000000000000000000010111110
32583,18284,17.825974,1C4,8,0000110000000011000110110000000000000000000000000000000011110111
13720,18287,17.830691,3A5,8,100000000
3371,18289,17.831233,25,8,0000000000100001000000000000000110010000101000000000000001111111
23578,18290,17.831891,0AA,8,0010001001001111001000100001111000100010001111110010001000010011
37767,6095,17.832604,0BA,5,0010100100000000000000000000010000101000
17181,18294,17.83488,226,8,0000000000000000000100000000000000000000000000000000000000000000
8789,18295,17.837817,260,8,0000000000000000000000000000000000000000000000101101110101001001
11882,18296,17.839821,2C1,8,0000100011111101110110101111110111011010110000000000000001000001
37768,12185,17.840093,0BA,5,0100111100000000000000000000000000101110
3372,18298,17.841207,25,8,0000000000100010000000000000000110010000100101100000000001110110
29126,18299,17.841593,24,8,0000001000010100000000011111000101000010001001001000000000011010
14872,18300,17.841828,1C6,8,0000000000000000100000000000001011000111000101010100000000000000
23579,18301,17.842051,0AA,8,0010001001001100001000100001111000100010001110100010001000010111
28019,18302,17.842294,6C0,8,1110010000000000000000001110000010000000000000000000000000000000
19482,18303,17.842858,0B4,8,0000000000000000000000000000000001110100000001111001101011010001
16416,18306,17.845522,3F9,8,0111010100011000000000100000001010000000000000000000000000010101
7809,18307,17.845762,610,8,0010000010000000000101000110010011000000000000000000100101000000
32584,18308,17.846008,1C4,8,0000101111110011000110110000000000000000000000000000000011100110
37769,12188,17.847583,0BA,5,1110000000101101011000000000000011100010
3373,18312,17.851193,25,8,0000000000100011000000000000000110100000101000000000000010010001
21651,18313,17.85163,443,8,0100110100000010000000000010111100000110000000000000000000000000
23580,18314,17.851862,0AA,8,0010001001010000001000100001111000100010001101110010001000010001
11242,18315,17.852607,4C8,8,0000100100000000000000000000000000000000000000000000000000000000
679,18316,17.852853,320,8,0000000000100000000000000000000000000000000000000000000001001011
37770,18273,17.855072,0BA,5,1100011000000000000000000000000010111110
43698,18386,17.855089,3BB,5,0111000000000000000000001010001000000000
8790,18317,17.857627,260,8,0000000000000000000000000000000000000000000000110010110010011001
31328,18318,17.857866,640,8,1010100000000000000000000011011100000001110111100000000000000000
35014,18319,17.860571,413,8,0000000100000001000000010000100100000000000000000000000000000000
3374,18321,17.861171,25,8,0000000000100100000000000000000110110000101000000000000010100010
29127,18322,17.861571,24,8,0000001000010111000000011111000101000010001001101000000000011111
23581,18323,17.861844,0AA,8,0010001001001111001000100001101100100010001110010010001000010000
37771,6101,17.862562,0BA,5,0010100100000000000000000000011100101011
19483,18325,17.862827,0B4,8,0000000000000000000000000000000001111000000001111001101011010101
32585,18328,17.86579,1C4,8,0000101111101001000110110000000000000000000000000000000011011100
17182,18332,17.866826,226,8,0000000000000000000100000000000000000000000000000000000000000000
11883,18334,17.869785,2C1,8,0000100011111101110110101111110111011010110000000000000001000001
37772,12205,17.870051,0BA,5,0100111100000000000000000000000000101110
14873,18335,17.871798,1C6,8,0000000000000000100000000000001011000100000101010100000000000000
3375,18337,17.872342,25,8,0000000000100101000000000000000111010000100110100000000010111101
23582,18338,17.8728,0AA,8,0010001001001101001000100001011000100010001110010010001000001100
8791,18340,17.877503,260,8,0000000000000000000000000000000000000000000000110000101001110111
37773,12207,17.877541,0BA,5,1110000000101101010111000000000011011110
3376,18342,17.881161,25,8,0000000000100110000000000000000110110000100100000000000010010100
29128,18343,17.881505,24,8,0000001000011001000000011111010001000010001001101000000000100100
23583,18344,17.881787,0AA,8,0010001001001101001000100001000000100010001101110010001000001011
19484,18347,17.882839,0B4,8,0000000000000000000000000000000001111000000001111001010111010000
37774,18305,17.88503,0BA,5,1100011000000000000000000000000010111110
32586,18349,17.88577,1C4,8,0000101111011110000110110000000000000000000000000000000011010001
3377,18352,17.891121,25,8,0000000000100111000000000000000110110000100101100000000010011011
23584,18354,17.891801,0AA,8,0010001001001111001000100000110100100010001101100010001000000111
37775,6115,17.89252,0BA,5,0010100100000000000000000000010000101000
17183,18357,17.894789,226,8,0000000000000000000100000000000000000000000000000000000000000000
8792,18358,17.89739,260,8,0000000000000000000000000000000000000000000000101101110101001001
11884,18360,17.899723,2C1,8,0000100011111101110101001111110111010100110000000000000000110101
37776,12228,17.900009,0BA,5,0100111100000000000000000000000000101110
3378,18362,17.901136,25,8,0000000000101000000000000000000111000000101000000000000010110110
29129,18363,17.901468,24,8,0000001000011011000000011111001101000010001001101000000000100101
14874,18364,17.901734,1C6,8,0000000000000000100000000000001011000001000101010100000000000000
23585,18365,17.901964,0AA,8,0010001001010000001000100000110000100010001110100010000111111101
19485,18366,17.902762,0B4,8,0000000000000000000000000000000001111100000001111001010111010100
32587,18369,17.90573,1C4,8,0000101111010011000110110000000000000000000000000000000011000110
680,18371,17.906138,320,8,0000000000100000000000000000000000000000000000000000000001001011
37777,12231,17.907499,0BA,5,1110000000101101010111000000000011011110
3379,18373,17.911087,25,8,0000000000101001000000000000000111000000100101100000000010101101
23586,18374,17.911764,0AA,8,0010001001001011001000100000101100100010001101010010000111111101
31258,18376,17.91458,4A6,8,0000000000000000000000000000000000000000000100010000000000000000
37778,18339,17.914989,0BA,5,1100011000000000000000000000000010111110
35125,2252,17.916288,3D3,3,011011000001001000000000
8793,18378,17.917389,260,8,0000000000000000000000000000000000000000000000110100001010101111
3380,18380,17.921074,25,8,0000000000101010000000000000000111010000101000000000000011001000
29130,18381,17.921438,24,8,0000001000011101000000011111001101000010001010001000000000101001
23587,18382,17.92175,0AA,8,0010001001000101001000100000100000100010001110010010000111110100
37779,6122,17.922478,0BA,5,0010100100000000000000000000011100101011
19486,18383,17.922731,0B4,8,0000000000000000000000000000000010000000000001111000111111010010
32588,18387,17.925699,1C4,8,0000101111001000000110110000000000000000000000000000000010111011
17184,18391,17.926731,226,8,0000000000000000000100000000000000000000000000000000000000000000
11885,18392,17.929691,2C1,8,0000100011111101110101001111110111010100110000000000000000110101
37780,12244,17.929968,0BA,5,0100111100000000000000000000000000101110
3381,18394,17.931062,25,8,0000000000101011000000000000000111100000101000000000000011011001
14875,18396,17.93174,1C6,8,0000000000000000100000000000001010111110000101010100000000000000
23588,18397,17.931967,0AA,8,0010001001000101001000100000000100100010001101010010000111111000
8794,18399,17.937276,260,8,0000000000000000000000000000000000000000000000110111101011100111
37781,12247,17.937457,0BA,5,1110000000101101010111000000000011011110
3382,18401,17.941067,25,8,0000000000101100000000000000000111100000100101100000000011010000
29131,18402,17.941412,24,8,0000001000011111000000011111010001000010001010001000000000101100
23589,18403,17.941687,0AA,8,0010001001000110001000011111110100100010001101110010000111110010
19487,18405,17.9427,0B4,8,0000000000000000000000000000000010000000000001111000100111001100
27816,18407,17.9447,420,8,0000000000000000000000000000000011111111000000001000000010101011
37782,18368,17.944947,0BA,5,1100011000000000000000000000000010111110
32589,18409,17.945668,1C4,8,0000101110111100000110110000000000000000000000000000000010101111
3383,18413,17.952049,25,8,0000000000101101000000000000000100010000101000110000000000001110
37783,6132,17.952436,0BA,5,0010100100000000000000000000010000101000
23590,18414,17.952671,0AA,8,0010001001000110001000011111101100100010001110100010000111101111
17185,18418,17.955685,226,8,0000000000000000000100000000000000000000000000000000000000000000
31430,18420,17.956379,44D,8,0100001000000010000000000000000000000001000000000000000000000000
681,18421,17.95668,320,8,0000000000100000000000000000000000000000000000000000000001001011
8795,18422,17.957228,260,8,0000000000000000000000000000000000000000000000110010000010001101
11886,18423,17.959633,2C1,8,0000100011111101110101001111110111010100110000000000000000110101
37784,12263,17.959926,0BA,5,0100111100000000000000000000000000101110
3384,18425,17.961006,25,8,0000000000101110000000000000000100000000100110110000000011110111
29132,18426,17.961386,24,8,0000001000100001000000011111001101000010001001101000000000101011
14876,18427,17.961634,1C6,8,0000000000000000100000000000001010111011000101010100000000000000
23591,18428,17.96186,0AA,8,0010001001000101001000011111101100100010001101010010000111101110
19488,18429,17.962669,0B4,8,0000000000000000000000000000000010000100000001111000100111010000
7610,18433,17.965062,3BC,8,0
32590,18434,17.965631,1C4,8,0000101110100111000110110000000000000000000000000000000010011010
37785,12267,17.967415,0BA,5,1110000000101101010111000000000011011110
3385,18438,17.970995,25,8,0000000000101111000000000000000100010000101000000000000000001101
23592,18439,17.971668,0AA,8,0010001000111111001000011111101100100010001101100010000111101000
37786,18398,17.974905,0BA,5,1100011000000000000000000000000010111110
35316,16495,17.976104,386,7,11011011000000000000000000000000000001100000000000000011
43416,16522,17.976137,3000000.0,6,101011000000000000000000000000000000000000000000
8796,18440,17.977174,260,8,0000000000000000000000000000000000000000000000110110111011011011
13375,18441,17.977356,394,3,0
3386,18444,17.981145,25,8,0000000000110000000000000000000100100000101000000000000000011110
29133,18445,17.981381,24,8,0000001000100010000000011111000101000010001010011000000000101101
23593,18446,17.981621,0AA,8,0010001000111001001000011111010100100010001100000010000111101010
37787,6143,17.982394,0BA,5,0010100100000000000000000000011100101011
19489,18447,17.982629,0B4,8,0000000000000000000000000000000010000100000001111000010011001011
16298,18450,17.985081,4C1,8,0000000100000000000000010000000100000000000000000000000000000000
32591,18451,17.985598,1C4,8,0000101110011110000110110000000000000000000000000000000010010001
17186,18454,17.98663,226,8,0000000000000000000100000000000000000000000000000000000000000000
11887,18455,17.989666,2C1,8,0000100011111101110101111111110111010111110000000000000000111011
37788,12287,17.989884,0BA,5,0100111100000000000000000000000000101110
27877,18456,17.99,4DC,8,0001110100000000000000000000000000000000000000000000000000000000
3387,18458,17.990961,25,8,0000000000110001000000000000000100100000100101100000000000010101
14877,18460,17.99158,1C6,8,0000000000000000100000000000001010111000000101100100000000000000
23594,18461,17.991805,0AA,8,0010001000111100001000011111001000100010001100100010000111100101
120,18463,17.993623,3B7,8,1000
8797,18465,17.997165,260,8,0000000000000000000000000000000000000000000000110101100011000101
37789,12291,17.997374,0BA,5,1110000000101101010111000000000011011110
3388,18467,18.000967,25,8,0000000000110010000000000000000100110000101000000000000000110000
29134,18468,18.00131,24,8,0000001000100011000000011110111101000010001010111000000000101110
23595,18469,18.001585,0AA,8,0010001000111011001000011110111000100010001100010010000111100010
19490,18471,18.002599,0B4,8,0000000000000000000000000000000010001000000001110111111011001001
682,18473,18.004601,320,8,0000000000100000000000000000000000000000000000000000000001001011
37790,18432,18.004863,0BA,5,1100011000000000000000000000000010111110
32592,18474,18.005571,1C4,8,0000101110010110000110110000000000000000000000000000000010001001
31587,18476,18.006235,633,8,1000000100000000000000000000000000000000000000000000000000000000
1541,18478,18.010342,6F3,8,0010000000000000000000000000000000000000000000000000000000000000
3389,18480,18.011949,25,8,0000000000110011000000000000000101100000101000110000000001100100
37791,6157,18.012353,0BA,5,0010100100000000000000000000010000101000
23596,18481,18.012568,0AA,8,0010001000110111001000011110101100100010001011010010000111100010
11023,18483,18.013546,620,8,0001000000000000000000000000000000000000000000000000000000000000
17187,18486,18.015586,226,8,0000000000000000000100000000000000000000000000000000000000000000
8798,18488,18.017102,260,8,0000000000000000000000000000000000000000000000110110001111010000
11888,18489,18.019539,2C1,8,0000100011111101110101111111110111010111110000000000000000111011
37792,12304,18.019842,0BA,5,0100111100000000000000000000000000101110
3390,18492,18.020969,25,8,0000000000110100000000000000000101100000101001100000000001101000
29135,18493,18.02128,24,8,0000001000100100000000011110110101000010001011011000000000101111
14878,18494,18.021543,1C6,8,0000000000000000100000000000001010110101000101010100000000000000
23597,18495,18.021768,0AA,8,0010001000110001001000011110011000100010001010110010000111011001
19491,18496,18.022565,0B4,8,0000000000000000000000000000000010001000000001110111100111000100
11182,18498,18.023739,39A,8,0000000000000000000000000000000100000000000000000000000000000000
13534,18500,18.024862,399,8,0000000000000000000000000000000000000000111111110000000000000000
32593,18501,18.02554,1C4,8,0000101110010000000110110000000000000000000000000000000010000011
37793,12308,18.027332,0BA,5,1110000000101101010111000000000011011110
3391,18505,18.030889,25,8,0000000000110101000000000000000101110000101000000000000001110011
23598,18506,18.031565,0AA,8,0010001000101101001000011101111000100010001010000010000111011011
37794,18462,18.034821,0BA,5,1100011000000000000000000000000010111110
8799,18507,18.037071,260,8,0000000000000000000000000000000000000000000000111100100000110101
3392,18509,18.040877,25,8,0000000000110111000000000000000110100000101010100000000010101111
29136,18510,18.041272,24,8,0000001000100110000000011110110101000010001011011000000000110001
23599,18511,18.041551,0AA,8,0010001000101111001000011101100100100010001010110010000111010110
37795,6162,18.042311,0BA,5,0010100100000000000000000000011100101011
19492,18512,18.042569,0B4,8,0000000000000000000000000000000010001100000001110111001111000010
18,18515,18.045267,3B1,8,0000000000000000000000100000101000000000000010000000000000000000
32594,18516,18.045516,1C4,8,0000101110001010000110110000000000000000000000000000000001111101
17188,18520,18.046535,226,8,0000000000000000000100000000000000000000000000000000000000000000
11889,18521,18.049503,2C1,8,0000100011111101110101111111110111010111110000000000000000111011
37796,12328,18.0498,0BA,5,0100111100000000000000000000000000101110
3393,18523,18.050862,25,8,0000000000111000000000000000000110110000101000000000000010110110
14879,18524,18.051483,1C6,8,0000000000000000100000000000001010110010000101100100000000000000
23600,18525,18.05171,0AA,8,0010001000101111001000011101011100100010001000110010000111011000
683,18527,18.053521,320,8,0000000000100000000000000000000000000000000000000000000001001011
8800,18529,18.056972,260,8,0000000000000000000000000000000000000000000000110111101011100111
37797,12331,18.05729,0BA,5,1110000000101101010111000000000011011110
3394,18531,18.060873,25,8,0000000000111001000000000000000111000000101000000000000011000111
29137,18532,18.061252,24,8,0000001000100111000000011110110001000010001011011000000000110001
23601,18533,18.061493,0AA,8,0010001000101101001000011101011000100010000111110010000111001110
19493,18536,18.062597,0B4,8,0000000000000000000000000000000010001100000001110110100010110111
14077,18538,18.064256,442,8,0100001100000010000000000000000000000010000000000000000000000000
37798,18499,18.064779,0BA,5,1100011000000000000000000000000010111110
32595,18540,18.065476,1C4,8,0000101110000101000110110000000000000000000000000000000001111000
3395,18543,18.070838,25,8,0000000000111010000000000000000111110000101101000000000000001100
23602,18544,18.071506,0AA,8,0010001000101100001000011101011000100010000111000010000111001000
37799,6179,18.072269,0BA,5,0010100100000000000000000000010000101000
17189,18547,18.074492,226,8,0000000000000000000100000000000000000000000000000000000000000000
8801,18548,18.076933,260,8,0000000000000000000000000000000000000000000000111101111101001100
11890,18550,18.079443,2C1,8,0000100011111101110101111111110111010111110000000000000000111011
37800,12355,18.079759,0BA,5,0100111100000000000000000000000000101110
3396,18552,18.080806,25,8,0000000000111011000000000000000100010000101010100000000000100011
29138,18553,18.081193,24,8,0000001000101000000000011110110001000010001011011000000000110010
14880,18554,18.08145,1C6,8,0000000000000000100000000000001010101111000101100100000000000000
23603,18555,18.081675,0AA,8,0010001000101000001000011101001100100010000111000010000111000101
19494,18556,18.082471,0B4,8,0000000000000000000000000000000010010000000001110110001010110101
32596,18560,18.085446,1C4,8,0000101101111100000110110000000000000000000000000000000001101111
37801,12359,18.087248,0BA,5,1110000000101101010111000000000011011110
3397,18563,18.090795,25,8,0000000000111100000000000000000100110000101010100000000001000100
23604,18564,18.091469,0AA,8,0010001000100101001000011100101000100010000101010010000110111111
37802,18526,18.094738,0BA,5,1100011000000000000000000000000010111110
16417,18566,18.095567,3F9,8,0111010100011000000000100000001010000000000000000000000000010101
8802,18567,18.096943,260,8,0000000000000000000000000000000000000000000000111101111101001100
3398,18569,18.100779,25,8,0000000000111101000000000000000101000000101000000000000001001011
29139,18570,18.101151,24,8,0000001000101010000000011110110001000010001011011000000000110100
23605,18571,18.10145,0AA,8,0010001000100110001000011100010100100010000100100010000111000010
37803,6187,18.102227,0BA,5,0010100100000000000000000000011100101011
19495,18572,18.102436,0B4,8,0000000000000000000000000000000010010000000001110110001010110101
32597,18575,18.105422,1C4,8,0000101101111000000110110000000000000000000000000000000001101011
17190,18578,18.106434,226,8,0000000000000000000100000000000000000000000000000000000000000000
684,18579,18.107429,320,8,0000000000100000000000000000000000000000000000000000000001001011
11891,18580,18.10941,2C1,8,0000100011111101110101111111110111010111110000000000000000111011
37804,12371,18.109717,0BA,5,0100111100000000000000000000000000101110
3399,18582,18.110762,25,8,0000000000111110000000000000000101100000101010100000000001110110
14881,18583,18.11139,1C6,8,0000000000000000100000000000001010101100000101100100000000000000
23606,18584,18.111613,0AA,8,0010001000100111001000011100010000100010000101100010000110111001
43512,17841,18.114357,423,2,1000100000000
8803,18588,18.116805,260,8,0000000000000000000000000000000000000000000000111101001101000000
37805,12375,18.117206,0BA,5,1110000000101101010111000000000011011110
3400,18590,18.120774,25,8,0000000000111111000000000000000101110000101000000000000001111101
29140,18592,18.12113,24,8,0000001000101100000000011110101001000010001011111000000000110110
23607,18593,18.121389,0AA,8,0010001000101000001000011100010000100010000100100010000110110111
19496,18595,18.122403,0B4,8,0000000000000000000000000000000010010100000001110101110010110011
37806,18558,18.124696,0BA,5,1100011000000000000000000000000010111110
32598,18597,18.125376,1C4,8,0000101101110101000110110000000000000000000000000000000001101000
3401,18601,18.130731,25,8,0000000001000001000000000000000110010000101000000000000010011111
23608,18602,18.131406,0AA,8,0010001000011101001000011011111100100010000100000010000110110100
37807,6199,18.132185,0BA,5,0010100100000000000000000000010000101000
17191,18605,18.134423,226,8,0000000000000000000100000000000000000000000000000000000000000000
8804,18606,18.136657,260,8,0000000000000000000000000000000000000000000001000011100010100110
11892,18607,18.139352,2C1,8,0000100011111101110101111111110111010111110000000000000000111011
37808,12392,18.139675,0BA,5,0100111100000000000000000000000000101110
3402,18609,18.140741,25,8,0000000001000010000000000000000110100000101000000000000010110000
28020,18610,18.140985,6C0,8,1110010000000000000000001110000010000000000000000000000000000000
29141,18611,18.141215,24,8,0000001000101110000000011110110001000010001100101000000000111101
23609,18612,18.141443,0AA,8,0010001000010111001000011100010100100010000010110010000110101100
14882,18613,18.141679,1C6,8,0000000000000000100000000000001010101001000101100100000000000000
19497,18614,18.142368,0B4,8,0000000000000000000000000000000010011000000001110101011110110010
32599,18618,18.145347,1C4,8,0000101101110001000110110000000000000000000000000000000001100100
37809,12395,18.147164,0BA,5,1110000000101101010111000000000011011110
3403,18622,18.151717,25,8,0000000001000011000000000000000111010000101000110000000011100100
23610,18623,18.152345,0AA,8,0010001000011110001000011011010000100010000100000010000110101100
43699,612,18.152674,3BB,5,1011101100000000000000000000000000100110
685,18624,18.153361,320,8,0000000000100000000000000000000000000000000000000000000001001011
37810,18586,18.154654,0BA,5,1100011000000000000000000000000010111110
8805,18625,18.156536,260,8,0000000000000000000000000000000000000000000001000101101011001000
3404,18628,18.160739,25,8,0000000001000100000000000000000111000000100110110000000011001101
29142,18629,18.161068,24,8,0000001000101111000000011110110001000010001100001000000000111100
23611,18630,18.161353,0AA,8,0010001000011110001000011010110000100010000001010010000110100011
37811,6211,18.162143,0BA,5,0010100100000000000000000000011100101011
19498,18631,18.162335,0B4,8,0000000000000000000000000000000010011000000001110101000110101100
21652,18634,18.165076,443,8,0100110100000010000000000010111100000110000000000000000000000000
32600,18635,18.16532,1C4,8,0000101101101101000110110000000000000000000000000000000001100000
34848,18638,18.165893,3C3,8,0100011000011110100100110100111011101110010110010000001110001000
17192,18639,18.166336,226,8,0000000000000000000100000000000000000000000000000000000000000000
11893,18641,18.169609,2C1,8,0000100011111101110101111111110111010111110000000000000000111011
37812,12413,18.169633,0BA,5,0100111100000000000000000000000000101110
3405,18643,18.170665,25,8,0000000001000101000000000000000111000000100101100000000011001001
14883,18644,18.171297,1C6,8,0000000000000000100000000000001010100110000101100100000000000000
23612,18645,18.171524,0AA,8,0010001000100101001000011010111100100010000000110010000110100101
35126,18417,18.175944,3D3,3,111001010000000000000000
8806,18647,18.176525,260,8,0000000000000000000000000000000000000000000001000000000001101110
37813,12417,18.177123,0BA,5,1110000000101101010111000000000011011110
3406,18650,18.180673,25,8,0000000001000110000000000000000111010000101000000000000011100100
29143,18651,18.181028,24,8,0000001000110001000000011110110001000010001100101000000001000000
23613,18652,18.181294,0AA,8,0010001000011101001000011011000100100010000001100010000110100100
19499,18654,18.182303,0B4,8,0000000000000000000000000000000010011100000001110100110010101011
37814,18617,18.184612,0BA,5,1100011000000000000000000000000010111110
32601,18656,18.185288,1C4,8,0000101101101000000110110000000000000000000000000000000001011011
3407,18660,18.190633,25,8,0000000001000111000000000000000111100000101000000000000011110101
23614,18661,18.191305,0AA,8,0010001000010111001000011010111000100001111111110010000110011110
37815,6225,18.192102,0BA,5,0010100100000000000000000000010000101000
17193,18665,18.194292,226,8,0000000000000000000100000000000000000000000000000000000000000000
8807,18667,18.196466,260,8,0000000000000000000000000000000000000000000001001110000001001110
11894,18668,18.199256,2C1,8,0000100011111101110100001111110111010000110000000000000000101101
37816,12431,18.199591,0BA,5,0100111100000000000000000000000000101110
3408,18670,18.200617,25,8,0000000001001000000000000000000111100000100101100000000011101100
29144,18671,18.200996,24,8,0000001000110011000000011110110001000010001101011000000001000101
14884,18672,18.201255,1C6,8,0000000000000000100000000000001010100011000101100100000000000000
23615,18673,18.201482,0AA,8,0010001000010101001000011010110100100010000000010010000110011100
19500,18674,18.202271,0B4,8,0000000000000000000000000000000010011100000001110100110010101011
32602,18677,18.205251,1C4,8,0000101101100011000110110000000000000000000000000000000001010110
686,18679,18.205663,320,8,0000000000100000000000000000000000000000000000000000000001001011
37817,12434,18.207081,0BA,5,1110000000101101010111000000000011011110
3409,18682,18.210598,25,8,0000000001001001000000000000000111010000100011000000000011010011
23616,18683,18.211271,0AA,8,0010001000011001001000011010010100100001111111100010000110010010
7671,18686,18.213946,611,8,0010000100000000000000000001000000000000000000000011110101101100
37818,18646,18.21457,0BA,5,1100011000000000000000000000000010111110
8808,18687,18.216376,260,8,0000000000000000000000000000000000000000000001001001110000001010
3410,18689,18.220579,25,8,0000000001001010000000000000000111000000100011000000000011000100
29145,18690,18.220964,24,8,0000001000110101000000011110110001000010001101111000000001001001
23617,18691,18.221256,0AA,8,0010001000011001001000011001111000100001111111100010000110010101
37819,6231,18.22206,0BA,5,0010100100000000000000000000011100101011
19501,18692,18.222243,0B4,8,0000000000000000000000000000000010100000000001110100011010101001
32603,18695,18.225226,1C4,8,0000101101011000000110110000000000000000000000000000000001001011
17194,18699,18.226237,226,8,0000000000000000000100000000000000000000000000000000000000000000
11895,18700,18.229289,2C1,8,0000100011111101110100001111110111010000110000000000000000101101
37820,12452,18.229549,0BA,5,0100111100000000000000000000000000101110
14885,18701,18.231231,1C6,8,0000000000000000100000000000001010100000000101100100000000000000
3411,18703,18.231772,25,8,0000000001001011000000000000000111010000100100010000000011011010
23618,18704,18.232208,0AA,8,0010001000010111001000011001110100100001111111100010000110001010
8809,18706,18.23631,260,8,0000000000000000000000000000000000000000000001000000101101111001
37821,12454,18.237039,0BA,5,1110000000101101010111000000000011011110
3412,18708,18.240576,25,8,0000000001001100000000000000000110100000100001010000000010011111
29146,18709,18.24096,24,8,0000001000110110000000011110110001000010001110011000000001001100
23619,18710,18.241199,0AA,8,0010001000010000001000011001110100100001111111100010000110001001
19502,18712,18.242208,0B4,8,0000000000000000000000000000000010100000000001110100000010100011
37822,18676,18.244528,0BA,5,1100011000000000000000000000000010111110
32604,18715,18.245196,1C4,8,0000101101010010000110110000000000000000000000000000000001000101
3413,18719,18.250534,25,8,0000000001001101000000000000000110010000100011000000000010010111
23620,18720,18.251206,0AA,8,0010001000010010001000011001101000100001111110010010000110001000
37823,6244,18.252018,0BA,5,0010100100000000000000000000010000101000
17195,18723,18.254196,226,8,0000000000000000000100000000000000000000000000000000000000000000
687,18724,18.25519,320,8,0000000000100000000000000000000000000000000000000000000001001011
8810,18725,18.256321,260,8,0000000000000000000000000000000000000000000001001001000111111111
11896,18727,18.259156,2C1,8,0000100011111101110101001111110111010100110000000000000000110101
37824,12471,18.259508,0BA,5,0100111100000000000000000000000000101110
3414,18729,18.260539,25,8,0000000001001101000000000000000101110000100011000000000001110111
29147,18730,18.260934,24,8,0000001000110111000000011110110001000010001110011000000001001101
14886,18731,18.261169,1C6,8,0000000000000000100000000000001010011101000101100100000000000000
23621,18732,18.2614,0AA,8,0010001000010100001000011001100000100001111110000010000101111010
19503,18733,18.262174,0B4,8,0000000000000000000000000000000010100100000001110011101110100010
32605,18736,18.265162,1C4,8,0000101101001100000110110000000000000000000000000000000000111111
31431,18739,18.265777,44D,8,0100001000000010000000000000000000000001000000000000000000000000
37825,12474,18.266997,0BA,5,1110000000101101010111000000000011011110
3415,18741,18.27051,25,8,0000000001001110000000000000000101010000100000100000000001001110
23622,18742,18.271175,0AA,8,0010001000010010001000011001010000100001111111000010000101111110
37826,18705,18.274487,0BA,5,1100011000000000000000000000000010111110
8811,18744,18.276271,260,8,0000000000000000000000000000000000000000000001001101010001000010
13376,18745,18.276452,394,3,0
3416,18748,18.2805,25,8,0000000001001111000000000000000100110000100000100000000000101111
29148,18749,18.280873,24,8,0000001000111001000000011110110101000010001101111000000001001110
23623,18750,18.28116,0AA,8,0010001000001100001000011001000100100001111011110010000101110111
37827,6253,18.281976,0BA,5,0010100100000000000000000000011100101011
19504,18751,18.282143,0B4,8,0000000000000000000000000000000010100100000001110011101110100010
32606,18754,18.285129,1C4,8,0000101101000101000110110000000000000000000000000000000000111000
17196,18757,18.286143,226,8,0000000000000000000100000000000000000000000000000000000000000000
11897,18758,18.289126,2C1,8,0000100011111101110101001111110111010100110000000000000000110101
37828,12489,18.289466,0BA,5,0100111100000000000000000000000000101110
3417,18760,18.290469,25,8,0000000001010000000000000000000100010000100000100000000000010000
14887,18761,18.29111,1C6,8,0000000000000000100000000000001010011010000101100100000000000000
23624,18762,18.291339,0AA,8,0010001000001000001000011000101100100001111101110010000101110001
121,18765,18.293139,3B7,8,1000
8812,18766,18.296242,260,8,0000000000000000000000000000000000000000000001001011001100100001
37829,12493,18.296955,0BA,5,1110000000101101010111000000000011011110
3418,18768,18.300451,25,8,0000000001010001000000000000000100000000100011000000000000001011
29149,18769,18.300842,24,8,0000001000111010000000011110110001000010001101111000000001001110
23625,18771,18.301245,0AA,8,0010001000000111001000011000011000100001111011100010000101110010
19505,18772,18.302112,0B4,8,0000000000000000000000000000000010101000000001110011010110100000
688,18774,18.304113,320,8,0000000000100000000000000000000000000000000000000000000001001011
37830,18735,18.304445,0BA,5,1100011000000000000000000000000010111110
32607,18775,18.305101,1C4,8,0000101100111110000110110000000000000000000000000000000000110001
3419,18779,18.311465,25,8,0000000001010010000000000000000111110000011111110000000011101111
37831,6266,18.311934,0BA,5,0010100100000000000000000000010000101000
23626,18780,18.312079,0AA,8,0010001000000110001000011000010000100001111011100010000101101110
11024,18781,18.312746,620,8,0001000000000000000000000000000000000000000000000000000000000000
17197,18784,18.315099,226,8,0000000000000000000100000000000000000000000000000000000000000000
8813,18787,18.316297,260,8,0000000000000000000000000000000000000000000001001011001100100001
11898,18788,18.319066,2C1,8,0000100011111101110101001111110111010100110000000000000000110101
37832,12512,18.319424,0BA,5,0100111100000000000000000000000000101110
3420,18790,18.320443,25,8,0000000001010011000000000000000111010000100100000000000011100001
29150,18791,18.320811,24,8,0000001000111100000000011110101001000010001110011000000001010000
14888,18792,18.321069,1C6,8,0000000000000000100000000000001010010111000101100100000000000000
23627,18793,18.321298,0AA,8,0010001000000011001000011000000100100001111101100010000101101001
19506,18794,18.322078,0B4,8,0000000000000000000000000000000010101000000001110010101010010101
32608,18798,18.325067,1C4,8,0000101100110110000110110000000000000000000000000000000000101001
37833,12514,18.326913,0BA,5,1110000000101101010111000000000011011110
3421,18801,18.330405,25,8,0000000001010100000000000000000111000000100011000000000011001110
23628,18802,18.331081,0AA,8,0010001000000001001000010111111000100001111011110010000101100110
37834,18764,18.334403,0BA,5,1100011000000000000000000000000010111110
8814,18803,18.33613,260,8,0000000000000000000000000000000000000000000001001100100100110111
3422,18805,18.340412,25,8,0000000001010101000000000000000110100000100000100000000010100101
29151,18807,18.340829,24,8,0000001000111110000000011110110001000010001110111000000001010110
23629,18808,18.341059,0AA,8,0010000111111110001000010111101000100001111100000010000101100001
37835,6274,18.341893,0BA,5,0010100100000000000000000000011100101011
19507,18809,18.34204,0B4,8,0000000000000000000000000000000010101100000001110010010010010011
7810,18811,18.342673,610,8,0010000000000000000100100110010011000000000000000000100101000000
16418,18814,18.344665,3F9,8,0111010100011000000000100000001010000000000000000000000000010101
32609,18815,18.345032,1C4,8,0000101100101111000110110000000000000000000000000000000000100010
17198,18818,18.346042,226,8,0000000000000000000100000000000000000000000000000000000000000000
11899,18819,18.349097,2C1,8,0000100011111101110101001111110111010100110000000000000000110101
37836,12533,18.349382,0BA,5,0100111100000000000000000000000000101110
14889,18820,18.351044,1C6,8,0000000000000000100000000000001010010100000101100100000000000000
3423,18822,18.351586,25,8,0000000001010110000000000000000110110000100001010000000010111001
23630,18823,18.352013,0AA,8,0010000111111101001000010111100100100001111011010010000101100010
689,18825,18.35403,320,8,0000000000100000000000000000000000000000000000000000000001001011
8815,18826,18.355988,260,8,0000000000000000000000000000000000000000000001001101010001000010
37837,12536,18.356872,0BA,5,1110000000101101010111000000000011011110
3424,18829,18.360344,25,8,0000000001010110000000000000000101110000100101100000000010001010
29152,18830,18.360757,24,8,0000001000111110000000011110101001000010001111101000000001010111
23631,18832,18.361156,0AA,8,0010000111111101001000010111010000100001111011110010000101011110
19508,18833,18.362011,0B4,8,0000000000000000000000000000000010101100000001110001111110001110
37838,18796,18.364361,0BA,5,1100011000000000000000000000000010111110
32610,18836,18.365,1C4,8,0000101100100111000110110000000000000000000000000000000000011010
3425,18840,18.370334,25,8,0000000001010111000000000000000101010000100000100000000001010111
23632,18841,18.371012,0AA,8,0010000111111100001000010110111000100001111010100010000101011111
37839,6287,18.371851,0BA,5,0010100100000000000000000000010000101000
14078,18843,18.372602,442,8,0100001100000010000000000000000000000010000000000000000000000000
17199,18846,18.373996,226,8,0000000000000000000100000000000000000000000000000000000000000000
8816,18847,18.376021,260,8,0000000000000000000000000000000000000000000001001111011001100100
11900,18848,18.378964,2C1,8,0000100011111101110011011111110111001101110000000000000000100111
37840,12553,18.37934,0BA,5,0100111100000000000000000000000000101110
3426,18851,18.380427,25,8,0000000001011000000000000000000101000000100011000000000001010010
29153,18852,18.380709,24,8,0000001000111111000000011110101001000010001111001000000001010110
23633,18853,18.380964,0AA,8,0010000111110111001000010110110000100001111010000010000101011101
14890,18854,18.381199,1C6,8,0000000000000000100000000000001010010001000101110100000000000000
13910,18855,18.381594,622,8,0001001000000000000000000000000000000000000000000000000000000000
19509,18856,18.381974,0B4,8,0000000000000000000000000000000010110000000001110001111110010010
32611,18859,18.38497,1C4,8,0000101100010101000110110000000000000000000000000000000000001000
37841,12556,18.38683,0BA,5,1110000000101101010111000000000011011110
3427,18863,18.39031,25,8,0000000001011001000000000000000100110000100011000000000001000011
23634,18864,18.390974,0AA,8,0010000111110110001000010110011100100001111000110010000101010110
37842,18824,18.394319,0BA,5,1100011000000000000000000000000010111110
8817,18865,18.395749,260,8,0000000000000000000000000000000000000000000001001111011001100100
34771,18867,18.398782,4DF,8,0010000000000000000000000000000100000000000000000000000000000000
3428,18869,18.400287,25,8,0000000001011010000000000000000100010000100000100000000000011010
29154,18870,18.40069,24,8,0000001001000001000000011110101001000010001111001000000001011000
23635,18871,18.400963,0AA,8,0010000111110100001000010110010100100001111000010010000101011000
37843,6292,18.401809,0BA,5,0010100100000000000000000000011100101011
19510,18872,18.401942,0B4,8,0000000000000000000000000000000010110000000001110001100110001100
32612,18876,18.40513,1C4,8,0000101100001100000110110000000000000000000000000000000011111111
17200,18879,18.406117,226,8,0000000000000000000100000000000000000000000000000000000000000000
690,18880,18.406941,320,8,0000000000100000000000000000000000000000000000000000000001001011
11901,18882,18.408933,2C1,8,0000000011111110001000001111110111001101110000000000001001110101
37844,12573,18.409298,0BA,5,0100111100000000000000000000000000101110
3429,18884,18.410274,25,8,0000000001011011000000000000000111110000100000100000000011111011
14891,18885,18.410915,1C6,8,0000000000000000100000000000001010001110000101110100000000000000
23636,18886,18.411141,0AA,8,0010000111110011001000010110010100100001111000100010000101001101
8818,18889,18.415748,260,8,0000000000000000000000000000000000000000000001001111011001100100
37845,12575,18.416788,0BA,5,1110000000101101011011000000000011101110
31648,18890,18.41969,389,8,0000000000100000000000000000000000000000000000000000000000000000
3430,18892,18.420284,25,8,0000000001011100000000000000000111010000100000100000000011011100
29155,18893,18.420656,24,8,0000001001000010000000011110110001000010001111101000000001011101
23637,18895,18.42106,0AA,8,0010000111110010001000010110011000100001110111010010000101001101
19511,18896,18.421918,0B4,8,0000000000000000000000000000000010110100000001110000111010000101
37846,18858,18.424278,0BA,5,1100011000000000000000000000000010111110
32613,18899,18.424964,1C4,8,0000101100000010000110110000000000000000000000000000000011110101
3431,18902,18.431267,25,8,0000000001011101000000000000000111010000100010000000000011100011
37847,6306,18.431767,0BA,5,0010100100000000000000000000010000101000
23638,18903,18.431886,0AA,8,0010000111101111001000010110001100100001110111010010000101001011
17201,18906,18.434901,226,8,0000000000000000000100000000000000000000000000000000000000000000
35127,2320,18.435601,3D3,3,011011000001001000000000
8819,18907,18.435634,260,8,0000000000000000000000000000000000000000000001010011100110101000
11902,18909,18.438881,2C1,8,0000000011111110011011011111110111010000110000000000010111001000
37848,12594,18.439257,0BA,5,0100111100000000000000000000000000101110
28021,18910,18.439791,6C0,8,1110010000000000000000001110000010000000000000000000000000000000
3432,18912,18.440369,25,8,0000000001011110000000000000000110100000100001010000000010110001
29156,18913,18.44066,24,8,0000001001000011000000011110110001000010010000101000000001100010
14892,18914,18.440898,1C6,8,0000000000000000100000000000001010001011000101110100000000000000
23639,18915,18.441123,0AA,8,0010000111110010001000010101101100100001110110100010000101000101
13655,18916,18.441701,4B7,8,1110001101011111001000101111000000001000111010100000000100001000
19512,18917,18.441945,0B4,8,0000000000000000000000000000000010110100000001110000111010000101
32614,18921,18.444884,1C4,8,0000101011111001000110110000000000000000000000000000000011101011
37849,12597,18.446746,0BA,5,1110000000101101010111000000000011011110
43513,1263,18.449808,423,2,11100000000
3433,18925,18.450206,25,8,0000000001011110000000000000000101100000011110000000000001100100
43700,1250,18.450259,3BB,5,1010010100000000000000000000000000000000
23640,18926,18.450883,0AA,8,0010000111110001001000010101011000100001110111000010000101000111
691,18927,18.451871,320,8,0000000000100000000000000000000000000000000000000000000001001011
37850,18887,18.454236,0BA,5,1100011000000000000000000000000010111110
8820,18929,18.45562,260,8,0000000000000000000000000000000000000000000001010000000101110000
3434,18931,18.460193,25,8,0000000001011111000000000000000101000000100000100000000001001111
29157,18932,18.460622,24,8,0000001001000101000000011110110001000010010000001000000001100010
23641,18933,18.460865,0AA,8,0010000111101110001000010101001000100001110111010010000100111110
37851,6316,18.461725,0BA,5,0010100100000000000000000000011100101011
19513,18934,18.46188,0B4,8,0000000000000000000000000000000010111000000001110000111010001001
32615,18938,18.465032,1C4,8,0000101011110001000110110000000000000000000000000000000011100011
17202,18940,18.465847,226,8,0000000000000000000100000000000000000000000000000000000000000000
11903,18942,18.46891,2C1,8,0000000011111110110011011111111011011101110000000000100000111001
37852,12611,18.469215,0BA,5,0100111100000000000000000000000000101110
21653,18943,18.469594,443,8,0100110100000010000000000010111100000110000000000000000000000000
3435,18945,18.470176,25,8,0000000001100000000000000000000100000000011011100000000011111100
14893,18946,18.470822,1C6,8,0000000000000000100000000000001010001000000101110000000000000000
23642,18947,18.471049,0AA,8,0010000111110000001000010101010100100001110101110010000100111111
8821,18952,18.475558,260,8,0000000000000000000000000000000000000000000001001111011001100100
37853,12614,18.476704,0BA,5,1110000000101101010111000000000011011110
279,18953,18.479698,38F,8,0000000100000000000000000000000000000000000000000000000000000000
3436,18955,18.480187,25,8,0000000001100001000000000000000111010000011110000000000011010111
29158,18956,18.480561,24,8,0000001001000111000000011110101001000010001111101000000001100000
23643,18958,18.480962,0AA,8,0010000111100111001000010100111000100001110110000010000100111111
19514,18959,18.481814,0B4,8,0000000000000000000000000000000010111000000001110000100010000011
37854,18919,18.484194,0BA,5,1100011000000000000000000000000010111110
32616,18961,18.484848,1C4,8,0000101011111000000110110000000000000000000000000000000011101010
3437,18965,18.490142,25,8,0000000001100010000000000000000110010000011011100000000010001110
23644,18966,18.490814,0AA,8,0010000111101111001000010101011100100001110100100010000100110110
37855,6324,18.491683,0BA,5,0010100100000000000000000000010000101000
17203,18969,18.493803,226,8,0000000000000000000100000000000000000000000000000000000000000000
8822,18970,18.495502,260,8,0000000000000000000000000000000000000000000001001111011001100100
11904,18971,18.498782,2C1,8,0000000011111111000110101111111011110000110000000000101110011101
37856,12633,18.499173,0BA,5,0100111100000000000000000000000000101110
3438,18973,18.500123,25,8,0000000001100010000000000000000101000000011011100000000000111110
29159,18974,18.500529,24,8,0000001001001000000000011110101001000010001111101000000001100001
14894,18975,18.500788,1C6,8,0000000000000000100000000000001010000101000101110000000000000000
23645,18976,18.501019,0AA,8,0010000111110010001000010101000000100001110011110010000100110000
19515,18977,18.501791,0B4,8,0000000000000000000000000000000010111100000001110000001010000001
692,18981,18.504781,320,8,0000000000100000000000000000000000000000000000000000000001001011
32617,18982,18.505024,1C4,8,0000101100001100000110110000000000000000000000000000000011111111
37857,12636,18.506662,0BA,5,1110000000101101010111000000000011011110
34712,18984,18.509263,380,8,0
3439,18987,18.511138,25,8,0000000001100011000000000000000100000000011001000000000011110101
23646,18988,18.51175,0AA,8,0010000111101110001000010100110000100001110100010010000100110000
37858,18950,18.514152,0BA,5,1100011000000000000000000000000010111110
8823,18990,18.515438,260,8,0000000000000000000000000000000000000000000001001110101101011001
3440,18992,18.520104,25,8,0000000001100100000000000000000110100000011001000000000010010110
29160,18994,18.520605,24,8,0000001001001010000000011110110001000010010000001000000001100111
23647,18995,18.520832,0AA,8,0010000111101110001000010100101100100001110011010010000100101000
37859,6333,18.521642,0BA,5,0010100100000000000000000000011100101011
19516,18996,18.521753,0B4,8,0000000000000000000000000000000010111100000001110000001010000001
32618,19000,18.524948,1C4,8,0000101100100001000110110000000000000000000000000000000000010100
17204,19002,18.525753,226,8,0000000000000000000100000000000000000000000000000000000000000000
11905,19003,18.528746,2C1,8,0000000011111111010011011111111011100100110000000000110011000101
37860,12656,18.529131,0BA,5,0100111100000000000000000000000000101110
3441,19005,18.530078,25,8,0000000001100100000000000000000101010000011011100000000001010000
14895,19006,18.530734,1C6,8,0000000000000000100000000000001010000010000101110000000000000000
23648,19007,18.530959,0AA,8,0010000111110010001000010100101100100001110100010010000100101010
8824,19009,18.53543,260,8,0000000000000000000000000000000000000000000001010001011110000110
37861,12659,18.536621,0BA,5,1110000000101101010111000000000011011110
3442,19013,18.540089,25,8,0000000001100101000000000000000100000000011001000000000011110111
29161,19015,18.540496,24,8,0000001001001100000000011110110101000010010000101000000001101100
23649,19016,18.540722,0AA,8,0010000111110110001000010100110000100001110010010010000100100011
19517,19017,18.541718,0B4,8,0000000000000000000000000000000011000000000001110000001010000101
37862,18979,18.54411,0BA,5,1100011000000000000000000000000010111110
32619,19019,18.544757,1C4,8,0000101100110100000110110000000000000000000000000000000000100111
13848,19021,18.547333,4C6,8,0000011100000000000000110000000000000000000000000000000000000000
3443,19023,18.550041,25,8,0000000001100110000000000000000110100000010110100000000010001110
23650,19024,18.550716,0AA,8,0010000111110111001000010100101000100001110100010010000100100100
37863,6345,18.5516,0BA,5,0010100100000000000000000000010000101000
17205,19028,18.553705,226,8,0000000000000000000100000000000000000000000000000000000000000000
13595,19029,18.554424,4DD,8,0001111000000000000000000000000000000000000000000000000000000000
693,19030,18.554701,320,8,0000000000100000000000000000000000000000000000000000000001001011
8825,19031,18.555382,260,8,0000000000000000000000000000000000000000000001001101010001000010
11906,19032,18.55869,2C1,8,0000000011111111011101001111111011110111110000000000111000000001
37864,12671,18.559089,0BA,5,0100111100000000000000000000000000101110
3444,19034,18.560028,25,8,0000000001100110000000000000000101000000011001000000000000111000
29162,19035,18.56044,24,8,0000001001001101000000011111000101000010010000111000000001110010
14896,19036,18.560696,1C6,8,0000000000000000100000000000001001111111000101110000000000000000
23651,19037,18.560922,0AA,8,0010000111110100001000010100100100100001110011110010000100100110
19518,19038,18.561688,0B4,8,0000000000000000000000000000000011000000000001110000001010000101
32620,19042,18.56489,1C4,8,0000101101000111000110110000000000000000000000000000000000111010
37865,12677,18.566579,0BA,5,1110000000101101011100000000000011110010
3445,19046,18.570023,25,8,0000000001100111000000000000000111100000010110100000000011001111
23652,19047,18.57069,0AA,8,0010000111110011001000010100010100100001110010000010000100011101
37866,19008,18.574068,0BA,5,1100011000000000000000000000000010111110
31432,19048,18.574377,44D,8,0100001000000010000000000000000000000001000000000000000000000000
35317,323,18.575307,386,7,01001110000000000000000000000000000000000000000010110001
8826,19050,18.575311,260,8,0000000000000000000000000000000000000000000001001011111000101100
13377,19051,18.575497,394,3,0
3446,19053,18.579995,25,8,0000000001101000000000000000000110010000011001000000000010001010
29163,19054,18.580401,24,8,0000001001001111000000011111011001000010010000111000000001111001
23653,19055,18.580673,0AA,8,0010000111110111001000010100010000100001110011000010000100011111
37867,6352,18.581558,0BA,5,0010100100000000000000000000011100101011
19519,19056,18.581654,0B4,8,0000000000000000000000000000000011000100000001110000001010001001
32621,19060,18.584837,1C4,8,0000101101001000000110110000000000000000000000000000000000111011
17206,19062,18.585653,226,8,0000000000000000000100000000000000000000000000000000000000000000
11907,19064,18.588655,2C1,8,0000000011111111101010101111111100111010110000000000111001111011
37868,12696,18.589047,0BA,5,0100111100000000000000000000000000101110
3447,19066,18.589981,25,8,0000000001101000000000000000000101000000011011100000000001000100
14897,19067,18.590639,1C6,8,0000000000000000100000000000001010000000000101110000000000000000
23654,19068,18.590867,0AA,8,0010000111111000001000010100010100100001110010100010000100011100
122,19070,18.592644,3B7,8,1000
16419,19071,18.594713,3F9,8,0111010100011000000000100000001010000000000000000000000000010101
8827,19072,18.595262,260,8,0000000000000000000000000000000000000000000001001100100100110111
37869,12699,18.596537,0BA,5,1110000000101101010111000000000011011110
3448,19074,18.59999,25,8,0000000001101001000000000000000111110000011001000000000011101011
29164,19076,18.600401,24,8,0000001001010000000000011111011001000010010000101000000001111001
23655,19077,18.600626,0AA,8,0010000111110101001000010100011000100001110011100010000100010100
19520,19079,18.601623,0B4,8,0000000000000000000000000000000011000100000001101111110110000011
694,19082,18.603622,320,8,0000000000100000000000000000000000000000000000000000000001001011
37870,19040,18.604027,0BA,5,1100011000000000000000000000000010111110
14234,19083,18.604615,60.0,8,1010000100000000000000000000000000000000011100000000000000000000
32622,19084,18.604857,1C4,8,0000101101000111000110110000000000000000000000000000000000111010
3449,19087,18.609944,25,8,0000000001101010000000000000000110110000011011100000000010110110
23656,19088,18.610615,0AA,8,0010000111101111001000010100001000100001110010110010000100010111
37871,6369,18.611516,0BA,5,0010100100000000000000000000010000101000
11025,19090,18.612112,620,8,0001000000000000000000000000000000000000000000000000000000000000
17207,19092,18.613607,226,8,0000000000000000000100000000000000000000000000000000000000000000
8828,19094,18.615145,260,8,0000000000000000000000000000000000000000000001001100100100110111
11908,19096,18.618781,2C1,8,0000000011111111110110101111111101110000110000000000111011100001
37872,12717,18.619006,0BA,5,0100111100000000000000000000000000101110
3450,19098,18.619926,25,8,0000000001101010000000000000000101100000011011100000000001100110
29165,19099,18.620338,24,8,0000001001010010000000011111101001000010010000101000000001111111
14898,19100,18.620605,1C6,8,0000000000000000100000000000001010000000000101110000000000000000
23657,19101,18.620827,0AA,8,0010000111101011001000010011110100100001110010010010000100010000
19521,19102,18.621587,0B4,8,0000000000000000000000000000000011001000000001101111110110000111
7731,19105,18.624363,435,8,1000000000000101000001011111111111100000001111110000000000000011
32623,19106,18.624603,1C4,8,0000101101000011000110110000000000000000000000000000000000110110
37873,12721,18.626495,0BA,5,1110000000101101010111000000000011011110
3451,19109,18.629917,25,8,0000000001101011000000000000000100100000011011100000000000100111
23658,19110,18.630586,0AA,8,0010000111101010001000010011101100100001110001110010000100010000
10921,19111,18.631354,436,8,0
37874,19069,18.633985,0BA,5,1100011000000000000000000000000010111110
8829,19113,18.635122,260,8,0000000000000000000000000000000000000000000001001011111000101100
3452,19116,18.639897,25,8,0000000001101100000000000000000111110000011110000000000000000010
29166,19117,18.640334,24,8,0000001001010011000000011111100001000010010000101000000001111110
23659,19118,18.640567,0AA,8,0010000111101100001000010011101100100001110001110010000100001110
37875,6375,18.641474,0BA,5,0010100100000000000000000000011100101011
19522,19119,18.641557,0B4,8,0000000000000000000000000000000011001000000001101111011110000001
32624,19123,18.644739,1C4,8,0000101101000000000110110000000000000000000000000000000000110011
17208,19125,18.645552,226,8,0000000000000000000100000000000000000000000000000000000000000000
11909,19126,18.648558,2C1,8,0000000000000000000110011111111111011010110000000000111010001011
37876,12733,18.648964,0BA,5,0100111100000000000000000000000000101110
14899,19127,18.650546,1C6,8,0000000000000000100000000000001010000000000101110000000000000000
3453,19129,18.651129,25,8,0000000001101101000000000000000111100000011101000000000011101111
23660,19131,18.651536,0AA,8,0010000111101100001000010011101100100001110011010010000100001000
695,19133,18.653539,320,8,0000000000100000000000000000000000000000000000000000000001001011
8830,19134,18.65496,260,8,0000000000000000000000000000000000000000000001001000011011110100
37877,12736,18.656453,0BA,5,1110000000101101011001000000000011100110
13787,19135,18.659308,434,8,0100001000000000000000000000000000000000000000000000000000000000
3454,19137,18.659886,25,8,0000000001101110000000000000000110100000100010010000000011000101
29167,19139,18.66031,24,8,0000001001010100000000011111011001000010010000101000000001111101
23661,19140,18.660537,0AA,8,0010000111101011001000010011100000100001110010100010000100001000
19523,19141,18.661521,0B4,8,0000000000000000000000000000000011001100000001101111011110000101
37878,19104,18.663943,0BA,5,1100011000000000000000000000000010111110
32625,19144,18.664536,1C4,8,0000101100111111000110110000000000000000000000000000000000110010
34849,19147,18.665053,3C3,8,0100011000011110100100110100111011101110010110010000001110001000
28178,19148,18.666297,437,8,1111110011111111111111111111111111111111111111111111111111111111
3455,19151,18.669844,25,8,0000000001101110000000000000000101110000100000100000000010001110
23662,19152,18.670516,0AA,8,0010000111100111001000010011011100100001110001010010000100001100
37879,6385,18.671432,0BA,5,0010100100000000000000000000010000101000
17209,19155,18.673509,226,8,0000000000000000000100000000000000000000000000000000000000000000
8831,19156,18.674852,260,8,0000000000000000000000000000000000000000000001001011111000101100
11910,19157,18.678597,2C1,8,0000000000000000010011000000000000110000110000000000111000010101
37880,12757,18.678922,0BA,5,0100111100000000000000000000000000101110
3456,19159,18.679857,25,8,0000000001101111000000000000000101010000100000100000000001101111
29168,19160,18.680246,24,8,0000001001010101000000011111100001000010010000101000000010000000
23663,19161,18.680475,0AA,8,0010000111100111001000010011010100100001110001110010000100000100
14900,19162,18.680719,1C6,8,0000000000000000100000000000001010000000000101110000000000000000
14079,19163,18.680962,442,8,0100001100000010000000000000000000000010000000000000000000000000
19524,19164,18.681488,0B4,8,0000000000000000000000000000000011001100000001101111011110000101
34952,19168,18.684488,4C3,8,0000001100000000000000000000000100000000000000000000000000000000
32626,19169,18.684726,1C4,8,0000101100111111000110110000000000000000000000000000000000110010
37881,12759,18.686412,0BA,5,1110000000101101011000000000000011100010
3457,19172,18.68982,25,8,0000000001110000000000000000000100110000100000100000000001010000
23664,19173,18.690485,0AA,8,0010000111101000001000010011001100100001110010110010000100001100
37882,19132,18.693901,0BA,5,1100011000000000000000000000000010111110
8832,19175,18.69487,260,8,0000000000000000000000000000000000000000000001001011001100100001
35128,18951,18.695257,3D3,3,111001010000000000000110
3458,19177,18.699798,25,8,0000000001110001000000000000000100010000100000100000000000110001
29169,19178,18.700216,24,8,0000001001010110000000011111100001000010010000001000000001111111
23665,19180,18.700622,0AA,8,0010000111101100001000010011001000100001110011110010000100001101
37883,6395,18.701391,0BA,5,0010100100000000000000000000011100101011
19525,19181,18.701456,0B4,8,0000000000000000000000000000000011010000000001101111001010000100
32627,19186,18.704703,1C4,8,0000101101000010000110110000000000000000000000000000000000110101
17210,19188,18.705454,226,8,0000000000000000000100000000000000000000000000000000000000000000
696,19189,18.70645,320,8,0000000000100000000000000000000000000000000000000000000001001011
11911,19190,18.708461,2C1,8,0000000000000000011000110000000001010000110000000000111101001101
37884,12778,18.70888,0BA,5,0100111100000000000000000000000000101110
14901,19191,18.710482,1C6,8,0000000000000000100000000000001010000000000101110000000000000000
31259,19193,18.710898,4A6,8,0000000000000000000000000000000000000000000100010000000000000000
3459,19194,18.711137,25,8,0000000001110010000000000000000100100000100001010000000001000101
23666,19195,18.711426,0AA,8,0010000111101110001000010011010100100001110000110010000100001011
8833,19198,18.714743,260,8,0000000000000000000000000000000000000000000001000111101111101001
37885,12782,18.71637,0BA,5,1110000000101101011001000000000011100110
3460,19201,18.719797,25,8,0000000001110011000000000000000111010000011111010000000011101110
29170,19203,18.720211,24,8,0000001001010110000000011111100001000010010000001000000001111111
23667,19204,18.720434,0AA,8,0010000111101011001000010010111100100001110001000010000100001001
19526,19205,18.72142,0B4,8,0000000000000000000000000000000011010000000001101111001010000100
37886,19166,18.723859,0BA,5,1100011000000000000000000000000010111110
32628,19207,18.724437,1C4,8,0000101101001000000110110000000000000000000000000000000000111011
3461,19211,18.729748,25,8,0000000001110100000000000000000110110000100000100000000011010100
23668,19212,18.730419,0AA,8,0010000111101100001000010010111000100001110001000010000100001000
37887,6407,18.731349,0BA,5,0010100100000000000000000000010000101000
17211,19216,18.73341,226,8,0000000000000001000100000000000000000000000000000000000000000000
8834,19217,18.734708,260,8,0000000000000000000000000000000000000000000001001001110000001010
11912,19218,18.738408,2C1,8,0000000000000000011110010000000001100000110000000001000001110100
28022,19219,18.738798,6C0,8,1110010000000000000000001110000010000000000000000000000000000000
37888,12795,18.738838,0BA,5,0100111100000000000000000000000000101110
3462,19221,18.73976,25,8,0000000001110101000000000000000110010000100000100000000010110101
29171,19222,18.740152,24,8,0000001001011000000000011111100001000010010000101000000010000011
23669,19223,18.740378,0AA,8,0010000111110011001000010011001000100001110001010010000100001011
14902,19224,18.740621,1C6,8,0000000000000000100000000000001010000000000101110000000000000000
19527,19225,18.741393,0B4,8,0000000000000000000000000000000011010100000001101111001010001000
32629,19228,18.744406,1C4,8,0000101101001010000110110000000000000000000000000000000000111101
37889,12798,18.746328,0BA,5,1110000000101101011011000000000011101110
43701,19413,18.747844,3BB,5,0111000000000000000000001010001000000000
3463,19232,18.749741,25,8,0000000001110101000000000000000101010000011110000000000001101011
23670,19233,18.750391,0AA,8,0010000111110100001000010011001100100001110001000010000100001100
697,19234,18.751383,320,8,0000000000100000000000000000000000000000000000000000000001001011
37890,19196,18.753817,0BA,5,1100011000000000000000000000000010111110
8835,19235,18.754715,260,8,0000000000000000000000000000000000000000000001001011111000101100
3464,19237,18.759704,25,8,0000000001110110000000000000000100010000011011100000000000100010
29172,19238,18.760127,24,8,0000001001011001000000011111111101000010010001011000000010001110
23671,19239,18.760377,0AA,8,0010000111111001001000010011011000100001110000100010000100001010
37891,6415,18.761307,0BA,5,0010100100000000000000000000011100101011
19528,19240,18.761388,0B4,8,0000000000000000000000000000000011010100000001101111001010001000
32630,19244,18.764543,1C4,8,0000101101000111000110110000000000000000000000000000000000111010
17212,19246,18.76536,226,8,0000000000000000000100000000000000000000000000000000000000000000
11913,19249,18.768363,2C1,8,0000000000000000100110010000000010011100110000000001000111010001
37892,12818,18.768797,0BA,5,0100111100000000000000000000000000101110
13976,19251,18.769137,38E,8,0
3465,19253,18.769715,25,8,0000000001110111000000000000000111010000011011100000000011100011
14903,19254,18.770357,1C6,8,0000000000000000100000000000001010000000000101110000000000000000
23672,19255,18.770586,0AA,8,0010000111111001001000010011011000100001110010010010000100001101
8836,19257,18.77464,260,8,0000000000000000000000000000000000000000000001001011111000101100
37893,12820,18.776286,0BA,5,1110000000101101011001000000000011100110
21654,19258,18.779108,443,8,0100110100000010000000000010111100000110000000000000000000000000
3466,19261,18.779709,25,8,0000000001110111000000000000000101110000011001000000000001111001
29173,19262,18.780087,24,8,0000001001011010000000100000001101000010010010011000000010011000
23673,19263,18.780315,0AA,8,0010000111111011001000010011101100100001110010010010000100001001
19529,19264,18.781328,0B4,8,0000000000000000000000000000000011011000000001101111011110010001
37894,19227,18.783776,0BA,5,1100011000000000000000000000000010111110
32631,19267,18.784344,1C4,8,0000101100111111000110110000000000000000000000000000000000110010
43514,4856,18.785259,423,2,10101000001110
3467,19270,18.790682,25,8,0000000001111000000000000000000100110000011001000000000000111010
37895,6427,18.791265,0BA,5,0010100100000000000000000000010000101000
23674,19271,18.7913,0AA,8,0010000111111001001000010011110100100001110011100010000100001000
17213,19275,18.794315,226,8,0000000000000000000100000000000000000000000000000000000000000000
8837,19276,18.794582,260,8,0000000000000000000000000000000000000000000001001011001100100001
11914,19277,18.798307,2C1,8,0000000000000000101100110000000011010011110000000001000100100010
37896,12839,18.798755,0BA,5,0100111100000000000000000000000000101110
3468,19280,18.79965,25,8,0000000001111001000000000000000111000000010110000000000010111111
29174,19281,18.800062,24,8,0000001001011011000000100000001101000010010011001000000010011100
14904,19282,18.800328,1C6,8,0000000000000000100000000000001010000000000101110000000000000000
23675,19283,18.800556,0AA,8,0010001000000110001000010011101000100001110010000010000100001011
19530,19284,18.801302,0B4,8,0000000000000000000000000000000011011000000001101111110110010111
698,19287,18.804302,320,8,0000000000100000000000000000000000000000000000000000000001001011
32632,19288,18.80454,1C4,8,0000101100110101000110110000000000000000000000000000000000101000
37897,12842,18.806244,0BA,5,1110000000101101011001000000000011100110
3469,19291,18.809629,25,8,0000000001111001000000000000000101000000010100000000000000110111
23676,19292,18.8103,0AA,8,0010001000000001001000010011101000100001110011110010000100000101
37898,19256,18.813734,0BA,5,1100011000000000000000000000000010111110
8838,19294,18.814543,260,8,0000000000000000000000000000000000000000000001001100100100110111
3470,19297,18.81961,25,8,0000000001111010000000000000000111010000010100000000000011001000
29175,19298,18.820029,24,8,0000001001011101000000100000001101000010010011101000000010100000
23677,19299,18.820283,0AA,8,0010001000001000001000010011110000100001110100010010000100001001
37899,6434,18.821223,0BA,5,0010100100000000000000000000011100101011
19531,19300,18.821264,0B4,8,0000000000000000000000000000000011011100000001101111110110011011
32633,19304,18.824449,1C4,8,0000101100100111000110110000000000000000000000000000000000011010
17214,19306,18.825264,226,8,0000000000000000000100000000000000000000000000000000000000000000
11915,19307,18.828349,2C1,8,0000000000000000110011000000000011111001110000000001000101100001
37900,12856,18.828713,0BA,5,0100111100000000000000000000000000101110
13721,19308,18.829045,3A5,8,100000000
11243,19310,18.829466,4C8,8,0000100100000000000000000000000000000000000000000000000000000000
3471,19311,18.829704,25,8,0000000001111010000000000000000101010000010100000000000001001000
14905,19312,18.830264,1C6,8,0000000000000000100000000000001010000000000101110000000000000000
23678,19313,18.83049,0AA,8,0010001000001010001000010011110100100001110011000010000100001000
8839,19317,18.834515,260,8,0000000000000000000000000000000000000000000001001110000001001110
37901,12861,18.836202,0BA,5,1110000000101101011100000000000011110010
3472,19320,18.839612,25,8,0000000001111011000000000000000111010000010001100000000010111111
29176,19321,18.840024,24,8,0000001001011110000000100000100001000010010100001000000010101000
23679,19322,18.840252,0AA,8,0010001000001011001000010011111100100001110011010010000100001000
19532,19323,18.841236,0B4,8,0000000000000000000000000000000011011100000001110000001010100001
7811,19325,18.842624,610,8,0010000000000000000100100110010011000000000000000000100101000000
37902,19286,18.843692,0BA,5,1100011000000000000000000000000010111110
16420,19326,18.843979,3F9,8,0111010100011000000000100000001010000000000000000000000000010101
32634,19327,18.844257,1C4,8,0000101100010111000110110000000000000000000000000000000000001010
3473,19331,18.850591,25,8,0000000001111011000000000000000101000000001111110000000000101000
37903,6444,18.851182,0BA,5,0010100100000000000000000000010000101000
23680,19332,18.851207,0AA,8,0010001000001010001000010100010000100001110101100010000100001100
17215,19335,18.854223,226,8,0000000000000000000100000000000000000000000000000000000000000000
8840,19336,18.854464,260,8,0000000000000000000000000000000000000000000001001111011001100100
31329,19337,18.854703,640,8,1010100000000000000000000011011100000001110111100000000000000000
699,19338,18.855219,320,8,0000000000100000000000000000000000000000000000000000000001001011
11916,19340,18.858221,2C1,8,0000000000000000111100000000000101101001110000000001000111110110
37904,12879,18.858671,0BA,5,0100111100000000000000000000000000101110
35015,19341,18.859,413,8,0000000100000001000000010000100100000000000000000000000000000000
3474,19343,18.859579,25,8,0000000001111100000000000000000110110000010000100000000010011100
29177,19344,18.860004,24,8,0000001001011111000000100000100001000010010100011000000010101010
23681,19345,18.86023,0AA,8,0010001000001101001000010100010100100001110101000010000100001001
14906,19346,18.860473,1C6,8,0000000000000000100000000000001010000000000101110000000000000000
19533,19347,18.861203,0B4,8,0000000000000000000000000000000011100000000001110000100010101011
32635,19352,18.864408,1C4,8,0000101100001001000110110000000000000000000000000000000011111100
37905,12881,18.866161,0BA,5,1110000000101101011001000000000011100110
3475,19355,18.869536,25,8,0000000001111100000000000000000100010000001111000000000011110110
23682,19356,18.870209,0AA,8,0010001000010000001000010100000100100001110101110010000100000111
37906,19315,18.87365,0BA,5,1100011000000000000000000000000010111110
8841,19357,18.87435,260,8,0000000000000000000000000000000000000000000001010001011110000110
13378,19358,18.874531,394,3,0
3476,19360,18.879512,25,8,0000000001111100000000000000000101110000001111000000000001010110
29178,19361,18.879938,24,8,0000001001100001000000100000010101000010010100011000000010101001
23683,19362,18.880189,0AA,8,0010001000010001001000010100001000100001110110000010000100001110
37907,6453,18.88114,0BA,5,0010100100000000000000000000011100101011
19534,19364,18.881171,0B4,8,0000000000000000000000000000000011100100000001110000100010101111
31433,19367,18.883338,44D,8,0100001000000010000000000000000000000001000000000000000000000000
32636,19369,18.884358,1C4,8,0000101011111100000110110000000000000000000000000000000011101110
17216,19371,18.885171,226,8,0000000000000000000100000000000000000000000000000000000000000000
11917,19372,18.8883,2C1,8,0000000000000001000000000000000110000011110000000001000100100001
37908,12899,18.888629,0BA,5,0100111100000000000000000000000000101110
3477,19374,18.889507,25,8,0000000001111101000000000000000111100000001111000000000011000111
14907,19375,18.89017,1C6,8,0000000000000000100000000000001001111111000101110000000000000000
23684,19376,18.890398,0AA,8,0010001000001111001000010100000100100001110111100010000100001110
123,19378,18.892166,3B7,8,1000
16299,19379,18.893501,4C1,8,0000000100000000000000010000000100000000000000000000000000000000
8842,19380,18.894132,260,8,0000000000000000000000000000000000000000000001010000000101110000
37909,12902,18.896119,0BA,5,1110000000101101011101000000000011110110
3478,19385,18.899519,25,8,0000000001111101000000000000000101000000001111000000000000100111
29179,19386,18.899907,24,8,0000001001100010000000100000010101000010010100011000000010101010
23685,19387,18.90013,0AA,8,0010001000010001001000010100001000100001110111100010000100001011
19535,19388,18.901137,0B4,8,0000000000000000000000000000000011100100000001110000111010110101
700,19390,18.903141,320,8,0000000000100000000000000000000000000000000000000000000001001011
37910,19349,18.903608,0BA,5,1100011000000000000000000000000010111110
32637,19391,18.904163,1C4,8,0000101011101000000110110000000000000000000000000000000011011010
3479,19394,18.909474,25,8,0000000001111110000000000000000110110000001111000000000010011000
23686,19395,18.910141,0AA,8,0010001000010010001000010100000100100001111001110010000100010001
37911,6468,18.911098,0BA,5,0010100100000000000000000000010000101000
11026,19397,18.911492,620,8,0001000000000000000000000000000000000000000000000000000000000000
17217,19400,18.913214,226,8,0000000000000000000100000000000000000000000000000000000000000000
8843,19402,18.91433,260,8,0000000000000000000000000000000000000000000001010001011110000110
11918,19403,18.918273,2C1,8,0000000000000001000110010000000110011100110000000001000101010011
37912,12914,18.918587,0BA,5,0100111100000000000000000000000000101110
3480,19405,18.919454,25,8,0000000001111110000000000000000100010000001111000000000011111000
29180,19406,18.919878,24,8,0000001001100011000000100000010101000010010100001000000010101010
23687,19407,18.920124,0AA,8,0010001000010110001000010100010000100001111001010010000100010010
14908,19408,18.920451,1C6,8,0000000000000000100000000000001001111111000101110000000000000000
19536,19409,18.921112,0B4,8,0000000000000000000000000000000011101000000001110000111010111001
32638,19414,18.924128,1C4,8,0000101011100011000110110000000000000000000000000000000011010101
37913,12917,18.926077,0BA,5,1110000000101101011011000000000011101110
3481,19418,18.929566,25,8,0000000001111110000000000000000101110000001111000000000001011000
23688,19419,18.930111,0AA,8,0010001000011001001000010100000100100001111001100010000100010111
37914,19377,18.933566,0BA,5,1100011000000000000000000000000010111110
8844,19420,18.934076,260,8,0000000000000000000000000000000000000000000001001111011001100100
3482,19422,18.93942,25,8,0000000001111111000000000000000111110000010001100000000011100011
29181,19423,18.939845,24,8,0000001001100100000000100000010101000010010011001000000010100111
23689,19424,18.940096,0AA,8,0010001000011001001000010100000100100001111010100010000100010100
37915,6473,18.941056,0BA,5,0010100100000000000000000000011100101011
19537,19425,18.941077,0B4,8,0000000000000000000000000000000011101000000001110000111010111001
32639,19430,18.944263,1C4,8,0000101011100001000110110000000000000000000000000000000011010011
17218,19432,18.945075,226,8,0000000000000000000100000000000000000000000000000000000000000000
27817,19434,18.946068,420,8,0000000000000000000000000000000011111111000000001000000010101011
11919,19435,18.948161,2C1,8,0000000000000001001100110000000110100110110000000001000101110111
37916,12938,18.948546,0BA,5,0100111100000000000000000000000000101110
3483,19437,18.949404,25,8,0000000001111111000000000000000101010000001111000000000000111001
14909,19438,18.950078,1C6,8,0000000000000000100000000000001001111111000101110000000000000000
23690,19439,18.950309,0AA,8,0010001000010110001000010100000000100001111011010010000100010001
701,19441,18.952063,320,8,0000000000100000000000000000000000000000000000000000000001001011
8845,19442,18.953973,260,8,0000000000000000000000000000000000000000000001001101010001000010
35129,2381,18.954913,3D3,3,011011000001001000000000
37917,12941,18.956035,0BA,5,1110000000101101011101000000000011110110
3484,19445,18.959577,25,8,0000000010000000000000000000000111100000010010000000000011010110
29182,19446,18.95984,24,8,0000001001100101000000100000000001000010010010101000000010100001
23691,19447,18.960069,0AA,8,0010001000010110001000010100000100100001111100000010000100010101
19538,19448,18.961044,0B4,8,0000000000000000000000000000000011101100000001110000111010111101
37918,19412,18.963525,0BA,5,1100011000000000000000000000000010111110
7611,19453,18.963625,3BC,8,0
32640,19454,18.964075,1C4,8,0000101011100010000110110000000000000000000000000000000011010100
3485,19457,18.969375,25,8,0000000010000000000000000000000100110000001101110000000000010101
23692,19458,18.970048,0AA,8,0010001000010110001000010100000100100001111011010010000100010000
37919,6486,18.971014,0BA,5,0010100100000000000000000000010000101000
17219,19461,18.973037,226,8,0000000000000000000100000000000000000000000000000000000000000000
8846,19462,18.97392,260,8,0000000000000000000000000000000000000000000001001110101101011001
43417,112,18.974812,3000000.0,6,110000010000101110111100000000010000000000000000
11920,19463,18.978038,2C1,8,0000000000000001010000000000000110001100110000000001000101101010
37920,12963,18.978504,0BA,5,0100111100000000000000000000000000101110
3486,19466,18.979394,25,8,0000000010000001000000000000000110100000001111000000000010001011
29183,19467,18.97979,24,8,0000001001100101000000011111111101000010010010101000000010011111
23693,19468,18.980015,0AA,8,0010001000010111001000010100000100100001111011000010000100010001
14910,19469,18.980255,1C6,8,0000000000000000100000000000001001111111000101110000000000000000
14080,19470,18.980498,442,8,0100001100000010000000000000000000000010000000000000000000000000
19539,19471,18.981015,0B4,8,0000000000000000000000000000000011101100000001110000111010111101
32641,19474,18.98404,1C4,8,0000101011100111000110110000000000000000000000000000000011011001
37921,12967,18.985993,0BA,5,1110000000101101011100000000000011110010
27878,19477,18.988459,4DC,8,0001110100000000000000000000000000000000000000000000000000000000
3487,19479,18.989349,25,8,0000000010000001000000000000000100000000001111000000000011101011
23694,19480,18.990019,0AA,8,0010001000011001001000010011110100100001111110000010000100001101
37922,19440,18.993483,0BA,5,1100011000000000000000000000000010111110
8847,19481,18.993858,260,8,0000000000000000000000000000000000000000000001001110000001001110
3488,19485,18.999327,25,8,0000000010000001000000000000000101100000001111000000000001001011
29184,19486,18.99976,24,8,0000001001100110000000011111110101000010010011001000000010100000
23695,19487,18.999998,0AA,8,0010001000010111001000010011110100100001111101000010000100001101
37923,6495,19.000972,0BA,5,0010100100000000000000000000011100101011
19540,19488,19.000988,0B4,8,0000000000000000000000000000000011110000000001110000111011000001
31588,19490,19.002901,633,8,1000000100000000000000000000000000000000000000000000000000000000
32642,19493,19.00417,1C4,8,0000101011101110000110110000000000000000000000000000000011100000
17220,19495,19.004982,226,8,0000000000000000000100000000000000000000000000000000000000000000
702,19496,19.005978,320,8,0000000000100000000000000000000000000000000000000000000001001011
11921,19497,19.008008,2C1,8,0000000000000001010100000000000101101001110000000001000101010111
37924,12979,19.008462,0BA,5,0100111100000000000000000000000000101110
1542,19499,19.00878,6F3,8,0010000000000000000000000000000000000000000000000000000000000000
3489,19501,19.00936,25,8,0000000010000010000000000000000111010000001101100000000010110110
14911,19502,19.009989,1C6,8,0000000000000000100000000000001001111111000101110000000000000000
23696,19503,19.010219,0AA,8,0010001000011001001000010011111100100001111101110010000100010010
8848,19507,19.013856,260,8,0000000000000000000000000000000000000000000001001011111000101100
37925,12982,19.015951,0BA,5,1110000000101101011001000000000011100110
3490,19510,19.019323,25,8,0000000010000010000000000000000100010000001100100000000011110010
29185,19511,19.019731,24,8,0000001001100110000000011111110101000010010011001000000010100000
23697,19512,19.019962,0AA,8,0010001000011010001000010011111100100001111101110010000100001111
19541,19513,19.020956,0B4,8,0000000000000000000000000000000011110000000001110000111011000001
11183,19515,19.022434,39A,8,0000000000000000000000000000000100000000000000000000000000000000
13535,19516,19.023312,399,8,0000000000000000000000000000000000000000111111110000000000000000
37926,19473,19.023441,0BA,5,1100011000000000000000000000000010111110
32643,19517,19.023985,1C4,8,0000101011110101000110110000000000000000000000000000000011100111
3491,19522,19.029294,25,8,0000000010000010000000000000000101010000001010010000000000101001
23698,19523,19.029956,0AA,8,0010001000011100001000010100000100100001111111100010000100001101
37927,6505,19.030931,0BA,5,0010100100000000000000000000010000101000
17221,19526,19.032942,226,8,0000000000000000000100000000000000000000000000000000000000000000
8849,19527,19.033825,260,8,0000000000000000000000000000000000000000000001001100100100110111
28023,19528,19.037813,6C0,8,1110010000000000000000001110000010000000000000000000000000000000
11922,19529,19.038049,2C1,8,0000000000000001011001100000000101011100110000000001000101100000
37928,13000,19.03842,0BA,5,0100111100000000000000000000000000101110
3492,19532,19.039291,25,8,0000000010000011000000000000000110100000001010010000000001111010
29186,19533,19.039725,24,8,0000001001100110000000011111101101000010010011001000000010011110
23699,19534,19.039954,0AA,8,0010001000011110001000010100010000100001111111100010000100010000
14912,19535,19.040194,1C6,8,0000000000000000100000000000001001111111000101110000000000000000
19542,19536,19.040922,0B4,8,0000000000000000000000000000000011110100000001110000111011000101
19,19539,19.043714,3B1,8,0000000000000000000000100000101000000000000010000000000000000000
32644,19541,19.044137,1C4,8,0000101011111110000110110000000000000000000000000000000011110000
43702,643,19.045429,3BB,5,1011101100000000000000000000000000100110
37929,13003,19.04591,0BA,5,1110000000101101011011000000000011101110
3493,19544,19.049257,25,8,0000000010000011000000000000000111010000001000010000000010100010
23700,19545,19.049927,0AA,8,0010001000011110001000010100001000100001111101110010000100001111
703,19546,19.05091,320,8,0000000000100000000000000000000000000000000000000000000001001011
37930,19504,19.053399,0BA,5,1100011000000000000000000000000010111110
8850,19548,19.053759,260,8,0000000000000000000000000000000000000000000001001011001100100001
3494,19550,19.059238,25,8,0000000010000011000000000000000100000000001000010000000011010010
29187,19551,19.059704,24,8,0000001001100111000000011111101101000010010011001000000010011111
23701,19552,19.059932,0AA,8,0010001000011110001000010100000100100001111101110010000100010001
37931,6517,19.060889,0BA,5,0010100100000000000000000000011100101011
19543,19554,19.060893,0B4,8,0000000000000000000000000000000011110100000001110000111011000101
32645,19558,19.064074,1C4,8,0000101100000111000110110000000000000000000000000000000011111010
17222,19560,19.06489,226,8,0000000000000000000100000000000000000000000000000000000000000000
11923,19562,19.067916,2C1,8,0000000000000001011100000000000101000000110000000001000101001110
37932,13024,19.068378,0BA,5,0100111100000000000000000000000000101110
14913,19564,19.069899,1C6,8,0000000000000000100000000000001001111111000101110000000000000000
3495,19566,19.070479,25,8,0000000010000011000000000000000100110000001000010000000000000010
23702,19567,19.070863,0AA,8,0010001000100000001000010100010000100001111111000010000100010001
8851,19569,19.073688,260,8,0000000000000000000000000000000000000000000001001101010001000010
37933,13028,19.075868,0BA,5,1110000000101101011000000000000011100010
21655,19572,19.078767,443,8,0100110100000010000000000010111100000110000000000000000000000000
3496,19574,19.079345,25,8,0000000010000011000000000000000101010000000110100000000000011011
29188,19575,19.079636,24,8,0000001001100111000000011111101101000010010011101000000010100001
23703,19576,19.079864,0AA,8,0010001000100001001000010100011000100001111111010010000100001110
19544,19577,19.080859,0B4,8,0000000000000000000000000000000011111000000001110001001111001110
37934,19538,19.083357,0BA,5,1100011000000000000000000000000010111110
32646,19579,19.083892,1C4,8,0000101100001110000110110000000000000000000000000000000000000001
3497,19582,19.089186,25,8,0000000010000100000000000000000110010000000110100000000001011100
23704,19583,19.089857,0AA,8,0010001000100101001000010100010100100001111111000010000100001111
37935,6528,19.090847,0BA,5,0010100100000000000000000000010000101000
17223,19587,19.092847,226,8,0000000000000000000100000000000000000000000000000000000000000000
8852,19589,19.093686,260,8,0000000000000000000000000000000000000000000001001101010001000010
16421,19590,19.093966,3F9,8,0111010100011000000000100000001010000000000000000000000000010101
11924,19591,19.097893,2C1,8,0000000000000001011111000000000101000000110000000001000101011010
37936,13040,19.098336,0BA,5,0100111100000000000000000000000000101110
3498,19594,19.099182,25,8,0000000010000100000000000000000110100000000101010000000001100111
29189,19595,19.099607,24,8,0000001001101000000000011111110101000010010011101000000010100100
23705,19596,19.099843,0AA,8,0010001000100111001000010100011000100001111110110010000100010010
14914,19597,19.100083,1C6,8,0000000000000000100000000000001001111111000101110000000000000000
19545,19598,19.100826,0B4,8,0000000000000000000000000000000011111000000001110001001111001110
704,19601,19.103826,320,8,0000000000100000000000000000000000000000000000000000000001001011
32647,19602,19.104065,1C4,8,0000101100010111000110110000000000000000000000000000000000001010
37937,13044,19.105826,0BA,5,1110000000101101011000000000000011100010
3499,19605,19.109152,25,8,0000000010000100000000000000000111000000000101000000000010000110
23706,19607,19.10983,0AA,8,0010001000101000001000010100010000100001111101110010000100010111
37938,19568,19.113316,0BA,5,1100011000000000000000000000000010111110
8853,19609,19.113561,260,8,0000000000000000000000000000000000000000000001001011001100100001
3500,19612,19.119159,25,8,0000000010000100000000000000000111010000000101000000000010010110
29190,19613,19.11958,24,8,0000001001101000000000011111110101000010010011001000000010100010
23707,19614,19.119814,0AA,8,0010001000100111001000010100011000100001111111000010000100011001
43515,18866,19.120711,423,2,1000100000000
19546,19615,19.120796,0B4,8,0000000000000000000000000000000011111100000001110001100111011000
37939,6533,19.120805,0BA,5,0010100100000000000000000000011100101011
32648,19619,19.123981,1C4,8,0000101100100111000110110000000000000000000000000000000000011010
17224,19621,19.124797,226,8,0000000000000000000100000000000000000000000000000000000000000000
11925,19623,19.127825,2C1,8,0000000000000001100010010000000100110110110000000001000101011101
37940,13062,19.128295,0BA,5,0100111100000000000000000000000000101110
13295,19624,19.128579,30000000.0,7,0
14915,19626,19.129984,1C6,8,0000000000000000100000000000001001111111000101110000000000000000
3501,19627,19.130221,25,8,0000000010000100000000000000000111100000000100000000000010100010
23708,19628,19.13077,0AA,8,0010001000101011001000010100011100100001111111000010000100010001
8854,19630,19.133391,260,8,0000000000000000000000000000000000000000000001001011001100100001
37941,13064,19.135784,0BA,5,1110000000101101011010000000000011101010
3502,19633,19.13914,25,8,0000000010000100000000000000000111110000000011000000000010101110
29191,19634,19.139547,24,8,0000001001101001000000011111101101000010010001111000000010011100
23709,19635,19.139775,0AA,8,0010001000101011001000010100110000100001111110110010000100010101
19547,19636,19.140768,0B4,8,0000000000000000000000000000000011111100000001110001100111011000
37942,19600,19.143274,0BA,5,1100011000000000000000000000000010111110
32649,19639,19.143807,1C4,8,0000101100101110000110110000000000000000000000000000000000100001
3503,19642,19.149095,25,8,0000000010000100000000000000000111110000000010100000000010101100
23710,19643,19.149768,0AA,8,0010001000110000001000010100111000100001111111000010000100010101
37943,6550,19.150763,0BA,5,0010100100000000000000000000010000101000
17225,19646,19.152758,226,8,0000000000000000000100000000000000000000000000000000000000000000
8855,19647,19.153303,260,8,0000000000000000000000000000000000000000000001001001110000001010
705,19648,19.153754,320,8,0000000000100000000000000000000000000000000000000000000001001011
11926,19650,19.157765,2C1,8,0000000000000001100101100000000100111100110000000001000101110000
37944,13083,19.158253,0BA,5,0100111100000000000000000000000000101110
27946,19652,19.158601,300000000.0,8,0
3504,19654,19.159178,25,8,0000000010000100000000000000000100000000000010010000000010111011
29192,19655,19.159528,24,8,0000001001101010000000011111110101000010010001111000000010011111
23711,19656,19.15976,0AA,8,0010001000101111001000010100101000100001111110000010000100010011
14916,19657,19.159999,1C6,8,0000000000000000100000000000001001111111000101110000000000000000
19548,19658,19.160735,0B4,8,0000000000000000000000000000000000000000000001110001111111100010
32650,19662,19.163936,1C4,8,0000101100110011000110110000000000000000000000000000000000100110
34850,19664,19.164366,3C3,8,0100011000011110100100110100111011101110010110010000001110001000
37945,13086,19.165742,0BA,5,1110000000101101011010000000000011101010
3505,19666,19.16906,25,8,0000000010000100000000000000000100010000000010010000000011001011
23712,19667,19.169734,0AA,8,0010001000101111001000010100011100100001111110010010000100010101
37946,19629,19.173232,0BA,5,1100011000000000000000000000000010111110
8856,19668,19.173284,260,8,0000000000000000000000000000000000000000000001000111101111101001
13379,19669,19.173439,394,3,0
35318,6197,19.174511,386,7,10100100000000000000000000000000000000000000000010000000
3506,19672,19.179069,25,8,0000000010000100000000000000000100100000000010010000000011011011
29193,19673,19.179487,24,8,0000001001101011000000011111111101000010010001111000000010100010
23713,19674,19.179715,0AA,8,0010001000110000001000010100100100100001111111010010000100010100
19549,19676,19.180702,0B4,8,0000000000000000000000000000000000000000000001110001111111100010
37947,6556,19.180721,0BA,5,0010100100000000000000000000011100101011
31434,19678,19.182304,44D,8,0100001000000010000000000000000000000001000000000000000000000000
32651,19681,19.183885,1C4,8,0000101100111000000110110000000000000000000000000000000000101011
17226,19683,19.184703,226,8,0000000000000000000100000000000000000000000000000000000000000000
11927,19684,19.187764,2C1,8,0000000000000001101000110000000101010011110000000001000110010100
37948,13100,19.188211,0BA,5,0100111100000000000000000000000000101110
27926,19685,19.188574,3000000000.0,8,0
3507,19687,19.189082,25,8,0000000010000100000000000000000100100000000010010000000011011011
23714,19688,19.189703,0AA,8,0010001000110010001000010100100100100001111111010010000100010001
14917,19689,19.189942,1C6,8,0000000000000000100000000000001001111111000101110000000000000000
124,19692,19.191693,3B7,8,1000
8857,19693,19.193224,260,8,0000000000000000000000000000000000000000000001001000011011110100
37949,13103,19.195701,0BA,5,1110000000101101011011000000000011101110
3508,19697,19.19901,25,8,0000000010000100000000000000000100110000000010010000000011101011
29194,19698,19.199458,24,8,0000001001101100000000011111111101000010010010011000000010100101
23715,19699,19.199686,0AA,8,0010001000110100001000010100101100100001111111110010000100010110
19550,19700,19.200679,0B4,8,0000000000000000000000000000000000000100000001110001111111100110
706,19702,19.202674,320,8,0000000000100000000000000000000000000000000000000000000001001011
37950,19660,19.20319,0BA,5,1100011000000000000000000000000010111110
32652,19703,19.20371,1C4,8,0000101100111100000110110000000000000000000000000000000000101111
3509,19707,19.210025,25,8,0000000010000100000000000000000100110000000010000000000011101010
23716,19708,19.210643,0AA,8,0010001000110010001000010100110100100001111111000010000100010011
37951,6567,19.21068,0BA,5,0010100100000000000000000000010000101000
7672,19709,19.210885,611,8,0010000100000000000000000001000000000000000000000011110101101100
8858,19712,19.21315,260,8,0000000000000000000000000000000000000000000001000111101111101001
17227,19713,19.213655,226,8,0000000000000000000100000000000000000000000000000000000000000000
35130,19482,19.21457,3D3,3,111001010000000110100011
11928,19715,19.217673,2C1,8,0000000000000001101100000000000101101100110000000001000110111010
37952,13121,19.218169,0BA,5,0100111100000000000000000000000000101110
3510,19717,19.219023,25,8,0000000010000100000000000000000101000000000001110000000011111001
29195,19718,19.219432,24,8,0000001001101100000000100000000001000010010010101000000010101000
23717,19719,19.219656,0AA,8,0010001000110001001000010100111100100010000000110010000100010111
14918,19720,19.219895,1C6,8,0000000000000000100000000000001001111111000101110000000000000000
19551,19721,19.220643,0B4,8,0000000000000000000000000000000000000100000001110001111111100110
11027,19725,19.222856,620,8,0001000000000000000000000000000000000000000000000000000000000000
32653,19726,19.223686,1C4,8,0000101101000000000110110000000000000000000000000000000000110011
37953,13123,19.225659,0BA,5,1110000000101101011011000000000011101110
3511,19730,19.228972,25,8,0000000010000100000000000000000101000000000001100000000011111000
23718,19731,19.229643,0AA,8,0010001000110100001000010101000000100010000000010010000100011000
8859,19732,19.233083,260,8,0000000000000000000000000000000000000000000001000111101111101001
37954,19690,19.233148,0BA,5,1100011000000000000000000000000010111110
3512,19734,19.238947,25,8,0000000010000100000000000000000101010000000001010000000000000111
29196,19735,19.239425,24,8,0000001001101100000000100000000001000010010011001000000010101010
23719,19736,19.239656,0AA,8,0010001000110101001000010101000100100010000001100010000100010011
19552,19738,19.24061,0B4,8,0000000000000000000000000000000000001000000001110010010011101111
37955,6578,19.240638,0BA,5,0010100100000000000000000000011100101011
32654,19742,19.24379,1C4,8,0000101101000011000110110000000000000000000000000000000000110110
17228,19745,19.244607,226,8,0000000000000000000100000000000000000000000000000000000000000000
11929,19746,19.247675,2C1,8,0000000000000001101100110000000101110110110000000001000111000111
37956,13145,19.248127,0BA,5,0100111100000000000000000000000000101110
3513,19748,19.248937,25,8,0000000010000100000000000000000101010000000001010000000000000111
23720,19749,19.249608,0AA,8,0010001000110110001000010101001000100010000000110010000100011100
14919,19750,19.249848,1C6,8,0000000000000000100000000000001001111111000101100000000000000000
707,19752,19.2516,320,8,0000000000100000000000000000000000000000000000000000000001001011
8860,19753,19.253086,260,8,0000000000000000000000000000000000000000000001000111101111101001
37957,13148,19.255617,0BA,5,1110000000101101011101000000000011110110
3514,19757,19.258946,25,8,0000000010000100000000000000000101010000000001010000000000000111
29197,19758,19.259402,24,8,0000001001101100000000100000000001000010010011101000000010101100
23721,19759,19.259629,0AA,8,0010001000110101001000010101010100100010000001000010000100011001
19553,19760,19.260578,0B4,8,0000000000000000000000000000000000001000000001110010010011101111
37958,19724,19.263106,0BA,5,1100011000000000000000000000000010111110
32655,19763,19.263623,1C4,8,0000101101000011000110110000000000000000000000000000000000110110
3515,19766,19.268909,25,8,0000000010000100000000000000000101010000000001010000000000000111
23722,19767,19.269579,0AA,8,0010001000110100001000010101011000100010000010000010000100010110
37959,6590,19.270596,0BA,5,0010100100000000000000000000010000101000
17229,19770,19.272596,226,8,0000000000000000000100000000000000000000000000000000000000000000
8861,19772,19.273099,260,8,0000000000000000000000000000000000000000000001001000011011110100
11930,19773,19.277582,2C1,8,0000000000000001101111000000000110001001110000000001000111100011
37960,13161,19.278085,0BA,5,0100111100000000000000000000000000101110
3516,19775,19.278895,25,8,0000000010000100000000000000000101100000000001010000000000010111
29198,19776,19.279334,24,8,0000001001101011000000100000000101000010010011101000000010101100
23723,19777,19.279563,0AA,8,0010001000110110001000010101101000100010000001100010000100011101
14920,19778,19.279802,1C6,8,0000000000000000100000000000001001111111000101100000000000000000
14081,19779,19.280046,442,8,0100001100000010000000000000000000000010000000000000000000000000
19554,19780,19.280544,0B4,8,0000000000000000000000000000000000001100000001110010010011110011
32656,19783,19.28359,1C4,8,0000101101000100000110110000000000000000000000000000000000110111
37961,13164,19.285575,0BA,5,1110000000101101011001000000000011100110
3517,19787,19.288887,25,8,0000000010000100000000000000000101100000000001010000000000010111
23724,19789,19.289548,0AA,8,0010001000110110001000010101100000100010000010000010000100011001
8862,19790,19.293025,260,8,0000000000000000000000000000000000000000000001001001110000001010
37962,19751,19.293065,0BA,5,1100011000000000000000000000000010111110
3518,19792,19.298858,25,8,0000000010000100000000000000000101100000000001010000000000010111
29199,19793,19.299304,24,8,0000001001101011000000100000001101000010010011001000000010101100
23725,19794,19.299532,0AA,8,0010001000110111001000010101011100100010000010100010000100100010
19555,19795,19.300513,0B4,8,0000000000000000000000000000000000001100000001110010010011110011
37963,6595,19.300554,0BA,5,0010100100000000000000000000011100101011
32657,19799,19.303697,1C4,8,0000101101000001000110110000000000000000000000000000000000110100
17230,19801,19.304514,226,8,0000000000000000000100000000000000000000000000000000000000000000
708,19802,19.305511,320,8,0000000000100000000000000000000000000000000000000000000001001011
11931,19804,19.307546,2C1,8,0000000000000001110001100000000110111001110000000001000100011101
37964,13181,19.308044,0BA,5,0100111100000000000000000000000000101110
3519,19807,19.308841,25,8,0000000010000100000000000000000101110000000001010000000000100111
23726,19808,19.309516,0AA,8,0010001000111001001000010101100000100010000011100010000100100000
14921,19809,19.309755,1C6,8,0000000000000000100000000000001001111111000101100000000000000000
8863,19812,19.312976,260,8,0000000000000000000000000000000000000000000001001000011011110100
37965,13184,19.315533,0BA,5,1110000000101101011100000000000011110010
3520,19815,19.318849,25,8,0000000010000100000000000000000101110000000001010000000000100111
29200,19816,19.319275,24,8,0000001001101011000000100000001101000010010010101000000010101010
23727,19817,19.319501,0AA,8,0010001000111011001000010101101000100010000100010010000100100000
19556,19818,19.320486,0B4,8,0000000000000000000000000000000000010000000001110010101011111101
37966,19782,19.323023,0BA,5,1100011000000000000000000000000010111110
32658,19822,19.323536,1C4,8,0000101101000000000110110000000000000000000000000000000000110011
3521,19825,19.328814,25,8,0000000010000101000000000000000110010000000001010000000001001000
23728,19826,19.329483,0AA,8,0010001000111110001000010101101100100010000100010010000100100100
37967,6610,19.330512,0BA,5,0010100100000000000000000000010000101000
17231,19829,19.332474,226,8,0000000000000000000100000000000000000000000000000000000000000000
8864,19830,19.332873,260,8,0000000000000000000000000000000000000000000001001001110000001010
28024,19831,19.336837,6C0,8,1110010000000000000000001110000010000000000000000000000000000000
11932,19832,19.337493,2C1,8,0000000000000001110010010000000111000011110000000001000100101010
37968,13206,19.338002,0BA,5,0100111100000000000000000000000000101110
3522,19835,19.338877,25,8,0000000010000101000000000000000110010000000001000000000001000111
29201,19836,19.339246,24,8,0000001001101011000000100000001101000010010010101000000010101010
23729,19837,19.339477,0AA,8,0010001000111110001000010101110000100010000100000010000100011111
14922,19838,19.339717,1C6,8,0000000000000000100000000000001001111111000101100000000000000000
19557,19839,19.34046,0B4,8,0000000000000000000000000000000000010000000001110010101011111101
7812,19842,19.342621,610,8,0010000000000000000100100110010011000000000000000000100101000000
43703,1314,19.343014,3BB,5,1010010100000000000000000000000000000000
16422,19843,19.343128,3F9,8,0111010100011000000000100000001010000000000000000000000000010101
32659,19844,19.343506,1C4,8,0000101100111111000110110000000000000000000000000000000000110010
37969,13210,19.345491,0BA,5,1110000000101101011110000000000011111010
3523,19847,19.34981,25,8,0000000010000101000000000000000110010000000001000000000001000111
23730,19848,19.350423,0AA,8,0010001000111111001000010101101000100010000100100010000100100010
709,19849,19.351442,320,8,0000000000100000000000000000000000000000000000000000000001001011
8865,19851,19.352769,260,8,0000000000000000000000000000000000000000000001001001000111111111
37970,19810,19.352981,0BA,5,1100011000000000000000000000000010111110
3524,19854,19.358774,25,8,0000000010000101000000000000000110010000000001000000000001000111
29202,19855,19.359229,24,8,0000001001101011000000100000001101000010010010011000000010101001
23731,19856,19.359458,0AA,8,0010001001000000001000010101101100100010000101110010000100011111
19558,19857,19.360423,0B4,8,0000000000000000000000000000000000010100000001110010111100000110
37971,6618,19.36047,0BA,5,0010100100000000000000000000011100101011
32660,19861,19.363607,1C4,8,0000101100111111000110110000000000000000000000000000000000110010
17232,19863,19.364419,226,8,0000000000000000000100000000000000000000000000000000000000000000
11933,19865,19.367463,2C1,8,0000000000000001110100000000000111010110110000000001000101000100
37972,13223,19.36796,0BA,5,0100111100000000000000000000000000101110
3525,19867,19.36875,25,8,0000000010000101000000000000000110010000000000110000000001000110
23732,19868,19.369422,0AA,8,0010001001000100001000010101110000100010000100010010000100011100
14923,19869,19.369661,1C6,8,0000000000000000100000000000001001111111000101100000000000000000
8866,19872,19.372869,260,8,0000000000000000000000000000000000000000000001000100111010111100
37973,13227,19.37545,0BA,5,1110000000101101011011000000000011101110
21656,19875,19.378206,443,8,0100110100000010000000000010111100000110000000000000000000000000
3526,19877,19.378776,25,8,0000000010000101000000000000000110010000000000110000000001000110
29203,19878,19.379188,24,8,0000001001101011000000100000001101000010010010011000000010101001
23733,19879,19.379415,0AA,8,0010001001000101001000010101110100100010000011110010000100100011
19559,19880,19.380389,0B4,8,0000000000000000000000000000000000010100000001110010111100000110
13911,19882,19.381563,622,8,0001001000000000000000000000000000000000000000000000000000000000
37974,19841,19.382939,0BA,5,1100011000000000000000000000000010111110
32661,19883,19.38344,1C4,8,0000101100111111000110110000000000000000000000000000000000110010
3527,19887,19.388719,25,8,0000000010000101000000000000000110010000000000110000000001000110
23734,19888,19.389388,0AA,8,0010001001000101001000010110001000100010000011010010000100100011
37975,6627,19.390429,0BA,5,0010100100000000000000000000010000101000
17233,19891,19.392378,226,8,0000000000000000000100000000000000000000000000000000000000000000
8867,19892,19.392624,260,8,0000000000000000000000000000000000000000000001000010000110001111
11934,19893,19.397436,2C1,8,0000000000000001110100110000001000001100110000000001000101111110
37976,13246,19.397918,0BA,5,0100111100000000000000000000000000101110
3528,19895,19.398713,25,8,0000000010000101000000000000000110010000000000110000000001000110
29204,19896,19.399154,24,8,0000001001101100000000100000001101000010010010011000000010101010
23735,19897,19.39938,0AA,8,0010001001000101001000010110010000100010000101100010000100100001
14924,19898,19.39962,1C6,8,0000000000000000100000000000001001111111000101100000000000000000
19560,19899,19.400356,0B4,8,0000000000000000000000000000000000011000000001110010111100001010
710,19902,19.403359,320,8,0000000000100000000000000000000000000000000000000000000001001011
32662,19903,19.403603,1C4,8,0000101101000000000110110000000000000000000000000000000000110011
37977,13249,19.405408,0BA,5,1110000000101101011110000000000011111010
3529,19908,19.408689,25,8,0000000010000101000000000000000110010000000000100000000001000101
23736,19909,19.409356,0AA,8,0010001001000111001000010110001000100010000101000010000100100101
8868,19911,19.412482,260,8,0000000000000000000000000000000000000000000000111100100000110101
37978,19870,19.412897,0BA,5,1100011000000000000000000000000010111110
31649,19913,19.41816,389,8,0000000000100000000000000000000000000000000000000000000000000000
3530,19915,19.41876,25,8,0000000010000101000000000000000110010000000000100000000001000101
29205,19916,19.419128,24,8,0000001001101011000000100000001101000010010010011000000010101001
23737,19917,19.419352,0AA,8,0010001001001101001000010110000100100010000101010010000100100100
19561,19919,19.42033,0B4,8,0000000000000000000000000000000000011000000001110011010100010000
37979,6637,19.420387,0BA,5,0010100100000000000000000000011100101011
32663,19923,19.423507,1C4,8,0000101101000101000110110000000000000000000000000000000000111000
17234,19925,19.424327,226,8,0000000000000000000100000000000000000000000000000000000000000000
34772,19926,19.427347,4DF,8,0010000000000000000000000000000100000000000000000000000000000000
11935,19927,19.427552,2C1,8,0000000000000001110101100000001000000011110000000001000101111000
37980,13268,19.427876,0BA,5,0100111100000000000000000000000000101110
3531,19929,19.428658,25,8,0000000010000101000000000000000110010000000000100000000001000101
23738,19930,19.429324,0AA,8,0010001001001010001000010110001000100010000101100010000100101010
14925,19931,19.429564,1C6,8,0000000000000000100000000000001001111111000101100000000000000000
8869,19933,19.43245,260,8,0000000000000000000000000000000000000000000000111001000011111101
37981,13272,19.435366,0BA,5,1110000000101101011100000000000011110010
3532,19938,19.438666,25,8,0000000010000101000000000000000110010000000000100000000001000101
29206,19939,19.439119,24,8,0000001001101100000000100000001101000010010010011000000010101010
23739,19940,19.439343,0AA,8,0010001001001111001000010110010100100010000101010010000100101101
19562,19941,19.440291,0B4,8,0000000000000000000000000000000000011100000001110011010100010100
13656,19942,19.44061,4B7,8,1110001101011111001000001111000000001000111010100000000100001000
37982,19901,19.442855,0BA,5,1100011000000000000000000000000010111110
32664,19945,19.443345,1C4,8,0000101101001111000110110000000000000000000000000000000001000010
3533,19948,19.448627,25,8,0000000010000101000000000000000110010000000000100000000001000101
23740,19949,19.449295,0AA,8,0010001001000110001000010110010000100010000111100010000100101011
37983,6651,19.450345,0BA,5,0010100100000000000000000000010000101000
17235,19952,19.452286,226,8,0000000000000000000100000000000000000000000000000000000000000000
8870,19953,19.452527,260,8,0000000000000000000000000000000000000000000000110110001111010000
711,19955,19.453282,320,8,0000000000100000000000000000000000000000000000000000000001001011
43516,1334,19.456162,423,2,11100000000
11936,19956,19.457312,2C1,8,0000000000000001110110010000001000000011110000000001000101111011
37984,13284,19.457835,0BA,5,0100111100000000000000000000000000101110
3534,19958,19.458606,25,8,0000000010000101000000000000000110010000000000100000000001000101
29207,19959,19.459097,24,8,0000001001101101000000100000001101000010010010011000000010101011
23741,19960,19.459322,0AA,8,0010001001001111001000010110010000100010000110100010000100101100
14926,19961,19.459561,1C6,8,0000000000000000100000000000001001111111000101100000000000000000
19563,19962,19.460261,0B4,8,0000000000000000000000000000000000011100000001110011010100010100
32665,19966,19.463467,1C4,8,0000101101010011000110110000000000000000000000000000000001000110
37985,13288,19.465324,0BA,5,1110000000101101011000000000000011100010
3535,19970,19.468606,25,8,0000000010000101000000000000000110010000000000100000000001000101
23742,19972,19.469399,0AA,8,0010001001010100001000010110010000100010000111000010000100110000
8871,19973,19.472348,260,8,0000000000000000000000000000000000000000000000110100110110111010
13380,19974,19.472527,394,3,0
37986,19932,19.472814,0BA,5,1100011000000000000000000000000010111110
35131,2446,19.474226,3D3,3,011011000001001000000000
280,19975,19.478139,38F,8,0000000100000000000000000000000000000000000000000000000000000000
3536,19977,19.478643,25,8,0000000010000101000000000000000110010000000000100000000001000101
29208,19978,19.479035,24,8,0000001001101100000000100000000101000010010010011000000010101000
23743,19979,19.479263,0AA,8,0010001001010100001000010110010000100010000101100010000100110101
19564,19980,19.480237,0B4,8,0000000000000000000000000000000000100000000001110011101100011110
37987,6656,19.480303,0BA,5,0010100100000000000000000000011100101011
31435,19982,19.481637,44D,8,0100001000000010000000000000000000000001000000000000000000000000
32666,19986,19.483416,1C4,8,0000101101010101000110110000000000000000000000000000000001001000
17236,19988,19.484231,226,8,0000000000000000000100000000000000000000000000000000000000000000
11937,19990,19.487285,2C1,8,0000000000000001111000000000001000000011110000000001000110000010
37988,13307,19.487793,0BA,5,0100111100000000000000000000000000101110
3537,19992,19.488564,25,8,0000000010000101000000000000000110010000000000010000000001000100
23744,19993,19.489233,0AA,8,0010001001010010001000010110100000100010000101110010000100110111
14927,19994,19.489474,1C6,8,0000000000000000100000000000001001111111000101100000000000000000
125,19996,19.491229,3B7,8,1000
8872,19997,19.49229,260,8,0000000000000000000000000000000000000000000000110011011110100100
37989,13311,19.495282,0BA,5,1110000000101101011001000000000011100110
3538,20000,19.498571,25,8,0000000010000101000000000000000110010000000000010000000001000100
29209,20001,19.499007,24,8,0000001001101101000000100000001101000010010010101000000010101100
23745,20002,19.49923,0AA,8,0010001001010010001000010110111100100010000111000010000100110101
19565,20003,19.500199,0B4,8,0000000000000000000000000000000000100100000001110011101100100010
712,20007,19.502284,320,8,0000000000100000000000000000000000000000000000000000000001001011
37990,19964,19.502772,0BA,5,1100011000000000000000000000000010111110
32667,20008,19.503261,1C4,8,0000101101011000000110110000000000000000000000000000000001001011
13849,20010,19.505553,4C6,8,0000011100000000000000110000000000000000000000000000000000000000
34713,20011,19.507689,380,8,0
3539,20013,19.508535,25,8,0000000010000101000000000000000110010000000000010000000001000100
23746,20014,19.509201,0AA,8,0010001001010101001000010110111100100010000111000010000100111011
37991,6672,19.510261,0BA,5,0010100100000000000000000000010000101000
31260,20016,19.510365,4A6,8,0000000000000000000000000000000000000000000100010000000000000000
11028,20017,19.510634,620,8,0001000000000000000000000000000000000000000000000000000000000000
17237,20019,19.512192,226,8,0000000000000000000100000000000000000000000000000000000000000000
8873,20020,19.512436,260,8,0000000000000000000000000000000000000000000000110010110010011001
11938,20023,19.517254,2C1,8,0000000000000001111001100000001000000000110000000001000010000100
37992,13329,19.517751,0BA,5,0100111100000000000000000000000000101110
3540,20026,19.518599,25,8,0000000010000101000000000000000110010000000000010000000001000100
29210,20027,19.518975,24,8,0000001001101101000000100000010101000010010010101000000010101110
23747,20028,19.519199,0AA,8,0010001001010111001000010110101100100010000111010010000100110111
14928,20029,19.519433,1C6,8,0000000000000000100000000000001001111111000101100000000000000000
19566,20030,19.520174,0B4,8,0000000000000000000000000000000000100100000001110100000000100111
32668,20033,19.523231,1C4,8,0000101101011100000110110000000000000000000000000000000001001111
37993,13332,19.52524,0BA,5,1110000000101101011111000000000011111110
3541,20036,19.528503,25,8,0000000010000101000000000000000110010000000000010000000001000100
23748,20037,19.529169,0AA,8,0010001001010100001000010110101100100010000110010010000100110110
8874,20038,19.532222,260,8,0000000000000000000000000000000000000000000000110001010110000010
37994,19995,19.53273,0BA,5,1100011000000000000000000000000010111110
3542,20041,19.53851,25,8,0000000010000101000000000000000110010000000000010000000001000100
29211,20042,19.538945,24,8,0000001001101101000000100000001101000010010010101000000010101100
23749,20043,19.539172,0AA,8,0010001001010010001000010110110100100010001000100010000100111100
19567,20044,19.540171,0B4,8,0000000000000000000000000000000000101000000001110100000000101011
37995,6681,19.54022,0BA,5,0010100100000000000000000000011100101011
32669,20048,19.543323,1C4,8,0000101101100000000110110000000000000000000000000000000001010011
17238,20050,19.544138,226,8,0000000000000000000100000000000000000000000000000000000000000000
11939,20052,19.54719,2C1,8,0000000000000001111010010000001000001001110000000001000010010000
37996,13347,19.547709,0BA,5,0100111100000000000000000000000000101110
14929,20054,19.549326,1C6,8,0000000000000000100000000000001001111111000101010000000000000000
3543,20055,19.549565,25,8,0000000010000101000000000000000110010000000000010000000001000100
23750,20056,19.550107,0AA,8,0010001001010111001000010111010000100010001000010010000100110111
713,20059,19.552124,320,8,0000000000100000000000000000000000000000000000000000000001001011
8875,20060,19.552366,260,8,0000000000000000000000000000000000000000000000110000101001110111
37997,13352,19.555199,0BA,5,1110000000101101011110000000000011111010
3544,20063,19.558455,25,8,0000000010000101000000000000000110010000000000010000000001000100
29212,20064,19.558925,24,8,0000001001101101000000100000001101000010010011001000000010101110
23751,20065,19.559151,0AA,8,0010001001011000001000010111001100100010001000010010000100111100
19568,20066,19.560109,0B4,8,0000000000000000000000000000000000101000000001110100011000110001
37998,20032,19.562688,0BA,5,1100011000000000000000000000000010111110
13596,20069,19.562891,4DD,8,0001111000000000000000000000000000000000000000000000000000000000
32670,20070,19.563164,1C4,8,0000101101100010000110110000000000000000000000000000000001010101
3545,20075,19.568435,25,8,0000000010000101000000000000000110010000000000010000000001000100
23752,20076,19.569107,0AA,8,0010001001011001001000010111110100100010001001100010000100111101
37999,6689,19.570178,0BA,5,0010100100000000000000000000010000101000
17239,20079,19.572098,226,8,0000000000000000000100000000000000000000000000000000000000000000
8876,20080,19.57234,260,8,0000000000000000000000000000000000000000000000110000101001110111
11940,20081,19.577163,2C1,8,0000000000000001111011000000001000001100110000000001000010010110
38000,13372,19.577667,0BA,5,0100111100000000000000000000000000101110
3546,20083,19.578448,25,8,0000000010000101000000000000000110010000000000010000000001000100
29213,20084,19.578882,24,8,0000001001101100000000100000010101000010010010101000000010101101
23753,20085,19.579108,0AA,8,0010001001011000001000010111010100100010001001000010000100111101
14930,20086,19.579347,1C6,8,0000000000000000100000000000001001111111000101100000000000000000
14082,20087,19.579592,442,8,0100001100000010000000000000000000000010000000000000000000000000
19569,20088,19.580071,0B4,8,0000000000000000000000000000000000101100000001110100011000110101
32671,20091,19.583143,1C4,8,0000101101101000000110110000000000000000000000000000000001011011
38001,13376,19.585157,0BA,5,1110000000101101100010000000000000001010
3547,20095,19.588412,25,8,0000000010000101000000000000000110010000000000010000000001000100
23754,20096,19.589075,0AA,8,0010001001011000001000010111010100100010001001110010000101000101
8877,20097,19.59209,260,8,0000000000000000000000000000000000000000000000101111111101101011
38002,20058,19.592646,0BA,5,1100011000000000000000000000000010111110
16423,20098,19.593036,3F9,8,0111010100011000000000100000001010000000000000000000000000010101
3548,20100,19.598388,25,8,0000000010000101000000000000000110010000000000010000000001000100
29214,20101,19.598859,24,8,0000001001101100000000100000010101000010010011001000000010101111
23755,20102,19.599085,0AA,8,0010001001011100001000010111101000100010001010000010000101000010
19570,20103,19.600041,0B4,8,0000000000000000000000000000000000101100000001110100011000110101
38003,6698,19.600136,0BA,5,0010100100000000000000000000011100101011
32672,20108,19.603223,1C4,8,0000101101101011000110110000000000000000000000000000000001011110
17240,20110,19.604044,226,8,0000000000000000000100000000000000000000000000000000000000000000
714,20111,19.605037,320,8,0000000000100000000000000000000000000000000000000000000001001011
14235,20112,19.606034,60.0,8,1010000100000000000000000000000000000000011100000000000000000000
11941,20113,19.6071,2C1,8,0000000000000001111100000000001000010110110000000001000010100100
38004,13393,19.607625,0BA,5,0100111100000000000000000000000000101110
3549,20115,19.608376,25,8,0000000010000101000000000000000110010000000000010000000001000100
23756,20116,19.609046,0AA,8,0010001001011101001000010111101100100010001011110010000101000001
14931,20117,19.609285,1C6,8,0000000000000000100000000000001001111111000101010000000000000000
8878,20121,19.61197,260,8,0000000000000000000000000000000000000000000000110000101001110111
34953,20122,19.612213,4C3,8,0000001100000000000000000000000100000000000000000000000000000000
38005,13397,19.615115,0BA,5,1110000000101101011110000000000011111010
3550,20126,19.618381,25,8,0000000010000101000000000000000110010000000000010000000001000100
29215,20127,19.618824,24,8,0000001001101100000000100000001101000010010011001000000010101101
23757,20128,19.61905,0AA,8,0010001001011111001000010111111000100010001011100010000101000010
19571,20129,19.620015,0B4,8,0000000000000000000000000000000000110000000001110100110000111111
38006,20090,19.622605,0BA,5,1100011000000000000000000000000010111110
7732,20131,19.622839,435,8,1000000000000101000001011111111111100000001111110000000000000011
32673,20132,19.62308,1C4,8,0000101101101110000110110000000000000000000000000000000001100001
3551,20135,19.629365,25,8,0000000010000101000000000000000110010000000000010000000001000100
10922,20136,19.629836,436,8,0
23758,20137,19.630066,0AA,8,0010001001011110001000010111110100100010001011000010000101000011
38007,6712,19.630094,0BA,5,0010100100000000000000000000010000101000
8879,20140,19.631793,260,8,0000000000000000000000000000000000000000000000110001010110000010
17241,20143,19.632997,226,8,0000000000000000000100000000000000000000000000000000000000000000
28025,20144,19.635912,6C0,8,1110010000000000000000001110000010000000000000000000000000000000
11942,20145,19.637072,2C1,8,0000000000000001111100110000001000010011110000000001000010100100
38008,13412,19.637584,0BA,5,0100111100000000000000000000000000101110
3552,20147,19.638325,25,8,0000000010000101000000000000000110010000000000010000000001000100
29216,20148,19.638821,24,8,0000001001101101000000100000010101000010010011101000000010110010
23759,20149,19.639049,0AA,8,0010001001011110001000010111110100100010001110010010000101001000
14932,20150,19.639287,1C6,8,0000000000000000100000000000001001111111000101010000000000000000
19572,20151,19.639978,0B4,8,0000000000000000000000000000000000110000000001110101000101000100
43704,19821,19.640598,3BB,5,0111000000000000001000001010001000000000
32674,20154,19.643044,1C4,8,0000101101110001000110110000000000000000000000000000000001100100
38009,13417,19.645073,0BA,5,1110000000101101100010000000000000001010
3553,20157,19.648311,25,8,0000000010000101000000000000000110010000000000010000000001000100
23760,20158,19.648985,0AA,8,0010001001100000001000010111110100100010001100100010000101001011
715,20160,19.649971,320,8,0000000000100000000000000000000000000000000000000000000001001011
8880,20161,19.651784,260,8,0000000000000000000000000000000000000000000000110001010110000010
38010,20118,19.652563,0BA,5,1100011000000000000000000000000010111110
13788,20162,19.657822,434,8,0100001000000000000000000000000000000000000000000000000000000000
3554,20164,19.65837,25,8,0000000010000101000000000000000110010000000000010000000001000100
29217,20165,19.658799,24,8,0000001001101101000000100000001101000010010011001000000010101110
23761,20166,19.659025,0AA,8,0010001001100100001000010111111100100010001101000010000101000110
19573,20167,19.659948,0B4,8,0000000000000000000000000000000000110100000001110101000101001000
38011,6719,19.660052,0BA,5,0010100100000000000000000000011100101011
32675,20171,19.663132,1C4,8,0000101101110101000110110000000000000000000000000000000001101000
34851,20173,19.663522,3C3,8,0100011000011110100100110100111011101110010110010000001110001000
17242,20174,19.663952,226,8,0000000000000000000100000000000000000000000000000000000000000000
28179,20175,19.664783,437,8,1111110011111111111111111111111111111111111111111111111111111111
11943,20178,19.66701,2C1,8,0000000000000001111100110000001000010000110000000001000010100001
38012,13434,19.667542,0BA,5,0100111100000000000000000000000000101110
3555,20180,19.668284,25,8,0000000010000101000000000000000110010000000000010000000001000100
23762,20181,19.668952,0AA,8,0010001001101010001000010111111100100010001101010010000101001011
14933,20182,19.669191,1C6,8,0000000000000000100000000000001001111111000101010000000000000000
8881,20184,19.671687,260,8,0000000000000000000000000000000000000000000000101111111101101011
38013,13436,19.675031,0BA,5,1110000000101101100101000000000000010110
21657,20187,19.677748,443,8,0100110100000010000000000010111100000110000000000000000000000000
3556,20189,19.678326,25,8,0000000010000101000000000000000110010000000000010000000001000100
29218,20190,19.678742,24,8,0000001001101101000000100000001101000010010010101000000010101100
23763,20191,19.678972,0AA,8,0010001001101010001000010111111100100010010000000010000101001000
19574,20192,19.67992,0B4,8,0000000000000000000000000000000000110100000001110101000101001000
38014,20153,19.682521,0BA,5,1100011000000000000000000000000010111110
32676,20195,19.682988,1C4,8,0000101101111000000110110000000000000000000000000000000001101011
3557,20198,19.689273,25,8,0000000010000101000000000000000110010000000000010000000001000100
23764,20199,19.689901,0AA,8,0010001001101001001000010111111100100010001110000010000101001011
38015,6732,19.69001,0BA,5,0010100100000000000000000000010000101000
8882,20201,19.691604,260,8,0000000000000000000000000000000000000000000000110000101001110111
17243,20203,19.692903,226,8,0000000000000001000100000000000000000000000000000000000000000000
11944,20206,19.696954,2C1,8,0000000000000001111101100000001000010000110000000001000010100100
38016,13456,19.6975,0BA,5,0100111100000000000000000000000000101110
3558,20208,19.698232,25,8,0000000010000101000000000000000110010000000000010000000001000100
29219,20210,19.698709,24,8,0000001001101101000000100000001101000010010011101000000010110000
23765,20211,19.698934,0AA,8,0010001001101010001000010111111100100010001110110010000101001000
14934,20212,19.699173,1C6,8,0000000000000000100000000000001001111111000101010000000000000000
19575,20213,19.699889,0B4,8,0000000000000000000000000000000000111000000001110101000101001100
716,20216,19.702888,320,8,0000000000100000000000000000000000000000000000000000000001001011
32677,20217,19.703134,1C4,8,0000101101111100000110110000000000000000000000000000000001101111
38017,13460,19.704989,0BA,5,1110000000101101100100000000000000010010
3559,20220,19.70822,25,8,0000000010000101000000000000000110010000000000010000000001000100
23766,20221,19.708887,0AA,8,0010001001101011001000010111111100100010001110010010000101000111
8883,20223,19.711575,260,8,0000000000000000000000000000000000000000000000110000101001110111
38018,20183,19.712479,0BA,5,1100011000000000000000000000000010111110
3560,20226,19.718211,25,8,0000000010000101000000000000000110010000000000010000000001000100
29220,20227,19.718723,24,8,0000001001101100000000100000000101000010010100011000000010110000
23767,20228,19.718914,0AA,8,0010001001101111001000011000000000100010001111010010000101001001
19576,20229,19.719889,0B4,8,0000000000000000000000000000000000111000000001110101011101010010
38019,6739,19.719969,0BA,5,0010100100000000000000000000011100101011
32678,20233,19.723039,1C4,8,0000101110000011000110110000000000000000000000000000000001110110
17244,20235,19.723856,226,8,0000000000000000000100000000000000000000000000000000000000000000
11945,20236,19.726954,2C1,8,0000000000000001111101100000001000001100110000000001000010100000
38020,13475,19.727458,0BA,5,0100111100000000000000000000000000101110
3561,20238,19.72819,25,8,0000000010000101000000000000000110010000000000010000000001000100
23768,20239,19.72886,0AA,8,0010001001101111001000011000000100100010001111000010000101000001
14935,20240,19.729106,1C6,8,0000000000000000100000000000001001111111000101010000000000000000
8884,20243,19.731544,260,8,0000000000000000000000000000000000000000000000110000101001110111
35132,20021,19.733882,3D3,3,111001010000001001011100
38021,13481,19.734948,0BA,5,1110000000101101011110000000000011111010
3562,20246,19.738198,25,8,0000000010000101000000000000000110010000000000000000000001000011
29221,20247,19.738642,24,8,0000001001101101000000100000000101000010010101011000000010110101
23769,20248,19.738867,0AA,8,0010001001101101001000011000001000100010001110110010000101000011
19577,20249,19.739822,0B4,8,0000000000000000000000000000000000111100000001110101011101010110
38022,20215,19.742437,0BA,5,1100011000000000000000000000000010111110
32679,20252,19.742896,1C4,8,0000101110000110000110110000000000000000000000000000000001111001
3563,20256,19.748165,25,8,0000000010000101000000000000000110010000000000000000000001000011
23770,20257,19.748824,0AA,8,0010001001101100001000011000100100100010001111000010000101000110
38023,6748,19.749927,0BA,5,0010100100000000000000000000010000101000
8885,20260,19.751531,260,8,0000000000000000000000000000000000000000000000110000101001110111
17245,20261,19.751817,226,8,0000000000000000000100000000000000000000000000000000000000000000
717,20262,19.752812,320,8,0000000000100000000000000000000000000000000000000000000001001011
11946,20263,19.756866,2C1,8,0000000000000001111110010000001000001100110000000001000010100011
38024,13496,19.757416,0BA,5,0100111100000000000000000000000000101110
3564,20265,19.758145,25,8,0000000010000101000000000000000110010000000000000000000001000011
29222,20266,19.758623,24,8,0000001001101101000000100000001101000010010101011000000010110111
23771,20267,19.75885,0AA,8,0010001001110000001000011000101100100010001111000010000101001000
14936,20268,19.759089,1C6,8,0000000000000000100000000000001001111111000101010000000000000000
19578,20270,19.759799,0B4,8,0000000000000000000000000000000000111100000001110101011101010110
32680,20274,19.763,1C4,8,0000101110000111000110110000000000000000000000000000000001111010
38025,13499,19.764906,0BA,5,1110000000101101100000000000000000000010
13977,20277,19.767659,38E,8,0
3565,20279,19.768211,25,8,0000000010000101000000000000000110010000000000000000000001000011
23772,20280,19.768795,0AA,8,0010001001110000001000011000101100100010010001000010000101001011
8886,20281,19.771418,260,8,0000000000000000000000000000000000000000000000101111111101101011
13381,20282,19.771598,394,3,0
38026,20241,19.772395,0BA,5,1100011000000000000000000000000010111110
35319,7589,19.773714,386,7,11000100000000000000000000000000000000000000000010101011
3566,20284,19.778141,25,8,0000000010000101000000000000000110010000000000000000000001000011
29223,20285,19.778586,24,8,0000001001101110000000100000001101000010010100011000000010110100
23773,20286,19.778813,0AA,8,0010001001110101001000011000100100100010010000000010000101001101
19579,20287,19.77977,0B4,8,0000000000000000000000000000000001000000000001110101110001011111
38027,6757,19.779885,0BA,5,0010100100000000000000000000011100101011
31436,20289,19.78037,44D,8,0100001000000010000000000000000000000001000000000000000000000000
32681,20293,19.78295,1C4,8,0000101110001001000110110000000000000000000000000000000001111100
17246,20295,19.783764,226,8,0000000000000000000100000000000000000000000000000000000000000000
11947,20296,19.786865,2C1,8,0000000000000001111110010000001000001001110000000001000010100000
38028,13518,19.787374,0BA,5,0100111100000000000000000000000000101110
3567,20298,19.788163,25,8,0000000010000101000000000000000110010000000000000000000001000011
23774,20299,19.788766,0AA,8,0010001001110100001000011000101100100010010001100010000101001001
14937,20300,19.789006,1C6,8,0000000000000000100000000000001001111111000101010000000000000000
126,20302,19.790755,3B7,8,1000
8887,20303,19.791429,260,8,0000000000000000000000000000000000000000000000101111111101101011
43517,5108,19.791613,423,2,10101000001110
38029,13523,19.794864,0BA,5,1110000000101101011110000000000011111010
3568,20307,19.798146,25,8,0000000010000101000000000000000110010000000000000000000001000011
29224,20308,19.79856,24,8,0000001001101110000000100000001101000010010100001000000010110011
23775,20309,19.798783,0AA,8,0010001001111010001000011000100100100010010000110010000101010001
19580,20310,19.79974,0B4,8,0000000000000000000000000000000001000000000001110101110001011111
718,20312,19.80174,320,8,0000000000100000000000000000000000000000000000000000000001001011
16300,20313,19.802252,4C1,8,0000000100000000000000010000000100000000000000000000000000000000
38030,20272,19.802354,0BA,5,1100011000000000000000000000000010111110
32682,20314,19.802813,1C4,8,0000101110001100000110110000000000000000000000000000000001111111
11244,20317,19.80626,4C8,8,0000100100000000000000000000000000000000000000000000000000000000
3569,20319,19.808107,25,8,0000000010000101000000000000000110010000000000000000000001000011
23776,20320,19.808736,0AA,8,0010001010000001001000011000111000100010010001000010000101010001
11029,20321,19.809662,620,8,0001000000000000000000000000000000000000000000000000000000000000
38031,6772,19.809843,0BA,5,0010100100000000000000000000010000101000
8888,20324,19.81135,260,8,0000000000000000000000000000000000000000000000101101110101001001
17247,20325,19.811726,226,8,0000000000000000000100000000000000000000000000000000000000000000
11948,20328,19.816777,2C1,8,0000000000000001111111000000001000001100110000000001000010100110
38032,13535,19.817333,0BA,5,0100111100000000000000000000000000101110
3570,20330,19.818097,25,8,0000000010000101000000000000000110010000000000000000000001000011
29225,20331,19.818528,24,8,0000001001101110000000100000010101000010010100001000000010110101
23777,20332,19.818755,0AA,8,0010001010000001001000011000111000100010010010000010000101010010
14938,20333,19.818994,1C6,8,0000000000000000100000000000001001111111000101010000000000000000
19581,20334,19.819703,0B4,8,0000000000000000000000000000000001000100000001110110001001101001
32683,20337,19.822785,1C4,8,0000101110001100000110110000000000000000000000000000000001111111
38033,13541,19.824822,0BA,5,1110000000101101100000000000000000000010
13722,20340,19.827539,3A5,8,100000000
3571,20342,19.828126,25,8,0000000010000101000000000000000110010000000000000000000001000011
23778,20343,19.828712,0AA,8,0010001001111111001000011000111000100010010001010010000101010110
8889,20345,19.831351,260,8,0000000000000000000000000000000000000000000000101101001000111110
38034,20301,19.832312,0BA,5,1100011000000000000000000000000010111110
3572,20347,19.838017,25,8,0000000010000101000000000000000110010000000000000000000001000011
29226,20348,19.838526,24,8,0000001001101111000000100000010101000010010100001000000010110110
23779,20349,19.838755,0AA,8,0010001001111100001000011001000100100010010011000010000101010111
7813,20350,19.839603,610,8,0010000010000000000100110110010011000000000000000111011001000000
38035,6777,19.839801,0BA,5,0010100100000000000000000000011100101011
19582,20351,19.839849,0B4,8,0000000000000000000000000000000001001000000001110110001001101101
16424,20354,19.842404,3F9,8,0111010100011000000000100000001010000000000000000000000000010101
32684,20356,19.842862,1C4,8,0000101110010000000110110000000000000000000000000000000010000011
17248,20358,19.843678,226,8,0000000000000000000100000000000000000000000000000000000000000000
11949,20360,19.846751,2C1,8,0000000000000010000000000000001000000011110000000001000010100010
38036,13559,19.847291,0BA,5,0100111100000000000000000000000000101110
14939,20362,19.848876,1C6,8,0000000000000000100000000000001001111111000101010000000000000000
3573,20363,19.849105,25,8,0000000010000101000000000000000110010000000000000000000001000011
23780,20364,19.849652,0AA,8,0010001001111111001000011001010000100010010010010010000101011100
8890,20366,19.851242,260,8,0000000000000000000000000000000000000000000000101010010100010001
31330,20367,19.85157,640,8,1010100000000000000000000011011100000001110111010000000000000000
719,20368,19.851816,320,8,0000000000100000000000000000000000000000000000000000000001001011
38037,13563,19.85478,0BA,5,1110000000101101100010000000000000001010
35016,20370,19.857493,413,8,0000000100000001000000010000100100000000000000000000000000000000
3574,20372,19.858121,25,8,0000000010000101000000000000000110010000000000000000000001000011
29227,20373,19.858504,24,8,0000001001101111000000100000010101000010010011101000000010110100
23781,20374,19.858733,0AA,8,0010001010000011001000011001100000100010010101000010000101011010
19583,20375,19.859645,0B4,8,0000000000000000000000000000000001001000000001110110100001110011
38038,20336,19.86227,0BA,5,1100011000000000000000000000000010111110
32685,20379,19.862731,1C4,8,0000101110010001000110110000000000000000000000000000000010000100
3575,20382,19.867975,25,8,0000000010000101000000000000000110010000000000000000000001000011
23782,20383,19.868647,0AA,8,0010001010000110001000011001010100100010010100000010000101100001
38039,6789,19.869759,0BA,5,0010100100000000000000000000010000101000
8891,20387,19.871041,260,8,0000000000000000000000000000000000000000000000101000010011110000
17249,20388,19.871631,226,8,0000000000000001000100000000000000000000000000000000000000000000
11950,20389,19.876691,2C1,8,0000000000000010000000000000001000000110110000000001000010100101
38040,13582,19.877249,0BA,5,0100111100000000000000000000000000101110
3576,20391,19.877985,25,8,0000000010000101000000000000000110010000000000000000000001000011
29228,20393,19.878447,24,8,0000001001101111000000100000001101000010010011001000000010110000
23783,20394,19.878673,0AA,8,0010001010000100001000011001010100100010010101000010000101100000
14940,20395,19.878912,1C6,8,0000000000000000100000000000001001111111000101010000000000000000
14083,20396,19.879156,442,8,0100001100000010000000000000000000000010000000000000000000000000
19584,20397,19.879615,0B4,8,0000000000000000000000000000000001001100000001110110110101111100
32686,20400,19.882699,1C4,8,0000101110010101000110110000000000000000000000000000000010001000
38041,13586,19.884739,0BA,5,1110000000101101100101000000000000010110
3577,20403,19.887957,25,8,0000000010000101000000000000000110010000000000000000000001000011
23784,20405,19.888616,0AA,8,0010001010000010001000011001011000100010010101100010000101011011
8892,20406,19.89095,260,8,0000000000000000000000000000000000000000000000100101011111000011
38042,20365,19.892228,0BA,5,1100011000000000000000000000000010111110
3578,20409,19.897927,25,8,0000000010000101000000000000000110010000000000000000000001000011
29229,20410,19.898416,24,8,0000001001110000000000100000001101000010010011001000000010110001
23785,20411,19.898646,0AA,8,0010001010000001001000011001100100100010010110010010000101100000
19585,20412,19.899588,0B4,8,0000000000000000000000000000000001001100000001110110110101111100
38043,6800,19.899718,0BA,5,0010100100000000000000000000011100101011
32687,20416,19.902769,1C4,8,0000101110011000000110110000000000000000000000000000000010001011
17250,20418,19.903584,226,8,0000000000000000000100000000000000000000000000000000000000000000
720,20419,19.904579,320,8,0000000000100000000000000000000000000000000000000000000001001011
11951,20420,19.906692,2C1,8,0000000000000010000000000000001000000110110000000001000010100101
38044,13597,19.907207,0BA,5,0100111100000000000000000000000000101110
14941,20422,19.908774,1C6,8,0000000000000000100000000000001001111111000101010000000000000000
3579,20423,19.909014,25,8,0000000010000100000000000000000101110000000000000000000000100010
23786,20424,19.909556,0AA,8,0010001010000110001000011001101000100010010110100010000101011011
8893,20427,19.911107,260,8,0000000000000000000000000000000000000000000000100110001011001110
38045,13603,19.914697,0BA,5,1110000000101101100101000000000000010110
3580,20431,19.917926,25,8,0000000010000100000000000000000101110000000000000000000000100010
29230,20432,19.918389,24,8,0000001001101111000000100000001101000010010011001000000010110000
23787,20433,19.918612,0AA,8,0010001010000111001000011010010000100010010110110010000101011100
19586,20434,19.919557,0B4,8,0000000000000000000000000000000001010000000001110110110110000000
38046,20399,19.922186,0BA,5,1100011000000000000000000000000010111110
32688,20436,19.922668,1C4,8,0000101110011101000110110000000000000000000000000000000010010000
3581,20440,19.927885,25,8,0000000010000100000000000000000101100000000000000000000000010010
23788,20441,19.928555,0AA,8,0010001010001001001000011001110100100010010111100010000101100001
38047,6812,19.929676,0BA,5,0010100100000000000000000000010000101000
8894,20444,19.930863,260,8,0000000000000000000000000000000000000000000000100011011010100010
17251,20445,19.931544,226,8,0000000000000000000100000000000000000000000000000000000000000000
11952,20447,19.9366,2C1,8,0000000000000010000000110000000111111100110000000001000010011101
38048,13621,19.937165,0BA,5,0100111100000000000000000000000000101110
3582,20449,19.937901,25,8,0000000010000100000000000000000101010000000000000000000000000010
43705,675,19.938183,3BB,5,1011101100000000000000000000000000100110
29231,20450,19.938359,24,8,0000001001110000000000100000001101000010010011101000000010110011
23789,20451,19.938584,0AA,8,0010001010000100001000011001110100100010010111100010000101100000
14942,20452,19.938823,1C6,8,0000000000000000100000000000001001111111000101010000000000000000
19587,20453,19.939523,0B4,8,0000000000000000000000000000000001010000000001110111001110000110
27818,20457,19.942526,420,8,0000000000000000000000000000000011111111000000001000000010101011
32689,20458,19.942764,1C4,8,0000101110100001000110110000000000000000000000000000000010010100
38049,13625,19.944655,0BA,5,1110000000101101011100000000000011110010
28026,20461,19.944874,6C0,8,1110010000000000000000001110000010000000000000000000000000000000
3583,20463,19.94786,25,8,0000000010000100000000000000000101000000000000000000000011110010
23790,20464,19.948535,0AA,8,0010001010000110001000011001110100100010011000010010000101100000
721,20465,19.949517,320,8,0000000000100000000000000000000000000000000000000000000001001011
8895,20466,19.950791,260,8,0000000000000000000000000000000000000000000000100010101010010110
38050,20425,19.952144,0BA,5,1100011000000000000000000000000010111110
3584,20469,19.957844,25,8,0000000010000100000000000000000100110000000000000000000011100010
29232,20470,19.958338,24,8,0000001001110000000000100000000101000010010011101000000010110001
23791,20471,19.958564,0AA,8,0010001010001011001000011001111000100010011001110010000101100000
19588,20472,19.959494,0B4,8,0000000000000000000000000000000001010100000001110111001110001010
38051,6822,19.959634,0BA,5,0010100100000000000000000000011100101011
7612,20476,19.962337,3BC,8,0
32690,20477,19.962575,1C4,8,0000101110100110000110110000000000000000000000000000000010011001
17252,20480,19.963493,226,8,0000000000000000000100000000000000000000000000000000000000000000
11953,20482,19.966573,2C1,8,0000000000000010000000110000001000000000110000000001000010100010
38052,13642,19.967124,0BA,5,0100111100000000000000000000000000101110
14943,20484,19.968682,1C6,8,0000000000000000100000000000001001111111000101010000000000000000
3585,20485,19.968924,25,8,0000000010000100000000000000000100100000000000000000000011010010
23792,20486,19.969472,0AA,8,0010001010001110001000011010001000100010011000000010000101100000
8896,20488,19.970768,260,8,0000000000000000000000000000000000000000000000100100110010111000
43418,187,19.973486,3000000.0,6,000010000000000000000000000000000000000000101000
38053,13646,19.974613,0BA,5,1110000000101101100101000000000000010110
21658,20491,19.977305,443,8,0100110100000010000000000010111100000110000000000000000000000000
3586,20493,19.977884,25,8,0000000010000100000000000000000100010000000000000000000011000010
29233,20494,19.978302,24,8,0000001001110000000000100000000101000010010011001000000010101111
23793,20495,19.97853,0AA,8,0010001010010010001000011010001000100010011000000010000101100101
19589,20496,19.979466,0B4,8,0000000000000000000000000000000001010100000001110111001110001010
38054,20455,19.982103,0BA,5,1100011000000000000000000000000010111110
32691,20498,19.98255,1C4,8,0000101110101111000110110000000000000000000000000000000010100010
27879,20500,19.98698,4DC,8,0001110100000000000000000000000000000000000000000000000000000000
3587,20502,19.987797,25,8,0000000010000100000000000000000100000000000000000000000010110010
23794,20503,19.988467,0AA,8,0010001010010000001000011010001000100010011001010010000101100110
38055,6835,19.989592,0BA,5,0010100100000000000000000000010000101000
8897,20506,19.99067,260,8,0000000000000000000000000000000000000000000000100010101010010110
17253,20507,19.991459,226,8,0000000000000000000100000000000000000000000000000000000000000000
35133,2514,19.993539,3D3,3,011011000001001000000000
11954,20509,19.996559,2C1,8,0000000000000010000001100000001000000110110000000001000010101011
38056,13656,19.997082,0BA,5,0100111100000000000000000000000000101110
3588,20511,19.997793,25,8,0000000010000100000000000000000111110000000000000000000010100010
29234,20512,19.998274,24,8,0000001001101111000000100000001101000010010010101000000010101110
23795,20513,19.998506,0AA,8,0010001010010000001000011001111100100010011001110010000101101010
14944,20514,19.998743,1C6,8,0000000000000000100000000000001001111111000101010000000000000000
19590,20515,19.999433,0B4,8,0000000000000000000000000000000001011000000001110111100110010100
722,20519,20.00244,320,8,0000000000100000000000000000000000000000000000000000000001001011
32692,20520,20.002678,1C4,8,0000101110110100000110110000000000000000000000000000000010100111
38057,13662,20.004571,0BA,5,1110000000101101100010000000000000001010
1543,20523,20.007284,6F3,8,0010000000000000000000000000000000000000000000000000000000000000
3589,20525,20.007866,25,8,0000000010000100000000000000000111100000000000000000000010010010
23796,20526,20.008438,0AA,8,0010001010010001001000011010001100100010011000010010000101101000
31589,20529,20.009697,633,8,1000000100000000000000000000000000000000000000000000000000000000
8898,20530,20.010668,260,8,0000000000000000000000000000000000000000000000100010101010010110
38058,20487,20.012061,0BA,5,1100011000000000000000000000000010111110
3590,20533,20.017778,25,8,0000000010000100000000000000000111010000000000000000000010000010
29235,20534,20.018243,24,8,0000001001101111000000100000000101000010010010101000000010101100
23797,20535,20.018464,0AA,8,0010001010010101001000011010011100100010011000000010000101101100
19591,20536,20.019403,0B4,8,0000000000000000000000000000000001011000000001110111100110010100
38059,6841,20.01955,0BA,5,0010100100000000000000000000011100101011
11184,20538,20.021358,39A,8,0000000000000000000000000000000100000000000000000000000000000000
13536,20540,20.021835,399,8,0000000000000000000000000000000000000000111111110000000000000000
32693,20542,20.022583,1C4,8,0000101110111001000110110000000000000000000000000000000010101100
17254,20544,20.023405,226,8,0000000000000000000100000000000000000000000000000000000000000000
11955,20546,20.026486,2C1,8,0000000000000010000010010000001000001100110000000001000010110100
38060,13680,20.02704,0BA,5,0100111100000000000000000000000000101110
3591,20548,20.027738,25,8,0000000010000100000000000000000111000000000000000000000001110010
23798,20549,20.028409,0AA,8,0010001010011000001000011010011100100010011000000010000101110011
14945,20550,20.02865,1C6,8,0000000000000000100000000000001001111111000101010000000000000000
8899,20552,20.030707,260,8,0000000000000000000000000000000000000000000000100011011010100010
38061,13683,20.034529,0BA,5,1110000000101101100101000000000000010110
3592,20556,20.037749,25,8,0000000010000100000000000000000110111111111101110000000001101000
29236,20557,20.03824,24,8,0000001001101111000000100000000101000010010011001000000010101110
23799,20558,20.038463,0AA,8,0010001010010111001000011010010100100010011000110010000101101110
19592,20559,20.039379,0B4,8,0000000000000000000000000000000001011100000001110111111010011101
38062,20518,20.042019,0BA,5,1100011000000000000000000000000010111110
20,20562,20.042227,3B1,8,0000000000000000000000100000101000000000000010000000000000000000
32694,20563,20.042477,1C4,8,0000101110111110000110110000000000000000000000000000000010110001
3593,20566,20.048731,25,8,0000000010000100000000000000000110011111111101110000000001001000
23800,20567,20.049348,0AA,8,0010001010010100001000011010001100100010011000000010000101110001
38063,6854,20.049509,0BA,5,0010100100000000000000000000010000101000
8900,20569,20.050554,260,8,0000000000000000000000000000000000000000000000100010101010010110
17255,20571,20.052367,226,8,0000000000000000000100000000000000000000000000000000000000000000
723,20572,20.053361,320,8,0000000000100000000000000000000000000000000000000000000001001011
11956,20573,20.056429,2C1,8,0000000000000010000011000000001000010011110000000001000110111111
38064,13699,20.056998,0BA,5,0100111100000000000000000000000000101110
3594,20575,20.057725,25,8,0000000010000011000000000000000101111111111101110000000000100111
29237,20577,20.05836,24,8,0000001001101111000000100000000101000010010011001000000010101110
23801,20578,20.058562,0AA,8,0010001010011010001000011010011000100010011001100010000101110000
14946,20579,20.0588,1C6,8,0000000000000000100000000000001001111111000101010000000000000000
19593,20580,20.059346,0B4,8,0000000000000000000000000000000001100000000001110111111010100001
32695,20584,20.062551,1C4,8,0000101111000011000110110000000000000000000000000000000010110110
38065,13706,20.064488,0BA,5,1110000000101101100101000000000000010110
3595,20588,20.06769,25,8,0000000010000011000000000000000101101111111101110000000000010111
23802,20589,20.068343,0AA,8,0010001010010010001000011010110000100010010111100010000101110011
8901,20590,20.070515,260,8,0000000000000000000000000000000000000000000000100001111110001011
13382,20591,20.070697,394,3,0
38066,20551,20.071977,0BA,5,1100011000000000000000000000000010111110
3596,20594,20.077659,25,8,0000000010000011000000000000000101011111111100110000000000000011
29238,20595,20.078162,24,8,0000001001101111000000100000000101000010010011101000000010110000
23803,20596,20.078381,0AA,8,0010001010011010001000011010110000100010011001100010000101110110
19594,20597,20.079318,0B4,8,0000000000000000000000000000000001100000000001110111111010100001
38067,6863,20.079467,0BA,5,0010100100000000000000000000011100101011
31437,20598,20.079558,44D,8,0100001000000010000000000000000000000001000000000000000000000000
32696,20603,20.082496,1C4,8,0000101111001010000110110000000000000000000000000000000010111101
17256,20605,20.083313,226,8,0000000000000001000100000000000000000000000000000000000000000000
11957,20606,20.086511,2C1,8,0000000000000010000011000000001000010011110000000001000110111111
38068,13720,20.086956,0BA,5,0100111100000000000000000000000000101110
3597,20608,20.087646,25,8,0000000010000011000000000000000101001111111100110000000011110011
23804,20609,20.088319,0AA,8,0010001010011101001000011010111000100010011001100010000101101100
14947,20610,20.088571,1C6,8,0000000000000000100000000000001001111111000101010000000000000000
127,20612,20.090311,3B7,8,1000
8902,20613,20.090553,260,8,0000000000000000000000000000000000000000000000100011011010100010
16425,20615,20.092522,3F9,8,0111010100011000000000100000001010000000000000000000000000010101
38069,13724,20.094446,0BA,5,1110000000101101100011000000000000001110
3598,20618,20.097656,25,8,0000000010000011000000000000000100101111111100110000000011010011
29239,20619,20.09813,24,8,0000001001101110000000100000001101000010010100001000000010110011
23805,20620,20.098347,0AA,8,0010001010011100001000011010111000100010011001100010000101110100
19595,20621,20.099287,0B4,8,0000000000000000000000000000000001100100000001111000010010101011
724,20623,20.101288,320,8,0000000000100000000000000000000000000000000000000000000001001011
38070,20582,20.101935,0BA,5,1100011000000000000000000000000010111110
32697,20624,20.102378,1C4,8,0000101111001110000110110000000000000000000000000000000011000001
3599,20628,20.108644,25,8,0000000010000011000000000000000100011111111101000000000011000100
11030,20629,20.109068,620,8,0001000000000000000000000000000000000000000000000000000000000000
23806,20630,20.109297,0AA,8,0010001010011101001000011010111100100010011001110010000101110101
38071,6876,20.109425,0BA,5,0010100100000000000000000000010000101000
8903,20632,20.110453,260,8,0000000000000000000000000000000000000000000000100100000110101101
17257,20634,20.112275,226,8,0000000000000000000100000000000000000000000000000000000000000000
11958,20636,20.116339,2C1,8,0000000000000010000100110000001000010110110000000001000111001001
38072,13741,20.116914,0BA,5,0100111100000000000000000000000000101110
3600,20638,20.117599,25,8,0000000010000011000000000000000111111111111101010000000010100101
29240,20639,20.118147,24,8,0000001001101110000000100000001101000010010100011000000010110100
23807,20640,20.118331,0AA,8,0010001010011101001000011011001100100010011001000010000101111000
14948,20641,20.118564,1C6,8,0000000000000000100000000000001001111111000101010000000000000000
19596,20642,20.119256,0B4,8,0000000000000000000000000000000001100100000001111000010010101011
32698,20645,20.122347,1C4,8,0000101111010000000110110000000000000000000000000000000011000011
38073,13745,20.124404,0BA,5,1110000000101101100000000000000000000010
43518,19906,20.127064,423,2,1000100000000
3601,20649,20.127592,25,8,0000000010000011000000000000000111101111111101010000000010010101
23808,20650,20.128256,0AA,8,0010001010011110001000011011011100100010011010010010000101111001
8904,20652,20.130217,260,8,0000000000000000000000000000000000000000000000100011011010100010
38074,20611,20.131893,0BA,5,1100011000000000000000000000000010111110
3602,20654,20.137597,25,8,0000000010000011000000000000000111011111111101010000000010000101
29241,20655,20.138107,24,8,0000001001101110000000100000010101000010010100011000000010110110
23809,20656,20.1383,0AA,8,0010001010011110001000011011010100100010011001110010000101110111
19597,20657,20.139225,0B4,8,0000000000000000000000000000000001101000000001111000100110110100
38075,6885,20.139383,0BA,5,0010100100000000000000000000011100101011
32699,20662,20.142408,1C4,8,0000101111010010000110110000000000000000000000000000000011000101
17258,20664,20.143227,226,8,0000000000000000000100000000000000000000000000000000000000000000
11959,20666,20.146309,2C1,8,0000000000000010000101100000001000010011110000000001000111001001
38076,13762,20.146873,0BA,5,0100111100000000000000000000000000101110
3603,20668,20.14756,25,8,0000000010000011000000000000000110111111111100110000000001100011
23810,20669,20.148231,0AA,8,0010001010011110001000011011001100100010011010010010000101111101
14949,20670,20.148482,1C6,8,0000000000000000100000000000001001111111000101010000000000000000
8905,20672,20.150188,260,8,0000000000000000000000000000000000000000000000100011011010100010
725,20673,20.150433,320,8,0000000000100000000000000000000000000000000000000000000001001011
38077,13766,20.154362,0BA,5,1110000000101101100100000000000000010010
3604,20677,20.157568,25,8,0000000010000011000000000000000110101111111100110000000001010011
29242,20678,20.158048,24,8,0000001001101110000000100000010101000010010100011000000010110110
23811,20679,20.158277,0AA,8,0010001010100000001000011011011000100010011001110010000101111111
19598,20680,20.159194,0B4,8,0000000000000000000000000000000001101000000001111000100110110100
38078,20644,20.161852,0BA,5,1100011000000000000000000000000010111110
32700,20683,20.162287,1C4,8,0000101111010011000110110000000000000000000000000000000011000110
34852,20685,20.162695,3C3,8,0100011000011110100100110100111011101110010110010000001110001000
3605,20687,20.167531,25,8,0000000010000011000000000000000110011111111100110000000001000011
23812,20688,20.168202,0AA,8,0010001010100100001000011011011100100010011100000010000101111110
38079,6896,20.169341,0BA,5,0010100100000000000000000000010000101000
8906,20690,20.170084,260,8,0000000000000000000000000000000000000000000000100100110010111000
17259,20692,20.171187,226,8,0000000000000000000100000000000000000000000000000000000000000000
11960,20694,20.176253,2C1,8,0000000000000010000101100000001000010011110000000001000111001001
38080,13780,20.176831,0BA,5,0100111100000000000000000000000000101110
3606,20696,20.177513,25,8,0000000010000010000000000000000101111111111100110000000000100010
14084,20697,20.177919,442,8,0100001100000010000000000000000000000010000000000000000000000000
29243,20698,20.178162,24,8,0000001001101110000000100000010101000010010100011000000010110110
23813,20699,20.178387,0AA,8,0010001010101000001000011011100000100010011011110010000101111111
14950,20700,20.178624,1C6,8,0000000000000000100000000000001001111111000101010000000000000000
19599,20701,20.179172,0B4,8,0000000000000000000000000000000001101100000001111000111110111110
32701,20704,20.18226,1C4,8,0000101111010011000110110000000000000000000000000000000011000110
38081,13784,20.18432,0BA,5,1110000000101101100101000000000000010110
3607,20707,20.187499,25,8,0000000010000010000000000000000101101111111101000000000000010011
23814,20708,20.188173,0AA,8,0010001010100100001000011011101100100010011100000010000110000000
8907,20710,20.190061,260,8,0000000000000000000000000000000000000000000000100101011111000011
38082,20671,20.19181,0BA,5,1100011000000000000000000000000010111110
3608,20714,20.19748,25,8,0000000010000010000000000000000101011111111101010000000000000100
29244,20715,20.197984,24,8,0000001001101110000000100000010101000010010100111000000010111000
23815,20716,20.198223,0AA,8,0010001010100001001000011100001000100010011100000010000110000111
19600,20717,20.199138,0B4,8,0000000000000000000000000000000001101100000001111000111110111110
38083,6903,20.199299,0BA,5,0010100100000000000000000000011100101011
32702,20721,20.202326,1C4,8,0000101111010100000110110000000000000000000000000000000011000111
17260,20723,20.203137,226,8,0000000000000000000100000000000000000000000000000000000000000000
726,20724,20.204134,320,8,0000000000100000000000000000000000000000000000000000000001001011
11961,20726,20.206224,2C1,8,0000000000000010000110010000001000010000110000000001000111001001
38084,13803,20.206789,0BA,5,0100111100000000000000000000000000101110
3609,20728,20.20747,25,8,0000000010000010000000000000000100111111111101010000000011100100
7673,20729,20.207867,611,8,0010000100000000000000000001000000000000000000000011110101101100
23816,20730,20.208142,0AA,8,0010001010100101001000011011111000100010011101010010000110000111
14951,20731,20.208413,1C6,8,0000000000000000100000000000001001111111000101010000000000000000
8908,20733,20.210044,260,8,0000000000000000000000000000000000000000000000100101011111000011
38085,13807,20.214278,0BA,5,1110000000101101100010000000000000001010
3610,20738,20.217475,25,8,0000000010000010000000000000000100101111111101010000000011010100
29245,20739,20.217953,24,8,0000001001101111000000100000010101000010010100111000000010111001
23817,20740,20.218201,0AA,8,0010001010101000001000011011110100100010011110000010000110000111
19601,20741,20.219106,0B4,8,0000000000000000000000000000000001110000000001111000111111000010
38086,20703,20.221768,0BA,5,1100011000000000000000000000000010111110
32703,20744,20.222199,1C4,8,0000101111010101000110110000000000000000000000000000000011001000
3611,20747,20.227432,25,8,0000000010000010000000000000000100001111111100110000000010110010
23818,20748,20.228171,0AA,8,0010001010100111001000011100000000100010011110000010000110000111
38087,6918,20.229258,0BA,5,0010100100000000000000000000010000101000
8909,20750,20.229912,260,8,0000000000000000000000000000000000000000000000100010101010010110
17261,20752,20.231096,226,8,0000000000000000000100000000000000000000000000000000000000000000
28027,20753,20.233987,6C0,8,1110010000000000000000001110000010000000000000000000000000000000
43706,1375,20.235768,3BB,5,1010010100000000000000000000000000000000
11962,20754,20.236165,2C1,8,0000000000000010000110010000001000010110110000000001000111001111
38088,13827,20.236747,0BA,5,0100111100000000000000000000000000101110
3612,20756,20.237447,25,8,0000000010000010000000000000000111111111111100110000000010100010
29246,20757,20.237948,24,8,0000001001101110000000100000010101000010010100011000000010110110
23819,20758,20.238179,0AA,8,0010001010100001001000011100010100100010011111100010000110000100
14952,20760,20.238599,1C6,8,0000000000000000100000000000001001111111000101010000000000000000
19602,20761,20.239075,0B4,8,0000000000000000000000000000000001110000000001111000111111000010
32704,20764,20.242171,1C4,8,0000101111010101000110110000000000000000000000000000000011001000
38089,13831,20.244237,0BA,5,1110000000101101100101000000000000010110
3613,20767,20.247405,25,8,0000000010000010000000000000000111011111111100110000000010000010
23820,20768,20.248124,0AA,8,0010001010100010001000011100000000100010011111000010000110001000
727,20769,20.249073,320,8,0000000000100000000000000000000000000000000000000000000001001011
8910,20770,20.249925,260,8,0000000000000000000000000000000000000000000000100001111110001011
38090,20732,20.251726,0BA,5,1100011000000000000000000000000010111110
35134,20553,20.253195,3D3,3,111001010000001001100110
3614,20773,20.257393,25,8,0000000010000010000000000000000111001111111100110000000001110010
29247,20774,20.257931,24,8,0000001001101110000000100000001101000010010100011000000010110100
23821,20775,20.258178,0AA,8,0010001010101000001000011100101000100010100000110010000110001010
19603,20777,20.259043,0B4,8,0000000000000000000000000000000001110100000001111001010111001100
38091,6925,20.259216,0BA,5,0010100100000000000000000000011100101011
32705,20781,20.262225,1C4,8,0000101111010111000110110000000000000000000000000000000011001010
17262,20783,20.263044,226,8,0000000000000000000100000000000000000000000000000000000000000000
11963,20785,20.266133,2C1,8,0000000000000010000111000000001000010110110000000001001011010011
38092,13843,20.266705,0BA,5,0100111100000000000000000000000000101110
3615,20787,20.267378,25,8,0000000010000010000000000000000110011111111100010000000001000000
23822,20788,20.268042,0AA,8,0010001010110001001000011100010000100010100001110010000110000111
14953,20789,20.268284,1C6,8,0000000000000000100000000000001001111110000101010000000000000000
8911,20791,20.26988,260,8,0000000000000000000000000000000000000000000000100001111110001011
38093,13848,20.274195,0BA,5,1110000000101101100010000000000000001010
21659,20795,20.276874,443,8,0100110100000010000000000010111100000110000000000000000000000000
3616,20797,20.277457,25,8,0000000010000001000000000000000101101111111100010000000000001111
29248,20798,20.277866,24,8,0000001001101111000000100000010101000010010100001000000010110110
23823,20799,20.278137,0AA,8,0010001010110011001000011100010000100010100001000010000110001101
19604,20800,20.279018,0B4,8,0000000000000000000000000000000001111000000001111001010111010000
38094,20763,20.281684,0BA,5,1100011000000000000000000000000010111110
32706,20802,20.282152,1C4,8,0000101111011000000110110000000000000000000000000000000011001011
3617,20806,20.287381,25,8,0000000010000001000000000000000101001111111010010000000011100111
23824,20807,20.288015,0AA,8,0010001010101110001000011100011100100010100000110010000110001011
38095,6934,20.289174,0BA,5,0010100100000000000000000000010000101000
8912,20809,20.289855,260,8,0000000000000000000000000000000000000000000000100000100101110101
17263,20811,20.291008,226,8,0000000000000000000100000000000000000000000000000000000000000000
11964,20812,20.296081,2C1,8,0000000000000010001001100000001000010110110000000001001111011110
38096,13864,20.296663,0BA,5,0100111100000000000000000000000000101110
3618,20814,20.297359,25,8,0000000010000001000000000000000100011111111010010000000010110111
29249,20815,20.297836,24,8,0000001001101110000000100000010101000010010100001000000010110101
23825,20816,20.298104,0AA,8,0010001010101100001000011100101000100010100011000010000110001110
14954,20817,20.298298,1C6,8,0000000000000000100000000000001001111011000101010000000000000000
19605,20818,20.298985,0B4,8,0000000000000000000000000000000001111000000001111001101011010101
728,20821,20.301987,320,8,0000000000100000000000000000000000000000000000000000000001001011
32707,20822,20.302225,1C4,8,0000101111011101000110110000000000000000000000000000000011010000
38097,13870,20.304153,0BA,5,1110000000101101100101000000000000010110
3619,20826,20.307322,25,8,0000000010000001000000000000000111111111111010100000000010011000
23826,20827,20.307984,0AA,8,0010001010110001001000011100100100100010100010010010000110001111
31261,20829,20.309668,4A6,8,0000000000000000000000000000000000000000000100010000000000000000
8913,20830,20.309909,260,8,0000000000000000000000000000000000000000000000100011011010100010
38098,20790,20.311643,0BA,5,1100011000000000000000000000000010111110
3620,20833,20.3173,25,8,0000000010000001000000000000000111001111111010100000000001101000
29250,20834,20.317811,24,8,0000001001101111000000100000001101000010010100001000000010110100
23827,20835,20.318036,0AA,8,0010001010110111001000011100100100100010100001110010000110001010
19606,20836,20.318959,0B4,8,0000000000000000000000000000000001111100000001111001101011011001
38099,6943,20.319132,0BA,5,0010100100000000000000000000011100101011
32708,20841,20.322139,1C4,8,0000101111100001000110110000000000000000000000000000000011010100
17264,20843,20.322956,226,8,0000000000000000000100000000000000000000000000000000000000000000
11965,20845,20.326085,2C1,8,0000000000000010001100000000001000011001110000000001010011101100
38100,13891,20.326622,0BA,5,0100111100000000000000000000000000101110
3621,20847,20.327288,25,8,0000000010000001000000000000000110011111111001100000000000110100
23828,20848,20.327956,0AA,8,0010001010111010001000011100100100100010100001100010000110010001
14955,20849,20.328196,1C6,8,0000000000000000100000000000001001111000000101010000000000000000
8914,20851,20.329763,260,8,0000000000000000000000000000000000000000000000100001111110001011
38101,13896,20.334111,0BA,5,1110000000101101100010000000000000001010
3622,20855,20.337299,25,8,0000000010000000000000000000000101011111111000110000000011110000
29251,20856,20.337779,24,8,0000001001101111000000100000001101000010010011101000000010110010
23829,20857,20.338006,0AA,8,0010001010111011001000011100100000100010100001110010000110001111
19607,20858,20.338931,0B4,8,0000000000000000000000000000000001111100000001111010000011011111
7814,20860,20.339607,610,8,0010000000000000000100110110010011000000000000000111011001000000
38102,20820,20.341601,0BA,5,1100011000000000000000000000000010111110
16426,20862,20.341629,3F9,8,0111010100011000000000100000001010000000000000000000000000010101
32709,20863,20.342034,1C4,8,0000101111100101000110110000000000000000000000000000000011011000
3623,20866,20.348283,25,8,0000000010000000000000000000000100111111111000110000000011010000
23830,20867,20.348896,0AA,8,0010001010110100001000011100110000100010100001110010000110010101
38103,6955,20.34909,0BA,5,0010100100000000000000000000010000101000
8915,20868,20.349611,260,8,0000000000000000000000000000000000000000000000100010101010010110
17265,20871,20.351915,226,8,0000000000000000000100000000000000000000000000000000000000000000
729,20873,20.352909,320,8,0000000000100000000000000000000000000000000000000000000001001011
11966,20874,20.355997,2C1,8,0000000000000010001111000000001000110110110000000001010100010110
38104,13906,20.35658,0BA,5,0100111100000000000000000000000000101110
3624,20876,20.357241,25,8,0000000010000000000000000000000100001111111001110000000010100100
29252,20877,20.357762,24,8,0000001001101111000000100000001101000010010011001000000010110000
23831,20878,20.357988,0AA,8,0010001010111111001000011100111000100010100001100010000110001111
14956,20879,20.358272,1C6,8,0000000000000000100000000000001001110101000101010000000000000000
19608,20880,20.358899,0B4,8,0000000000000000000000000000000010000000000001111010000011100011
32710,20884,20.362103,1C4,8,0000101111101010000110110000000000000000000000000000000011011101
38105,13910,20.364069,0BA,5,1110000000101101100010000000000000001010
3625,20887,20.367252,25,8,0000000010000000000000000000000111101111111001110000000010000100
23832,20888,20.367866,0AA,8,0010001010110101001000011100110000100010100001100010000110010001
8916,20890,20.369653,260,8,0000000000000000000000000000000000000000000000100001111110001011
13383,20891,20.369805,394,3,0
38106,20850,20.371559,0BA,5,1100011000000000000000000000000010111110
35320,19530,20.372918,386,7,01010100000000000000000000000000000000000000000000000000
3626,20893,20.37721,25,8,0000000010000000000000000000000110111111111001100000000001010011
29253,20894,20.377722,24,8,0000001001101110000000100000000101000010010010101000000010101011
23833,20895,20.377947,0AA,8,0010001010111111001000011100101000100010100001100010000110011011
31438,20896,20.378453,44D,8,0100001000000010000000000000000000000001000000000000000000000000
13912,20897,20.378703,622,8,0001001000000000000000000000000000000000000000000000000000000000
19609,20898,20.378943,0B4,8,0000000000000000000000000000000010000000000001111010011011101001
38107,6962,20.379048,0BA,5,0010100100000000000000000000011100101011
32711,20902,20.382046,1C4,8,0000101111110001000110110000000000000000000000000000000011100100
17266,20904,20.382868,226,8,0000000000000000000100000000000000000000000000000000000000000000
11967,20906,20.385962,2C1,8,0000000000000010010001100000001001011100110000000001011001000111
38108,13926,20.386538,0BA,5,0100111100000000000000000000000000101110
14957,20908,20.388051,1C6,8,0000000000000000000000000000001001110010000101010000000000000000
3627,20909,20.388295,25,8,0000000010000000000000000000000110011111111001100000000000110011
23834,20911,20.388838,0AA,8,0010001011000000001000011100100100100010100010010010000110010110
8917,20912,20.389552,260,8,0000000000000000000000000000000000000000000000100001010010000000
128,20914,20.390857,3B7,8,1000
38109,13930,20.394028,0BA,5,1110000000101101100101000000000000010110
3628,20917,20.39718,25,8,0000000001111111000000000000000101101111111010010000000000000101
29254,20918,20.397694,24,8,0000001001101110000000100000001101000010010010101000000010101101
23835,20919,20.39792,0AA,8,0010001010111100001000011100101100100010100010000010000110011001
19610,20920,20.398835,0B4,8,0000000000000000000000000000000010000100000001111010011011101101
730,20922,20.400838,320,8,0000000000100000000000000000000000000000000000000000000001001011
38110,20882,20.401517,0BA,5,1100011000000000000000000000000010111110
32712,20924,20.401947,1C4,8,0000110000000000000110110000000000000000000000000000000011110100
3629,20928,20.407166,25,8,0000000001111111000000000000000101001111111010100000000011100110
23836,20929,20.407834,0AA,8,0010001010111010001000011101001000100010100011000010000110010110
11031,20930,20.40848,620,8,0001000000000000000000000000000000000000000000000000000000000000
38111,6978,20.409007,0BA,5,0010100100000000000000000000010000101000
8918,20932,20.409324,260,8,0000000000000000000000000000000000000000000000100001111110001011
17267,20935,20.410827,226,8,0000000000000000000100000000000000000000000000000000000000000000
11968,20937,20.415905,2C1,8,0000000000000010010110010000001010001100110000000001011010001010
38112,13948,20.416496,0BA,5,0100111100000000000000000000000000101110
31650,20938,20.416685,389,8,0000000000100000000000000000000000000000000000000000000000000000
3630,20940,20.417267,25,8,0000000001111111000000000000000100101111111010100000000011000110
29255,20941,20.417666,24,8,0000001001101110000000100000001101000010010011001000000010101111
23837,20942,20.417889,0AA,8,0010001010111101001000011101001100100010100001110010000110010111
14958,20944,20.418312,1C6,8,0000000000000000000000000000001001101111000101010000000000000000
19611,20945,20.418805,0B4,8,0000000000000000000000000000000010000100000001111010011011101101
32713,20948,20.421927,1C4,8,0000110000001001000110110000000000000000000000000000000011111101
38113,13952,20.423986,0BA,5,1110000000101101100101000000000000010110
3631,20951,20.427149,25,8,0000000001111111000000000000000100001111111011000000000010101000
23838,20952,20.427804,0AA,8,0010001010111101001000011101011000100010100001110010000110011001
8919,20953,20.429269,260,8,0000000000000000000000000000000000000000000000100001010010000000
38114,20913,20.431475,0BA,5,1100011000000000000000000000000010111110
3632,20956,20.437117,25,8,0000000001111111000000000000000111011111111011000000000001111000
29256,20957,20.437661,24,8,0000001001101110000000100000010101000010010011001000000010110001
23839,20958,20.437888,0AA,8,0010001011000001001000011101010000100010100011010010000110010010
19612,20959,20.438842,0B4,8,0000000000000000000000000000000010001000000001111010101111110110
38115,6985,20.438965,0BA,5,0010100100000000000000000000011100101011
13657,20960,20.439544,4B7,8,1110001001011111001000001111000000001000111010100000000100001000
32714,20965,20.441957,1C4,8,0000110000010001000110110000000000000000000000000000000000000101
17268,20967,20.442776,226,8,0000000000000000000100000000000000000000000000000000000000000000
11969,20968,20.445878,2C1,8,0000000000000010011001100000001010100000110000000001011010101011
38116,13963,20.446454,0BA,5,0100111100000000000000000000000000101110
3633,20970,20.447111,25,8,0000000001111111000000000000000110111111111010110000000001010111
23840,20971,20.447776,0AA,8,0010001011000000001000011101010000100010100001110010000110010111
14959,20972,20.448018,1C6,8,0000000000000000000000000000001001101100000101010000000000000000
8920,20974,20.449257,260,8,0000000000000000000000000000000000000000000000100000100101110101
731,20975,20.449764,320,8,0000000000100000000000000000000000000000000000000000000001001011
38117,13967,20.453944,0BA,5,1110000000101101100101000000000000010110
34773,20979,20.455919,4DF,8,0010000000000000000000000000000100000000000000000000000000000000
3634,20981,20.457116,25,8,0000000001111111000000000000000110011111111010110000000000110111
29257,20982,20.457639,24,8,0000001001101110000000100000010101000010010011101000000010110011
23841,20983,20.457868,0AA,8,0010001011000000001000011101100100100010100011100010000110010110
19613,20984,20.458751,0B4,8,0000000000000000000000000000000010001100000001111010101111111010
38118,20947,20.461433,0BA,5,1100011000000000000000000000000010111110
32715,20987,20.461868,1C4,8,0000110000011000000110110000000000000000000000000000000000001100
43519,1401,20.462515,423,2,11100000000
13850,20989,20.463856,4C6,8,0000011100000000000000110000000000000000000000000000000000000000
3635,20992,20.46815,25,8,0000000001111110000000000000000101101111111010110000000000000110
23842,20994,20.468723,0AA,8,0010001011000001001000011101110100100010100010000010000110011010
38119,6994,20.468923,0BA,5,0010100100000000000000000000010000101000
8921,20995,20.469196,260,8,0000000000000000000000000000000000000000000000100001111110001011
17269,20998,20.471736,226,8,0000000000000000000100000000000000000000000000000000000000000000
11970,20999,20.475822,2C1,8,0000000000000010011110010000001010111100110000000001011111011011
38120,13987,20.476412,0BA,5,0100111100000000000000000000000000101110
281,21000,20.476598,38F,8,0000000100000000000000000000000000000000000000000000000000000000
3636,21002,20.477207,25,8,0000000001111110000000000000000100111111111011000000000011010111
14085,21003,20.47745,442,8,0100001100000010000000000000000000000010000000000000000000000000
29258,21004,20.477683,24,8,0000001001101110000000100000010101000010010011101000000010110011
23843,21005,20.47791,0AA,8,0010001011000011001000011101110100100010100100110010000110011111
14960,21006,20.478154,1C6,8,0000000000000000000000000000001001101001000101010000000000000000
19614,21007,20.478716,0B4,8,0000000000000000000000000000000010001100000001111010101111111010
32716,21010,20.48183,1C4,8,0000110000011101000110110000000000000000000000000000000000010001
38121,13991,20.483902,0BA,5,1110000000101101100010000000000000001010
3637,21014,20.487078,25,8,0000000001111110000000000000000100011111111011000000000010110111
23844,21015,20.487692,0AA,8,0010001011000110001000011101110100100010100100000010000110011111
8922,21016,20.489119,260,8,0000000000000000000000000000000000000000000000100001111110001011
38122,20973,20.491392,0BA,5,1100011000000000000000000000000010111110
3638,21018,20.497035,25,8,0000000001111110000000000000000111101111111001010000000010000000
29259,21019,20.497548,24,8,0000001001101110000000100000100001000010010011101000000010110110
23845,21020,20.497774,0AA,8,0010001011000111001000011101111000100010100100110010000110100101
19615,21021,20.498685,0B4,8,0000000000000000000000000000000010010000000001111011000100000100
38123,7004,20.498881,0BA,5,0010100100000000000000000000011100101011
32717,21026,20.501866,1C4,8,0000110000100110000110110000000000000000000000000000000000011010
17270,21028,20.502679,226,8,0000000000000001000100000000000000000000000000000000000000000000
732,21029,20.503678,320,8,0000000000100000000000000000000000000000000000000000000001001011
11971,21030,20.505791,2C1,8,0000000000000010100010010000001011011100110000000001011100001011
34714,21031,20.506241,380,8,0
38124,14010,20.506371,0BA,5,0100111100000000000000000000000000101110
3639,21033,20.507015,25,8,0000000001111110000000000000000111001111111001100000000001100001
23846,21034,20.507682,0AA,8,0010001011001010001000011110000100100010100101000010000110100111
14961,21035,20.507921,1C6,8,0000000000000000000000000000001001100110000101010000000000000000
8923,21037,20.509107,260,8,0000000000000000000000000000000000000000000000100010101010010110
35135,2581,20.512851,3D3,3,011011000001001000000000
38125,14014,20.51386,0BA,5,1110000000101101100100000000000000010010
3640,21042,20.517028,25,8,0000000001111110000000000000000110101111111010100000000001000101
29260,21043,20.517521,24,8,0000001001101101000000100000101001000010010011101000000010110111
23847,21044,20.517745,0AA,8,0010001011001001001000011110011000100010100110100010000110101000
19616,21046,20.518654,0B4,8,0000000000000000000000000000000010010000000001111011000100000100
38126,21009,20.52135,0BA,5,1100011000000000000000000000000010111110
32718,21048,20.521837,1C4,8,0000110000100111000110110000000000000000000000000000000000011011
3641,21051,20.528015,25,8,0000000001111101000000000000000101111111111010100000000000010100
23848,21052,20.528628,0AA,8,0010001011001010001000011110110100100010100110110010000110101101
38127,7016,20.528839,0BA,5,0010100100000000000000000000010000101000
8924,21053,20.529076,260,8,0000000000000000000000000000000000000000000000100011011010100010
17271,21056,20.531646,226,8,0000000000000000000100000000000000000000000000000000000000000000
28028,21059,20.533008,6C0,8,1110010000000000000000001110000010000000000000000000000000000000
43707,20831,20.533353,3BB,5,0111000000000000001000001010001100000000
11972,21060,20.535734,2C1,8,0000000000000010100100110000001011111001110000000001011100110010
38128,14027,20.536329,0BA,5,0100111100000000000000000000000000101110
3642,21062,20.536972,25,8,0000000001111101000000000000000101011111111011000000000011110110
29261,21063,20.537494,24,8,0000001001101101000000100000110001000010010100001000000010111011
23849,21064,20.537721,0AA,8,0010001011001011001000011110111100100010100110100010000110101110
14962,21065,20.537961,1C6,8,0000000000000000000000000000001001100011000101010000000000000000
19617,21066,20.538626,0B4,8,0000000000000000000000000000000010010100000001111011011000001101
34954,21069,20.541626,4C3,8,0000001100000000000000000000000100000000000000000000000000000000
32719,21070,20.541866,1C4,8,0000110000100111000110110000000000000000000000000000000000011011
38129,14031,20.543818,0BA,5,1110000000101101100010000000000000001010
3643,21073,20.546958,25,8,0000000001111101000000000000000100111111111011000000000011010110
23850,21074,20.547624,0AA,8,0010001011001101001000011110110000100010100111100010000110110100
733,21075,20.548619,320,8,0000000000100000000000000000000000000000000000000000000001001011
8925,21077,20.549138,260,8,0000000000000000000000000000000000000000000000100010101010010110
38130,21036,20.551308,0BA,5,1100011000000000000000000000000010111110
3644,21080,20.556939,25,8,0000000001111101000000000000000100011111111011000000000010110110
29262,21081,20.557471,24,8,0000001001101101000000100000110001000010010011101000000010111001
23851,21082,20.557698,0AA,8,0010001011010000001000011110101000100010100111110010000110110011
19618,21083,20.558665,0B4,8,0000000000000000000000000000000010010100000001111011110000010011
38131,7021,20.558797,0BA,5,0010100100000000000000000000011100101011
32720,21087,20.561776,1C4,8,0000110000100011000110110000000000000000000000000000000000010111
17272,21090,20.562595,226,8,0000000000000000000100000000000000000000000000000000000000000000
11973,21093,20.565705,2C1,8,0000000000000010100111000000001100110000110000000001011101110011
38132,14049,20.566287,0BA,5,0100111100000000000000000000000000101110
3645,21095,20.566933,25,8,0000000001111101000000000000000111111111111011000000000010010110
23852,21096,20.567595,0AA,8,0010001011010010001000011110111000100010101011000010000110111001
14963,21097,20.567839,1C6,8,0000000000000000000000000000001001100000000101010000000000000000
8926,21099,20.569025,260,8,0000000000000000000000000000000000000000000000100011011010100010
13597,21100,20.571423,4DD,8,0001111000000000000000000000000000000000000000000000000000000000
38133,14052,20.573777,0BA,5,1110000000101101100101000000000000010110
21660,21102,20.576439,443,8,0100110100000010000000000010111100000110000000000000000000000000
3646,21104,20.577048,25,8,0000000001111101000000000000000111011111111011000000000001110110
29263,21105,20.577434,24,8,0000001001101101000000100000110001000010010010101000000010110101
23853,21106,20.57766,0AA,8,0010001011010101001000011110111100100010101001110010000110110110
19619,21107,20.578568,0B4,8,0000000000000000000000000000000010011000000001111100001000011101
38134,21068,20.581266,0BA,5,1100011000000000000000000000000010111110
32721,21110,20.581856,1C4,8,0000110000011101000110110000000000000000000000000000000000010001
3647,21114,20.586898,25,8,0000000001111101000000000000000110111111111011000000000001010110
23854,21115,20.587565,0AA,8,0010001011010101001000011111010000100010101010010010000110110011
38135,7037,20.588756,0BA,5,0010100100000000000000000000010000101000
8927,21117,20.588912,260,8,0000000000000000000000000000000000000000000000100011011010100010
17273,21119,20.590558,226,8,0000000000000000000100000000000000000000000000000000000000000000
16427,21120,20.591778,3F9,8,0111010100011000000000100000001010000000000000000000000000010101
11974,21121,20.595647,2C1,8,0000000000000010101100000000001010110110110000000001011100001100
38136,14070,20.596245,0BA,5,0100111100000000000000000000000000101110
3648,21123,20.596881,25,8,0000000001111100000000000000000101111111111011000000000000010101
29264,21125,20.597407,24,8,0000001001101101000000100000110001000010010011001000000010110111
23855,21126,20.597632,0AA,8,0010001011010101001000011111001100100010101010100010000110111000
14964,21127,20.597913,1C6,8,0000000000000000000000000000001001011101000101010000000000000000
19620,21129,20.59854,0B4,8,0000000000000000000000000000000010011000000001111100001000011101
734,21132,20.601534,320,8,0000000000100000000000000000000000000000000000000000000001001011
32722,21133,20.60178,1C4,8,0000110000010000000110110000000000000000000000000000000000000100
14236,21135,20.602529,60.0,8,1010000100000000000000000000000000000000011100000000000000000000
38137,14075,20.603735,0BA,5,1110000000101101100101000000000000010110
3649,21137,20.606866,25,8,0000000001111100000000000000000101011111111010100000000011110011
23856,21138,20.607533,0AA,8,0010001011010111001000011110111100100010101100010010000110110110
8928,21140,20.608801,260,8,0000000000000000000000000000000000000000000000100001111110001011
38138,21098,20.611224,0BA,5,1100011000000000000000000000000010111110
3650,21143,20.616874,25,8,0000000001111100000000000000000100101111111010100000000011000011
29265,21144,20.617377,24,8,0000001001101100000000100000101001000010010011101000000010110110
23857,21145,20.617605,0AA,8,0010001011011000001000011111000100100010101011000010000110111010
19621,21146,20.618519,0B4,8,0000000000000000000000000000000010011100000001111100011100100110
38139,7043,20.618714,0BA,5,0010100100000000000000000000011100101011
7733,21149,20.621383,435,8,1000000000000101000001011111111111100000001111110000000000000011
32723,21150,20.621631,1C4,8,0000101111111101000110110000000000000000000000000000000011110000
17274,21153,20.622506,226,8,0000000000000000000100000000000000000000000000000000000000000000
11975,21154,20.625619,2C1,8,0000000000000010101111000000001010110110110000000001011100011000
38140,14089,20.626203,0BA,5,0100111100000000000000000000000000101110
3651,21156,20.626841,25,8,0000000001111100000000000000000111111111111001010000000010001110
23858,21157,20.627507,0AA,8,0010001011011011001000011111001000100010101011000010000110111010
14965,21158,20.627752,1C6,8,0000000000000000000000000000001001011010000101010000000000000000
10923,21159,20.628382,436,8,0
8929,21161,20.628802,260,8,0000000000000000000000000000000000000000000000100010101010010110
38141,14093,20.633693,0BA,5,1110000000101101100101000000000000010110
3652,21165,20.636846,25,8,0000000001111100000000000000000111011111111001010000000001101110
29266,21166,20.637371,24,8,0000001001101100000000100000011001000010010011101000000010110010
23859,21167,20.637597,0AA,8,0010001011011011001000011111010000100010101010110010000110111011
19622,21168,20.638481,0B4,8,0000000000000000000000000000000010100000000001111100011100101010
38142,21131,20.641182,0BA,5,1100011000000000000000000000000010111110
32724,21170,20.641625,1C4,8,0000101111100111000110110000000000000000000000000000000011011010
3653,21173,20.646811,25,8,0000000001111100000000000000000110101111111001100000000000111111
23860,21175,20.647476,0AA,8,0010001011010110001000011111001000100010101010110010000110111110
8930,21178,20.648632,260,8,0000000000000000000000000000000000000000000000100011011010100010
38143,7053,20.648672,0BA,5,0010100100000000000000000000010000101000
17275,21180,20.650464,226,8,0000000000000000000100000000000000000000000000000000000000000000
735,21181,20.651459,320,8,0000000000100000000000000000000000000000000000000000000001001011
11976,21182,20.655561,2C1,8,0000000000000010110010010000001110001100110000000001011111111100
38144,14108,20.656162,0BA,5,0100111100000000000000000000000000101110
13789,21183,20.656336,434,8,0100001000000000000000000000000000000000000000000000000000000000
3654,21185,20.656949,25,8,0000000001111011000000000000000101111111111001100000000000001110
29267,21186,20.65735,24,8,0000001001101100000000100000010101000010010011101000000010110001
23861,21187,20.657575,0AA,8,0010001011011010001000011110111000100010101010110010000110111010
14966,21188,20.657817,1C6,8,0000000000000000000000000000001001010111000101010000000000000000
19623,21189,20.658449,0B4,8,0000000000000000000000000000000010100000000001111100011100101010
32725,21194,20.661764,1C4,8,0000101111010011000110110000000000000000000000000000000011000110
34853,21196,20.66215,3C3,8,0100011000011110100100110100111011101110010110010000001110001000
28180,21197,20.663327,437,8,1111110011111111111111111111111111111111111111111111111111111111
38145,14111,20.663651,0BA,5,1110000000101101100010000000000000001010
3655,21200,20.666774,25,8,0000000001111011000000000000000101001111111001110000000011011111
23862,21201,20.667445,0AA,8,0010001011010110001000011110101100100010101010010010000110111111
8931,21202,20.668541,260,8,0000000000000000000000000000000000000000000000100010101010010110
13384,21203,20.668731,394,3,0
38146,21160,20.671141,0BA,5,1100011000000000000000000000000010111110
3656,21205,20.676756,25,8,0000000001111011000000000000000100101111111001110000000010111111
29268,21206,20.677289,24,8,0000001001101011000000100000000101000010010010101000000010101000
23863,21207,20.677513,0AA,8,0010001011010111001000011110011100100010101001100010000111000100
31439,21208,20.677751,44D,8,0100001000000010000000000000000000000001000000000000000000000000
19624,21209,20.678418,0B4,8,0000000000000000000000000000000010100100000001111100011100101110
38147,7066,20.67863,0BA,5,0010100100000000000000000000011100101011
32726,21214,20.681599,1C4,8,0000101111001001000110110000000000000000000000000000000010111100
17276,21216,20.682416,226,8,0000000000000000000100000000000000000000000000000000000000000000
11977,21217,20.68556,2C1,8,0000000000000010110110010000001110001100110000000001100000001101
38148,14130,20.68612,0BA,5,0100111100000000000000000000000000101110
3657,21219,20.686748,25,8,0000000001111011000000000000000111111111111001110000000010001111
23864,21220,20.687419,0AA,8,0010001011010011001000011110101000100010101011110010000110111110
14967,21221,20.687659,1C6,8,0000000000000000000000000000001001010111000101010000000000000000
8932,21223,20.688586,260,8,0000000000000000000000000000000000000000000000011111111001101001
129,21224,20.689411,3B7,8,1000
38149,14134,20.693609,0BA,5,1110000000101101100101000000000000010110
3658,21229,20.696755,25,8,0000000001111011000000000000000111011111111001110000000001101111
29269,21230,20.697259,24,8,0000001001101011000000011111111101000010010010011000000010100100
23865,21231,20.697482,0AA,8,0010001011001110001000011110101000100010101010110010000111000011
19625,21232,20.698389,0B4,8,0000000000000000000000000000000010100100000001111100001000101001
736,21234,20.700387,320,8,0000000000100000000000000000000000000000000000000000000001001011
38150,21191,20.701099,0BA,5,1100011000000000000000000000000010111110
32727,21235,20.701508,1C4,8,0000101111000111000110110000000000000000000000000000000010111010
3659,21238,20.707741,25,8,0000000001111011000000000000000110101111111010010000000001000001
11032,21239,20.707992,620,8,0001000000000000000000000000000000000000000000000000000000000000
23866,21240,20.708359,0AA,8,0010001011001110001000011110101000100010101010100010000111000001
38151,7079,20.708588,0BA,5,0010100100000000000000000000010000101000
8933,21241,20.708601,260,8,0000000000000000000000000000000000000000000000100001111110001011
16301,21244,20.710719,4C1,8,0000000100000000000000010000000100000000000000000000000000000000
17277,21245,20.711371,226,8,0000000000000000000100000000000000000000000000000000000000000000
11978,21249,20.715501,2C1,8,0000000000000010111000110000001101011100110000000001100011100111
38152,14147,20.716078,0BA,5,0100111100000000000000000000000000101110
3660,21251,20.716731,25,8,0000000001111010000000000000000101111111111010010000000000010000
29270,21252,20.717232,24,8,0000001001101010000000011111110101000010010010011000000010100001
23867,21253,20.717458,0AA,8,0010001011010010001000011110100000100010101010010010000111001000
14968,21254,20.717698,1C6,8,0000000000000000000000000000001001010111000101010000000000000000
19626,21255,20.718355,0B4,8,0000000000000000000000000000000010101000000001111100001000101101
32728,21258,20.721476,1C4,8,0000101111000110000110110000000000000000000000000000000010111001
38153,14152,20.723567,0BA,5,1110000000101101100101000000000000010110
3661,21262,20.726683,25,8,0000000001111010000000000000000101011111111010100000000011110001
23868,21263,20.727351,0AA,8,0010001011010101001000011110010100100010101000100010000111000010
8934,21264,20.728353,260,8,0000000000000000000000000000000000000000000000100001010010000000
38154,21222,20.731057,0BA,5,1100011000000000000000000000000010111110
3662,21267,20.736666,25,8,0000000001111010000000000000000100101111111010100000000011000001
29271,21268,20.737204,24,8,0000001001101010000000011111101101000010010010101000000010100000
23869,21269,20.73743,0AA,8,0010001011001111001000011110001100100010101010000010000111000100
19627,21270,20.738327,0B4,8,0000000000000000000000000000000010101000000001111011110000100111
38155,7084,20.738547,0BA,5,0010100100000000000000000000011100101011
32729,21274,20.741507,1C4,8,0000101111010011000110110000000000000000000000000000000011000110
17278,21276,20.742326,226,8,0000000000000000000100000000000000000000000000000000000000000000
11979,21278,20.745451,2C1,8,0000000000000010111100000000001101001001110000000001100011100001
38156,14170,20.746036,0BA,5,0100111100000000000000000000000000101110
14969,21280,20.747514,1C6,8,0000000000000000000000000000001001010111000101010000000000000000
3663,21281,20.747756,25,8,0000000001111010000000000000000111111111111001010000000010001100
23870,21282,20.748299,0AA,8,0010001011001011001000011110010100100010101001100010000110111110
8935,21283,20.748548,260,8,0000000000000000000000000000000000000000000000011111111001101001
737,21285,20.750315,320,8,0000000000100000000000000000000000000000000000000000000001001011
38157,14174,20.753526,0BA,5,1110000000101101100101000000000000010110
3664,21288,20.756668,25,8,0000000001111010000000000000000111001111111001010000000001011100
29272,21289,20.757184,24,8,0000001001101010000000011111100001000010010010101000000010011101
23871,21290,20.757408,0AA,8,0010001011001100001000011110101100100010101001000010000110111100
19628,21291,20.758295,0B4,8,0000000000000000000000000000000010101100000001111011110000101011
38158,21257,20.761015,0BA,5,1100011000000000000000000000000010111110
32730,21294,20.761426,1C4,8,0000101111010100000110110000000000000000000000000000000011000111
13978,21297,20.766183,38E,8,0
3665,21299,20.766789,25,8,0000000001111010000000000000000110011111111000110000000000101010
23872,21300,20.767298,0AA,8,0010001011001100001000011110110000100010100111100010000110111110
8936,21301,20.768284,260,8,0000000000000000000000000000000000000000000000100000100101110101
38159,7097,20.768505,0BA,5,0010100100000000000000000000010000101000
17279,21304,20.770286,226,8,0000000000000000000100000000000000000000000000000000000000000000
35136,21078,20.772508,3D3,3,111001010000001010010011
11980,21305,20.775422,2C1,8,0000000000000011000000000000001101010000110000000001100111111010
38160,14192,20.775994,0BA,5,0100111100000000000000000000000000101110
3666,21307,20.776636,25,8,0000000001111001000000000000000101011111111000010000000011100111
14086,21308,20.77688,442,8,0100001100000010000000000000000000000010000000000000000000000000
29273,21309,20.777146,24,8,0000001001101010000000011111011001000010010010011000000010011010
23873,21310,20.777374,0AA,8,0010001011001110001000011110101100100010101001110010000110110100
14970,21311,20.777615,1C6,8,0000000000000000000000000000001001010111000101010000000000000000
19629,21314,20.778269,0B4,8,0000000000000000000000000000000010110000000001111011110000101111
32731,21317,20.781401,1C4,8,0000101111010001000110110000000000000000000000000000000011000100
11245,21319,20.783377,4C8,8,0000100100000000000000000000000000000000000000000000000000000000
38161,14197,20.783484,0BA,5,1110000000101101100101000000000000010110
3667,21321,20.786592,25,8,0000000001111001000000000000000100011111111000010000000010100111
23874,21322,20.787265,0AA,8,0010001011001010001000011110011100100010101000110010000110111001
8937,21323,20.78828,260,8,0000000000000000000000000000000000000000000000100000100101110101
38162,21284,20.790973,0BA,5,1100011000000000000000000000000010111110
3668,21327,20.796583,25,8,0000000001111001000000000000000111011111110110100000000001100000
29274,21328,20.797124,24,8,0000001001101001000000011111101001000010010010011000000010011101
23875,21329,20.797376,0AA,8,0010001011000110001000011110011100100010101001000010000110111010
43520,5367,20.797966,423,2,10101000001110
19630,21330,20.798244,0B4,8,0000000000000000000000000000000010110000000001111011110000101111
38163,7106,20.798463,0BA,5,0010100100000000000000000000011100101011
32732,21334,20.801425,1C4,8,0000101111100001000110110000000000000000000000000000000011010100
17280,21336,20.80224,226,8,0000000000000000000100000000000000000000000000000000000000000000
738,21337,20.803235,320,8,0000000000100000000000000000000000000000000000000000000001001011
11981,21338,20.805361,2C1,8,0000000000000011000011000000001011010011110000000001100110001000
38164,14210,20.805952,0BA,5,0100111100000000000000000000000000101110
14971,21340,20.807427,1C6,8,0000000000000000000000000000001001010111000101010000000000000000
3669,21341,20.807669,25,8,0000000001111001000000000000000110011111110101110000000000011101
23876,21342,20.808216,0AA,8,0010001011000101001000011110011100100010100111110010000110111000
8938,21343,20.808465,260,8,0000000000000000000000000000000000000000000000011111001001011101
38165,14214,20.813442,0BA,5,1110000000101101100010000000000000001010
3670,21349,20.816606,25,8,0000000001111000000000000000000100111111110010010000000010101110
29275,21350,20.817094,24,8,0000001001101001000000011111100001000010010001111000000010011001
23877,21351,20.81732,0AA,8,0010001011000101001000011110011100100010100111110010000110111011
19631,21352,20.818209,0B4,8,0000000000000000000000000000000010110100000001111011110000110011
38166,21316,20.820932,0BA,5,1100011000000000000000000000000010111110
32733,21354,20.821349,1C4,8,0000110000001001000110110000000000000000000000000000000011111101
13723,21356,20.826128,3A5,8,100000000
3671,21358,20.826706,25,8,0000000001111000000000000000000111101111110011100000000001100011
23878,21360,20.827244,0AA,8,0010001011001001001000011110001000100010101000000010000110110111
8939,21361,20.828198,260,8,0000000000000000000000000000000000000000000000011100011000110001
38167,7116,20.828421,0BA,5,0010100100000000000000000000010000101000
17281,21364,20.830203,226,8,0000000000000000000100000000000000000000000000000000000000000000
43708,705,20.830938,3BB,5,1011101100000000000000000000000000100110
28029,21365,20.832071,6C0,8,1110010000000000000000001110000010000000000000000000000000000000
11982,21366,20.835302,2C1,8,0000000000000011001000110000001011011001110000000001100110100101
38168,14234,20.835911,0BA,5,0100111100000000000000000000000000101110
3672,21368,20.836579,25,8,0000000001111000000000000000000110011111110011100000000000010011
29276,21369,20.837091,24,8,0000001001101000000000011111011001000010010001111000000010010110
23879,21370,20.837317,0AA,8,0010001011000110001000011110000100100010101000000010000110111001
14972,21371,20.837559,1C6,8,0000000000000000000000000000001001010111000101010000000000000000
19632,21372,20.838183,0B4,8,0000000000000000000000000000000010110100000001111011110000110011
7815,21374,20.839619,610,8,0010000000000000000101000110010011000000000000000111011001000000
16428,21376,20.841099,3F9,8,0111010100011000000000100000001010000000000000000000000000010101
32734,21377,20.841351,1C4,8,0000110000010001000110110000000000000000000000000000000000000101
38169,14238,20.8434,0BA,5,1110000000101101100101000000000000010110
3673,21382,20.84651,25,8,0000000001110111000000000000000100111111110011100000000010110010
23880,21383,20.847183,0AA,8,0010001011000001001000011110000100100010100111010010000110111000
8940,21384,20.848152,260,8,0000000000000000000000000000000000000000000000011011101000100101
739,21385,20.848327,320,8,0000000000100000000000000000000000000000000000000000000001001011
38170,21344,20.85089,0BA,5,1100011000000000000000000000000010111110
31331,21386,20.851599,640,8,1010100000000000000000000011011100000001110111100000000000000000
35017,21388,20.856053,413,8,0000000100000001000000010000100100000000000000000000000000000000
3674,21390,20.856659,25,8,0000000001110111000000000000000111011111110001000000000001001000
29277,21391,20.857071,24,8,0000001001101000000000011111100001000010010001111000000010011000
23881,21392,20.857301,0AA,8,0010001010111111001000011110011100100010100110100010000110111001
19633,21393,20.858157,0B4,8,0000000000000000000000000000000010111000000001111011011000110001
38171,7127,20.858379,0BA,5,0010100100000000000000000000011100101011
32735,21398,20.861334,1C4,8,0000110000011101000110110000000000000000000000000000000000010001
17282,21400,20.862151,226,8,0000000000000000000100000000000000000000000000000000000000000000
11983,21402,20.865276,2C1,8,0000000000000011001010010000001011010110110000000001101010101001
38172,14254,20.865869,0BA,5,0100111100000000000000000000000000101110
3675,21404,20.866484,25,8,0000000001110110000000000000000101101111110001000000000011010111
23882,21405,20.867155,0AA,8,0010001011000001001000011110100100100010101000110010000110110101
14973,21406,20.867398,1C6,8,0000000000000000000000000000001001010111000101010000000000000000
8941,21407,20.868143,260,8,0000000000000000000000000000000000000000000000011101000100111100
38173,14259,20.873358,0BA,5,1110000000101101100101000000000000010110
21661,21410,20.876012,443,8,0100110100000010000000000010111100000110000000000000000000000000
3676,21413,20.876618,25,8,0000000001110110000000000000000111111111101110100000000001011101
29278,21414,20.877013,24,8,0000001001100111000000011111100001000010010001111000000010010111
23883,21415,20.877239,0AA,8,0010001011000001001000011110000100100010100111010010000110110110
19634,21416,20.878132,0B4,8,0000000000000000000000000000000010111000000001111011011000110001
38174,21375,20.880848,0BA,5,1100011000000000000000000000000010111110
32736,21418,20.881293,1C4,8,0000110000101010000110110000000000000000000000000000000000011110
3677,21421,20.887509,25,8,0000000001110101000000000000000101101111101110000000000011001010
8942,21422,20.887823,260,8,0000000000000000000000000000000000000000000000011100011000110001
23884,21423,20.888138,0AA,8,0010001011000001001000011101110100100010100111110010000110111010
38175,7139,20.888337,0BA,5,0010100100000000000000000000010000101000
17283,21426,20.891113,226,8,0000000000000000000100000000000000000000000000000000000000000000
11984,21428,20.895228,2C1,8,0000000000000011001101100000001010100011110000000001101010000011
38176,14271,20.895827,0BA,5,0100111100000000000000000000000000101110
3678,21430,20.896435,25,8,0000000001110101000000000000000111111111101100110000000001010101
29279,21431,20.896982,24,8,0000001001100111000000011111101001000010010001011000000010010111
23885,21432,20.897208,0AA,8,0010001011000001001000011110000100100010100110110010000110110110
14974,21433,20.897448,1C6,8,0000000000000000000000000000001001010111000101010000000000000000
19635,21434,20.898148,0B4,8,0000000000000000000000000000000010111100000001111011011000110101
740,21437,20.901099,320,8,0000000000100000000000000000000000000000000000000000000001001011
32737,21438,20.901337,1C4,8,0000110001001110000110110000000000000000000000000000000001000010
38177,14276,20.903316,0BA,5,1110000000101101011000000000000011100010
3679,21441,20.906451,25,8,0000000001110100000000000000000101101111101100000000000011000001
23886,21443,20.907105,0AA,8,0010001011000000001000011110001100100010100111100010000110111111
8943,21444,20.907768,260,8,0000000000000000000000000000000000000000000000011010111100011010
38178,21408,20.910806,0BA,5,1100011000000000000000000000000010111110
3680,21448,20.916437,25,8,0000000001110100000000000000000111101111101100000000000001000001
29280,21449,20.916957,24,8,0000001001100110000000011111100001000010010000111000000010010010
23887,21450,20.917184,0AA,8,0010001011000010001000011110100000100010100101010010000110110011
19636,21451,20.918119,0B4,8,0000000000000000000000000000000010111100000001111011011000110101
38179,7144,20.918296,0BA,5,0010100100000000000000000000011100101011
32738,21456,20.921247,1C4,8,0000110001011101000110110000000000000000000000000000000001010001
17284,21458,20.922067,226,8,0000000000000000000100000000000000000000000000000000000000000000
11985,21459,20.925194,2C1,8,0000000000000011010001100000001010101100110000000001101010011100
38180,14293,20.925785,0BA,5,0100111100000000000000000000000000101110
3681,21462,20.926419,25,8,0000000001110011000000000000000101001111101001100000000010010110
23888,21463,20.92707,0AA,8,0010001011000110001000011110111000100010100101110010000110110100
14975,21464,20.927312,1C6,8,0000000000000000000000000000001001010111000101010000000000000000
8944,21465,20.927798,260,8,0000000000000000000000000000000000000000000000011101000100111100
38181,14297,20.933275,0BA,5,1110000000101101001010000000000010101010
3682,21469,20.936434,25,8,0000000001110011000000000000000110111111101001100000000000000110
29281,21470,20.936928,24,8,0000001001100110000000011111101001000010010000111000000010010100
23889,21471,20.937153,0AA,8,0010001011000110001000011110101000100010100100110010000110110111
19637,21472,20.938036,0B4,8,0000000000000000000000000000000011000000000001111011011000111001
27819,21474,20.940037,420,8,0000000000000000000000000000000011111111000000001000000010101011
38182,21436,20.940764,0BA,5,1100011000000000000000000000000010111110
32739,21476,20.941172,1C4,8,0000110001101110000110110000000000000000000000000000000001100010
3683,21480,20.947418,25,8,0000000001110010000000000000000100001111101001100000000001010101
8945,21481,20.947678,260,8,0000000000000000000000000000000000000000000000011010010000001111
23890,21482,20.948011,0AA,8,0010001011000011001000011110101100100010100101000010000110110010
38183,7158,20.948254,0BA,5,0010100100000000000000000000010000101000
17285,21485,20.951024,226,8,0000000000000000000100000000000000000000000000000000000000000000
741,21486,20.952021,320,8,0000000000100000000000000000000000000000000000000000000001001011
11986,21487,20.955142,2C1,8,0000000000000011010110010000001010101100110000000001101010101111
38184,14314,20.955743,0BA,5,0100111100000000000000000000000000101110
3684,21489,20.956377,25,8,0000000001110001000000000000000101111111101010000000000011000110
29282,21490,20.956909,24,8,0000001001100101000000100000000001000010010001011000000010011100
23891,21491,20.957145,0AA,8,0010001011000110001000011110111100100010100100100010000110110100
14976,21492,20.957377,1C6,8,0000000000000000000000000000001001010111000101010000000000000000
19638,21494,20.958152,0B4,8,0000000000000000000000000000000011000100000001111011011000111101
7613,21497,20.96059,3BC,8,0
32740,21499,20.961214,1C4,8,0000110001111011000110110000000000000000000000000000000001101111
38185,14319,20.963233,0BA,5,1110000000101100111011000000000001101101
3685,21502,20.966364,25,8,0000000001110001000000000000000111101111101001100000000000110100
23892,21503,20.967011,0AA,8,0010001011000010001000011111001100100010100011110010000110110001
8946,21504,20.967624,260,8,0000000000000000000000000000000000000000000000011101000100111100
13385,21505,20.967775,394,3,0
38186,21466,20.970722,0BA,5,1100011000000000000000000000000010111110
35321,19563,20.972121,386,7,11011011000000000000000000000000000001100000000000000011
43419,19592,20.97216,3000000.0,6,101011000000000000000000000000000000000000000000
3686,21509,20.976375,25,8,0000000001110000000000000000000101001111101001100000000010010011
31440,21510,20.976862,44D,8,0100001000000010000000000000000000000001000000000000000000000000
29283,21511,20.977097,24,8,0000001001100100000000100000010101000010010001011000000010100000
23893,21512,20.977324,0AA,8,0010001011001100001000011111011100100010100101000010000110110111
19639,21513,20.977974,0B4,8,0000000000000000000000000000000011000100000001111011110001000011
38187,7167,20.978212,0BA,5,0010100100000000000000000000011100101011
32741,21517,20.981162,1C4,8,0000110010010111000110110000000000000000000000000000000010001011
17286,21519,20.981979,226,8,0000000000000000000100000000000000000000000000000000000000000000
11987,21521,20.98511,2C1,8,0000000000000011011010010000001011000110110000000001101011011001
27880,21522,20.985564,4DC,8,0001110100000000000000000000000000000000000000000000000000000000
38188,14333,20.985701,0BA,5,0100111100000000000000000000000000101110
3687,21524,20.986335,25,8,0000000001110000000000000000000110101111100111000000000011101001
23894,21525,20.986982,0AA,8,0010001011010001001000011111101100100010100100100010000110111011
14977,21526,20.987224,1C6,8,0000000000000000000000000000001001011000000101010000000000000000
8947,21527,20.98759,260,8,0000000000000000000000000000000000000000000000011010111100011010
130,21529,20.988972,3B7,8,1000
38189,14338,20.993191,0BA,5,1110000000101100101100000000000000110001
3688,21533,20.99635,25,8,0000000001101111000000000000000111111111100111000000000000111000
31590,21534,20.996598,633,8,1000000100000000000000000000000000000000000000000000000000000000
29284,21535,20.996849,24,8,0000001001100011000000100000100001000010010000111000000010100000
23895,21536,20.997074,0AA,8,0010001011010001001000011111100100100010100101010010000110111000
19640,21537,20.997949,0B4,8,0000000000000000000000000000000011001000000001111011110001000111
742,21539,20.999956,320,8,0000000000100000000000000000000000000000000000000000000001001011
38190,21496,21.000681,0BA,5,1100011000000000000000000000000010111110
32742,21540,21.001096,1C4,8,0000110010011000000110110000000000000000000000000000000010001100
1544,21543,21.005865,6F3,8,0010000000000000000000000000000000000000000000000000000000000000
3689,21545,21.006448,25,8,0000000001101110000000000000000101011111101001100000000010100001
23896,21546,21.006954,0AA,8,0010001011010010001000011111110000100010100100100010000110111011
11033,21548,21.007384,620,8,0001000000000000000000000000000000000000000000000000000000000000
8948,21549,21.007628,260,8,0000000000000000000000000000000000000000000000011011101000100101
38191,7179,21.00817,0BA,5,0010100100000000000000000000010000101000
17287,21552,21.009941,226,8,0000000000000000000100000000000000000000000000000000000000000000
11988,21554,21.015115,2C1,8,0000000000000011011101100000001011100000110000000001101000000000
38192,14357,21.01566,0BA,5,0100111100000000000000000000000000101110
3690,21556,21.016291,25,8,0000000001101110000000000000000110111111100111000000000011110111
29285,21557,21.016817,24,8,0000001001100011000000100000110001000010010000101000000010100011
23897,21558,21.017044,0AA,8,0010001011010010001000100000001100100010100110000010000110111101
14978,21559,21.017286,1C6,8,0000000000000000000000000000001001011000000101010000000000000000
19641,21560,21.017928,0B4,8,0000000000000000000000000000000011001000000001111100001001001101
11185,21563,21.020351,39A,8,0000000000000000000000000000000100000000000000000000000000000000
13537,21564,21.020595,399,8,0000000000000000000000000000000000000000111111110000000000000000
32743,21565,21.021064,1C4,8,0000110010010101000110110000000000000000000000000000000010001001
38193,14360,21.023149,0BA,5,1110000000101100011101000000000011110101
3691,21569,21.026278,25,8,0000000001101101000000000000000100001111100111000000000001000110
23898,21570,21.026925,0AA,8,0010001011010011001000100000100100100010100101010010000110111100
8949,21571,21.027559,260,8,0000000000000000000000000000000000000000000000011000111011111001
38194,21528,21.030639,0BA,5,1100011000000000000000000000000010111110
35137,2644,21.032164,3D3,3,011011000001001000000000
3692,21573,21.03626,25,8,0000000001101100000000000000000101101111101001100000000010101111
29286,21575,21.036812,24,8,0000001001100010000000100001001101000010010000101000000010101001
23899,21576,21.037039,0AA,8,0010001011010101001000100000110000100010100110100010000111000011
19642,21577,21.037892,0B4,8,0000000000000000000000000000000011001100000001111100011101010110
38195,7188,21.038128,0BA,5,0010100100000000000000000000011100101011
21,21581,21.040805,3B1,8,0000000000000000000000100000101000000000000010000000000000000000
32744,21582,21.041046,1C4,8,0000110010001011000110110000000000000000000000000000000001111111
17288,21585,21.041889,226,8,0000000000000000000100000000000000000000000000000000000000000000
11989,21586,21.045055,2C1,8,0000000000000011100001100000001100111100110000000001101001101101
38196,14377,21.045618,0BA,5,0100111100000000000000000000000000101110
3693,21588,21.04625,25,8,0000000001101100000000000000000111011111101001100000000000011111
23900,21589,21.046893,0AA,8,0010001011010110001000100000101000100010100111000010000111000011
14979,21590,21.047133,1C6,8,0000000000000000000000000000001001011000000101010000000000000000
8950,21591,21.047484,260,8,0000000000000000000000000000000000000000000000011001100100000100
743,21594,21.048881,320,8,0000000000100000000000000000000000000000000000000000000001001011
38197,14381,21.053107,0BA,5,1110000000101100001111000000000010111101
3694,21598,21.056308,25,8,0000000001101011000000000000000100101111100111000000000001100100
29287,21599,21.056792,24,8,0000001001100001000000100001101101000010010000001000000010101110
23901,21600,21.057021,0AA,8,0010001011011011001000100000110100100010101000000010000111001101
19643,21601,21.057861,0B4,8,0000000000000000000000000000000011001100000001111100110101011100
38198,21562,21.060597,0BA,5,1100011000000000000000000000000010111110
32745,21604,21.061014,1C4,8,0000110001110000000110110000000000000000000000000000000001100100
3695,21607,21.06622,25,8,0000000001101010000000000000000101111111100111000000000010110011
23902,21608,21.066869,0AA,8,0010001011011100001000100000110100100010100111110010000111001100
8951,21609,21.067404,260,8,0000000000000000000000000000000000000000000000011000111011111001
38199,7201,21.068086,0BA,5,0010100100000000000000000000010000101000
17289,21612,21.069857,226,8,0000000000000000000100000000000000000000000000000000000000000000
11990,21615,21.074979,2C1,8,0000000000000011100100000000001110110110110000000001101011110001
38200,14398,21.075576,0BA,5,0100111100000000000000000000000000101110
14087,21617,21.076162,442,8,0100001100000010000000000000000000000010000000000000000000000000
3696,21618,21.076404,25,8,0000000001101010000000000000000111101111101001100000000000101101
29288,21619,21.076733,24,8,0000001001100000000000100001101001000010001111001000000010101000
23903,21620,21.076958,0AA,8,0010001011011101001000100001010100100010101001010010000111010101
14980,21621,21.0772,1C6,8,0000000000000000000000000000001001010111000101010000000000000000
19644,21622,21.077837,0B4,8,0000000000000000000000000000000011010000000001111101001101100110
32746,21625,21.080982,1C4,8,0000110001100111000110110000000000000000000000000000000001011011
38201,14404,21.083066,0BA,5,1110000000101100000000000000000010000001
3697,21628,21.08619,25,8,0000000001101001000000000000000100111111100111000000000001110010
23904,21629,21.086835,0AA,8,0010001011011011001000100001101100100010101010000010000111010010
8952,21630,21.087373,260,8,0000000000000000000000000000000000000000000000010111011111100010
38202,21592,21.090555,0BA,5,1100011000000000000000000000000010111110
16429,21632,21.09137,3F9,8,0111010100011000000000100000001010000000000000000000000000010101
3698,21634,21.096175,25,8,0000000001101001000000000000000110101111101001100000000011101100
29289,21635,21.096706,24,8,0000001001100000000000100001100001000010001111001000000010100110
23905,21636,21.096936,0AA,8,0010001011100000001000100001111100100010101011100010000111011000
19645,21637,21.097805,0B4,8,0000000000000000000000000000000011010100000001111101001101101010
38203,7205,21.098045,0BA,5,0010100100000000000000000000011100101011
32747,21641,21.101002,1C4,8,0000110001011110000110110000000000000000000000000000000001010010
17290,21644,21.101809,226,8,0000000000000000000100000000000000000000000000000000000000000000
744,21645,21.102803,320,8,0000000000100000000000000000000000000000000000000000000001001011
11991,21646,21.104949,2C1,8,0000000000000011101000000000001111110011110000000001101000111110
38204,14421,21.105534,0BA,5,0100111100000000000000000000000000101110
31262,21648,21.106114,4A6,8,0000000000000000000000000000000000000000000001100000000000000000
14981,21650,21.106995,1C6,8,0000000000000000000000000000001001010111000101010000000000000000
3699,21651,21.107237,25,8,0000000001101000000000000000000111101111100111000000000000100001
8953,21652,21.107487,260,8,0000000000000000000000000000000000000000000000011000001111101110
23906,21653,21.107776,0AA,8,0010001011100010001000100001111000100010101100100010000111011001
38205,14425,21.113024,0BA,5,1110000000101011101110000000000000111000
3700,21659,21.116179,25,8,0000000001100111000000000000000101001111100111000000000010000000
29290,21660,21.116679,24,8,0000001001011111000000100001110101000010001110111000000010101001
23907,21661,21.116903,0AA,8,0010001011100101001000100010001000100010101101010010000111011001
19646,21662,21.117779,0B4,8,0000000000000000000000000000000011010100000001111101100001101111
38206,21624,21.120513,0BA,5,1100011000000000000000000000000010111110
32748,21664,21.120972,1C4,8,0000110001010101000110110000000000000000000000000000000001001001
3701,21668,21.126136,25,8,0000000001100111000000000000000110111111101001100000000011111010
23908,21669,21.126778,0AA,8,0010001011101001001000100010011100100010101111110010000111100101
8954,21670,21.127115,260,8,0000000000000000000000000000000000000000000000010110000111001100
38207,7221,21.128003,0BA,5,0010100100000000000000000000010000101000
43709,1433,21.128522,3BB,5,1010010100000000000000000000000000000000
17291,21673,21.129767,226,8,0000000000000000000100000000000000000000000000000000000000000000
28030,21674,21.131122,6C0,8,1110010000000000000000001110000010000000000000000000000000000000
43521,20934,21.133417,423,2,1000100000000
11992,21675,21.134894,2C1,8,0000000000000011101011000000001111111100110000000001101001010011
38208,14442,21.135492,0BA,5,0100111100000000000000000000000000101110
3702,21677,21.136145,25,8,0000000001100110000000000000000100001111100111000000000000111111
29291,21678,21.13665,24,8,0000001001011110000000100001111101000010001110111000000010101010
23909,21679,21.136877,0AA,8,0010001011100110001000100010100000100010101111110010000111100110
14982,21680,21.137118,1C6,8,0000000000000000000000000000001001010111000101010000000000000000
19647,21681,21.137747,0B4,8,0000000000000000000000000000000011011000000001111101111001111001
32749,21685,21.140897,1C4,8,0000110001001110000110110000000000000000000000000000000001000010
38209,14448,21.142982,0BA,5,1110000000101011100001000000000000000100
3703,21688,21.146108,25,8,0000000001100101000000000000000101011111100111000000000010001110
23910,21689,21.146749,0AA,8,0010001011101000001000100010101000100010110000100010000111101001
8955,21690,21.147025,260,8,0000000000000000000000000000000000000000000000010110000111001100
745,21691,21.147739,320,8,0000000000100000000000000000000000000000000000000000000001001011
38210,21654,21.150471,0BA,5,1100011000000000000000000000000010111110
3704,21694,21.156085,25,8,0000000001100101000000000000000110111111100111000000000011101110
29292,21695,21.156627,24,8,0000001001011101000000100001101001000010001110011000000010100010
23911,21696,21.156856,0AA,8,0010001011101100001000100010101000100010110000010010000111110001
19648,21697,21.157724,0B4,8,0000000000000000000000000000000011011000000001111110001101111110
38211,7230,21.157961,0BA,5,0010100100000000000000000000011100101011
32750,21701,21.160902,1C4,8,0000110001000001000110110000000000000000000000000000000000110101
34854,21703,21.161483,3C3,8,0100011000011110100100110100111011101110010110010000001110001000
17292,21704,21.161731,226,8,0000000000000000000100000000000000000000000000000000000000000000
11993,21706,21.164861,2C1,8,0000000000000011101101100000001111110110110000000001101001010111
38212,14458,21.165451,0BA,5,0100111100000000000000000000000000101110
3705,21709,21.166145,25,8,0000000001100100000000000000000100001111100111000000000000111101
23912,21710,21.166723,0AA,8,0010001011101110001000100010101100100010110011010010000111101111
14983,21711,21.166963,1C6,8,0000000000000000000000000000001001010110000101010000000000000000
8956,21712,21.167207,260,8,0000000000000000000000000000000000000000000000010110000111001100
38213,14464,21.17294,0BA,5,1110000000101011010011000000000011001100
21662,21716,21.175595,443,8,0100110100000010000000000010111100000110000000000000000000000000
3706,21718,21.17617,25,8,0000000001100011000000000000000101001111100100100000000001110010
29293,21719,21.176591,24,8,0000001001011011000000100001100001000010001101111000000010011100
23913,21720,21.17682,0AA,8,0010001011110000001000100011000100100010110010100010000111110111
19649,21722,21.177689,0B4,8,0000000000000000000000000000000011011100000001111110100110001000
38214,21684,21.18043,0BA,5,1100011000000000000000000000000010111110
32751,21724,21.180842,1C4,8,0000110000111111000110110000000000000000000000000000000000110011
3707,21727,21.18605,25,8,0000000001100011000000000000000110011111100100100000000011000010
23914,21728,21.186697,0AA,8,0010001011110000001000100011101000100010110011010010000111111100
8957,21729,21.186946,260,8,0000000000000000000000000000000000000000000000010100000010101011
38215,7240,21.187919,0BA,5,0010100100000000000000000000010000101000
17293,21733,21.189683,226,8,0000000000000000000100000000000000000000000000000000000000000000
11994,21735,21.194811,2C1,8,0000000000000011110000110000001111111001110000000001101001100111
38216,14482,21.195409,0BA,5,0100111100000000000000000000000000101110
3708,21737,21.196036,25,8,0000000001100010000000000000000111011111100100100000000000000001
29294,21738,21.196568,24,8,0000001001011010000000100001100001000010001110011000000010011101
23915,21739,21.196797,0AA,8,0010001011110010001000100011100100100010110011000010000111111111
14984,21740,21.197038,1C6,8,0000000000000000000000000000001001010011000101010000000000000000
19650,21741,21.197661,0B4,8,0000000000000000000000000000000011011100000001111110100110001000
746,21744,21.200663,320,8,0000000000100000000000000000000000000000000000000000000001001011
32752,21745,21.200905,1C4,8,0000110001000000000110110000000000000000000000000000000000110100
38217,14486,21.202898,0BA,5,1110000000101011000110000000000010011000
3709,21749,21.20602,25,8,0000000001100001000000000000000100011111100100100000000001000000
23916,21750,21.206663,0AA,8,0010001011111001001000100011100100100010110101100010001000000010
8958,21751,21.206912,260,8,0000000000000000000000000000000000000000000000010101011011000001
7674,21753,21.207914,611,8,0010000100000000000000000001000000000000000000000011110101101100
38218,21713,21.210388,0BA,5,1100011000000000000000000000000010111110
3710,21755,21.216008,25,8,0000000001100000000000000000000101001111100010000000000001100101
29295,21756,21.216536,24,8,0000001001011001000000100001011001000010001101011000000010010110
23917,21757,21.216766,0AA,8,0010001011111110001000100011100100100010110101110010001000001100
19651,21758,21.217636,0B4,8,0000000000000000000000000000000011100000000001111110111110010010
38219,7254,21.217877,0BA,5,0010100100000000000000000000011100101011
32753,21763,21.220918,1C4,8,0000110001000011000110110000000000000000000000000000000000110111
17294,21765,21.221627,226,8,0000000000000001000100000000000000000000000000000000000000000000
11995,21766,21.224811,2C1,8,0000000000000011110001100000001111100110110000000001101001010111
38220,14505,21.225367,0BA,5,0100111100000000000000000000000000101110
14985,21768,21.22682,1C6,8,0000000000000000000000000000001001010000000101010000000000000000
3711,21769,21.227062,25,8,0000000001011111000000000000000101111111100100110000000010011111
8959,21770,21.227309,260,8,0000000000000000000000000000000000000000000000010001110010000111
23918,21771,21.227606,0AA,8,0010001011111100001000100011101100100010110100010010001000010001
38221,14508,21.232856,0BA,5,1110000000101010110110000000000001010111
3712,21776,21.236005,25,8,0000000001011111000000000000000111001111100001100000000011100010
29296,21778,21.236535,24,8,0000001001010111000000100001010001000010001101001000000010010001
23919,21779,21.236762,0AA,8,0010001011110100001000100011101100100010110100100010001000010111
19652,21780,21.237604,0B4,8,0000000000000000000000000000000011100100000001111111010010011011
38222,21743,21.240346,0BA,5,1100011000000000000000000000000010111110
32754,21782,21.240756,1C4,8,0000110001010011000110110000000000000000000000000000000001000111
3713,21786,21.245958,25,8,0000000001011110000000000000000100001111100100100000000000101101
23920,21787,21.246602,0AA,8,0010001011110110001000100100100100100010110101110010001000010111
8960,21788,21.246852,260,8,0000000000000000000000000000000000000000000000010001000001111011
38223,7265,21.247835,0BA,5,0010100100000000000000000000010000101000
17295,21791,21.249598,226,8,0000000000000000000100000000000000000000000000000000000000000000
747,21792,21.250592,320,8,0000000000100000000000000000000000000000000000000000000001001011
11996,21794,21.254726,2C1,8,0000000000000011110100000000001111110110110000000001101001110001
38224,14520,21.255325,0BA,5,0100111100000000000000000000000000101110
3714,21796,21.255942,25,8,0000000001011101000000000000000100111111100010000000000001010010
29297,21797,21.256513,24,8,0000001001010110000000100001000101000010001100101000000010001011
23921,21798,21.25674,0AA,8,0010001011110110001000100100001100100010110101100010001000010101
14986,21799,21.256981,1C6,8,0000000000000000000000000000001001001101000101010000000000000000
19653,21800,21.257575,0B4,8,0000000000000000000000000000000011100100000001111111101010100001
32755,21804,21.260778,1C4,8,0000110001011110000110110000000000000000000000000000000001010010
38225,14524,21.262815,0BA,5,1110000000101010100110000000000000010111
3715,21807,21.265941,25,8,0000000001011100000000000000000101101111100010000000000010000001
23922,21808,21.266577,0AA,8,0010001011111110001000100100010000100010110101110010001000011010
8961,21809,21.266826,260,8,0000000000000000000000000000000000000000000000010001000001111011
13386,21810,21.266982,394,3,0
38226,21772,21.270304,0BA,5,1100011000000000000000000000000010111110
31441,21813,21.27572,44D,8,0100001000000010000000000000000000000001000000000000000000000000
3716,21814,21.275961,25,8,0000000001011100000000000000000110101111100010000000000011000001
29298,21815,21.276458,24,8,0000001001010101000000100001000101000010001101001000000010001100
23923,21816,21.276691,0AA,8,0010001011111111001000100100100000100010110101000010001000011011
19654,21817,21.277547,0B4,8,0000000000000000000000000000000011101000000001111111101010100101
38227,7273,21.277794,0BA,5,0010100100000000000000000000011100101011
32756,21821,21.280738,1C4,8,0000110001101100000110110000000000000000000000000000000001100000
17296,21823,21.281548,226,8,0000000000000000000100000000000000000000000000000000000000000000
11997,21824,21.284696,2C1,8,0000000000000011110101100000001111010011110000000001101001010100
38228,14543,21.285283,0BA,5,0100111100000000000000000000000000101110
3717,21827,21.285904,25,8,0000000001011011000000000000000111001111011111100000000011010110
23924,21828,21.286549,0AA,8,0010001011111111001000100100101100100010110110000010001000100100
14987,21829,21.28679,1C6,8,0000000000000000000000000000001001001101000101010000000000000000
8962,21830,21.287039,260,8,0000000000000000000000000000000000000000000000001111100001100010
131,21832,21.288542,3B7,8,1000
35138,21613,21.29182,3D3,3,111001010000001110001111
38229,14546,21.292773,0BA,5,1110000000101010010110000000000011010111
3718,21836,21.295912,25,8,0000000001011010000000000000000111101111011111100000000011110101
29299,21837,21.296428,24,8,0000001001010011000000100001001101000010001100101000000010001010
23925,21838,21.296657,0AA,8,0010001011111111001000100100110100100010110110010010001000011111
19655,21839,21.297524,0B4,8,0000000000000000000000000000000011101000000010000000000010101100
748,21841,21.29952,320,8,0000000000100000000000000000000000000000000000000000000001001011
38230,21802,21.300262,0BA,5,1100011000000000000000000000000010111110
32757,21842,21.300675,1C4,8,0000110001111001000110110000000000000000000000000000000001101101
8963,21847,21.306713,260,8,0000000000000000000000000000000000000000000000001110110101010111
3719,21848,21.306957,25,8,0000000001011001000000000000000111111111100000010000000000000111
11034,21849,21.307208,620,8,0001000000000000000000000000000000000000000000000000000000000000
23926,21850,21.307491,0AA,8,0010001011111111001000100101000000100010110110110010001000100001
38231,7291,21.307752,0BA,5,0010100100000000000000000000010000101000
17297,21854,21.310502,226,8,0000000000000001000100000000000000000000000000000000000000000000
11998,21856,21.314643,2C1,8,0000000000000011110111000000001110100000110000000001101000100111
38232,14564,21.315241,0BA,5,0100111100000000000000000000000000101110
3720,21858,21.315882,25,8,0000000001011000000000000000000100101111011110110000000000110000
29300,21859,21.316402,24,8,0000001001010010000000100001000101000010001100001000000010000101
23927,21860,21.31663,0AA,8,0010001100000010001000100101001100100010110110110010001000101000
14988,21861,21.31687,1C6,8,0000000000000000000000000000001001001101000101010000000000000000
19656,21862,21.317491,0B4,8,0000000000000000000000000000000011101100000010000000000010110000
32758,21866,21.320647,1C4,8,0000110010001111000110110000000000000000000000000000000010000011
38233,14567,21.322731,0BA,5,1110000000101010000111000000000010011011
3721,21869,21.32586,25,8,0000000001010111000000000000000100111111011101000000000000111000
23928,21870,21.326491,0AA,8,0010001100000100001000100101000000100010110101110010001000101010
8964,21871,21.326739,260,8,0000000000000000000000000000000000000000000000001101010100111111
38234,21831,21.33022,0BA,5,1100011000000000000000000000000010111110
3722,21874,21.335856,25,8,0000000001010110000000000000000101001111011101000000000001000111
29301,21875,21.336375,24,8,0000001001010001000000100001000101000010001011011000000010000001
23929,21876,21.3366,0AA,8,0010001100000010001000100101010100100010110110110010001000101101
7816,21877,21.336841,610,8,0010000000000000000101000110010011000000000000000111011001000000
19657,21878,21.337464,0B4,8,0000000000000000000000000000000011101100000010000000010110110101
38235,7297,21.33771,0BA,5,0010100100000000000000000000011100101011
16430,21881,21.34032,3F9,8,0111010100011000000000100000001010000000000000000000000000010101
32759,21883,21.340754,1C4,8,0000110010011000000110110000000000000000000000000000000010001100
17298,21885,21.341462,226,8,0000000000000000000100000000000000000000000000000000000000000000
11999,21886,21.344616,2C1,8,0000000000000011111000110000001101111001110000000001101000000111
38236,14579,21.3452,0BA,5,0100111100000000000000000000000000101110
3723,21888,21.345818,25,8,0000000001010101000000000000000101011111011101000000000001010110
23930,21889,21.346464,0AA,8,0010001100000100001000100101110100100010110111000010001000101011
14989,21890,21.346704,1C6,8,0000000000000000000000000000001001001101000101010000000000000000
8965,21891,21.34695,260,8,0000000000000000000000000000000000000000000000001100100100110011
749,21893,21.348453,320,8,0000000000100000000000000000000000000000000000000000000001001011
38237,14583,21.352689,0BA,5,1110000000101001111000000000000001011110
3724,21897,21.355799,25,8,0000000001010100000000000000000101101111011101000000000001100101
29302,21898,21.356355,24,8,0000001001010000000000100001010001000010001010111000000010000001
23931,21899,21.356584,0AA,8,0010001100000100001000100110000000100010111001010010001000110001
19658,21900,21.35744,0B4,8,0000000000000000000000000000000011110000000010000000101110111111
38238,21865,21.360179,0BA,5,1100011000000000000000000000000010111110
32760,21904,21.36059,1C4,8,0000110010100001000110110000000000000000000000000000000010010101
8966,21906,21.366384,260,8,0000000000000000000000000000000000000000000000001101010100111111
3725,21908,21.366967,25,8,0000000001010011000000000000000101011111011011110000000001001111
23932,21910,21.36741,0AA,8,0010001100000111001000100110000000100010110111100010001000110101
38239,7308,21.367668,0BA,5,0010100100000000000000000000010000101000
17299,21914,21.370417,226,8,0000000000000001000100000000000000000000000000000000000000000000
12000,21915,21.374557,2C1,8,0000000000000011111001100000001101100011110000000001101011110100
38240,14602,21.375158,0BA,5,0100111100000000000000000000000000101110
14088,21917,21.375589,442,8,0100001100000010000000000000000000000010000000000000000000000000
3726,21918,21.375827,25,8,0000000001010010000000000000000101101111011001010000000001010100
13913,21919,21.376076,622,8,0001001000000000000000000000000000000000000000000000000000000000
29303,21920,21.376318,24,8,0000001001001111000000100001010001000010001011011000000010000010
23933,21921,21.376543,0AA,8,0010001100001001001000100101111100100010111001110010001000111011
14990,21922,21.376783,1C6,8,0000000000000000000000000000001001001101000101010000000000000000
19659,21923,21.377404,0B4,8,0000000000000000000000000000000011110100000010000000101111000011
32761,21926,21.380569,1C4,8,0000110010101010000110110000000000000000000000000000000010011110
38241,14604,21.382647,0BA,5,1110000000101001101011000000000000101010
3727,21930,21.385755,25,8,0000000001010001000000000000000101111111011101000000000001110010
8967,21931,21.386337,260,8,0000000000000000000000000000000000000000000000001011110100100111
23934,21932,21.386571,0AA,8,0010001100001010001000100110000100100010111001010010001000111011
38242,21892,21.390137,0BA,5,1100011000000000000000000000000010111110
3728,21934,21.395742,25,8,0000000001010000000000000000000101111111011010100000000001100111
29304,21935,21.396292,24,8,0000001001001110000000100001010001000010001010111000000001111111
23935,21936,21.396518,0AA,8,0010001100001000001000100110101000100010111011000010001000111100
19660,21937,21.397374,0B4,8,0000000000000000000000000000000011110100000010000001000011001000
38243,7319,21.397626,0BA,5,0010100100000000000000000000011100101011
32762,21942,21.400599,1C4,8,0000110010110100000110110000000000000000000000000000000010101000
17300,21944,21.401373,226,8,0000000000000000000100000000000000000000000000000000000000000000
750,21945,21.402368,320,8,0000000000100000000000000000000000000000000000000000000001001011
12001,21946,21.40453,2C1,8,0000000000000011111010010000001101100110110000000001101011111010
38244,14623,21.405116,0BA,5,0100111100000000000000000000000000101110
3729,21948,21.40573,25,8,0000000001001111000000000000000101111111011010100000000001100110
8968,21949,21.406286,260,8,0000000000000000000000000000000000000000000000001011110100100111
23936,21950,21.406512,0AA,8,0010001100001010001000100111001000100010111010110010001001000100
14991,21951,21.406751,1C6,8,0000000000000000000000000000001001001101000101010000000000000000
38245,14627,21.412605,0BA,5,1110000000101001100010000000000000000110
31651,21955,21.415277,389,8,0000000000100000000000000000000000000000000000000000000000000000
3730,21957,21.415853,25,8,0000000001001110000000000000000101111111011010100000000001100101
29305,21959,21.416264,24,8,0000001001001100000000100001010001000010001010011000000001111011
23937,21960,21.416491,0AA,8,0010001100001011001000100111001000100010111011010010001001000000
19661,21962,21.417344,0B4,8,0000000000000000000000000000000011111000000010000001011011010010
38246,21925,21.420095,0BA,5,1100011000000000000000000000000010111110
32763,21964,21.420511,1C4,8,0000110010111010000110110000000000000000000000000000000010101110
13851,21966,21.42222,4C6,8,0000011100000000000000110000000000000000000000000000000000000000
3731,21969,21.425702,25,8,0000000001001101000000000000000101111111011010100000000001100100
43710,21853,21.426107,3BB,5,0111000000000000001000001010001100000000
8969,21970,21.426171,260,8,0000000000000000000000000000000000000000000000001010011000010000
23938,21971,21.426401,0AA,8,0010001100001011001000100111001000100010111100000010001001001001
38247,7331,21.427585,0BA,5,0010100100000000000000000000010000101000
17301,21974,21.42933,226,8,0000000000000001000100000000000000000000000000000000000000000000
12002,21977,21.434598,2C1,8,0000000000000011111100110000001110000110110000000001101000100100
38248,14640,21.435074,0BA,5,0100111100000000000000000000000000101110
28031,21978,21.435156,6C0,8,1110010000000000000000001110000010000000000000000000000000000000
3732,21980,21.435736,25,8,0000000001001100000000000000000101111111011010100000000001100011
29306,21981,21.436262,24,8,0000001001001010000000100001100001000010001010001000000001111100
23939,21982,21.436491,0AA,8,0010001100010000001000100111011000100010111100010010001001000001
14992,21983,21.436731,1C6,8,0000000000000000000000000000001001001101000101010000000000000000
19662,21984,21.437316,0B4,8,0000000000000000000000000000000011111000000010000001011011010010
13658,21986,21.438553,4B7,8,1110001001011111001000001111000000001000111010100000000100001000
32764,21989,21.440481,1C4,8,0000110010111100000110110000000000000000000000000000000010110000
38249,14645,21.442564,0BA,5,1110000000101001010011000000000011001010
3733,21992,21.44567,25,8,0000000001001011000000000000000101111111011010100000000001100010
8970,21993,21.446129,260,8,0000000000000000000000000000000000000000000000001010011000010000
23940,21994,21.446361,0AA,8,0010001100010001001000100111110000100010111100010010001001001101
751,21995,21.447306,320,8,0000000000100000000000000000000000000000000000000000000001001011
38250,21952,21.450053,0BA,5,1100011000000000000000000000000010111110
3734,21998,21.455654,25,8,0000000001001010000000000000000101111111011010100000000001100001
29307,21999,21.45624,24,8,0000001001001000000000100001011001000010001001101000000001110110
23941,22000,21.45647,0AA,8,0010001100010001001000100111111000100010111110010010001001001110
19663,22001,21.457287,0B4,8,0000000000000000000000000000000011111100000010000010000111100001
38251,7338,21.457543,0BA,5,0010100100000000000000000000011100101011
32765,22005,21.460477,1C4,8,0000110011000001000110110000000000000000000000000000000010110101
17302,22007,21.461287,226,8,0000000000000000000100000000000000000000000000000000000000000000
12003,22009,21.464454,2C1,8,0000000000000011111110010000001110010011110000000001101000110111
38252,14663,21.465032,0BA,5,0100111100000000000000000000000000101110
3735,22012,21.465675,25,8,0000000001001001000000000000000101111111011010100000000001100000
8971,22013,21.466143,260,8,0000000000000000000000000000000000000000000000001001100100000011
23942,22014,21.466374,0AA,8,0010001100010100001000100111110100100010111110100010001001010000
14993,22015,21.466613,1C6,8,0000000000000000000000000000001001001101000101010000000000000000
34955,22017,21.468274,4C3,8,0000001100000000000000000000000100000000000000000000000000000000
43522,1462,21.468868,423,2,11100000000
38253,14665,21.472522,0BA,5,1110000000101001000011000000000010001010
21663,22019,21.47518,443,8,0100110100000010000000000010111100000110000000000000000000000000
282,22021,21.475594,38F,8,0000000100000000000000000000000000000000000000000000000000000000
3736,22022,21.475839,25,8,0000000001001000000000000000000101111111011010100000000001011111
29308,22023,21.476178,24,8,0000001001000110000000100001100001000010001000101000000001110010
23943,22024,21.476406,0AA,8,0010001100010100001000100111110000100010111101010010001001011001
19664,22025,21.47726,0B4,8,0000000000000000000000000000000000000000000010000010000111100101
38254,21987,21.480011,0BA,5,1100011000000000000000000000000010111110
32766,22027,21.48043,1C4,8,0000110011001000000110110000000000000000000000000000000010111100
34774,22030,21.484619,4DF,8,0010000000000000000000000000000100000000000000000000000000000000
3737,22032,21.485612,25,8,0000000001001000000000000000000110011111011101000000000010001001
8972,22033,21.486048,260,8,0000000000000000000000000000000000000000000000001001100100000011
23944,22034,21.486279,0AA,8,0010001100011010001000101000000000100010111110000010001001010110
38255,7351,21.487501,0BA,5,0010100100000000000000000000010000101000
17303,22037,21.489251,226,8,0000000000000000000100000000000000000000000000000000000000000000
12004,22039,21.494394,2C1,8,0000000000000011111110010000001101110110110000000001101000011010
38256,14683,21.49499,0BA,5,0100111100000000000000000000000000101110
3738,22041,21.495623,25,8,0000000001000111000000000000000110011111011010100000000001111110
29309,22042,21.496151,24,8,0000001001000100000000100001011001000010001000011000000001101101
23945,22043,21.496377,0AA,8,0010001100011001001000101000101000100011000001000010001001011101
14994,22044,21.496617,1C6,8,0000000000000000000000000000001001001101000101010000000000000000
19665,22045,21.497235,0B4,8,0000000000000000000000000000000000000000000010000010011111101011
752,22050,21.500229,320,8,0000000000100000000000000000000000000000000000000000000001001011
32767,22051,21.500468,1C4,8,0000110011001010000110110000000000000000000000000000000010111110
38257,14686,21.50248,0BA,5,1110000000101000110101000000000001010001
34715,22053,21.50489,380,8,0
3739,22055,21.505583,25,8,0000000001000110000000000000000110101111011101000000000010010111
8973,22056,21.505993,260,8,0000000000000000000000000000000000000000000000001000001011101100
23946,22057,21.506232,0AA,8,0010001100011001001000101001001000100010111111110010001001011111
38258,22016,21.50997,0BA,5,1100011000000000000000000000000010111110
3740,22061,21.515569,25,8,0000000001000101000000000000000110111111011101000000000010100110
29310,22062,21.516126,24,8,0000001001000010000000100001100001000010001000011000000001101101
23947,22063,21.516351,0AA,8,0010001100011010001000101000110100100010111111000010001001100010
19666,22064,21.517207,0B4,8,0000000000000000000000000000000000000100000010000010110111110101
38259,7358,21.517459,0BA,5,0010100100000000000000000000011100101011
32768,22068,21.520384,1C4,8,0000110011001000000110110000000000000000000000000000000010111100
17304,22070,21.521201,226,8,0000000000000000000100000000000000000000000000000000000000000000
12005,22071,21.524365,2C1,8,0000000000000011111111000000001110010000110000000001101000110111
38260,14700,21.524949,0BA,5,0100111100000000000000000000000000101110
3741,22073,21.525555,25,8,0000000001000100000000000000000111001111011101000000000010110101
8974,22074,21.526028,260,8,0000000000000000000000000000000000000000000000001001100100000011
23948,22075,21.526254,0AA,8,0010001100011001001000101000111000100010111111010010001001100111
14995,22076,21.526494,1C6,8,0000000000000000000000000000001001001101000101010000000000000000
38261,14704,21.532438,0BA,5,1110000000101000100110000000000000010101
3742,22081,21.535555,25,8,0000000001000011000000000000000111101111011111100000000011011110
29311,22082,21.536098,24,8,0000001001000000000000100001100001000010000111111000000001101001
23949,22083,21.53633,0AA,8,0010001100100000001000101001001100100010111111010010001001110101
19667,22084,21.537178,0B4,8,0000000000000000000000000000000000000100000010000010110111110101
38262,22049,21.539928,0BA,5,1100011000000000000000000000000010111110
32769,22086,21.540348,1C4,8,0000110011010001000110110000000000000000000000000000000011000101
3743,22089,21.54553,25,8,0000000001000010000000000000000111111111011101000000000011100011
8975,22090,21.545901,260,8,0000000000000000000000000000000000000000000000000110101011010100
23950,22091,21.546175,0AA,8,0010001100011010001000101001010100100010111110110010001001101111
38263,7367,21.547417,0BA,5,0010100100000000000000000000010000101000
17305,22095,21.549162,226,8,0000000000000000000100000000000000000000000000000000000000000000
753,22096,21.550156,320,8,0000000000100000000000000000000000000000000000000000000001001011
35139,2709,21.551477,3D3,3,011011000001001000000000
12006,22097,21.554308,2C1,8,0000000000000100000000110000001110010011110000000001101001000010
38264,14721,21.554907,0BA,5,0100111100000000000000000000000000101110
3744,22100,21.55552,25,8,0000000001000001000000000000000100011111011111100000000000001100
29312,22101,21.556079,24,8,0000001000111110000000100001100001000010000111011000000001100101
23951,22102,21.556308,0AA,8,0010001100011110001000101010010000100011000000010010001001111101
14996,22103,21.556547,1C6,8,0000000000000000000000000000001001001101000101010000000000000000
19668,22104,21.557143,0B4,8,0000000000000000000000000000000000001000000010000011001011111110
32770,22108,21.560345,1C4,8,0000110011011001000110110000000000000000000000000000000011001101
38265,14726,21.562396,0BA,5,1110000000101000011011000000000011101001
3745,22113,21.565502,25,8,0000000001000000000000000000000101001111100010000000000001000101
8976,22114,21.5659,260,8,0000000000000000000000000000000000000000000000000110101011010100
13387,22115,21.566057,394,3,0
23952,22116,21.566286,0AA,8,0010001100011101001000101001111100100011000000000010001001111010
38266,22077,21.569886,0BA,5,1100011000000000000000000000000010111110
35322,373,21.571325,386,7,01001110000000000000000000000000000000000000000010110001
3746,22118,21.575485,25,8,0000000000111111000000000000000101111111100010000000000001110100
29313,22119,21.576039,24,8,0000001000111100000000100001100001000010000111011000000001100011
23953,22120,21.576271,0AA,8,0010001100011110001000101010000100100010111111110010001001111110
19669,22121,21.577117,0B4,8,0000000000000000000000000000000000001100000010000011100000001000
38267,7379,21.577375,0BA,5,0010100100000000000000000000011100101011
31442,22125,21.579866,44D,8,0100001000000010000000000000000000000001000000000000000000000000
13598,22126,21.580101,4DD,8,0001111000000000000000000000000000000000000000000000000000000000
32771,22127,21.580339,1C4,8,0000110011011011000110110000000000000000000000000000000011001111
17306,22130,21.581114,226,8,0000000000000000000100000000000000000000000000000000000000000000
12007,22131,21.584288,2C1,8,0000000000000100000001100000001110000011110000000001101000110101
38268,14746,21.584865,0BA,5,0100111100000000000000000000000000101110
3747,22133,21.585469,25,8,0000000000111111000000000000000110101111011111100000000010011010
8977,22134,21.585887,260,8,0000000000000000000000000000000000000000000000000111011011100000
23954,22135,21.58612,0AA,8,0010001100100010001000101010000100100011000000000010001010000010
14997,22136,21.586359,1C6,8,0000000000000000000000000000001001001010000101010000000000000000
132,22138,21.58817,3B7,8,1000
16431,22140,21.590598,3F9,8,0111010100011000000000100000001010000000000000000000000000010101
38269,14750,21.592355,0BA,5,1110000000101000010001000000000011000001
3748,22143,21.595455,25,8,0000000000111110000000000000000111011111100010000000000011010011
29314,22144,21.596019,24,8,0000001000111011000000100001011001000010000111011000000001100000
23955,22145,21.59625,0AA,8,0010001100100000001000101010010000100011000001110010001001111111
19670,22147,21.597084,0B4,8,0000000000000000000000000000000000001100000010000011110100001101
754,22149,21.599092,320,8,0000000000100000000000000000000000000000000000000000000001001011
38270,22106,21.599844,0BA,5,1100011000000000000000000000000010111110
14237,22150,21.600085,60.0,8,1010000100000000000000000000000000000000011100000000000000000000
32772,22151,21.600323,1C4,8,0000110011011110000110110000000000000000000000000000000011010010
3749,22154,21.605436,25,8,0000000000111101000000000000000100001111100010000000000000000010
8978,22155,21.605754,260,8,0000000000000000000000000000000000000000000000000111011011100000
23956,22156,21.606088,0AA,8,0010001100011111001000101010110000100011000001110010001010000011
11035,22157,21.606338,620,8,0001000000000000000000000000000000000000000000000000000000000000
38271,7393,21.607334,0BA,5,0010100100000000000000000000010000101000
17307,22160,21.609075,226,8,0000000000000000000100000000000000000000000000000000000000000000
12008,22163,21.614428,2C1,8,0000000000000100000011000000001110001100110000000001101001000100
38272,14763,21.614823,0BA,5,0100111100000000000000000000000000101110
3750,22165,21.615424,25,8,0000000000111100000000000000000100111111100010000000000000110001
29315,22166,21.615988,24,8,0000001000111001000000100001100001000010000111011000000001100000
23957,22167,21.616216,0AA,8,0010001100100011001000101011001000100011000000100010001010000111
14998,22168,21.616456,1C6,8,0000000000000000000000000000001001000111000101000000000000000000
19671,22169,21.617056,0B4,8,0000000000000000000000000000000000010000000010000011110100010001
16302,22173,21.619729,4C1,8,0000000100000000000000010000000100000000000000000000000000000000
7734,22174,21.619988,435,8,1000000000000101000001011111111111100000001111110000000000000011
32773,22175,21.620252,1C4,8,0000110011101011000110110000000000000000000000000000000011011111
38273,14768,21.622313,0BA,5,1110000000101000000010000000000010000101
3751,22178,21.625406,25,8,0000000000111011000000000000000101111111100100100000000001111010
8979,22179,21.625649,260,8,0000000000000000000000000000000000000000000000000101001010111100
23958,22180,21.626056,0AA,8,0010001100100110001000101011000000100011000001110010001010001111
10924,22181,21.626983,436,8,0
38274,22137,21.629802,0BA,5,1100011000000000000000000000000010111110
3752,22185,21.635381,25,8,0000000000111011000000000000000111001111100100100000000011001010
29316,22186,21.635984,24,8,0000001000110111000000100001100001000010000110111000000001011100
23959,22187,21.63621,0AA,8,0010001100100111001000101011000100100011000000110010001010001100
19672,22188,21.637026,0B4,8,0000000000000000000000000000000000010000000010000100001100010111
38275,7397,21.637292,0BA,5,0010100100000000000000000000011100101011
32774,22192,21.64024,1C4,8,0000110011101110000110110000000000000000000000000000000011100010
17308,22194,21.641029,226,8,0000000000000000000100000000000000000000000000000000000000000000
12009,22195,21.644201,2C1,8,0000000000000100000011000000001110000000110000000001101000111000
38276,14784,21.644781,0BA,5,0100111100000000000000000000000000101110
8980,22197,21.645689,260,8,0000000000000000000000000000000000000000000000000101001010111100
14999,22199,21.646221,1C6,8,0000000000000000000000000000001001000100000101000000000000000000
3753,22200,21.646463,25,8,0000000000111010000000000000000111111111100100110000000011111010
23960,22201,21.647001,0AA,8,0010001100100101001000101011010100100011000011100010001010010001
755,22203,21.649018,320,8,0000000000100000000000000000000000000000000000000000000001001011
38277,14787,21.652271,0BA,5,1110000000100111110010000000000001000100
13790,22205,21.654945,434,8,0100001000000000000000000000000000000000000000000000000000000000
3754,22207,21.655522,25,8,0000000000111001000000000000000101001111100100010000000001000111
29317,22208,21.655962,24,8,0000001000110110000000100001100001000010000110111000000001011011
23961,22209,21.656189,0AA,8,0010001100100100001000101011101100100011000011000010001010010011
19673,22210,21.656999,0B4,8,0000000000000000000000000000000000010100000010000100100100100001
38278,22171,21.65976,0BA,5,1100011000000000000000000000000010111110
32775,22213,21.660189,1C4,8,0000110011110010000110110000000000000000000000000000000011100110
34855,22215,21.660852,3C3,8,0100011000011110100100110100111011101110010110010000001110001000
28181,22218,21.661934,437,8,1111110011111111111111111111111111111111111111111111111111111111
3755,22220,21.665333,25,8,0000000000111001000000000000000110011111100100100000000010011000
8981,22221,21.665578,260,8,0000000000000000000000000000000000000000000000000101001010111100
23962,22222,21.665999,0AA,8,0010001100100011001000101011110000100011000100000010001010011101
38279,7413,21.66725,0BA,5,0010100100000000000000000000010000101000
17309,22225,21.668992,226,8,0000000000000000000100000000000000000000000000000000000000000000
12010,22226,21.674147,2C1,8,0000000000000100000100000000001101110000110000000001101000101100
38280,14809,21.674739,0BA,5,0100111100000000000000000000000000101110
3756,22228,21.675338,25,8,0000000000111000000000000000000111101111100111000000000011110001
29318,22229,21.675903,24,8,0000001000110101000000100001100001000010000110111000000001011010
23963,22230,21.67613,0AA,8,0010001100101010001000101011110000100011000011010010001010011001
15000,22231,21.676372,1C6,8,0000000000000000000000000000001001000011000101000000000000000000
19674,22232,21.67697,0B4,8,0000000000000000000000000000000000011000000010000100111000101010
32776,22236,21.68015,1C4,8,0000110011111111000110110000000000000000000000000000000011110011
38281,14813,21.682229,0BA,5,1110000000100111100101000000000000010000
3757,22240,21.685306,25,8,0000000000110111000000000000000100101111100100100000000000100110
8982,22241,21.685549,260,8,0000000000000000000000000000000000000000000000000101111011001000
23964,22242,21.685967,0AA,8,0010001100101001001000101011110100100011000101010010001010100101
14089,22243,21.68699,442,8,0100001100000010000000000000000000000010000000000000000000000000
38282,22202,21.689719,0BA,5,1100011000000000000000000000000010111110
3758,22248,21.695282,25,8,0000000000110110000000000000000101101111100100100000000001100101
29319,22249,21.695874,24,8,0000001000110011000000100001100001000010000110101000000001010111
23965,22250,21.696104,0AA,8,0010001100101101001000101100000000100011000101010010001010100111
19675,22251,21.696941,0B4,8,0000000000000000000000000000000000011000000010000100111000101010
38283,7422,21.697208,0BA,5,0010100100000000000000000000011100101011
32777,22255,21.700129,1C4,8,0000110100000101000110110000000000000000000000000000000011111010
17310,22257,21.70094,226,8,0000000000000000000100000000000000000000000000000000000000000000
756,22258,21.701935,320,8,0000000000100000000000000000000000000000000000000000000001001011
12011,22259,21.704113,2C1,8,0000000000000100000010010000001101110011110000000001101000101000
38284,14825,21.704698,0BA,5,0100111100000000000000000000000000101110
3759,22261,21.705278,25,8,0000000000110110000000000000000111001111100111000000000011001111
8983,22262,21.705521,260,8,0000000000000000000000000000000000000000000000000010001110001101
23966,22263,21.705942,0AA,8,0010001100101101001000101100100000100011000101110010001010100100
15001,22264,21.706184,1C6,8,0000000000000000000000000000001001000011000101000000000000000000
38285,14831,21.712187,0BA,5,1110000000100111011001000000000011100000
3760,22270,21.715252,25,8,0000000000110101000000000000000100011111100111000000000000011110
29320,22271,21.715848,24,8,0000001000110011000000100001100001000010000110101000000001010111
23967,22272,21.716074,0AA,8,0010001100101111001000101100110100100011000101110010001010101010
19676,22273,21.716913,0B4,8,0000000000000000000000000000000000011100000010000101010000110100
38286,22235,21.719677,0BA,5,1100011000000000000000000000000010111110
32778,22275,21.720098,1C4,8,0000110100001000000110110000000000000000000000000000000011111101
43711,739,21.723692,3BB,5,1011101100000000000000000000000000100110
3761,22278,21.725236,25,8,0000000000110100000000000000000101111111101001100000000010000111
8984,22279,21.725482,260,8,0000000000000000000000000000000000000000000000000101001010111100
23968,22280,21.725911,0AA,8,0010001100110001001000101100101000100011000110100010001010101000
38287,7431,21.727166,0BA,5,0010100100000000000000000000010000101000
17311,22284,21.728906,226,8,0000000000000000000100000000000000000000000000000000000000000000
28032,22285,21.729272,6C0,8,1110010000000000000000001110000010000000000000000000000000000000
12012,22286,21.734064,2C1,8,0000000000000100000100000000001101101001110000000001100100100100
38288,14847,21.734656,0BA,5,0100111100000000000000000000000000101110
3762,22288,21.735255,25,8,0000000000110100000000000000000111011111100111000000000011011101
29321,22289,21.73582,24,8,0000001000110001000000100001011001000010000110001000000001010001
23969,22290,21.736047,0AA,8,0010001100110011001000101100110000100011000111000010001010101001
15002,22291,21.736288,1C6,8,0000000000000000000000000000001001000011000101000000000000000000
19677,22292,21.736879,0B4,8,0000000000000000000000000000000000011100000010000101010000110100
32779,22295,21.740077,1C4,8,0000110100001110000110110000000000000000000000000000000000000011
38289,14850,21.742145,0BA,5,1110000000100111001010000000000010100100
3763,22299,21.745214,25,8,0000000000110011000000000000000100111111101001100000000001000110
8985,22300,21.745457,260,8,0000000000000000000000000000000000000000000000000011101010100100
23970,22301,21.74588,0AA,8,0010001100110111001000101100111000100011001000100010001010101000
757,22302,21.746873,320,8,0000000000100000000000000000000000000000000000000000000001001011
38290,22265,21.749635,0BA,5,1100011000000000000000000000000010111110
3764,22305,21.755195,25,8,0000000000110011000000000000000110011111100111000000000010011100
29322,22306,21.755804,24,8,0000001000110000000000100001100001000010000110001000000001010010
23971,22307,21.75603,0AA,8,0010001100110111001000101101000100100011001000000010001010110001
19678,22309,21.756855,0B4,8,0000000000000000000000000000000000100000000010000101101000111110
38291,7444,21.757124,0BA,5,0010100100000000000000000000011100101011
32780,22314,21.760047,1C4,8,0000110100010101000110110000000000000000000000000000000000001010
11246,22316,21.76046,4C8,8,0000100100000000000000000000000000000000000000000000000000000000
17312,22317,21.760855,226,8,0000000000000000000100000000000000000000000000000000000000000000
12013,22319,21.764037,2C1,8,0000000000000100000011000000001101110000110000000001100100100111
38292,14869,21.764614,0BA,5,0100111100000000000000000000000000101110
13979,22320,21.764795,38E,8,0
8986,22322,21.765288,260,8,0000000000000000000000000000000000000000000000000010111110011001
3765,22323,21.765529,25,8,0000000000110010000000000000000111101111100111000000000011101011
23972,22324,21.765856,0AA,8,0010001100111001001000101101010100100011001001010010001010101110
15003,22325,21.766097,1C6,8,0000000000000000000000000000001001000011000101000000000000000000
38293,14872,21.772104,0BA,5,1110000000100111000000000000000001111100
3766,22329,21.775197,25,8,0000000000110001000000000000000100111111100111000000000000111010
29323,22330,21.775765,24,8,0000001000101111000000100001100001000010000110001000000001010001
23973,22331,21.775993,0AA,8,0010001100111000001000101101010100100011001000100010001010110111
19679,22333,21.776827,0B4,8,0000000000000000000000000000000000100100000010000101111101000111
38294,22294,21.779593,0BA,5,1100011000000000000000000000000010111110
32781,22335,21.780018,1C4,8,0000110100011000000110110000000000000000000000000000000000001101
21664,22337,21.784783,443,8,0100110100000010000000000010111100000110000000000000000000000000
8987,22338,21.785236,260,8,0000000000000000000000000000000000000000000000000010111110011001
3767,22340,21.786182,25,8,0000000000110001000000000000000110011111101001100000000010100100
23974,22341,21.7868,0AA,8,0010001100111100001000101101101100100011001011100010001010110111
38295,7455,21.787083,0BA,5,0010100100000000000000000000010000101000
17313,22344,21.789814,226,8,0000000000000000000100000000000000000000000000000000000000000000
12014,22346,21.793981,2C1,8,0000000000000100000100000000001101110011110000000001100100101110
38296,14884,21.794572,0BA,5,0100111100000000000000000000000000101110
3768,22348,21.795146,25,8,0000000000110000000000000000000111111111100111000000000011111001
29324,22349,21.795739,24,8,0000001000101110000000100001100001000010000101101000000001001110
23975,22350,21.795966,0AA,8,0010001101000010001000101101111000100011001010010010001010111101
15004,22351,21.796208,1C6,8,0000000000000000000000000000001001000011000101000000000000000000
19680,22352,21.796799,0B4,8,0000000000000000000000000000000000100100000010000101111101000111
758,22355,21.7998,320,8,0000000000100000000000000000000000000000000000000000000001001011
32782,22356,21.800039,1C4,8,0000110100100011000110110000000000000000000000000000000000011000
38297,14888,21.802062,0BA,5,1110000000100110110010000000000001000011
43523,5623,21.804319,423,2,10101000001110
3769,22359,21.805132,25,8,0000000000101111000000000000000101001111100111000000000001001000
8988,22360,21.805382,260,8,0000000000000000000000000000000000000000000000000010111110011001
23976,22361,21.805802,0AA,8,0010001100111110001000101110000100100011001001000010001011000000
38298,22326,21.809551,0BA,5,1100011000000000000000000000000010111110
35140,22139,21.811133,3D3,3,111001010000001101011111
3770,22366,21.815142,25,8,0000000000101111000000000000000110101111100111000000000010101000
29325,22367,21.815718,24,8,0000001000101101000000100001100001000010000101101000000001001101
23977,22368,21.815944,0AA,8,0010001101000101001000101110000000100011001000110010001011000101
19681,22369,21.816772,0B4,8,0000000000000000000000000000000000101000000010000110010101010001
38299,7460,21.817041,0BA,5,0010100100000000000000000000011100101011
32783,22373,21.819968,1C4,8,0000110100101000000110110000000000000000000000000000000000011101
17314,22375,21.820774,226,8,0000000000000000000100000000000000000000000000000000000000000000
12015,22377,21.823956,2C1,8,0000000000000100000011000000001110010110110000000001100101001101
38300,14908,21.82453,0BA,5,0100111100000000000000000000000000101110
13724,22378,21.824711,3A5,8,100000000
8989,22381,21.825309,260,8,0000000000000000000000000000000000000000000000000001011110000001
3771,22382,21.825554,25,8,0000000000101110000000000000000111111111100111000000000011110111
23978,22383,21.825788,0AA,8,0010001100111111001000101110000000100011001010100010001011000110
15005,22384,21.826029,1C6,8,0000000000000000000000000000001001000011000101000000000000000000
38301,14910,21.83202,0BA,5,1110000000100110100111000000000000010111
3772,22388,21.835115,25,8,0000000000101101000000000000000101001111100111000000000001000110
29326,22389,21.835716,24,8,0000001000101011000000100001011001000010000101101000000001001001
23979,22390,21.835941,0AA,8,0010001101000101001000101110011100100011001001110010001011001111
7817,22391,21.836711,610,8,0010000010000000000101010110010011000000000000001001001001000000
19682,22392,21.836953,0B4,8,0000000000000000000000000000000000101000000010000110101001010110
38302,22354,21.839509,0BA,5,1100011000000000000000000000000010111110
16432,22394,21.839669,3F9,8,0111010100011000000000100000001010000000000000000000000000010101
32784,22395,21.839933,1C4,8,0000110100110001000110110000000000000000000000000000000000100110
8990,22398,21.845087,260,8,0000000000000000000000000000000000000000000000000000101101110101
3773,22400,21.846096,25,8,0000000000101101000000000000000110011111100111000000000010010110
23980,22401,21.846715,0AA,8,0010001101000011001000101110101100100011001011100010001011010001
38303,7475,21.846999,0BA,5,0010100100000000000000000000010000101000
31332,22403,21.84869,640,8,1010100000000000000000000011011100000001110111100000000000000000
17315,22405,21.849733,226,8,0000000000000000000100000000000000000000000000000000000000000000
759,22406,21.850729,320,8,0000000000100000000000000000000000000000000000000000000001001011
12016,22407,21.853901,2C1,8,0000000000000100000100000000001110010011110000000001100101001110
38304,14928,21.854489,0BA,5,0100111100000000000000000000000000101110
35018,22408,21.854668,413,8,0000000100000001000000010000100100000000000000000000000000000000
3774,22410,21.855253,25,8,0000000000101100000000000000000111111111100111000000000011110101
29327,22411,21.855694,24,8,0000001000101010000000100001100001000010000101101000000001001010
23981,22412,21.855922,0AA,8,0010001101000101001000101111010000100011001001010010001011010010
15006,22413,21.856164,1C6,8,0000000000000000000000000000001001000011000101000000000000000000
19683,22414,21.856717,0B4,8,0000000000000000000000000000000000101100000010000110101001011010
32785,22419,21.85992,1C4,8,0000110100111011000110110000000000000000000000000000000000110000
38305,14932,21.861978,0BA,5,1110000000100110011111000000000011110111
8991,22422,21.865033,260,8,0000000000000000000000000000000000000000000000000000101101110101
3775,22423,21.865276,25,8,0000000000101011000000000000000101001111100111000000000001000100
13388,22424,21.865435,394,3,0
23982,22425,21.865717,0AA,8,0010001101001010001000101111000000100011001011010010001011010011
38306,22385,21.869468,0BA,5,1100011000000000000000000000000010111110
3776,22428,21.87504,25,8,0000000000101011000000000000000110011111100100100000000010001010
29328,22429,21.875632,24,8,0000001000101001000000100001100001000010000101001000000001000111
23983,22430,21.875882,0AA,8,0010001101001101001000101111010000100011001011110010001011010110
19684,22431,21.876691,0B4,8,0000000000000000000000000000000000110000000010000111000001100100
38307,7481,21.876957,0BA,5,0010100100000000000000000000011100101011
32786,22436,21.879883,1C4,8,0000110101001010000110110000000000000000000000000000000000111111
17316,22438,21.880691,226,8,0000000000000000000100000000000000000000000000000000000000000000
12017,22439,21.883879,2C1,8,0000000000000100000100000000001101111100110000000001100100110111
38308,14946,21.884447,0BA,5,0100111100000000000000000000000000101110
8992,22441,21.884933,260,8,0000000000000000000000000000000000000000000000000000101101110101
3777,22442,21.885186,25,8,0000000000101010000000000000000111101111100111000000000011100011
23984,22444,21.88569,0AA,8,0010001101001100001000101111011000100011001100000010001011011010
15007,22445,21.885932,1C6,8,0000000000000000000000000000001001000011000101000000000000000000
133,22447,21.887682,3B7,8,1000
31443,22448,21.888719,44D,8,0100001000000010000000000000000000000001000000000000000000000000
38309,14950,21.891936,0BA,5,1110000000100110010001000000000010111111
3778,22452,21.895034,25,8,0000000000101001000000000000000100101111100100100000000000011000
29329,22453,21.895608,24,8,0000001000101000000000100001100001000010000101001000000001000110
23985,22454,21.895837,0AA,8,0010001101001100001000101111110000100011001010000010001011011000
19685,22455,21.89666,0B4,8,0000000000000000000000000000000000110000000010000111011001101010
760,22457,21.898665,320,8,0000000000100000000000000000000000000000000000000000000001001011
38310,22417,21.899426,0BA,5,1100011000000000000000000000000010111110
32787,22458,21.899856,1C4,8,0000110101010000000110110000000000000000000000000000000001000101
8993,22461,21.904832,260,8,0000000000000000000000000000000000000000000000000000000001101010
3779,22462,21.90507,25,8,0000000000101000000000000000000101101111100100100000000001010111
31263,22463,21.905588,4A6,8,0000000000000000000000000000000000000000000001100000000000000000
23986,22464,21.905813,0AA,8,0010001101001100001000110000001000100011001100010010001011011110
11036,22465,21.906063,620,8,0001000000000000000000000000000000000000000000000000000000000000
38311,7492,21.906915,0BA,5,0010100100000000000000000000010000101000
17317,22469,21.908653,226,8,0000000000000000000100000000000000000000000000000000000000000000
12018,22471,21.913824,2C1,8,0000000000000100000011000000001101111100110000000001100100110011
38312,14966,21.914405,0BA,5,0100111100000000000000000000000000101110
3780,22473,21.91498,25,8,0000000000101000000000000000000111001111100111000000000011000001
29330,22474,21.915585,24,8,0000001000100111000000100001101001000010000101001000000001000111
23987,22475,21.91581,0AA,8,0010001101001101001000101111111100100011001100110010001011011110
15008,22476,21.916051,1C6,8,0000000000000000000000000000001001000011000101000000000000000000
19686,22477,21.916633,0B4,8,0000000000000000000000000000000000110100000010000111101101110011
32788,22480,21.919822,1C4,8,0000110101010001000110110000000000000000000000000000000001000110
38313,14968,21.921894,0BA,5,1110000000100110000011000000000010000111
8994,22484,21.924802,260,8,0000000000000000000000000000000000000000000000000000101101110101
3781,22485,21.92504,25,8,0000000000100111000000000000000100001111100100100000000011110110
23988,22486,21.925634,0AA,8,0010001101010001001000101111111100100011001101000010001011100101
38314,22446,21.929384,0BA,5,1100011000000000000000000000000010111110
3782,22488,21.934946,25,8,0000000000100110000000000000000101001111100100100000000000110101
29331,22489,21.935555,24,8,0000001000100110000000100001101001000010000100111000000001000101
23989,22490,21.93578,0AA,8,0010001101010011001000101111111100100011001100110010001011100001
19687,22491,21.936605,0B4,8,0000000000000000000000000000000000110100000010001000000101111001
38315,7501,21.936874,0BA,5,0010100100000000000000000000011100101011
32789,22496,21.939861,1C4,8,0000110101011000000110110000000000000000000000000000000001001101
17318,22499,21.940603,226,8,0000000000000000000100000000000000000000000000000000000000000000
27820,22500,21.941598,420,8,0000000000000000000000000000000011111111000000001000000010101011
12019,22502,21.943791,2C1,8,0000000000000100000011000000001110011100110000000001100101010011
38316,14987,21.944363,0BA,5,0100111100000000000000000000000000101110
8995,22504,21.944828,260,8,0000000000000000000000000000000000000000111111111111010001011101
3783,22505,21.94507,25,8,0000000000100110000000000000000110011111100100100000000010000101
23990,22506,21.945605,0AA,8,0010001101010001001000110000100100100011001110000010001011101100
15009,22507,21.945846,1C6,8,0000000000000000000000000000001001000011000101000000000000000000
761,22509,21.947592,320,8,0000000000100000000000000000000000000000000000000000000001001011
38317,14991,21.951853,0BA,5,1110000000100101111001000000000001011110
3784,22513,21.954947,25,8,0000000000100101000000000000000111011111100100100000000011000100
29332,22514,21.955536,24,8,0000001000100100000000100001101001000010000100111000000001000011
23991,22515,21.955761,0AA,8,0010001101010010001000110000101100100011001110100010001011100101
19688,22517,21.95658,0B4,8,0000000000000000000000000000000000111000000010001000011110000011
7614,22520,21.959214,3BC,8,0
38318,22479,21.959342,0BA,5,1100011000000000000000000000000010111110
32790,22521,21.959769,1C4,8,0000110101011011000110110000000000000000000000000000000001010000
8996,22524,21.964745,260,8,0000000000000000000000000000000000000000111111111111010001011101
3785,22525,21.964983,25,8,0000000000100100000000000000000100001111100010000000000011101001
23992,22526,21.96558,0AA,8,0010001101010010001000110000101000100011001110110010001011110001
38319,7513,21.966832,0BA,5,0010100100000000000000000000010000101000
17319,22529,21.96857,226,8,0000000000000000000100000000000000000000000000000000000000000000
43420,126,21.970835,3000000.0,6,110000010000101110111100000000010000000000000000
12020,22531,21.973739,2C1,8,0000000000000100000010010000001110010000110000000001100101000100
38320,15006,21.974321,0BA,5,0100111100000000000000000000000000101110
3786,22533,21.974918,25,8,0000000000100011000000000000000101001111100100100000000000110010
29333,22534,21.975504,24,8,0000001000100011000000100001101001000010000100011000000001000000
23993,22535,21.975728,0AA,8,0010001101010111001000110000111100100011001111100010001011110100
15010,22536,21.975972,1C6,8,0000000000000000000000000000001001000001000101000000000000000000
19689,22537,21.976554,0B4,8,0000000000000000000000000000000000111100000010001000011110000111
32791,22540,21.97975,1C4,8,0000110101100000000110110000000000000000000000000000000001010101
38321,15011,21.981811,0BA,5,1110000000100101101110000000000000110010
27881,22542,21.98421,4DC,8,0001110100000000000000000000000000000000000000000000000000000000
8997,22543,21.984528,260,8,0000000000000000000000000000000000000000111111111110100001010001
3787,22545,21.985107,25,8,0000000000100011000000000000000110011111100100100000000010000010
23994,22546,21.985552,0AA,8,0010001101010110001000110000111000100011010000000010001011111001
38322,22508,21.9893,0BA,5,1100011000000000000000000000000010111110
31591,22548,21.993429,633,8,1000000100000000000000000000000000000000000000000000000000000000
3788,22550,21.994869,25,8,0000000000100010000000000000000111001111100010000000000010100111
14090,22551,21.995411,442,8,0100001100000010000000000000000000000010000000000000000000000000
29334,22552,21.995645,24,8,0000001000100010000000100001101001000010000100011000000000111111
23995,22553,21.995872,0AA,8,0010001101010111001000110001101000100011010001010010001011111001
19690,22554,21.996522,0B4,8,0000000000000000000000000000000000111100000010001000110010001100
38323,7518,21.99679,0BA,5,0010100100000000000000000000011100101011
32792,22558,21.999724,1C4,8,0000110101101011000110110000000000000000000000000000000001100000
17320,22560,22.000522,226,8,0000000000000000000100000000000000000000000000000000000000000000
762,22561,22.001517,320,8,0000000000100000000000000000000000000000000000000000000001001011
12021,22562,22.003752,2C1,8,0000000000000100000001100000001110000011110000000001100100110100
38324,15027,22.004279,0BA,5,0100111100000000000000000000000000101110
1545,22564,22.004485,6F3,8,0010000000000000000000000000000000000000000000000000000000000000
8998,22565,22.004731,260,8,0000000000000000000000000000000000000000111111111101110001000101
15011,22568,22.005717,1C6,8,0000000000000000000000000000001000111110000101000000000000000000
3789,22569,22.005957,25,8,0000000000100001000000000000000111101111100010100000000011001000
23996,22570,22.006496,0AA,8,0010001101011001001000110001110100100011010001010010001011111111
38325,15029,22.011769,0BA,5,1110000000100101100100000000000000001010
3790,22577,22.014863,25,8,0000000000100000000000000000000100111111100100010000000000011110
29335,22578,22.015453,24,8,0000001000100001000000100001101001000010000011111000000000111100
23997,22579,22.015704,0AA,8,0010001101011101001000110001111000100011010010000010001011111001
19691,22580,22.016498,0B4,8,0000000000000000000000000000000001000000000010001001001010010110
13538,22582,22.01902,399,8,0000000000000000000000000000000000000000111111110000000000000000
38326,22539,22.019258,0BA,5,1100011000000000000000000000000010111110
11186,22583,22.019396,39A,8,0000000000000000000000000000000100000000000000000000000000000000
32793,22584,22.019694,1C4,8,0000110101101101000110110000000000000000000000000000000001100010
43712,1496,22.021277,3BB,5,1010010100000000000000000000000000000000
8999,22588,22.024684,260,8,0000000000000000000000000000000000000000111111111101110001000101
3791,22589,22.024902,25,8,0000000000011111000000000000000101011111011111100000000000101010
23998,22590,22.025499,0AA,8,0010001101100001001000110010001000100011010011010010001011111111
38327,7531,22.026748,0BA,5,0010100100000000000000000000010000101000
28033,22593,22.028328,6C0,8,1110010000000000000000001110000010000000000000000000000000000000
17321,22594,22.028575,226,8,0000000000000000000100000000000000000000000000000000000000000000
12022,22595,22.033661,2C1,8,0000000000000100000000110000001110000000110000000001100100101110
38328,15049,22.034238,0BA,5,0100111100000000000000000000000000101110
3792,22598,22.034972,25,8,0000000000011111000000000000000110011111100010000000000001110100
29336,22599,22.035449,24,8,0000001000011111000000100001101001000010000011011000000000111000
23999,22600,22.035683,0AA,8,0010001101100001001000110010000000100011010100010010001011111001
15012,22601,22.035924,1C6,8,0000000000000000000000000000001000111011000101000000000000000000
19692,22602,22.036463,0B4,8,0000000000000000000000000000000001000100000010001001001010011010
22,22606,22.039436,3B1,8,0000000000000000000000100000101000000000000010000000000000000000
32794,22607,22.039679,1C4,8,0000110101110101000110110000000000000000000000000000000001101010
38329,15053,22.041727,0BA,5,1110000000100101011110000000000011110010
9000,22609,22.044457,260,8,0000000000000000000000000000000000000000111111111100010100101110
3793,22611,22.045003,25,8,0000000000011110000000000000000111001111100010000000000010100011
24000,22612,22.045472,0AA,8,0010001101100000001000110010000000100011010011010010001100000011
763,22613,22.046457,320,8,0000000000100000000000000000000000000000000000000000000001001011
38330,22571,22.049217,0BA,5,1100011000000000000000000000000010111110
3794,22616,22.054784,25,8,0000000000011101000000000000000111111111100010000000000011010010
29337,22617,22.05543,24,8,0000001000011110000000100001101101000010000010101000000000110101
24001,22618,22.055665,0AA,8,0010001101100100001000110010001100100011010011110010001100000101
19693,22619,22.056442,0B4,8,0000000000000000000000000000000001000100000010001001011110011111
38331,7541,22.056706,0BA,5,0010100100000000000000000000011100101011
32795,22623,22.05964,1C4,8,0000110101111011000110110000000000000000000000000000000001110000
17322,22625,22.06044,226,8,0000000000000000000100000000000000000000000000000000000000000000
12023,22627,22.06364,2C1,8,0000000000000100000000000000001101111100110000000001100100100111
38332,15069,22.064196,0BA,5,0100111100000000000000000000000000101110
9001,22629,22.064598,260,8,0000000000000000000000000000000000000000111111111010110100010110
15013,22631,22.065633,1C6,8,0000000000000000000000000000001000111000000101000000000000000000
3795,22632,22.065872,25,8,0000000000011100000000000000000100001111100000010000000011011010
24002,22633,22.066418,0AA,8,0010001101101011001000110010001100100011010101110010001100001000
35141,2780,22.070789,3D3,3,011011000001001000000000
38333,15073,22.071685,0BA,5,1110000000100101010001000000000010111110
3796,22639,22.07478,25,8,0000000000011011000000000000000101001111100001100000000000011110
29338,22640,22.07537,24,8,0000001000011101000000100001101001000010000010001000000000110001
24003,22641,22.075593,0AA,8,0010001101101101001000110010101100100011010101110010001100001011
19694,22642,22.076411,0B4,8,0000000000000000000000000000000001001000000010001001110110101001
38334,22605,22.079175,0BA,5,1100011000000000000000000000000010111110
32796,22645,22.079612,1C4,8,0000110101111101000110110000000000000000000000000000000001110010
9002,22647,22.08439,260,8,0000000000000000000000000000000000000000111111111011100000100001
3797,22649,22.084936,25,8,0000000000011010000000000000000101111111100010000000000001001111
24004,22650,22.085411,0AA,8,0010001101101001001000110011010000100011010100110010001100010000
38335,7549,22.086664,0BA,5,0010100100000000000000000000010000101000
17323,22654,22.088407,226,8,0000000000000000000100000000000000000000000000000000000000000000
16433,22655,22.08986,3F9,8,0111010100011000000000100000001010000000000000000000000000010101
12024,22656,22.09361,2C1,8,0000000000000011111111000000001110010110110000000001100100111100
38336,15090,22.094154,0BA,5,0100111100000000000000000000000000101110
21665,22657,22.094335,443,8,0100110100000010000000000010111100000110000000000000000000000000
3798,22660,22.094943,25,8,0000000000011010000000000000000110111111100010000000000010001111
29339,22661,22.095346,24,8,0000001000011100000000100001101101000010000010001000000000110001
24005,22662,22.09557,0AA,8,0010001101101011001000110011001100100011010100100010001100011000
15014,22663,22.095811,1C6,8,0000000000000000000000000000001000110101000101000000000000000000
19695,22664,22.096384,0B4,8,0000000000000000000000000000000001001000000010001010001110101111
764,22667,22.099385,320,8,0000000000100000000000000000000000000000000000000000000001001011
32797,22668,22.099626,1C4,8,0000110110000010000110110000000000000000000000000000000001110111
38337,15094,22.101643,0BA,5,1110000000100101001101000000000010101110
9003,22671,22.104285,260,8,0000000000000000000000000000000000000000111111111010110100010110
3799,22673,22.104865,25,8,0000000000011001000000000000000111011111011111100000000010100100
24006,22674,22.105384,0AA,8,0010001101101001001000110011011000100011010101000010001100010110
38338,22634,22.109133,0BA,5,1100011000000000000000000000000010111110
3800,22678,22.114699,25,8,0000000000011000000000000000000100001111100010000000000011011101
29340,22679,22.115317,24,8,0000001000011010000000100001101001000010000010001000000000101110
24007,22680,22.11554,0AA,8,0010001101101110001000110011010100100011010101100010001100011010
19696,22681,22.116354,0B4,8,0000000000000000000000000000000001001100000010001010100010111000
38339,7559,22.116623,0BA,5,0010100100000000000000000000011100101011
32798,22685,22.119561,1C4,8,0000110110001001000110110000000000000000000000000000000001111110
17324,22688,22.120356,226,8,0000000000000000000100000000000000000000000000000000000000000000
12025,22689,22.123584,2C1,8,0000000000000011111101100000001110010110110000000001100100110110
38340,15115,22.124112,0BA,5,0100111100000000000000000000000000101110
9004,22690,22.124259,260,8,0000000000000000000000000000000000000000111111111010110100010110
13296,22692,22.124665,30000000.0,7,0
3801,22693,22.1249,25,8,0000000000010111000000000000000100101111011111100000000011110010
24008,22694,22.125354,0AA,8,0010001101101110001000110011101000100011010110100010001100100001
15015,22695,22.125596,1C6,8,0000000000000000000000000000001000110010000101000000000000000000
38341,15118,22.131602,0BA,5,1110000000100100111111000000000001110101
3802,22699,22.1347,25,8,0000000000010110000000000000000101011111100010000000000000101011
29341,22700,22.135293,24,8,0000001000011001000000100001101001000010000001101000000000101011
24009,22701,22.135525,0AA,8,0010001101101100001000110011111100100011010100110010001100101000
19697,22703,22.136328,0B4,8,0000000000000000000000000000000001010000000010001010111011000010
38342,22666,22.139091,0BA,5,1100011000000000000000000000000010111110
32799,22706,22.139535,1C4,8,0000110110001111000110110000000000000000000000000000000010000100
43524,21961,22.13977,423,2,1000100000000
9005,22709,22.144028,260,8,0000000000000000000000000000000000000000111111111010110100010110
3803,22711,22.145684,25,8,0000000000010101000000000000000101101111100000010000000000110011
24010,22712,22.146302,0AA,8,0010001101110000001000110100010100100011010110010010001100100111
38343,7573,22.146581,0BA,5,0010100100000000000000000000010000101000
17325,22715,22.14932,226,8,0000000000000000000100000000000000000000000000000000000000000000
765,22716,22.150314,320,8,0000000000100000000000000000000000000000000000000000000001001011
12026,22718,22.153504,2C1,8,0000000000000100000000000000001110100011110000000001100101001110
38344,15130,22.15407,0BA,5,0100111100000000000000000000000000101110
27947,22719,22.154279,300000000.0,8,0
3804,22721,22.154854,25,8,0000000000010101000000000000000110111111100001100000000010001000
29342,22722,22.155273,24,8,0000001000010111000000100001101001000010000001101000000000101001
24011,22723,22.1555,0AA,8,0010001101110100001000110100010000100011010111000010001100100101
15016,22724,22.155738,1C6,8,0000000000000000000000000000001000101111000101000000000000000000
19698,22725,22.156299,0B4,8,0000000000000000000000000000000001010000000010001010111011000010
32800,22729,22.159512,1C4,8,0000110110011011000110110000000000000000000000000000000010010000
34856,22731,22.160016,3C3,8,0100011000011110100100110100111011101110010110010000001110001000
38345,15134,22.16156,0BA,5,1110000000100100111101000000000001101101
9006,22732,22.163956,260,8,0000000000000000000000000000000000000000111111111010000100001010
13389,22733,22.164152,394,3,0
3805,22735,22.164689,25,8,0000000000010100000000000000000111101111100010000000000010111001
24012,22736,22.1653,0AA,8,0010001101110001001000110100100000100011010111100010001100101011
38346,22696,22.169049,0BA,5,1100011000000000000000000000000010111110
35323,7219,22.170528,386,7,10100100000000000000000000000000000000000000000010000000
3806,22739,22.174646,25,8,0000000000010011000000000000000100011111100010000000000011101000
29343,22740,22.17524,24,8,0000001000010110000000100001101001000010000001011000000000100111
24013,22741,22.175463,0AA,8,0010001101101111001000110100101000100011010101010010001100101110
19699,22742,22.176273,0B4,8,0000000000000000000000000000000001010100000010001011010011001100
38347,7579,22.176539,0BA,5,0010100100000000000000000000011100101011
32801,22746,22.179484,1C4,8,0000110110100000000110110000000000000000000000000000000010010101
17326,22748,22.180272,226,8,0000000000000000000100000000000000000000000000000000000000000000
12027,22749,22.183477,2C1,8,0000000000000011111111000000001110100011110000000001100101001001
9007,22750,22.18397,260,8,0000000000000000000000000000000000000000111111111001010111111110
38348,15152,22.184028,0BA,5,0100111100000000000000000000000000101110
27927,22751,22.184234,3000000000.0,8,0
3807,22753,22.184815,25,8,0000000000010010000000000000000101011111100100100000000000110001
24014,22755,22.185275,0AA,8,0010001101110010001000110101000000100011010110010010001100110010
15017,22756,22.185515,1C6,8,0000000000000000000000000000001000101111000101000000000000000000
134,22758,22.187266,3B7,8,1000
38349,15155,22.191518,0BA,5,1110000000100100110111000000000001010101
3808,22762,22.194619,25,8,0000000000010010000000000000000110101111100100100000000010000001
29344,22763,22.195215,24,8,0000001000010100000000100001101001000010000000111000000000100011
24015,22764,22.195441,0AA,8,0010001101110110001000110101011000100011010111000010001100101110
19700,22765,22.196248,0B4,8,0000000000000000000000000000000001011000000010001011010011010000
31444,22767,22.197788,44D,8,0100001000000010000000000000000000000001000000000000000000000000
766,22768,22.198251,320,8,0000000000100000000000000000000000000000000000000000000001001011
38350,22727,22.199008,0BA,5,1100011000000000000000000000000010111110
32802,22769,22.19946,1C4,8,0000110110100111000110110000000000000000000000000000000010011100
9008,22773,22.203887,260,8,0000000000000000000000000000000000000000111111111001010111111110
7675,22774,22.205028,611,8,0010000100000000000000000001000000000000000000000011110101101100
3809,22776,22.205606,25,8,0000000000010001000000000000000111011111100100110000000010110001
24016,22777,22.206221,0AA,8,0010001101110110001000110101001000100011011000100010001100110011
38351,7595,22.206497,0BA,5,0010100100000000000000000000010000101000
17327,22781,22.209236,226,8,0000000000000000000100000000000000000000000000000000000000000000
12028,22783,22.213422,2C1,8,0000000000000011111110010000001110100110110000000001100101001001
38352,15173,22.213987,0BA,5,0100111100000000000000000000000000101110
3810,22785,22.214557,25,8,0000000000010000000000000000000100101111100100010000000011111110
29345,22786,22.215187,24,8,0000001000010011000000100001101101000010000000001000000000100000
24017,22787,22.215417,0AA,8,0010001101110111001000110101010000100011011000000010001100111010
15018,22788,22.215654,1C6,8,0000000000000000000000000000001000101111000101000000000000000000
19701,22789,22.216219,0B4,8,0000000000000000000000000000000001011000000010001011100111010101
11037,22790,22.217014,620,8,0001000000000000000000000000000000000000000000000000000000000000
32803,22794,22.219432,1C4,8,0000110110110100000110110000000000000000000000000000000010101001
38353,15177,22.221476,0BA,5,1110000000100100110001000000000000111101
9009,22796,22.223804,260,8,0000000000000000000000000000000000000000111111111010000100001010
3811,22798,22.224555,25,8,0000000000001111000000000000000101101111100100100000000000111110
24018,22799,22.22522,0AA,8,0010001101110011001000110101100000100011011001000010001100111010
38354,22757,22.228966,0BA,5,1100011000000000000000000000000010111110
3812,22802,22.234656,25,8,0000000000001111000000000000000111001111100111000000000010101000
29346,22803,22.235185,24,8,0000001000010001000000100001101001000010000000001000000000011101
24019,22804,22.235417,0AA,8,0010001101111100001000110101111000100011010111100010001101000000
19702,22805,22.236193,0B4,8,0000000000000000000000000000000001011100000010001011111111011111
38355,7604,22.236455,0BA,5,0010100100000000000000000000011100101011
32804,22809,22.2394,1C4,8,0000110110111010000110110000000000000000000000000000000010101111
17328,22811,22.240191,226,8,0000000000000000000100000000000000000000000000000000000000000000
12029,22812,22.243622,2C1,8,0000000000000011111101100000001110100000110000000001100101000000
9010,22813,22.243864,260,8,0000000000000000000000000000000000000000111111111001010111111110
38356,15189,22.243945,0BA,5,0100111100000000000000000000000000101110
3813,22815,22.244527,25,8,0000000000001110000000000000000100011111100111000000000011110111
24020,22816,22.245195,0AA,8,0010001101111000001000110110000000100011011010000010001100111010
15019,22817,22.245436,1C6,8,0000000000000000000000000000001000101111000101000000000000000000
767,22819,22.247179,320,8,0000000000100000000000000000000000000000000000000000000001001011
38357,15193,22.251434,0BA,5,1110000000100100111010000000000001100001
3814,22823,22.254532,25,8,0000000000001101000000000000000101011111100100100000000000101100
24021,22824,22.255151,0AA,8,0010001101111001001000110110001000100011011010100010001101000100
29347,22825,22.255388,24,8,0000001000010000000000100001101101000010000000001000000000011101
19703,22826,22.256163,0B4,8,0000000000000000000000000000000001011100000010001100010011100100
38358,22793,22.258924,0BA,5,1100011000000000000000000000000010111110
32805,22829,22.25938,1C4,8,0000110111000001000110110000000000000000000000000000000010110110
9011,22831,22.263743,260,8,0000000000000000000000000000000000000000111111110111110111100110
3815,22833,22.264505,25,8,0000000000001101000000000000000110101111100100100000000001111100
24022,22834,22.265162,0AA,8,0010001101111000001000110110000100100011011011100010001101001010
38359,7613,22.266413,0BA,5,0010100100000000000000000000010000101000
17329,22839,22.268165,226,8,0000000000000000000100000000000000000000000000000000000000000000
12030,22841,22.273343,2C1,8,0000000000000011111100110000001110010011110000000001100100110000
38360,15211,22.273903,0BA,5,0100111100000000000000000000000000101110
3816,22843,22.274477,25,8,0000000000001100000000000000000111001111011111100000000010000111
29348,22844,22.275118,24,8,0000001000001111000000100001101101000001111111111000000000011010
24023,22845,22.275345,0AA,8,0010001110000001001000110110011000100011011001110010001101010010
15020,22846,22.275584,1C6,8,0000000000000000000000000000001000101111000101000000000000000000
19704,22847,22.276139,0B4,8,0000000000000000000000000000000001100000000010001100010011101000
32806,22850,22.279353,1C4,8,0000110111001000000110110000000000000000000000000000000010111101
38361,15213,22.281393,0BA,5,1110000000100100111100000000000001101001
9012,22853,22.28375,260,8,0000000000000000000000000000000000000000111111110101100111000010
3817,22855,22.284468,25,8,0000000000001011000000000000000111101111011111100000000010100110
24024,22856,22.285136,0AA,8,0010001110000101001000110111001000100011011011010010001101010010
38362,22818,22.288882,0BA,5,1100011000000000000000000000000010111110
3818,22858,22.294452,25,8,0000000000001010000000000000000100001111011111100000000011000101
29349,22859,22.295087,24,8,0000001000001101000000100001101101000001111111111000000000011000
24025,22860,22.295313,0AA,8,0010001110000101001000110111001000100011011011100010001101001111
19705,22861,22.296111,0B4,8,0000000000000000000000000000000001100100000010001101000011111000
38363,7623,22.296372,0BA,5,0010100100000000000000000000011100101011
32807,22865,22.299326,1C4,8,0000110111001010000110110000000000000000000000000000000010111111
17330,22868,22.300107,226,8,0000000000000000000100000000000000000000000000000000000000000000
768,22869,22.301104,320,8,0000000000100000000000000000000000000000000000000000000001001011
12031,22870,22.303315,2C1,8,0000000000000011111101100000001110010110110000000001100100110110
9013,22871,22.303715,260,8,0000000000000000000000000000000000000000111111110110011011001111
38364,15232,22.303861,0BA,5,0100111100000000000000000000000000101110
14091,22872,22.303957,442,8,0100001100000010000000000000000000000010000000000000000000000000
3819,22874,22.30454,25,8,0000000000001001000000000000000100011111011101000000000011001010
24026,22875,22.305111,0AA,8,0010001110000011001000110111001100100011011110000010001101010010
15021,22876,22.30535,1C6,8,0000000000000000000000000000001000101111000101000000000000000000
38365,15236,22.311351,0BA,5,1110000000100100111100000000000001101001
3820,22882,22.314446,25,8,0000000000001000000000000000000100101111011101000000000011011001
29350,22883,22.315059,24,8,0000001000001011000000100001101101000001111111011000000000010100
24027,22884,22.315288,0AA,8,0010001110000011001000110111001000100011011110000010001101010110
19706,22886,22.316127,0B4,8,0000000000000000000000000000000001100100000010001101000011111000
38366,22849,22.31884,0BA,5,1100011000000000000000000000000010111110
43713,22880,22.318862,3BB,5,0111000000000000001000001010001100000000
32808,22888,22.319295,1C4,8,0000110111010011000110110000000000000000000000000000000011001000
9014,22890,22.323624,260,8,0000000000000000000000000000000000000000111111110111000111011010
3821,22892,22.324427,25,8,0000000000000111000000000000000101001111011111100000000000000010
24028,22893,22.325079,0AA,8,0010001110001001001000110111001000100011011101100010001101010010
38367,7634,22.32633,0BA,5,0010100100000000000000000000010000101000
28034,22896,22.327403,6C0,8,1110010000000000000000001110000010000000000000000000000000000000
17331,22897,22.328141,226,8,0000000000000000000100000000000000000000000000000000000000000000
35142,22676,22.330446,3D3,3,111001010000001100011101
12032,22899,22.333264,2C1,8,0000000000000011111101100000001110010000110000000001100100110000
38368,15254,22.333819,0BA,5,0100111100000000000000000000000000101110
3822,22901,22.334419,25,8,0000000000000110000000000000000101001111011010100000000011101101
29351,22902,22.33503,24,8,0000001000001010000000100001101101000001111110111000000000010001
24029,22903,22.335254,0AA,8,0010001110010010001000110111011100100011011101100010001101011000
15022,22904,22.335493,1C6,8,0000000000000000000000000000001000101111000101000000000000000000
19707,22905,22.33605,0B4,8,0000000000000000000000000000000001101000000010001101010100000001
7818,22907,22.33678,610,8,0010000000000000000101110110010011000000000000001001001001000000
16434,22911,22.338877,3F9,8,0111010100011000000000100000001010000000000000000000000000010101
32809,22912,22.339273,1C4,8,0000110111010111000110110000000000000000000000000000000011001100
38369,15258,22.341309,0BA,5,1110000000100100111100000000000001101001
9015,22914,22.343572,260,8,0000000000000000000000000000000000000000111111110110011011001111
3823,22916,22.34541,25,8,0000000000000101000000000000000101001111011110000000000011111010
24030,22917,22.346027,0AA,8,0010001110010111001000110111100100100011100000100010001101011000
769,22918,22.347044,320,8,0000000000100000000000000000000000000000000000000000000001001011
38370,22877,22.348798,0BA,5,1100011000000000000000000000000010111110
3824,22921,22.354366,25,8,0000000000000100000000000000000101101111011100000000000000010001
29352,22922,22.355016,24,8,0000001000001001000000100001101101000001111110111000000000010000
24031,22923,22.355249,0AA,8,0010001110010000001000111000001000100011100000000010001101100001
19708,22924,22.356022,0B4,8,0000000000000000000000000000000001101100000010001101101100001011
38371,7642,22.356288,0BA,5,0010100100000000000000000000011100101011
32810,22928,22.359292,1C4,8,0000110111011010000110110000000000000000000000000000000011001111
17332,22930,22.360026,226,8,0000000000000000000100000000000000000000000000000000000000000000
12033,22932,22.363236,2C1,8,0000000000000011111100110000001110110011110000000001100101010000
9016,22933,22.363519,260,8,0000000000000000000000000000000000000000111111110110011011001111
38372,15275,22.363778,0BA,5,0100111100000000000000000000000000101110
3825,22935,22.36436,25,8,0000000000000100000000000000000110011111011111100000000001001111
24032,22937,22.365195,0AA,8,0010001110010101001000111000101000100011011111010010001101100011
15023,22938,22.365434,1C6,8,0000000000000000000000000000001000101111000101000000000000000000
38373,15278,22.371267,0BA,5,1110000000100100111100000000000001101001
3826,22942,22.374372,25,8,0000000000000011000000000000000110111111011111100000000001101110
29353,22943,22.374979,24,8,0000001000000111000000100001101101000001111110111000000000001110
24033,22944,22.375212,0AA,8,0010001110001000001000111000100000100011011110100010001101101000
13914,22945,22.375718,622,8,0001001000000000000000000000000000000000000000000000000000000000
19709,22946,22.375998,0B4,8,0000000000000000000000000000000001101100000010001110000100010001
38374,22910,22.378757,0BA,5,1100011000000000000000000000000010111110
32811,22948,22.37922,1C4,8,0000110111011101000110110000000000000000000000000000000011010010
13852,22950,22.380632,4C6,8,0000011100000000000000110000000000000000000000000000000000000000
9017,22952,22.383417,260,8,0000000000000000000000000000000000000000111111110111000111011010
3827,22954,22.384332,25,8,0000000000000010000000000000000111101111100010000000000010100111
24034,22955,22.384999,0AA,8,0010001110010101001000111000101000100011011111100010001101101001
38375,7655,22.386246,0BA,5,0010100100000000000000000000010000101000
17333,22958,22.387989,226,8,0000000000000000000100000000000000000000000000000000000000000000
12034,22959,22.393184,2C1,8,0000000000000011111010010000001110100110110000000001100100111001
38376,15295,22.393736,0BA,5,0100111100000000000000000000000000101110
3828,22961,22.39432,25,8,0000000000000001000000000000000100011111100010000000000011010110
29354,22962,22.394958,24,8,0000001000000110000000100001101001000001111110001000000000001001
24035,22963,22.395186,0AA,8,0010001110010101001000111000101100100011011111000010001101101110
15024,22964,22.395426,1C6,8,0000000000000000000000000000001000101111000101000000000000000000
19710,22965,22.395969,0B4,8,0000000000000000000000000000000001110000000010001110011000011010
770,22970,22.398974,320,8,0000000000100000000000000000000000000000000000000000000001001011
32812,22971,22.399225,1C4,8,0000110111100000000110110000000000000000000000000000000011010101
34956,22973,22.399964,4C3,8,0000001100000000000000000000000100000000000000000000000000000000
38377,15298,22.401225,0BA,5,1110000000100100111100000000000001101001
9018,22975,22.403255,260,8,0000000000000000000000000000000000000000111111110110011011001111
21666,22976,22.403923,443,8,0100110100000010000000000010111100000110000000000000000000000000
3829,22978,22.404507,25,8,0000000000000000000000000000000101001111100100110000000000010000
24036,22979,22.404972,0AA,8,0010001110010100001000111000101000100011011111100010001101110111
38378,22939,22.408715,0BA,5,1100011000000000000000000000000010111110
31652,22981,22.413925,389,8,0000000000100000000000000000000000000000000000000000000000000000
3830,22984,22.41452,25,8,0000000000000000000000000000000110101111100111000000000001111001
29355,22985,22.414923,24,8,0000001000000100000000100001101101000001111101101000000000000110
24037,22986,22.41515,0AA,8,0010001110010101001000111001101000100011011110010010001110000001
19711,22987,22.415937,0B4,8,0000000000000000000000000000000001110100000010001110011000011110
38379,7663,22.416204,0BA,5,0010100100000000000000000000011100101011
32813,22991,22.419168,1C4,8,0000110111110000000110110000000000000000000000000000000011100101
17334,22993,22.41994,226,8,0000000000000000000100000000000000000000000000000000000000000000
12035,22995,22.423158,2C1,8,0000000000000011111100000000001110101001110000000001100101000011
9019,22996,22.423409,260,8,0000000000000000000000000000000000000000111111110110011011001111
38380,15312,22.423694,0BA,5,0100111100000000000000000000000000101110
15025,22998,22.425152,1C6,8,0000000000000000000000000000001000101111000101000000000000000000
3831,22999,22.425386,25,8,0000111111111111000000000000000100001111101001100000000011110001
24038,23000,22.42592,0AA,8,0010001110011000001000111001100000100011100000100010001101111111
38381,15317,22.431183,0BA,5,1110000000100101001001000000000010011110
3832,23005,22.434291,25,8,0000111111111110000000000000000101111111101010000000000001100010
24039,23006,22.434898,0AA,8,0010001110011100001000111001110000100011100001110010001101111100
29356,23007,22.435139,24,8,0000001000000011000000100001101001000001111100111000000000000001
19712,23008,22.435913,0B4,8,0000000000000000000000000000000001110100000010001110110000100100
13659,23010,22.437627,4B7,8,1110001001011111001000001111000000001000111010100000000100001000
38382,22969,22.438673,0BA,5,1100011000000000000000000000000010111110
32814,23012,22.439136,1C4,8,0000110111110101000110110000000000000000000000000000000011101010
9020,23014,22.443137,260,8,0000000000000000000000000000000000000000111111110110011011001111
3833,23016,22.444247,25,8,0000111111111110000000000000000100001111101110100000000000000100
24040,23017,22.444917,0AA,8,0010001110011010001000111001101000100011100001100010001101111100
38383,7674,22.446162,0BA,5,0010100100000000000000000000010000101000
17335,23021,22.447907,226,8,0000000000000000000100000000000000000000000000000000000000000000
771,23022,22.448902,320,8,0000000000100000000000000000000000000000000000000000000001001011
12036,23023,22.453105,2C1,8,0000000000000011111011000000001111010110110000000001100101101100
38384,15333,22.453652,0BA,5,0100111100000000000000000000000000101110
3834,23025,22.454228,25,8,0000111111111110000000000000000110011111101110100000000010010100
29357,23026,22.454909,24,8,0000001000000010000000100001101001000001111100111000000000000000
24041,23027,22.455139,0AA,8,0010001110011100001000111001111000100011011111100010001110000100
15026,23028,22.455378,1C6,8,0000000000000000000000000000001000101111000101000000000000000000
19713,23029,22.455884,0B4,8,0000000000000000000000000000000001111000000010001111000100101101
32815,23033,22.459119,1C4,8,0000110111111110000110110000000000000000000000000000000011110011
38385,15337,22.461142,0BA,5,1110000000100101000011000000000010000110
9021,23036,22.463081,260,8,0000000000000000000000000000000000000000111111110110011011001111
13390,23038,22.463413,394,3,0
3835,23040,22.464216,25,8,0000111111111101000000000000000100101111110001000000000000101101
24042,23041,22.464884,0AA,8,0010001110011010001000111010000100100011100001000010001110001100
38386,23001,22.468631,0BA,5,1100011000000000000000000000000010111110
283,23043,22.473849,38F,8,0000000100000000000000000000000000000000000000000000000000000000
3836,23045,22.474425,25,8,0000111111111101000000000000000111001111110010100000000011010011
29358,23046,22.474849,24,8,0000001000000000000000100001101001000001111100111000000011111110
24043,23047,22.475079,0AA,8,0010001110011111001000111010011100100011100000110010001110000111
43525,1530,22.475221,423,2,11100000000
19714,23048,22.47586,0B4,8,0000000000000000000000000000000001111100000010001111011100110111
38387,7684,22.476121,0BA,5,0010100100000000000000000000011100101011
32816,23052,22.479149,1C4,8,0000111000001011000110110000000000000000000000000000000000000001
17336,23055,22.479859,226,8,0000000000000000000100000000000000000000000000000000000000000000
9022,23056,22.483061,260,8,0000000000000000000000000000000000000000111111110111110111100110
12037,23057,22.483296,2C1,8,0000000000000011111010010000001111000011110000000001100101010110
38388,15356,22.48361,0BA,5,0100111100000000000000000000000000101110
3837,23059,22.484189,25,8,0000111111111101000000000000000110011111110011100000000010100111
24044,23060,22.48486,0AA,8,0010001110011111001000111010101000100011100010010010001110001001
15027,23061,22.485102,1C6,8,0000000000000000000000000000001000101111000101010000000000000000
135,23063,22.486855,3B7,8,1000
38389,15362,22.4911,0BA,5,1110000000100101001001000000000010011110
3838,23066,22.494206,25,8,0000111111111100000000000000000101001111110110100000000001100010
29359,23067,22.494822,24,8,0000000111111111000000100001101001000001111100111000000011111100
24045,23068,22.495049,0AA,8,0010001110100000001000111010101100100011100011000010001110001101
19715,23069,22.495833,0B4,8,0000000000000000000000000000000001111100000010001111011100110111
772,23072,22.497833,320,8,0000000000100000000000000000000000000000000000000000000001001011
38390,23031,22.498589,0BA,5,1100011000000000000000000000000010111110
32817,23073,22.499056,1C4,8,0000111000010101000110110000000000000000000000000000000000001011
9023,23075,22.502994,260,8,0000000000000000000000000000000000000000111111110111110111100110
34716,23076,22.503534,380,8,0
11038,23077,22.50448,620,8,0001000000000000000000000000000000000000000000000000000000000000
3839,23079,22.505198,25,8,0000111111111100000000000000000100011111110111110000000000110111
24046,23080,22.505804,0AA,8,0010001110100011001000111010100000100011100010110010001110010010
38391,7697,22.506079,0BA,5,0010100100000000000000000000010000101000
31445,23082,22.506988,44D,8,0100001000000010000000000000000000000001000000000000000000000000
17337,23084,22.50882,226,8,0000000000000001000100000000000000000000000000000000000000000000
12038,23087,22.513028,2C1,8,0000000000000011111000000000001111010011110000000001100101011101
34775,23088,22.513339,4DF,8,0010000000000000000000000000000100000000000000000000000000000000
38392,15375,22.513568,0BA,5,0100111100000000000000000000000000101110
3840,23090,22.514151,25,8,0000111111111100000000000000000111111111111001010000000000011101
29360,23091,22.514797,24,8,0000000111111110000000100001101101000001111100111000000011111100
24047,23092,22.515023,0AA,8,0010001110100100001000111010110100100011100011000010001110010010
15028,23093,22.515262,1C6,8,0000000000000000000000000000001000101111000101000000000000000000
19716,23094,22.515808,0B4,8,0000000000000000000000000000000010000000000010001111110101000001
32818,23097,22.519038,1C4,8,0000111000100110000110110000000000000000000000000000000000011100
38393,15379,22.521058,0BA,5,1110000000100101001100000000000010101010
9024,23099,22.52299,260,8,0000000000000000000000000000000000000000111111110111000111011010
3841,23101,22.524166,25,8,0000111111111100000000000000000111101111111001110000000000001111
24048,23102,22.524788,0AA,8,0010001110100101001000111011000100100011100100100010001110010111
16303,23104,22.528348,4C1,8,0000000100000000000000010000000100000000000000000000000000000000
38394,23062,22.528547,0BA,5,1100011000000000000000000000000010111110
3842,23108,22.534145,25,8,0000111111111100000000000000000111101111111001110000000000001111
29361,23109,22.53477,24,8,0000000111111101000000100001101101000001111101001000000011111100
24049,23110,22.534996,0AA,8,0010001110100110001000111011011000100011100100100010001110011011
19717,23111,22.535773,0B4,8,0000000000000000000000000000000010000100000010010000001001001011
38395,7704,22.536037,0BA,5,0010100100000000000000000000011100101011
32819,23115,22.539006,1C4,8,0000111000101110000110110000000000000000000000000000000000100100
17338,23117,22.539774,226,8,0000000000000000000100000000000000000000000000000000000000000000
9025,23118,22.542914,260,8,0000000000000000000000000000000000000000111111111010000100001010
12039,23119,22.543149,2C1,8,0000000000000011111000110000001111011100110000000001100101101001
38396,15397,22.543527,0BA,5,0100111100000000000000000000000000101110
3843,23121,22.544107,25,8,0000111111111100000000000000000111101111111011110000000000010111
24050,23122,22.544774,0AA,8,0010001110101000001000111011011100100011100100010010001110100101
15029,23124,22.545193,1C6,8,0000000000000000000000000000001000101111000101000000000000000000
773,23126,22.546764,320,8,0000000000100000000000000000000000000000000000000000000001001011
38397,15400,22.551016,0BA,5,1110000000100101001101000000000010101110
3844,23129,22.554087,25,8,0000111111111100000000000000000111101111111100110000000000011011
29362,23130,22.554754,24,8,0000000111111100000000100001101101000001111101001000000011111011
24051,23131,22.554981,0AA,8,0010001110110001001000111011111100100011100111000010001110100101
19718,23132,22.555747,0B4,8,0000000000000000000000000000000010000100000010010000100001010001
38398,23096,22.558506,0BA,5,1100011000000000000000000000000010111110
32820,23135,22.558973,1C4,8,0000111000110101000110110000000000000000000000000000000000101011
9026,23138,22.562941,260,8,0000000000000000000000000000000000000000000000000010001110001101
3845,23140,22.564077,25,8,0000111111111100000000000000000111111111111101100000000000101110
24052,23141,22.564748,0AA,8,0010001110110111001000111100000000100011100101100010001110100110
38399,7716,22.565995,0BA,5,0010100100000000000000000000010000101000
17339,23144,22.567736,226,8,0000000000000000000100000000000000000000000000000000000000000000
12040,23145,22.572948,2C1,8,0000000000000011111000000000001111100011110000000001100101101101
38400,15424,22.573485,0BA,5,0100111100000000000000000000000000101110
3846,23147,22.57409,25,8,0000111111111100000000000000000100001111111110000000000001000000
29363,23148,22.574714,24,8,0000000111111100000000100001110101000001111101001000000011111101
24053,23149,22.574941,0AA,8,0010001110111011001000111100010100100011101000100010001110100000
15030,23150,22.575182,1C6,8,0000000000000000000000000000001000110000000101000000000000000000
19719,23151,22.57572,0B4,8,0000000000000000000000000000000010001000000010010000111001011011
32821,23155,22.578949,1C4,8,0000111001000011000110110000000000000000000000000000000000111001
38401,15428,22.580974,0BA,5,1110000000100101001101000000000010101110
9027,23157,22.58288,260,8,0000000000000000000000000000000000000000000000000010001110001101
3847,23159,22.584048,25,8,0000111111111100000000000000000100001111111110010000000001000001
24054,23160,22.584714,0AA,8,0010001110111010001000111100010100100011101000110010001110101000
38402,23125,22.588464,0BA,5,1100011000000000000000000000000010111110
13599,23161,22.588671,4DD,8,0001111000000000000000000000000000000000000000000000000000000000
16435,23162,22.588942,3F9,8,0111010100011000000000100000001010000000000000000000000000010101
35143,2846,22.590102,3D3,3,011011000001001000000000
3848,23165,22.594033,25,8,0000111111111100000000000000000100001111111110100000000001000010
29364,23168,22.594689,24,8,0000000111111100000000100001110101000001111101101000000011111111
24055,23169,22.594918,0AA,8,0010001110111111001000111100010000100011101001010010001110100110
19720,23170,22.595694,0B4,8,0000000000000000000000000000000010001000000010010001001101100000
38403,7725,22.595953,0BA,5,0010100100000000000000000000011100101011
32822,23174,22.598931,1C4,8,0000111001001001000110110000000000000000000000000000000000111111
17340,23176,22.599696,226,8,0000000000000000000100000000000000000000000000000000000000000000
774,23177,22.600689,320,8,0000000000100000000000000000000000000000000000000000000001001011
14238,23178,22.601687,60.0,8,1010000100000000000000000000000000000000011100000000000000000000
9028,23179,22.602725,260,8,0000000000000000000000000000000000000000000000000011101010100100
12041,23180,22.602959,2C1,8,0000000000000011110111000000001111011100110000000001100101100010
38404,15439,22.603443,0BA,5,0100111100000000000000000000000000101110
3849,23182,22.604023,25,8,0000111111111100000000000000000100011111111110110000000001010011
24056,23183,22.604689,0AA,8,0010001111000011001000111100001100100011101000110010001110110010
15031,23184,22.604934,1C6,8,0000000000000000000000000000001000110000000101000000000000000000
38405,15444,22.610932,0BA,5,1110000000100101001101000000000010101110
3850,23190,22.614032,25,8,0000111111111100000000000000000100101111111110110000000001100011
29365,23191,22.61466,24,8,0000000111111100000000100001110101000001111110001000000000000001
24057,23192,22.614886,0AA,8,0010001111000110001000111100011000100011101011000010001110101011
14092,23193,22.615258,442,8,0100001100000010000000000000000000000010000000000000000000000000
19721,23194,22.615662,0B4,8,0000000000000000000000000000000010001100000010010001001101100100
43714,769,22.616447,3BB,5,1011101100000000000000000000000000100110
38406,23153,22.618422,0BA,5,1100011000000000000000000000000010111110
7735,23196,22.618646,435,8,1000000000000101000001011111111111100000001111110000000000000011
32823,23197,22.618897,1C4,8,0000111001010101000110110000000000000000000000000000000001001011
9029,23199,22.622695,260,8,0000000000000000000000000000000000000000000000000011101010100100
3851,23201,22.625023,25,8,0000111111111100000000000000000100101111111111000000000001100100
10925,23202,22.625645,436,8,0
24058,23203,22.62587,0AA,8,0010001111000110001000111101010000100011101011000010001110110001
38407,7737,22.625912,0BA,5,0010100100000000000000000000010000101000
28035,23204,22.626488,6C0,8,1110010000000000000000001110000010000000000000000000000000000000
17341,23208,22.628652,226,8,0000000000000000000100000000000000000000000000000000000000000000
12042,23210,22.632865,2C1,8,0000000000000011110111000000001111100000110000000001100101100110
38408,15462,22.633401,0BA,5,0100111100000000000000000000000000101110
3852,23212,22.633991,25,8,0000111111111100000000000000000100101111111111000000000001100100
29366,23213,22.634662,24,8,0000000111111100000000100001111101000001111110101000000000000101
24059,23214,22.634894,0AA,8,0010001111001111001000111101100000100011101011010010001110110010
15032,23215,22.635135,1C6,8,0000000000000000000000000000001000110000000101000000000000000000
19722,23216,22.635634,0B4,8,0000000000000000000000000000000010010000000010010001100101101110
32824,23219,22.638872,1C4,8,0000111001011010000110110000000000000000000000000000000001010000
38409,15466,22.640891,0BA,5,1110000000100101001101000000000010101110
9030,23221,22.642522,260,8,0000000000000000000000000000000000000000000000000100011110110001
3853,23224,22.643973,25,8,0000111111111100000000000000000100110000000000000000000001101001
24060,23225,22.644636,0AA,8,0010001111001111001000111101010000100011101011000010001110111100
775,23226,22.645629,320,8,0000000000100000000000000000000000000000000000000000000001001011
38410,23185,22.64838,0BA,5,1100011000000000000000000000000010111110
13791,23227,22.653605,434,8,0100001000000000000000000000000000000000000000000000000000000000
3854,23229,22.654183,25,8,0000111111111100000000000000000100110000000001000000000001101101
24061,23230,22.654621,0AA,8,0010001111011001001000111101011100100011101100010010001110111110
29367,23231,22.65487,24,8,0000000111111100000000100001111101000001111110111000000000000110
19723,23232,22.655604,0B4,8,0000000000000000000000000000000010010000000010010010010001111001
38411,7749,22.65587,0BA,5,0010100100000000000000000000011100101011
32825,23238,22.658852,1C4,8,0000111001100001000110110000000000000000000000000000000001010111
34857,23240,22.659236,3C3,8,0100011000011110100100110100111011101110010110010000001110001000
17342,23242,22.659747,226,8,0000000000000000000100000000000000000000000000000000000000000000
28182,23243,22.660597,437,8,1111110011111111111111111111111111111111111111111111111111111111
9031,23245,22.662498,260,8,0000000000000000000000000000000000000000000000000101001010111100
12043,23246,22.662839,2C1,8,0000000000000011110110010000001111101100110000000001100101101111
38412,15485,22.663359,0BA,5,0100111100000000000000000000000000101110
3855,23248,22.663939,25,8,0000111111111100000000000000000100110000000001000000000001101101
24062,23249,22.664609,0AA,8,0010001111011001001000111101110100100011101100010010001111000000
15033,23250,22.664854,1C6,8,0000000000000000000000000000001000110000000101000000000000000000
38413,15488,22.670849,0BA,5,1110000000100101001101000000000010101110
3856,23254,22.673961,25,8,0000111111111100000000000000000100110000000001000000000001101101
29368,23255,22.674581,24,8,0000000111111101000000100010000101000010000000001000000000001111
24063,23256,22.674811,0AA,8,0010001111011000001000111110000100100011101101010010001111000111
19724,23257,22.675581,0B4,8,0000000000000000000000000000000010010100000010010010101010000011
38414,23218,22.678338,0BA,5,1100011000000000000000000000000010111110
32826,23260,22.678886,1C4,8,0000111001100101000110110000000000000000000000000000000001011011
9032,23262,22.6824,260,8,0000000000000000000000000000000000000000000000000101001010111100
3857,23264,22.683914,25,8,0000111111111100000000000000000100110000000001000000000001101101
24064,23265,22.684581,0AA,8,0010001111011010001000111110101000100011101101000010001111001010
38415,7761,22.685828,0BA,5,0010100100000000000000000000010000101000
17343,23268,22.687571,226,8,0000000000000000000100000000000000000000000000000000000000000000
12044,23271,22.692782,2C1,8,0000000000000011110101100000001111110110110000000001100101110110
38416,15500,22.693317,0BA,5,0100111100000000000000000000000000101110
3858,23273,22.693898,25,8,0000111111111100000000000000000101000000000001000000000001111101
29369,23274,22.694554,24,8,0000000111111101000000100010000101000010000000001000000000001111
24065,23275,22.694805,0AA,8,0010001111011101001000111110001100100011101110100010001111010000
15034,23276,22.695028,1C6,8,0000000000000000000000000000001000110000000101000000000000000000
19725,23277,22.695557,0B4,8,0000000000000000000000000000000010011000000010010010111110001100
776,23280,22.698555,320,8,0000000000100000000000000000000000000000000000000000000001001011
32827,23281,22.698807,1C4,8,0000111001101000000110110000000000000000000000000000000001011110
38417,15504,22.700807,0BA,5,1110000000100101001101000000000010101110
9033,23283,22.702349,260,8,0000000000000000000000000000000000000000000000000001011110000001
3859,23285,22.703888,25,8,0000111111111100000000000000000101000000000001000000000001111101
24066,23286,22.704563,0AA,8,0010001111100001001000111110001100100011101111110010001111001001
31264,23287,22.705098,4A6,8,0000000000000000000000000000000000000000000001100000000000000000
38418,23251,22.708297,0BA,5,1100011000000000000000000000000010111110
21667,23290,22.71351,443,8,0100110100000010000000000010111100000110000000000000000000000000
3860,23292,22.714092,25,8,0000111111111100000000000000000101000000000001000000000001111101
29370,23293,22.714528,24,8,0000000111111101000000100010000101000010000000001000000000001111
24067,23294,22.714758,0AA,8,0010001111100011001000111110011000100011110001010010001111001111
19726,23295,22.715521,0B4,8,0000000000000000000000000000000010011000000010010011010110010010
38419,7765,22.715786,0BA,5,0010100100000000000000000000011100101011
32828,23299,22.718766,1C4,8,0000111001110000000110110000000000000000000000000000000001100110
17344,23301,22.719527,226,8,0000000000000000000100000000000000000000000000000000000000000000
9034,23303,22.722293,260,8,0000000000000000000000000000000000000000000000000000000001101010
12045,23304,22.722759,2C1,8,0000000000000011110101100000001111111001110000000001100001111000
38420,15522,22.723276,0BA,5,0100111100000000000000000000000000101110
3861,23307,22.72386,25,8,0000111111111100000000000000000101000000000001000000000001111101
24068,23308,22.724551,0AA,8,0010001111101000001000111110111000100011110000010010001111010000
15035,23309,22.724782,1C6,8,0000000000000000000000000000001000110000000101000000000000000000
38421,15524,22.730765,0BA,5,1110000000100101001101000000000010101110
3862,23314,22.733871,25,8,0000111111111100000000000000000101000000000001000000000001111101
24069,23315,22.734486,0AA,8,0010001111100110001000111110111100100011110001010010001111011000
29371,23316,22.734729,24,8,0000000111111110000000100010001001000010000000111000000000010100
19727,23317,22.735497,0B4,8,0000000000000000000000000000000010011100000010010011101110011100
11247,23319,22.73739,4C8,8,0000100100000000000000000000000000000000000000000000000000000000
38422,23279,22.738255,0BA,5,1100011000000000000000000000000010111110
32829,23320,22.739055,1C4,8,0000111001110100000110110000000000000000000000000000000001101010
9035,23323,22.742331,260,8,0000000000000000000000000000000000000000000000000000000001101010
3863,23325,22.743837,25,8,0000111111111100000000000000000101000000000001000000000001111101
24070,23326,22.744502,0AA,8,0010001111100111001000111110111100100011110010110010001111010101
38423,7779,22.745744,0BA,5,0010100100000000000000000000010000101000
17345,23329,22.747487,226,8,0000000000000001000100000000000000000000000000000000000000000000
777,23330,22.748487,320,8,0000000000100000000000000000000000000000000000000000000001001011
12046,23331,22.752891,2C1,8,0000000000000011110100110000010000000000110000000001100001111101
38424,15542,22.753234,0BA,5,0100111100000000000000000000000000101110
3864,23333,22.753847,25,8,0000111111111100000000000000000101000000000001000000000001111101
24071,23334,22.754458,0AA,8,0010001111101011001000111111001000100011110011100010001111011001
29372,23335,22.754703,24,8,0000000111111111000000100010000101000010000000111000000000010100
15036,23336,22.754944,1C6,8,0000000000000000000000000000001000110000000101000000000000000000
19728,23337,22.75547,0B4,8,0000000000000000000000000000000010100000000010010100000010100101
32830,23342,22.758729,1C4,8,0000111001111100000110110000000000000000000000000000000001110010
38425,15545,22.760723,0BA,5,1110000000100101001101000000000010101110
9036,23345,22.762259,260,8,0000000000000000000000000000000000000000000000000000101101110101
13391,23346,22.762411,394,3,0
13980,23348,22.763642,38E,8,0
3865,23349,22.763887,25,8,0000111111111100000000000000000101000000000000110000000001111100
24072,23350,22.764477,0AA,8,0010001111110000001000111111100000100011110101010010001111011011
38426,23311,22.768213,0BA,5,1100011000000000000000000000000010111110
35324,8717,22.769732,386,7,11000100000000000000000000000000000000000000000010101011
3866,23352,22.773804,25,8,0000111111111100000000000000000101000000000000110000000001111100
29373,23354,22.774452,24,8,0000000111111110000000100001111101000010000000011000000000001111
24073,23355,22.774683,0AA,8,0010001111110101001000111111101000100011110011110010001111100001
19729,23356,22.775442,0B4,8,0000000000000000000000000000000010100000000010010100011010101011
38427,7788,22.775702,0BA,5,0010100100000000000000000000011100101011
32831,23360,22.778691,1C4,8,0000111010000000000110110000000000000000000000000000000001110110
17346,23362,22.779447,226,8,0000000000000000000100000000000000000000000000000000000000000000
9037,23363,22.782211,260,8,0000000000000000000000000000000000000000000000000000000001101010
12047,23364,22.782681,2C1,8,0000000000000011110100000000010000000000110000000001100001111010
38428,15560,22.783192,0BA,5,0100111100000000000000000000000000101110
3867,23366,22.783788,25,8,0000111111111100000000000000000101000000000000110000000001111100
24074,23367,22.78445,0AA,8,0010001111110011001000111111100100100011110110100010001111100010
15037,23368,22.784691,1C6,8,0000000000000000000000000000001000101111000101000000000000000000
136,23371,22.786438,3B7,8,1000
38429,15564,22.790681,0BA,5,1110000000100101010000000000000010111010
3868,23376,22.793791,25,8,0000111111111100000000000000000101000000000000110000000001111100
24075,23377,22.794412,0AA,8,0010001111111000001000111111110100100011110111110010001111101000
29374,23378,22.794655,24,8,0000000111111111000000100010000101000010000000001000000000010001
19730,23379,22.795415,0B4,8,0000000000000000000000000000000010100100000010010100101110110100
778,23381,22.797421,320,8,0000000000100000000000000000000000000000000000000000000001001011
38430,23339,22.798171,0BA,5,1100011000000000000000000000000010111110
32832,23382,22.798663,1C4,8,0000111010001011000110110000000000000000000000000000000010000001
9038,23384,22.802204,260,8,0000000000000000000000000000000000000000000000000000000001101010
3869,23386,22.803755,25,8,0000111111111100000000000000000101000000000000100000000001111011
11039,23387,22.804005,620,8,0001000000000000000000000000000000000000000000000000000000000000
24076,23388,22.804423,0AA,8,0010001111111001001000111111111000100011111001010010001111101001
38431,7799,22.805661,0BA,5,0010100100000000000000000000010000101000
17347,23392,22.807409,226,8,0000000000000000000100000000000000000000000000000000000000000000
43526,5878,22.810672,423,2,10101000001110
12048,23394,22.812703,2C1,8,0000000000000011110011000000010000000110110000000001100001111100
38432,15582,22.81315,0BA,5,0100111100000000000000000000000000101110
3870,23396,22.813764,25,8,0000111111111100000000000000000101000000000000100000000001111011
24077,23397,22.814385,0AA,8,0010010000000010001001000000011100100011111001000010001111101011
29375,23398,22.81463,24,8,0000000111111111000000100010000101000001111111111000000000001111
15038,23399,22.814871,1C6,8,0000000000000000000000000000001000101111000101000000000000000000
19731,23400,22.815394,0B4,8,0000000000000000000000000000000010101000000010010101000110111110
31446,23401,22.815871,44D,8,0100001000000010000000000000000000000001000000000000000000000000
32833,23404,22.818631,1C4,8,0000111010010001000110110000000000000000000000000000000010000111
38433,15584,22.82064,0BA,5,1110000000100101010011000000000011000110
9039,23406,22.822152,260,8,0000000000000000000000000000000000000000000000000000101101110101
13725,23409,22.823563,3A5,8,100000000
3871,23410,22.823809,25,8,0000111111111100000000000000000101000000000000100000000001111011
24078,23411,22.8244,0AA,8,0010010000000111001001000000100000100011111010000010001111110100
38434,23369,22.828129,0BA,5,1100011000000000000000000000000010111110
3872,23413,22.83371,25,8,0000111111111100000000000000000101000000000000100000000001111011
7819,23414,22.83395,610,8,0010000000000000000110000110010011000000000000001001001001000000
24079,23415,22.834384,0AA,8,0010010000001011001001000000110000100011111010010010001111110000
29376,23416,22.834629,24,8,0000000111111111000000100001110101000001111111111000000000001011
19732,23417,22.835367,0B4,8,0000000000000000000000000000000010101000000010010101011111000100
38435,7809,22.835619,0BA,5,0010100100000000000000000000011100101011
16436,23420,22.838352,3F9,8,0111010100011000000000100000001010000000000000000000000000010101
32834,23422,22.838797,1C4,8,0000111010011110000110110000000000000000000000000000000010010100
17348,23424,22.839366,226,8,0000000000000000000100000000000000000000000000000000000000000000
9040,23426,22.84207,260,8,0000000000000000000000000000000000000000000000000000000001101010
12049,23427,22.842603,2C1,8,0000000000000011110000110000010000000110110000000001011001110001
38436,15603,22.843108,0BA,5,0100111100000000000000000000000000101110
15039,23429,22.844588,1C6,8,0000000000000000000000000000001000101111000101000000000000000000
3873,23430,22.844834,25,8,0000111111111100000000000000000101000000000000100000000001111011
24080,23431,22.845343,0AA,8,0010010000000010001001000000100100100011111111000010001111110000
31333,23432,22.845838,640,8,1010100000000000000000000011011100000001110111100000000000000000
779,23435,22.847355,320,8,0000000000100000000000000000000000000000000000000000000001001011
35144,23209,22.849758,3D3,3,111001010000001101011101
38437,15606,22.850598,0BA,5,1110000000100101010010000000000011000010
35019,23438,22.853342,413,8,0000000100000001000000010000100100000000000000000000000000000000
3874,23440,22.853925,25,8,0000111111111100000000000000000101000000000000100000000001111011
24081,23441,22.854328,0AA,8,0010010000001010001001000000110000100011111100110010001111101001
29377,23442,22.854575,24,8,0000000111111111000000100001110101000001111111111000000000001011
19733,23443,22.855337,0B4,8,0000000000000000000000000000000010101100000010010110001011010011
38438,23403,22.858087,0BA,5,1100011000000000000000000000000010111110
32835,23447,22.858592,1C4,8,0000111010100110000110110000000000000000000000000000000010011100
9041,23449,22.862025,260,8,0000000000000000000000000000000000000000000000000000000001101010
3875,23451,22.863673,25,8,0000111111111100000000000000000101000000000000100000000001111011
24082,23452,22.864348,0AA,8,0010010000011001001001000000110100100011111100110010001111110101
38439,7819,22.865577,0BA,5,0010100100000000000000000000010000101000
17349,23455,22.867329,226,8,0000000000000000000100000000000000000000000000000000000000000000
12050,23457,22.872557,2C1,8,0000000000000011101110010000001111101001110000000001010101001000
38440,15620,22.873066,0BA,5,0100111100000000000000000000000000101110
3876,23459,22.873683,25,8,0000111111111100000000000000000101000000000000100000000001111011
24083,23460,22.874301,0AA,8,0010010000010011001001000000111100100011111110010010001111110100
29378,23461,22.874546,24,8,0000000111111111000000100001110101000010000000001000000000001101
15040,23462,22.874786,1C6,8,0000000000000000000000000000001000101111000101000000000000000000
19734,23463,22.875308,0B4,8,0000000000000000000000000000000010110000000010010110001011010111
32836,23466,22.878556,1C4,8,0000111010110101000110110000000000000000000000000000000010101011
38441,15624,22.880556,0BA,5,1110000000100101010011000000000011000110
9042,23468,22.881837,260,8,0000000000000000000000000000000000000000111111111111010001011101
3877,23470,22.883644,25,8,0000111111111100000000000000000101000000000000100000000001111011
24084,23471,22.884321,0AA,8,0010010000010111001001000001101100100100000000000010001111111010
38442,23433,22.888046,0BA,5,1100011000000000000000000000000010111110
3878,23474,22.893629,25,8,0000111111111100000000000000000101000000000000010000000001111010
29379,23475,22.8943,24,8,0000000111111111000000100001111101000010000000001000000000001111
24085,23476,22.894534,0AA,8,0010010000011000001001000010000100100011111111110010001111111001
19735,23477,22.895283,0B4,8,0000000000000000000000000000000010110100000010010110100011100001
38443,7825,22.895535,0BA,5,0010100100000000000000000000011100101011
32837,23481,22.898535,1C4,8,0000111010111100000110110000000000000000000000000000000010110010
17350,23483,22.899279,226,8,0000000000000001000100000000000000000000000000000000000000000000
780,23484,22.90028,320,8,0000000000100000000000000000000000000000000000000000000001001011
9043,23485,22.901756,260,8,0000000000000000000000000000000000000000111111111111010001011101
12051,23486,22.902525,2C1,8,0000000000000011101010010000001111100011110000000001010100110010
38444,15639,22.903025,0BA,5,0100111100000000000000000000000000101110
15041,23488,22.904512,1C6,8,0000000000000000000000000000001000101111000101000000000000000000
3879,23489,22.904755,25,8,0000111111111100000000000000000101000000000000010000000001111010
24086,23491,22.905267,0AA,8,0010010000011001001001000001111000100011111110110010010000000011
38445,15642,22.910514,0BA,5,1110000000100101010111000000000011010110
3880,23496,22.913631,25,8,0000111111111100000000000000000101000000000000010000000001111010
43715,1557,22.914031,3BB,5,1010010100000000000000000000000000000000
24087,23497,22.914249,0AA,8,0010010000100100001001000001110000100011111111110010010000000101
29380,23498,22.914496,24,8,0000000111111110000000100001110101000001111111111000000000001010
19736,23499,22.915257,0B4,8,0000000000000000000000000000000010110100000010010110110111100110
38446,23465,22.918004,0BA,5,1100011000000000000000000000000010111110
32838,23503,22.918513,1C4,8,0000111011001100000110110000000000000000000000000000000011000010
9044,23506,22.921719,260,8,0000000000000000000000000000000000000000111111111111010001011101
3881,23508,22.923587,25,8,0000111111111100000000000000000101000000000000010000000001111010
14093,23509,22.923832,442,8,0100001100000010000000000000000000000010000000000000000000000000
24088,23510,22.924263,0AA,8,0010010000100101001001000010000100100100000000000010010000001011
38447,7842,22.925493,0BA,5,0010100100000000000000000000010000101000
28036,23512,22.925603,6C0,8,1110010000000000000000001110000010000000000000000000000000000000
17351,23514,22.927252,226,8,0000000000000000000100000000000000000000000000000000000000000000
12052,23515,22.932477,2C1,8,0000000000000011101000000000001110100110110000000001010111101100
38448,15664,22.932983,0BA,5,0100111100000000000000000000000000101110
3882,23517,22.933611,25,8,0000111111111100000000000000000101000000000000010000000001111010
24089,23518,22.934219,0AA,8,0010010000100110001001000010100100100100000010010010010000010010
29381,23519,22.93446,24,8,0000000111111110000000100001110101000010000000001000000000001100
15042,23520,22.934697,1C6,8,0000000000000000000000000000001000101111000101000000000000000000
19737,23521,22.935234,0B4,8,0000000000000000000000000000000010111000000010010111001111110000
27821,23526,22.938227,420,8,0000000000000000000000000000000011111111000000001000000010101011
32839,23527,22.938487,1C4,8,0000111011010010000110110000000000000000000000000000000011001000
38449,15668,22.940472,0BA,5,1110000000100101011001000000000011011110
9045,23529,22.941664,260,8,0000000000000000000000000000000000000000111111111111010001011101
3883,23531,22.943562,25,8,0000111111111100000000000000000101000000000000010000000001111010
24090,23532,22.944236,0AA,8,0010010000100011001001000011000000100100000000110010010000010101
781,23533,22.945224,320,8,0000000000100000000000000000000000000000000000000000000001001011
38450,23492,22.947962,0BA,5,1100011000000000000000000000000010111110
3884,23535,22.953561,25,8,0000111111111100000000000000000101000000000000010000000001111010
29382,23537,22.95424,24,8,0000000111111110000000100010000101000010000000011000000000010001
24091,23538,22.954476,0AA,8,0010010000101000001001000011000100100100000011000010010000011001
19738,23539,22.955203,0B4,8,0000000000000000000000000000000010111100000010010111100011111001
38451,7848,22.955451,0BA,5,0010100100000000000000000000011100101011
7615,23543,22.958397,3BC,8,0
32840,23544,22.958636,1C4,8,0000111011011000000110110000000000000000000000000000000011001110
17352,23546,22.9592,226,8,0000000000000001000100000000000000000000000000000000000000000000
9046,23548,22.961589,260,8,0000000000000000000000000000000000000000111111111110100001010001
12053,23549,22.962447,2C1,8,0000000000000011100101100000001111000011110000000001010011111110
38452,15681,22.962941,0BA,5,0100111100000000000000000000000000101110
3885,23551,22.963538,25,8,0000111111111100000000000000000101000000000000010000000001111010
24092,23552,22.964211,0AA,8,0010010000101110001001000011000000100100000010010010010000010100
15043,23553,22.964451,1C6,8,0000000000000000000000000000001000101111000101000000000000000000
43421,221,22.969509,3000000.0,6,000010000000000000000000000000000000000000101000
38453,15685,22.970431,0BA,5,1110000000100101011000000000000011011010
3886,23558,22.973548,25,8,0000111111111100000000000000000101000000000000010000000001111010
24093,23559,22.974167,0AA,8,0010010000110001001001000011001100100100000011110010010000011101
29383,23560,22.97441,24,8,0000000111111110000000100001111101000010000000001000000000001110
19739,23561,22.975182,0B4,8,0000000000000000000000000000000010111100000010010111111011111111
38454,23523,22.97792,0BA,5,1100011000000000000000000000000010111110
32841,23563,22.978502,1C4,8,0000111011100001000110110000000000000000000000000000000011010111
9047,23567,22.981539,260,8,0000000000000000000000000000000000000000111111111110100001010001
27882,23568,22.982908,4DC,8,0001110100000000000000000000000000000000000000000000000000000000
3887,23570,22.983508,25,8,0000111111111100000000000000000101000000000000010000000001111010
24094,23571,22.984183,0AA,8,0010010000110101001001000011100000100100000011010010010000010110
38455,7858,22.98541,0BA,5,0010100100000000000000000000010000101000
17353,23575,22.987168,226,8,0000000000000000000100000000000000000000000000000000000000000000
31592,23576,22.990381,633,8,1000000100000000000000000000000000000000000000000000000000000000
12054,23577,22.992399,2C1,8,0000000000000011100010010000001110010011110000000001001111000000
38456,15701,22.992899,0BA,5,0100111100000000000000000000000000101110
3888,23579,22.993497,25,8,0000111111111100000000000000000101000000000000010000000001111010
29384,23580,22.994174,24,8,0000000111111111000000100001110101000001111111111000000000001011
24095,23581,22.994404,0AA,8,0010010000110010001001000011101000100100000100110010010000100000
15044,23582,22.994643,1C6,8,0000000000000000000000000000001000101111000101000000000000000000
19740,23583,22.995153,0B4,8,0000000000000000000000000000000011000000000010011000010000001001
782,23586,22.998158,320,8,0000000000100000000000000000000000000000000000000000000001001011
32842,23587,22.998407,1C4,8,0000111011100100000110110000000000000000000000000000000011011010
38457,15704,23.000389,0BA,5,1110000000100101011100000000000011101010
9048,23589,23.001547,260,8,0000000000000000000000000000000000000000111111111101110001000101
1546,23593,23.003499,6F3,8,0010000000000000000000000000000000000000000000000000000000000000
3889,23594,23.003741,25,8,0000111111111100000000000000000101000000000000010000000001111010
24096,23595,23.004152,0AA,8,0010010000110101001001000011101000100100000101000010010000011100
38458,23554,23.007878,0BA,5,1100011000000000000000000000000010111110
3890,23598,23.013465,25,8,0000111111111100000000000000000101000000000000010000000001111010
29385,23599,23.014145,24,8,0000000111111110000000100001111101000010000000001000000000001110
24097,23600,23.014371,0AA,8,0010010000110011001001000011110100100100000110010010010000100111
19741,23601,23.015121,0B4,8,0000000000000000000000000000000011000100000010011000100100010010
38459,7869,23.015368,0BA,5,0010100100000000000000000000011100101011
13539,23604,23.017708,399,8,0000000000000000000000000000000000000000111111110000000000000000
32843,23606,23.018382,1C4,8,0000111011101011000110110000000000000000000000000000000011100001
11187,23608,23.01879,39A,8,0000000000000000000000000000000100000000000000000000000000000000
17354,23609,23.019122,226,8,0000000000000000000100000000000000000000000000000000000000000000
9049,23611,23.02154,260,8,0000000000000000000000000000000000000000111111111101110001000101
12055,23612,23.022373,2C1,8,0000000000000011100000000000001110000000110000000001010010100101
38460,15725,23.022857,0BA,5,0100111100000000000000000000000000101110
21668,23613,23.02311,443,8,0100110100000010000000000010111100000110000000000000000000000000
3891,23615,23.023693,25,8,0000111111111100000000000000000101000000000000010000000001111010
24098,23616,23.024128,0AA,8,0010010000111011001001000100000100100100000111110010010000100100
15045,23617,23.024382,1C6,8,0000000000000000000000000000001000101111000101000000000000000000
38461,15728,23.030347,0BA,5,1110000000100101011100000000000011101010
3892,23621,23.033469,25,8,0000111111111100000000000000000101000000000000010000000001111010
24099,23622,23.034086,0AA,8,0010010000111100001001000100000100100100000110100010010000101110
29386,23623,23.034328,24,8,0000000111111110000000100001111101000010000000011000000000001111
19742,23624,23.035094,0B4,8,0000000000000000000000000000000011000100000010011000111100011000
38462,23585,23.037836,0BA,5,1100011000000000000000000000000010111110
23,23627,23.038135,3B1,8,0000000000000000000000100000101000000000000010000000000000000000
32844,23628,23.038368,1C4,8,0000111011101101000110110000000000000000000000000000000011100011
9050,23630,23.041441,260,8,0000000000000000000000000000000000000000111111111110100001010001
3893,23632,23.044456,25,8,0000111111111100000000000000000101000000000000010000000001111010
24100,23634,23.045192,0AA,8,0010010000111011001001000100010000100100001001010010010000100101
38463,7880,23.045326,0BA,5,0010100100000000000000000000010000101000
17355,23638,23.048138,226,8,0000000000000000000100000000000000000000000000000000000000000000
783,23639,23.049082,320,8,0000000000100000000000000000000000000000000000000000000001001011
12056,23641,23.052414,2C1,8,0000000000000011011100110000001101100110110000000001010001111110
38464,15741,23.052816,0BA,5,0100111100000000000000000000000000101110
3894,23643,23.053416,25,8,0000111111111100000000000000000101000000000000010000000001111010
24101,23644,23.054084,0AA,8,0010010000111101001001000100011000100100001011000010010000110001
29387,23645,23.054331,24,8,0000000111111111000000100001111101000010000000011000000000010000
15046,23646,23.05457,1C6,8,0000000000000000000000000000001000101111000101000000000000000000
19743,23647,23.055069,0B4,8,0000000000000000000000000000000011001000000010011001010100100010
32845,23651,23.058334,1C4,8,0000111011110011000110110000000000000000000000000000000011101001
38465,15747,23.060305,0BA,5,1110000000100101011100000000000011101010
9051,23653,23.0614,260,8,0000000000000000000000000000000000000000111111111110100001010001
13392,23654,23.061579,394,3,0
3895,23656,23.063404,25,8,0000111111111100000000000000000101000000000000010000000001111010
24102,23657,23.064073,0AA,8,0010010001000001001001000100111000100100001100000010010000110110
38466,23618,23.067795,0BA,5,1100011000000000000000000000000010111110
3896,23660,23.073387,25,8,0000111111111100000000000000000101000000000000010000000001111010
29388,23661,23.074078,24,8,0000000111111111000000100001101101000001111111111000000000001001
24103,23662,23.074303,0AA,8,0010010001000111001001000101000000100100001010110010010000110101
19744,23663,23.075042,0B4,8,0000000000000000000000000000000011001100000010011001101000101011
38467,7888,23.075284,0BA,5,0010100100000000000000000000011100101011
32846,23667,23.078308,1C4,8,0000111011110100000110110000000000000000000000000000000011101010
17356,23669,23.079044,226,8,0000000000000000000100000000000000000000000000000000000000000000
9052,23670,23.081379,260,8,0000000000000000000000000000000000000000111111111101110001000101
12057,23671,23.082354,2C1,8,0000000000000011011010010000001100100000110000000001010000101110
38468,15765,23.082774,0BA,5,0100111100000000000000000000000000101110
3897,23673,23.083377,25,8,0000111111111100000000000000000101000000000000010000000001111010
24104,23674,23.08405,0AA,8,0010010001001101001001000101000100100100001100000010010000111011
15047,23675,23.084291,1C6,8,0000000000000000000000000000001000101111000101000000000000000000
137,23678,23.086039,3B7,8,1000
16437,23680,23.088418,3F9,8,0111010100011000000000100000001010000000000000000000000000010101
38469,15768,23.090263,0BA,5,1110000000100101011100000000000011101010
3898,23682,23.093388,25,8,0000111111111100000000000000000101000000000000010000000001111010
24105,23683,23.094005,0AA,8,0010010001001111001001000101000100100100001100010010010000110010
29389,23684,23.094251,24,8,0000000111111111000000100001101101000001111111111000000000001001
19745,23685,23.095018,0B4,8,0000000000000000000000000000000011001100000010011010000000110001
784,23687,23.097021,320,8,0000000000100000000000000000000000000000000000000000000001001011
38470,23649,23.097753,0BA,5,1100011000000000000000000000000010111110
32847,23688,23.098283,1C4,8,0000111011111000000110110000000000000000000000000000000011101110
9053,23690,23.101251,260,8,0000000000000000000000000000000000000000111111111101110001000101
11040,23692,23.103381,620,8,0001000000000000000000000000000000000000000000000000000000000000
3899,23694,23.104378,25,8,0000111111111100000000000000000101000000000000010000000001111010
24106,23695,23.10499,0AA,8,0010010001001110001001000100111000100100010000010010010000111011
38471,7904,23.105242,0BA,5,0010100100000000000000000000010000101000
17357,23698,23.108008,226,8,0000000000000000000100000000000000000000000000000000000000000000
35145,2906,23.109415,3D3,3,011011000001001000000000
12058,23702,23.112245,2C1,8,0000000000000011011000110000001100000110110000000001001100001101
38472,15787,23.112732,0BA,5,0100111100000000000000000000000000101110
3900,23704,23.11335,25,8,0000111111111100000000000000000101000000000000010000000001111010
29390,23705,23.114027,24,8,0000000111111111000000100001101101000001111111111000000000001001
24107,23706,23.114256,0AA,8,0010010001010010001001000101010100100100010000000010010000111000
15048,23707,23.114494,1C6,8,0000000000000000000000000000001000101111000101000000000000000000
19746,23708,23.114993,0B4,8,0000000000000000000000000000000011010000000010011010010100111010
32848,23712,23.118252,1C4,8,0000111011111011000110110000000000000000000000000000000011110001
38473,15791,23.120221,0BA,5,1110000000100101011100000000000011101010
9054,23714,23.121249,260,8,0000000000000000000000000000000000000000111111111101110001000101
3901,23716,23.123323,25,8,0000111111111100000000000000000101000000000000010000000001111010
24108,23717,23.123993,0AA,8,0010010001010100001001000101010100100100001110100010010001000001
31447,23718,23.124965,44D,8,0100001000000010000000000000000000000001000000000000000000000000
38474,23677,23.127711,0BA,5,1100011000000000000000000000000010111110
3902,23720,23.133335,25,8,0000111111111100000000000000000101000000000000010000000001111010
24109,23721,23.133952,0AA,8,0010010001011101001001000101100000100100010001100010010000111011
29391,23722,23.134197,24,8,0000000111111111000000100001101001000001111111111000000000001000
19747,23724,23.134967,0B4,8,0000000000000000000000000000000011010100000010011010010100111110
38475,7912,23.135201,0BA,5,0010100100000000000000000000011100101011
32849,23728,23.138237,1C4,8,0000111100000001000110110000000000000000000000000000000011111000
17358,23730,23.138966,226,8,0000000000000000000100000000000000000000000000000000000000000000
9055,23731,23.141031,260,8,0000000000000000000000000000000000000000111111111101110001000101
12059,23732,23.142221,2C1,8,0000000000000011010101100000001100100000110000000001001000011001
38476,15803,23.14269,0BA,5,0100111100000000000000000000000000101110
3903,23734,23.143296,25,8,0000111111111100000000000000000101000000000000000000000001111001
24110,23735,23.143969,0AA,8,0010010001011000001001000101110000100100010001000010010001000000
15049,23736,23.144207,1C6,8,0000000000000000000000000000001000101111000101000000000000000000
785,23738,23.145952,320,8,0000000000100000000000000000000000000000000000000000000001001011
43527,22994,23.146123,423,2,1000100000000
38477,15807,23.15018,0BA,5,1110000000100101011100000000000011101010
3904,23743,23.15331,25,8,0000111111111100000000000000000101000000000000000000000001111001
24111,23744,23.153923,0AA,8,0010010001010010001001000101110000100100010000100010010001000110
29392,23745,23.154167,24,8,0000000111111111000000100001100001000001111111011000000000000100
19748,23746,23.154939,0B4,8,0000000000000000000000000000000011011000000010011011000101001110
38478,23710,23.157669,0BA,5,1100011000000000000000000000000010111110
32850,23749,23.158206,1C4,8,0000111100000101000110110000000000000000000000000000000011111100
34858,23751,23.158943,3C3,8,0100011000011110100100110100111011101110010110010000001110001000
9056,23752,23.160961,260,8,0000000000000000000000000000000000000000111111111101110001000101
3905,23754,23.163268,25,8,0000111111111100000000000000000101000000000000000000000001111001
24112,23755,23.163941,0AA,8,0010010001011110001001000101110100100100001101010010010001000101
38479,7920,23.165159,0BA,5,0010100100000000000000000000010000101000
17359,23759,23.166963,226,8,0000000000000000000100000000000000000000000000000000000000000000
12060,23760,23.172166,2C1,8,0000000000000011010001100000001100001001110000000001001011110010
38480,15825,23.172648,0BA,5,0100111100000000000000000000000000101110
3906,23762,23.173285,25,8,0000111111111100000000000000000101000000000000000000000001111001
24113,23763,23.173894,0AA,8,0010010001011101001001000110001000100100010000100010010001001101
29393,23764,23.174135,24,8,0000000111111110000000100001011001000001111111011000000000000001
15050,23765,23.174378,1C6,8,0000000000000000000000000000001000101111000101000000000000000000
19749,23768,23.174914,0B4,8,0000000000000000000000000000000011011000000010011011000101001110
32851,23771,23.178188,1C4,8,0000111100010000000110110000000000000000000000000000000000000111
38481,15828,23.180138,0BA,5,1110000000100101011101000000000011101110
9057,23773,23.180916,260,8,0000000000000000000000000000000000000000111111111101110001000101
3907,23776,23.18332,25,8,0000111111111100000000000000000101000000000000000000000001111001
24114,23777,23.18392,0AA,8,0010010001011011001001000110001000100100010001000010010001001100
38482,23737,23.187627,0BA,5,1100011000000000000000000000000010111110
3908,23780,23.193226,25,8,0000111111111100000000000000000101000000000000000000000001111001
24115,23781,23.193896,0AA,8,0010010001011101001001000110011000100100010001010010010001010010
29394,23782,23.194137,24,8,0000000111111110000000100001011001000010000000001000000000000101
19750,23783,23.194881,0B4,8,0000000000000000000000000000000011011100000010011011011001010111
38483,7932,23.195117,0BA,5,0010100100000000000000000000011100101011
32852,23787,23.198155,1C4,8,0000111100010110000110110000000000000000000000000000000000001101
17360,23789,23.198883,226,8,0000000000000000000100000000000000000000000000000000000000000000
786,23791,23.19988,320,8,0000000000100000000000000000000000000000000000000000000001001011
9058,23792,23.200893,260,8,0000000000000000000000000000000000000000111111111101110001000101
12061,23793,23.202144,2C1,8,0000000000000011001111000000001100000000110000000001001011011111
7676,23794,23.202386,611,8,0010000100000000000000000001000000000000000000000011110101101100
38484,15847,23.202606,0BA,5,0100111100000000000000000000000000101110
3909,23796,23.203218,25,8,0000111111111100000000000000000101000000000000000000000001111001
24116,23797,23.203883,0AA,8,0010010001100010001001000110010100100100010001100010010001010010
15051,23798,23.204128,1C6,8,0000000000000000000000000000001000101111000101000000000000000000
38485,15851,23.210096,0BA,5,1110000000100101011101000000000011101110
43716,23897,23.211616,3BB,5,0111000000000000001000001010001100000000
3910,23803,23.21324,25,8,0000111111111100000000000000000101000000000000000000000001111001
24117,23804,23.213844,0AA,8,0010010001100001001001000110100100100100010000100010010001010110
29395,23805,23.214089,24,8,0000000111111111000000100001010001000010000000001000000000000100
19751,23806,23.214855,0B4,8,0000000000000000000000000000000011100000000010011011110001100001
38486,23770,23.217585,0BA,5,1100011000000000000000000000000010111110
32853,23809,23.218132,1C4,8,0000111100100110000110110000000000000000000000000000000000011101
9059,23811,23.220868,260,8,0000000000000000000000000000000000000000111111111101000000111001
14094,23813,23.223149,442,8,0100001100000010000000000000000000000010000000000000000000000000
3911,23814,23.223392,25,8,0000111111111100000000000000000101000000000000000000000001111001
24118,23815,23.223859,0AA,8,0010010001011101001001000110111000100100010011000010010001010010
28037,23816,23.224695,6C0,8,1110010000000000000000001110000010000000000000000000000000000000
38487,7944,23.225075,0BA,5,0010100100000000000000000000010000101000
17361,23819,23.226847,226,8,0000000000000000000100000000000000000000000000000000000000000000
12062,23820,23.232161,2C1,8,0000000000000011001011000000001100100011110000000001001011110010
38488,15866,23.232565,0BA,5,0100111100000000000000000000000000101110
3912,23823,23.233204,25,8,0000111111111100000000000000000101000000000000000000000001111001
24119,23824,23.233816,0AA,8,0010010001100101001001000110110000100100010000110010010001010110
29396,23825,23.234058,24,8,0000000111111110000000100001010001000010000000001000000000000011
15052,23826,23.234295,1C6,8,0000000000000000000000000000001000101111000101000000000000000000
19752,23827,23.234828,0B4,8,0000000000000000000000000000000011100000000010011011110001100001
32854,23830,23.238153,1C4,8,0000111100101110000110110000000000000000000000000000000000100101
38489,15870,23.240054,0BA,5,1110000000100101011101000000000011101110
9060,23834,23.240815,260,8,0000000000000000000000000000000000000000111111111101000000111001
3913,23836,23.243165,25,8,0000111111111100000000000000000101000000000000000000000001111001
24120,23837,23.243831,0AA,8,0010010001100110001001000110101100100100010001000010010001011011
787,23838,23.244822,320,8,0000000000100000000000000000000000000000000000000000000001001011
38490,23799,23.247544,0BA,5,1100011000000000000000000000000010111110
3914,23841,23.253145,25,8,0000111111111100000000000000000101000000000000000000000001111001
24121,23842,23.253818,0AA,8,0010010001101000001001000110110000100100010010010010010001010100
29397,23843,23.254077,24,8,0000000111111110000000100001011001000001111111111000000000000011
19753,23844,23.254805,0B4,8,0000000000000000000000000000000011100100000010011011110001100101
38491,7949,23.255033,0BA,5,0010100100000000000000000000011100101011
32855,23848,23.258133,1C4,8,0000111100111110000110110000000000000000000000000000000000110101
17362,23850,23.258803,226,8,0000000000000000000100000000000000000000000000000000000000000000
9061,23852,23.260739,260,8,0000000000000000000000000000000000000000111111111101110001000101
12063,23853,23.262064,2C1,8,0000000000000011001000110000001100000000110000000001001011000110
38492,15887,23.262523,0BA,5,0100111100000000000000000000000000101110
3915,23855,23.263134,25,8,0000111111111100000000000000000101000000000000000000000001111001
24122,23856,23.263801,0AA,8,0010010001100110001001000110111100100100010011100010010001011101
15053,23857,23.264051,1C6,8,0000000000000000000000000000001000101111000101000000000000000000
38493,15889,23.270012,0BA,5,1110000000100101011101000000000011101110
3916,23862,23.273147,25,8,0000111111111100000000000000000101000000000000000000000001111001
24123,23863,23.273762,0AA,8,0010010001100101001001000111010000100100010100010010010001011010
29398,23864,23.274003,24,8,0000000111111110000000100001011001000010000000001000000000000101
19754,23865,23.274779,0B4,8,0000000000000000000000000000000011101000000010011100001001101111
38494,23829,23.277502,0BA,5,1100011000000000000000000000000010111110
32856,23867,23.278131,1C4,8,0000111101001101000110110000000000000000000000000000000001000100
9062,23869,23.280727,260,8,0000000000000000000000000000000000000000111111111101110001000101
3917,23872,23.283109,25,8,0000111111111100000000000000000101000000000000000000000001111001
24124,23873,23.283774,0AA,8,0010010001101010001001000111010100100100010010110010010001011101
38495,7962,23.284991,0BA,5,0010100100000000000000000000010000101000
17363,23876,23.286768,226,8,0000000000000000000100000000000000000000000000000000000000000000
12064,23877,23.292084,2C1,8,0000000000000011000101100000001011100000110000000001001010011000
38496,15906,23.292481,0BA,5,0100111100000000000000000000000000101110
3918,23879,23.293121,25,8,0000111111111100000000000000000101000000000000000000000001111001
24125,23880,23.293734,0AA,8,0010010001101111001001000111001100100100010100010010010001011001
29399,23881,23.293976,24,8,0000000111111110000000100001011001000010000000001000000000000101
15054,23882,23.294213,1C6,8,0000000000000000000000000000001000101111000101000000000000000000
19755,23883,23.294748,0B4,8,0000000000000000000000000000000011101100000010011100001001110011
788,23887,23.297861,320,8,0000000000100000000000000000000000000000000000000000000001001011
32857,23888,23.298138,1C4,8,0000111101010010000110110000000000000000000000000000000001001001
38497,15910,23.29997,0BA,5,1110000000100101011101000000000011101110
9063,23890,23.300712,260,8,0000000000000000000000000000000000000000111111111101000000111001
3919,23893,23.30308,25,8,0000111111111100000000000000000101000000000000000000000001111001
24126,23894,23.303748,0AA,8,0010010001101111001001000111011000100100010101100010010001100011
38498,23858,23.30746,0BA,5,1100011000000000000000000000000010111110
3920,23899,23.313072,25,8,0000111111111100000000000000000101000000000000000000000001111001
24127,23900,23.31374,0AA,8,0010010001101111001001000111110100100100010111000010010001100110
29400,23901,23.313985,24,8,0000000111111110000000100001011001000001111111111000000000000011
19756,23903,23.314722,0B4,8,0000000000000000000000000000000011101100000010011100011101111000
38499,7970,23.31495,0BA,5,0010100100000000000000000000011100101011
32858,23907,23.317996,1C4,8,0000111101011010000110110000000000000000000000000000000001010001
17364,23909,23.318723,226,8,0000000000000000000100000000000000000000000000000000000000000000
9064,23910,23.320628,260,8,0000000000000000000000000000000000000000111111111101000000111001
12065,23911,23.321985,2C1,8,0000000000000011000011000000001011001001110000000001001001110111
38500,15926,23.322439,0BA,5,0100111100000000000000000000000000101110
21669,23913,23.322883,443,8,0100110100000010000000000010111100000110000000000000000000000000
3921,23914,23.323128,25,8,0000111111111100000000000000000101000000000000000000000001111001
24128,23915,23.323727,0AA,8,0010010001110101001001001000001000100100010111000010010001100111
15055,23916,23.323977,1C6,8,0000000000000000000000000000001000101111000101000000000000000000
34957,23919,23.325715,4C3,8,0000001100000000000000000000000100000000000000000000000000000000
38501,15932,23.329929,0BA,5,1110000000100101011101000000000011101110
3922,23922,23.333071,25,8,0000111111111100000000000000000101000000000000000000000001111001
24129,23923,23.333683,0AA,8,0010010001111010001001001000000000100100010111010010010001101111
29401,23924,23.333928,24,8,0000000111111110000000100001100001000001111111011000000000000011
7820,23925,23.334164,610,8,0010000000000000000110010110010011000000000000001001001001000000
19757,23926,23.334699,0B4,8,0000000000000000000000000000000011110000000010011100110110000010
38502,23885,23.337418,0BA,5,1100011000000000000000000000000010111110
16438,23928,23.337513,3F9,8,0111010100011000000000100000001010000000000000000000000000010101
32859,23929,23.337974,1C4,8,0000111101011100000110110000000000000000000000000000000001010011
13853,23931,23.339083,4C6,8,0000011100000000000000110000000000000000000000000000000000000000
9065,23932,23.340544,260,8,0000000000000000000000000000000000000000111111111101000000111001
3923,23934,23.344057,25,8,0000111111111100000000000000000101000000000000000000000001111001
24130,23935,23.34467,0AA,8,0010010001111111001001001000010000100100011000000010010001100110
38503,7978,23.344908,0BA,5,0010100100000000000000000000010000101000
17365,23939,23.347691,226,8,0000000000000000000100000000000000000000000000000000000000000000
789,23940,23.348684,320,8,0000000000100000000000000000000000000000000000000000000001001011
12066,23941,23.351939,2C1,8,0000000000000011000000000000001010111100110000000001000101011101
38504,15947,23.352397,0BA,5,0100111100000000000000000000000000101110
3924,23943,23.353016,25,8,0000111111111100000000000000000101000000000000000000000001111001
24131,23944,23.353692,0AA,8,0010010001111110001001001000000000100100011011010010010001101011
29402,23945,23.353935,24,8,0000000111111110000000100001100001000001111111011000000000000011
15056,23946,23.354176,1C6,8,0000000000000000000000000000001000101111000101000000000000000000
19758,23947,23.354672,0B4,8,0000000000000000000000000000000011110100000010011101001010001011
32860,23951,23.357944,1C4,8,0000111101011111000110110000000000000000000000000000000001010110
38505,15949,23.359887,0BA,5,1110000000100101011101000000000011101110
9066,23953,23.360564,260,8,0000000000000000000000000000000000000000111111111101000000111001
13393,23954,23.360715,394,3,0
3925,23956,23.363008,25,8,0000111111111100000000000000000101000000000000000000000001111001
24132,23958,23.363673,0AA,8,0010010010000011001001001000010000100100011011000010010001100110
38506,23917,23.367376,0BA,5,1100011000000000000000000000000010111110
35325,22596,23.368935,386,7,01010100000000000000000000000000000000000000000000000000
35146,23740,23.369071,3D3,3,111001010000001111101111
13915,23962,23.372889,622,8,0001001000000000000000000000000000000000000000000000000000000000
3926,23963,23.373132,25,8,0000111111111100000000000000000101000000000000000000000001111001
24133,23964,23.373628,0AA,8,0010010010000101001001001000000100100100011010000010010001101100
29403,23965,23.373875,24,8,0000000111111110000000100001100001000001111111111000000000000101
19759,23966,23.374644,0B4,8,0000000000000000000000000000000011110100000010011101001010001011
38507,7989,23.374866,0BA,5,0010100100000000000000000000011100101011
32861,23970,23.37792,1C4,8,0000111101100000000110110000000000000000000000000000000001010111
17366,23972,23.378645,226,8,0000000000000000000100000000000000000000000000000000000000000000
9067,23974,23.380429,260,8,0000000000000000000000000000000000000000111111111101110001000101
12067,23975,23.381912,2C1,8,0000000000000010111100110000001011000000110000000001000101010011
38508,15969,23.382355,0BA,5,0100111100000000000000000000000000101110
3927,23977,23.382974,25,8,0000111111111100000000000000000101000000000000000000000001111001
24134,23978,23.383639,0AA,8,0010010010000101001001001000101000100100011100010010010001101010
15057,23979,23.383895,1C6,8,0000000000000000000000000000001000101111000101000000000000000000
138,23982,23.385635,3B7,8,1000
38509,15973,23.389845,0BA,5,1110000000100101011101000000000011101110
3928,23984,23.392972,25,8,0000111111111100000000000000000101000000000000000000000001111001
24135,23985,23.393632,0AA,8,0010010010001100001001001000111100100100011100010010010001110001
29404,23986,23.393877,24,8,0000000111111111000000100001100001000001111111111000000000000110
19760,23987,23.394618,0B4,8,0000000000000000000000000000000011111000000010011101100010010101
790,23990,23.39662,320,8,0000000000100000000000000000000000000000000000000000000001001011
38510,23949,23.397335,0BA,5,1100011000000000000000000000000010111110
32862,23991,23.397894,1C4,8,0000111101100001000110110000000000000000000000000000000001011000
9068,23993,23.4004,260,8,0000000000000000000000000000000000000000111111111101110001000101
11041,23994,23.402841,620,8,0001000000000000000000000000000000000000000000000000000000000000
3929,23996,23.403977,25,8,0000111111111100000000000000000101000000000000000000000001111001
24136,23997,23.404588,0AA,8,0010010010000111001001001000110100100100011011110010010001110000
38511,8003,23.404824,0BA,5,0010100100000000000000000000010000101000
17367,24000,23.407608,226,8,0000000000000000000100000000000000000000000000000000000000000000
12068,24002,23.41186,2C1,8,0000000000000010111010010000001010110011110000000001000100111100
38512,15986,23.412314,0BA,5,0100111100000000000000000000000000101110
31653,24004,23.412626,389,8,0000000000100000000000000000000000000000000000000000000000000000
3930,24006,23.413208,25,8,0000111111111100000000000000000101000000000000000000000001111001
24137,24007,23.413576,0AA,8,0010010010001110001001001000111000100100011011010010010001110010
29405,24008,23.413823,24,8,0000000111111110000000100001011001000001111111111000000000000011
15058,24009,23.414063,1C6,8,0000000000000000000000000000001000101111000101000000000000000000
19761,24010,23.414593,0B4,8,0000000000000000000000000000000011111100000010011101111010011111
32863,24013,23.41787,1C4,8,0000111101100010000110110000000000000000000000000000000001011001
38513,15990,23.419803,0BA,5,1110000000100101100000000000000011111010
9069,24015,23.420192,260,8,0000000000000000000000000000000000000000111111111101110001000101
3931,24017,23.42293,25,8,0000111111111100000000000000000101000000000000000000000001111001
24138,24018,23.423596,0AA,8,0010010010001111001001001001000000100100011100000010010001111000
31448,24019,23.424051,44D,8,0100001000000010000000000000000000000001000000000000000000000000
38514,23980,23.427293,0BA,5,1100011000000000000000000000000010111110
28222,24024,23.432782,618,8,0010001000000000000000000001010001000000000000000000000000000000
3932,24025,23.433026,25,8,0000111111111100000000000000000101000000000000000000000001111001
24139,24026,23.433578,0AA,8,0010010010001011001001001001010000100100011100100010010001110111
29406,24027,23.433822,24,8,0000000111111110000000100001010001000001111111111000000000000001
19762,24029,23.434566,0B4,8,0000000000000000000000000000000011111100000010011101111010011111
38515,8008,23.434782,0BA,5,0010100100000000000000000000011100101011
13660,24032,23.436753,4B7,8,1110001001011111001000001111000000001000111010100000000100001000
16304,24033,23.437412,4C1,8,0000000100000000000000010000000100000000000000000000000000000000
32864,24036,23.437951,1C4,8,0000111101100110000110110000000000000000000000000000000001011101
17368,24038,23.438565,226,8,0000000000000000000100000000000000000000000000000000000000000000
9070,24039,23.440151,260,8,0000000000000000000000000000000000000000111111111101110001000101
12069,24040,23.441834,2C1,8,0000000000000010110111000000001010011100110000000001000100011000
38516,16008,23.442272,0BA,5,0100111100000000000000000000000000101110
3933,24042,23.442897,25,8,0000111111111100000000000000000101000000000000000000000001111001
24140,24043,23.443568,0AA,8,0010010010001100001001001001000100100100011011110010010010000010
15059,24044,23.443827,1C6,8,0000000000000000000000000000001000101111000100110000000000000000
13765,24046,23.444761,61C,8,0010011000000000000000000000000000000000000000000000000000011001
791,24049,23.445556,320,8,0000000000100000000000000000000000000000000000000000000001001011
38517,16012,23.449761,0BA,5,1110000000100101011101000000000011101110
3934,24051,23.452911,25,8,0000111111111100000000000000000101000000000000000000000001111001
24141,24052,23.453529,0AA,8,0010010010001111001001001001100000100100011100000010010010000000
29407,24053,23.453771,24,8,0000000111111111000000100001011001000010000000001000000000000110
19763,24054,23.454538,0B4,8,0000000000000000000000000000000000000000000010011101111010100011
38518,24012,23.457251,0BA,5,1100011000000000000000000000000010111110
32865,24057,23.45782,1C4,8,0000111101101000000110110000000000000000000000000000000001011111
9071,24059,23.460102,260,8,0000000000000000000000000000000000000000111111111101110001000101
3935,24062,23.463897,25,8,0000111111111100000000000000000101000000000000000000000001111001
24142,24063,23.464518,0AA,8,0010010010010001001001001001010100100100011100110010010010000000
38519,8021,23.46474,0BA,5,0010100100000000000000000000010000101000
17369,24066,23.467531,226,8,0000000000000000000100000000000000000000000000000000000000000000
12070,24067,23.471789,2C1,8,0000000000000010110100110000001010001100110000000001000111111111
38520,16032,23.47223,0BA,5,0100111100000000000000000000000000101110
284,24069,23.472703,38F,8,0000000100000000000000000000000000000000000000000000000000000000
3936,24070,23.472948,25,8,0000111111111100000000000000000101000000000000000000000001111001
24143,24071,23.473528,0AA,8,0010010010010011001001001001011000100100011110010010010010000000
29408,24072,23.473776,24,8,0000000111111110000000100001011001000001111111111000000000000011
15060,24073,23.474013,1C6,8,0000000000000000000000000000001000101111000101000000000000000000
19764,24074,23.47451,0B4,8,0000000000000000000000000000000000000100000010011101111010100111
32866,24078,23.477844,1C4,8,0000111101101011000110110000000000000000000000000000000001100010
38521,16036,23.47972,0BA,5,1110000000100101100000000000000011111010
9072,24080,23.480074,260,8,0000000000000000000000000000000000000000111111111101110001000101
43528,1597,23.481574,423,2,11100000000
3937,24082,23.482842,25,8,0000111111111100000000000000000101000000000000000000000001111001
24144,24083,23.483516,0AA,8,0010010010010001001001001001101100100100011101010010010001111111
38522,24045,23.487209,0BA,5,1100011000000000000000000000000010111110
3938,24085,23.492856,25,8,0000111111111100000000000000000101000000000000000000000001111001
24145,24086,23.49347,0AA,8,0010010010010001001001001001101000100100011110010010010010000101
29409,24087,23.493718,24,8,0000000111111111000000100001011001000001111111111000000000000100
19765,24089,23.494486,0B4,8,0000000000000000000000000000000000001000000010011110001110110000
38523,8029,23.494699,0BA,5,0010100100000000000000000000011100101011
32867,24094,23.497767,1C4,8,0000111101101101000110110000000000000000000000000000000001100100
17370,24096,23.498484,226,8,0000000000000000000100000000000000000000000000000000000000000000
792,24098,23.499482,320,8,0000000000100000000000000000000000000000000000000000000001001011
9073,24099,23.500018,260,8,0000000000000000000000000000000000000000111111111101110001000101
31265,24100,23.50165,4A6,8,0000000000000000000000000000000000000000000001100000000000000000
12071,24101,23.501889,2C1,8,0000000000000010110011000000001001110110110000000001000111100010
38524,16049,23.502188,0BA,5,0100111100000000000000000000000000101110
34717,24102,23.502257,380,8,0
3939,24105,23.502884,25,8,0000111111111100000000000000000101000000000000000000000001111001
24146,24106,23.503481,0AA,8,0010010010010110001001001001101000100100011101110010010010000110
15061,24107,23.503743,1C6,8,0000000000000000000000000000001000101111000101000000000000000000
43717,799,23.509201,3BB,5,1011101100000000000000000000000000100110
38525,16053,23.509678,0BA,5,1110000000100101011110000000000011110010
3940,24113,23.512826,25,8,0000111111111100000000000000000101000000000000000000000001111001
24147,24114,23.513439,0AA,8,0010010010010001001001001001101100100100011110110010010010000111
29410,24115,23.513686,24,8,0000000111111110000000100001010001000001111111111000000000000001
19766,24116,23.514454,0B4,8,0000000000000000000000000000000000001000000010011110100110110110
38526,24076,23.517167,0BA,5,1100011000000000000000000000000010111110
32868,24118,23.517743,1C4,8,0000111101110011000110110000000000000000000000000000000001101010
9074,24120,23.520016,260,8,0000000000000000000000000000000000000000111111111110100001010001
14095,24122,23.522626,442,8,0100001100000010000000000000000000000010000000000000000000000000
3941,24123,23.522869,25,8,0000111111111100000000000000000101000000000000000000000001111001
24148,24124,23.52346,0AA,8,0010010010011000001001001001101000100100100000000010010010000101
28038,24125,23.523789,6C0,8,1110010000000000000000001110000010000000000000000000000000000000
38527,8040,23.524657,0BA,5,0010100100000000000000000000010000101000
17371,24128,23.52645,226,8,0000000000000000000100000000000000000000000000000000000000000000
12072,24130,23.531794,2C1,8,0000000000000010110000110000001001110000110000000001000111010011
38528,16072,23.532146,0BA,5,0100111100000000000000000000000000101110
3942,24132,23.532771,25,8,0000111111111100000000000000000101000000000000000000000001111001
24149,24133,23.533443,0AA,8,0010010010010011001001001001111000100100011110100010010010001011
29411,24134,23.533688,24,8,0000000111111111000000100001010001000010000000001000000000000100
15062,24135,23.533927,1C6,8,0000000000000000000000000000001000101111000101000000000000000000
19767,24136,23.534428,0B4,8,0000000000000000000000000000000000001100000010011110100110111010
32869,24139,23.537712,1C4,8,0000111101111000000110110000000000000000000000000000000001101111
38529,16075,23.539636,0BA,5,1110000000100101100000000000000011111010
9075,24141,23.539944,260,8,0000000000000000000000000000000000000000111111111110100001010001
34776,24142,23.542103,4DF,8,0010000000000000000000000000000100000000000000000000000000000000
3943,24144,23.542763,25,8,0000111111111100000000000000000101000000000000000000000001111001
24150,24146,23.543434,0AA,8,0010010010011001001001001010000000100100100000100010010010001100
793,24147,23.544424,320,8,0000000000100000000000000000000000000000000000000000000001001011
38530,24108,23.547125,0BA,5,1100011000000000000000000000000010111110
3944,24149,23.552747,25,8,0000111111111100000000000000000101000000000000000000000001111001
24151,24150,23.553423,0AA,8,0010010010010101001001001010000000100100100000100010010010001110
29412,24151,23.553663,24,8,0000000111111110000000100001010001000010000000001000000000000011
19768,24152,23.554401,0B4,8,0000000000000000000000000000000000010000000010011110100110111110
38531,8051,23.554615,0BA,5,0010100100000000000000000000011100101011
32870,24156,23.557689,1C4,8,0000111101111011000110110000000000000000000000000000000001110010
17372,24158,23.558407,226,8,0000000000000000000100000000000000000000000000000000000000000000
9076,24161,23.559906,260,8,0000000000000000000000000000000000000000111111111111010001011101
12073,24163,23.561682,2C1,8,0000000000000010101110010000001001101001110000000001000111000010
38532,16095,23.562105,0BA,5,0100111100000000000000000000000000101110
3945,24165,23.562736,25,8,0000111111111100000000000000000101000000000000000000000001111001
24152,24166,23.563409,0AA,8,0010010010011111001001001010100100100100100001110010010010010101
15063,24168,23.563767,1C6,8,0000000000000000000000000000001000101111000101000000000000000000
38533,16098,23.569594,0BA,5,1110000000100101100000000000000011111010
3946,24172,23.572748,25,8,0000111111111100000000000000000101000000000000000000000001111001
24153,24173,23.573368,0AA,8,0010010010011111001001001010100000100100100001110010010010010010
29413,24174,23.573612,24,8,0000000111111110000000100001001101000001111111111000000000000000
19769,24175,23.574376,0B4,8,0000000000000000000000000000000000010100000010011110111111001000
38534,24138,23.577084,0BA,5,1100011000000000000000000000000010111110
32871,24178,23.577667,1C4,8,0000111110000001000110110000000000000000000000000000000001111000
9077,24180,23.579945,260,8,0000000000000000000000000000000000000000111111111111010001011101
3947,24182,23.58271,25,8,0000111111111100000000000000000101000000000000000000000001111001
24154,24183,23.583377,0AA,8,0010010010100010001001001010100100100100100010110010010010010100
38535,8064,23.584573,0BA,5,0010100100000000000000000000010000101000
17373,24186,23.586371,226,8,0000000000000000000100000000000000000000000000000000000000000000
16439,24187,23.587949,3F9,8,0111010100011000000000100000001010000000000000000000000000010101
12074,24188,23.59163,2C1,8,0000000000000010101100110000001001100011110000000001000110110110
38536,16112,23.592063,0BA,5,0100111100000000000000000000000000101110
3948,24191,23.592721,25,8,0000111111111100000000000000000101000000000000000000000001111001
24155,24192,23.593367,0AA,8,0010010010100000001001001010010100100100100011100010010010001111
29414,24193,23.593609,24,8,0000000111111110000000100001001101000001111111011000000011111110
15064,24194,23.593848,1C6,8,0000000000000000000000000000001000101111000101000000000000000000
19770,24195,23.594348,0B4,8,0000000000000000000000000000000000010100000010011111010011001101
794,24198,23.59735,320,8,0000000000100000000000000000000000000000000000000000000001001011
13600,24199,23.597596,4DD,8,0001111000000000000000000000000000000000000000000000000000000000
32872,24200,23.59784,1C4,8,0000111110000101000110110000000000000000000000000000000001111100
14239,24202,23.598345,60.0,8,1010000100000000000000000000000000000000011100000000000000000000
38537,16116,23.599552,0BA,5,1110000000100101101001000000000000011110
9078,24203,23.599807,260,8,0000000000000000000000000000000000000000000000000000101101110101
3949,24205,23.603709,25,8,0000111111111100000000000000000101000000000000000000000001111001
24156,24206,23.604323,0AA,8,0010010010100101001001001010010000100100100011010010010010010011
38538,24169,23.607042,0BA,5,1100011000000000000000000000000010111110
3950,24210,23.612665,25,8,0000111111111100000000000000000101000000000000000000000001111001
24157,24211,23.613338,0AA,8,0010010010101000001001001010010000100100100100010010010010010100
29415,24212,23.613588,24,8,0000000111111111000000100001000101000001111111111000000011111111
19771,24213,23.614324,0B4,8,0000000000000000000000000000000000011000000010011111010011010001
38539,8069,23.614531,0BA,5,0010100100000000000000000000011100101011
7736,24217,23.617507,435,8,1000000000000101000001011111111111100000001111110000000000000011
32873,24218,23.617747,1C4,8,0000111110001110000110110000000000000000000000000000000010000101
17374,24220,23.618318,226,8,0000000000000001000100000000000000000000000000000000000000000000
9079,24221,23.619722,260,8,0000000000000000000000000000000000000000000000000000101101110101
12075,24222,23.6216,2C1,8,0000000000000010101010010000001001011001110000000001000110100010
38540,16134,23.622021,0BA,5,0100111100000000000000000000000000101110
21670,24224,23.622484,443,8,0100110100000010000000000010111100000110000000000000000000000000
3951,24225,23.62273,25,8,0000111111111100000000000000000101000000000000000000000001111001
24158,24226,23.62333,0AA,8,0010010010101110001001001010101100100100100011110010010010001010
15065,24227,23.623594,1C6,8,0000000000000000000000000000001000101111000100110000000000000000
10926,24229,23.62449,436,8,0
35147,2969,23.628728,3D3,3,011011000000001000000000
38541,16136,23.62951,0BA,5,1110000000100101100101000000000000001110
3952,24235,23.632669,25,8,0000111111111100000000000000000101000000000000000000000001111001
24159,24236,23.633286,0AA,8,0010010010101000001001001011000100100100100110100010010010001111
29416,24237,23.633536,24,8,0000000111111110000000100001000101000001111111011000000011111100
19772,24238,23.634297,0B4,8,0000000000000000000000000000000000011100000010011111101011011011
38542,24197,23.637,0BA,5,1100011000000000000000000000000010111110
32874,24240,23.63759,1C4,8,0000111110010010000110110000000000000000000000000000000010001001
9080,24242,23.639699,260,8,0000000000000000000000000000000000000000000000000000101101110101
3953,24245,23.64263,25,8,0000111111111100000000000000000101000000000000000000000001111001
24160,24246,23.643298,0AA,8,0010010010100111001001001010110100100100100100100010010010010100
38543,8084,23.644489,0BA,5,0010100100000000000000000000010000101000
17375,24249,23.64629,226,8,0000000000000000000100000000000000000000000000000000000000000000
795,24250,23.647285,320,8,0000000000100000000000000000000000000000000000000000000001001011
12076,24251,23.651557,2C1,8,0000000000000010101000110000001001100110110000000001000110101001
38544,16153,23.651979,0BA,5,0100111100000000000000000000000000101110
13792,24253,23.652476,434,8,0100001000000000000000000000000000000000000000000000000000000000
3954,24254,23.652719,25,8,0000111111111100000000000000000101000000000000000000000001111001
24161,24255,23.653257,0AA,8,0010010010101001001001001010110100100100100011110010010010011001
29417,24256,23.653502,24,8,0000000111111110000000100001000101000001111111111000000011111110
15066,24257,23.653744,1C6,8,0000000000000000000000000000001000101111000100110000000000000000
19773,24258,23.654269,0B4,8,0000000000000000000000000000000000011100000010011111101011011011
32875,24262,23.657562,1C4,8,0000111110011011000110110000000000000000000000000000000010010010
34859,24265,23.658134,3C3,8,0100011000011110100100110100111011101110010110010000001110001000
28183,24266,23.659312,437,8,1111110011111111111111111111111111111111111111111111111111111111
38545,16157,23.659469,0BA,5,1110000000100101101100000000000000101010
9081,24267,23.659658,260,8,0000000000000000000000000000000000000000000000000001011110000001
13394,24268,23.65981,394,3,0
3955,24270,23.662605,25,8,0000111111111100000000000000000101000000000000000000000001111001
24162,24271,23.663283,0AA,8,0010010010101110001001001011000000100100100100000010010010010011
38546,24228,23.666958,0BA,5,1100011000000000000000000000000010111110
3956,24274,23.672584,25,8,0000111111111100000000000000000101000000000000000000000001111001
24163,24275,23.673259,0AA,8,0010010010101001001001001011000000100100100011110010010010010101
29418,24276,23.673509,24,8,0000000111111110000000100000111101000001111111111000000011111100
19774,24278,23.67425,0B4,8,0000000000000000000000000000000000100000000010011111111111100100
38547,8093,23.674448,0BA,5,0010100100000000000000000000011100101011
32876,24282,23.677539,1C4,8,0000111110100000000110110000000000000000000000000000000010010111
17376,24284,23.678246,226,8,0000000000000000000100000000000000000000000000000000000000000000
9082,24285,23.679492,260,8,0000000000000000000000000000000000000000000000000001011110000001
12077,24286,23.681527,2C1,8,0000000000000010100111000000001001010011110000000001000110001111
38548,16171,23.681937,0BA,5,0100111100000000000000000000000000101110
3957,24288,23.682578,25,8,0000111111111100000000000000000101010000000000000000000010001001
24164,24289,23.683246,0AA,8,0010010010101100001001001011010000100100100101010010010010100001
15067,24290,23.683516,1C6,8,0000000000000000000000000000001000101111000101000000000000000000
139,24293,23.685239,3B7,8,1000
38549,16175,23.689427,0BA,5,1110000000100101101100000000000000101010
3958,24298,23.692591,25,8,0000111111111100000000000000000101010000000000000000000010001001
24165,24299,23.6932,0AA,8,0010010010101100001001001011000100100100100011100010010010011100
29419,24300,23.693449,24,8,0000000111111111000000100000111101000010000000001000000011111111
19775,24302,23.694218,0B4,8,0000000000000000000000000000000000100100000010011111111111101000
796,24304,23.696222,320,8,0000000000100000000000000000000000000000000000000000000001001011
38550,24260,23.696916,0BA,5,1100011000000000000000000000000010111110
32877,24305,23.697516,1C4,8,0000111110101000000110110000000000000000000000000000000010011111
9083,24307,23.699416,260,8,0000000000000000000000000000000000000000000000000010001110001101
11042,24309,23.702394,620,8,0001000000000000000000000000000000000000000000000000000000000000
3959,24310,23.702637,25,8,0000111111111100000000000000000101010000000000000000000010001001
24166,24311,23.703219,0AA,8,0010010010101100001001001011001000100100100100010010010010011111
38551,8104,23.704406,0BA,5,0010100100000000000000000000010000101000
17377,24314,23.706207,226,8,0000000000000000000100000000000000000000000000000000000000000000
12078,24317,23.711544,2C1,8,0000000000000010100100110000001001011100110000000001000110001111
38552,16193,23.711895,0BA,5,0100111100000000000000000000000000101110
3960,24319,23.712535,25,8,0000111111111100000000000000000101010000000000000000000010001001
24167,24320,23.713207,0AA,8,0010010010101110001001001011011100100100100101010010010010011001
29420,24321,23.713451,24,8,0000000111111111000000100001000101000001111111111000000011111111
15068,24322,23.713694,1C6,8,0000000000000000000000000000001000101111000100110000000000000000
19776,24323,23.714193,0B4,8,0000000000000000000000000000000000101000000010011111111111101100
11248,24324,23.714443,4C8,8,0000100100000000000000000000000000000000000000000000000000000000
32878,24327,23.717491,1C4,8,0000111110110000000110110000000000000000000000000000000010100111
9084,24329,23.719358,260,8,0000000000000000000000000000000000000000000000000010001110001101
38553,16198,23.719385,0BA,5,1110000000100101101101000000000000101110
3961,24331,23.72255,25,8,0000111111111100000000000000000101100000000000000000000010011001
24168,24333,23.723264,0AA,8,0010010010110001001001001011101000100100100101000010010010100001
31449,24334,23.723503,44D,8,0100001000000010000000000000000000000001000000000000000000000000
38554,24291,23.726874,0BA,5,1100011000000000000000000000000010111110
3962,24336,23.732536,25,8,0000111111111100000000000000000101100000000000000000000010011001
24169,24337,23.733145,0AA,8,0010010010110001001001001011011100100100100100010010010010100001
29421,24338,23.733389,24,8,0000000111111111000000100001000101000010000000001000000000000001
19777,24339,23.734168,0B4,8,0000000000000000000000000000000000101000000010100000010111110011
38555,8114,23.734364,0BA,5,0010100100000000000000000000011100101011
32879,24343,23.737469,1C4,8,0000111110110100000110110000000000000000000000000000000010101011
17378,24345,23.738166,226,8,0000000000000000000100000000000000000000000000000000000000000000
9085,24346,23.739408,260,8,0000000000000000000000000000000000000000000000000010111110011001
12079,24348,23.741453,2C1,8,0000000000000010100011000000001001001001110000000001000101110101
38556,16215,23.741854,0BA,5,0100111100000000000000000000000000101110
15069,24350,23.743441,1C6,8,0000000000000000000000000000001000101111000100110000000000000000
3963,24351,23.743685,25,8,0000111111111100000000000000000101110000000000000000000010101001
24170,24352,23.744138,0AA,8,0010010010110001001001001011011000100100100100000010010010011100
797,24355,23.746154,320,8,0000000000100000000000000000000000000000000000000000000001001011
38557,16218,23.749343,0BA,5,1110000000100101101101000000000000101110
3964,24357,23.752494,25,8,0000111111111101000000000000000110010000000000000000000011001010
24171,24358,23.753148,0AA,8,0010010010110001001001001011101000100100100101100010010010100001
29422,24359,23.753391,24,8,0000000111111110000000100001001101000010000000001000000000000010
19778,24361,23.754139,0B4,8,0000000000000000000000000000000000101100000010100000010111110111
38558,24326,23.756833,0BA,5,1100011000000000000000000000000010111110
32880,24365,23.75757,1C4,8,0000111110111000000110110000000000000000000000000000000010101111
9086,24368,23.759332,260,8,0000000000000000000000000000000000000000000000000010111110011001
13981,24370,23.762308,38E,8,0
3965,24371,23.762551,25,8,0000111111111101000000000000000110010000000000000000000011001010
24172,24372,23.763143,0AA,8,0010010010110011001001001011111100100100100101110010010010100010
38559,8125,23.764322,0BA,5,0010100100000000000000000000010000101000
17379,24375,23.766133,226,8,0000000000000000000100000000000000000000000000000000000000000000
12080,24376,23.771402,2C1,8,0000000000000010100001100000001001000110110000000001000101101100
38560,16231,23.771812,0BA,5,0100111100000000000000000000000000101110
3966,24379,23.772524,25,8,0000111111111101000000000000000110010000000000000000000011001010
24173,24380,23.773101,0AA,8,0010010010110100001001001011111100100100100101110010010010101000
29423,24381,23.773344,24,8,0000000111111111000000100001001101000010000000001000000000000011
15070,24382,23.773586,1C6,8,0000000000000000000000000000001000101111000100110000000000000000
19779,24383,23.774115,0B4,8,0000000000000000000000000000000000110000000010100000010111111011
32881,24386,23.777411,1C4,8,0000111110111010000110110000000000000000000000000000000010110001
9087,24388,23.779285,260,8,0000000000000000000000000000000000000000000000000010111110011001
38561,16235,23.779301,0BA,5,1110000000100101101101000000000000101110
3967,24390,23.782446,25,8,0000111111111101000000000000000110100000000000000000000011011010
24174,24391,23.783113,0AA,8,0010010010111000001001001011110000100100100110110010010010101000
38562,24354,23.786791,0BA,5,1100011000000000000000000000000010111110
3968,24394,23.792431,25,8,0000111111111101000000000000000110100000000000000000000011011010
24175,24395,23.793098,0AA,8,0010010010111001001001001011101000100100100111110010010010101001
29424,24396,23.793345,24,8,0000000111111110000000100001010001000001111111111000000000000001
19780,24397,23.794088,0B4,8,0000000000000000000000000000000000110100000010100000101100000101
38563,8130,23.79428,0BA,5,0010100100000000000000000000011100101011
32882,24401,23.797389,1C4,8,0000111110111011000110110000000000000000000000000000000010110010
17380,24403,23.798134,226,8,0000000000000000000100000000000000000000000000000000000000000000
798,24404,23.799084,320,8,0000000000100000000000000000000000000000000000000000000001001011
9088,24405,23.799333,260,8,0000000000000000000000000000000000000000000000000010111110011001
12081,24406,23.801383,2C1,8,0000000000000010100000110000001001011100110000000001000001111110
38564,16252,23.80177,0BA,5,0100111100000000000000000000000000101110
3969,24408,23.802423,25,8,0000111111111101000000000000000110110000000000000000000011101010
24176,24409,23.803085,0AA,8,0010010010111001001001001100010000100100101001010010010010110001
15071,24410,23.803675,1C6,8,0000000000000000000000000000001000101111000100110000000000000000
43718,1619,23.806786,3BB,5,1010010100000000000000000000000000000000
38565,16256,23.809259,0BA,5,1110000000100101101101000000000000101110
3970,24416,23.812437,25,8,0000111111111101000000000000000111000000000000000000000011111010
24177,24417,23.813046,0AA,8,0010010010111101001001001100011100100100101000110010010010101011
29425,24418,23.813296,24,8,0000000111111111000000100001010001000001111111111000000000000010
19781,24419,23.814064,0B4,8,0000000000000000000000000000000000110100000010100000101100000101
38566,24385,23.816749,0BA,5,1100011000000000000000000000000010111110
43529,6129,23.817025,423,2,10101000001110
32883,24421,23.817397,1C4,8,0000111110111100000110110000000000000000000000000000000010110011
9089,24424,23.819185,260,8,0000000000000000000000000000000000000000000000000010111110011001
14096,24426,23.82207,442,8,0100001100000010000000000000000000000010000000000000000000000000
13726,24427,23.822314,3A5,8,100000000
3971,24430,23.823417,25,8,0000111111111101000000000000000111010000000000000000000000001010
24178,24431,23.824033,0AA,8,0010010010111111001001001100011100100100101001000010010010110100
38567,8145,23.824239,0BA,5,0010100100000000000000000000010000101000
17381,24434,23.827049,226,8,0000000000000000000100000000000000000000000000000000000000000000
12082,24435,23.83133,2C1,8,0000000000000010011110010000001001000110110000000001000001011110
38568,16278,23.831728,0BA,5,0100111100000000000000000000000000101110
3972,24437,23.832408,25,8,0000111111111101000000000000000111110000000001100000000000110000
28039,24438,23.832819,6C0,8,1110010000000000000000001110000010000000000000000000000000000000
24179,24439,23.833045,0AA,8,0010010011000111001001001100010100100100101010010010010010101100
29426,24440,23.833291,24,8,0000000111111111000000100001001101000001111111111000000000000001
15072,24441,23.833533,1C6,8,0000000000000000000000000000001000101111000100110000000000000000
19782,24442,23.834032,0B4,8,0000000000000000000000000000000000111000000010100001000000001110
7821,24443,23.834269,610,8,0010000010000000000110100110010011000000000000001000010001000000
16440,24446,23.836993,3F9,8,0111010100011000000000100000001010000000000000000000000000010101
32884,24447,23.837336,1C4,8,0000111110111100000110110000000000000000000000000000000010110011
9090,24450,23.839144,260,8,0000000000000000000000000000000000000000000000000011101010100100
38569,16282,23.839218,0BA,5,1110000000100101101101000000000000101110
3973,24452,23.842369,25,8,0000111111111101000000000000000100000000000001100000000001000000
24180,24453,23.843034,0AA,8,0010010011000111001001001100100100100100101110010010010010101100
799,24454,23.844028,320,8,0000000000100000000000000000000000000000000000000000000001001011
31334,24455,23.846032,640,8,1010100000000000000000000011011100000001110111100000000000000000
38570,24412,23.846707,0BA,5,1100011000000000000000000000000010111110
35020,24457,23.852197,413,8,0000000100000001000000010000100100000000000000000000000000000000
3974,24458,23.852431,25,8,0000111111111101000000000000000100100000000001100000000001100000
24181,24459,23.853022,0AA,8,0010010011001000001001001100100100100100101100100010010010101101
29427,24460,23.85327,24,8,0000000111111111000000100001001101000001111111111000000000000001
19783,24461,23.854006,0B4,8,0000000000000000000000000000000000111100000010100001000000010010
38571,8152,23.854197,0BA,5,0010100100000000000000000000011100101011
32885,24466,23.857326,1C4,8,0000111110111110000110110000000000000000000000000000000010110101
17382,24469,23.858011,226,8,0000000000000000000100000000000000000000000000000000000000000000
9091,24471,23.859218,260,8,0000000000000000000000000000000000000000000000000010111110011001
12083,24472,23.861304,2C1,8,0000000000000010011100110000001001000011110000000001000001010101
38572,16296,23.861686,0BA,5,0100111100000000000000000000000000101110
3975,24474,23.862339,25,8,0000111111111101000000000000000100110000000011110000000001111001
24182,24475,23.863012,0AA,8,0010010011001000001001001100101000100100101011010010010010110001
15073,24476,23.863291,1C6,8,0000000000000000000000000000001000101111000100110000000000000000
38573,16300,23.869176,0BA,5,1110000000100101101101000000000000101110
3976,24481,23.87235,25,8,0000111111111101000000000000000101010000000011110000000010011001
24183,24482,23.872966,0AA,8,0010010011001010001001001100111100100100101101110010010010110010
29428,24483,23.873213,24,8,0000000111111111000000100001001101000001111111111000000000000001
19784,24484,23.873981,0B4,8,0000000000000000000000000000000000111100000010100001011000011000
38574,24445,23.876665,0BA,5,1100011000000000000000000000000010111110
32886,24486,23.87729,1C4,8,0000111110111110000110110000000000000000000000000000000010110101
9092,24488,23.879025,260,8,0000000000000000000000000000000000000000000000000011101010100100
3977,24490,23.882312,25,8,0000111111111101000000000000000101110000000011110000000010111001
24184,24492,23.882985,0AA,8,0010010011001011001001001100100000100100101100110010010010110000
38575,8160,23.884155,0BA,5,0010100100000000000000000000010000101000
17383,24495,23.885975,226,8,0000000000000000000100000000000000000000000000000000000000000000
35148,24272,23.888384,3D3,3,111001010000001101110100
12084,24498,23.891257,2C1,8,0000000000000010011011000000001001010000110000000001000001011011
38576,16319,23.891644,0BA,5,0100111100000000000000000000000000101110
3978,24500,23.892295,25,8,0000111111111110000000000000000110100000000100010000000011101100
24185,24501,23.892969,0AA,8,0010010011001100001001001100110000100100101100100010010010111000
29429,24502,23.893216,24,8,0000000111111111000000100001000101000001111111111000000011111111
15074,24503,23.893457,1C6,8,0000000000000000000000000000001000101111000100110000000000000000
19785,24504,23.893954,0B4,8,0000000000000000000000000000000001000000000010100001110000100010
800,24507,23.896958,320,8,0000000000100000000000000000000000000000000000000000000001001011
32887,24508,23.897264,1C4,8,0000111111000011000110110000000000000000000000000000000010111010
9093,24510,23.898923,260,8,0000000000000000000000000000000000000000000000000011101010100100
38577,16322,23.899134,0BA,5,1110000000100101101110000000000000110010
3979,24512,23.902292,25,8,0000111111111110000000000000000110110000000100010000000011111100
24186,24513,23.902957,0AA,8,0010010011001010001001001100111100100100101011110010010010111000
38578,24478,23.906624,0BA,5,1100011000000000000000000000000010111110
3980,24517,23.912286,25,8,0000111111111110000000000000000111010000000100010000000000011100
24187,24518,23.912943,0AA,8,0010010011001110001001001101001000100100101011100010010010111011
29430,24519,23.913191,24,8,0000000111111111000000100000111101000010000000001000000011111111
19786,24520,23.913928,0B4,8,0000000000000000000000000000000001000100000010100001110000100110
38579,8171,23.914113,0BA,5,0010100100000000000000000000011100101011
32888,24524,23.917239,1C4,8,0000111111000101000110110000000000000000000000000000000010111100
17384,24526,23.917931,226,8,0000000000000000000100000000000000000000000000000000000000000000
9094,24527,23.91877,260,8,0000000000000000000000000000000000000000000000000011101010100100
12085,24529,23.921234,2C1,8,0000000000000010011001100000001001001001110000000001000001001110
38580,16342,23.921603,0BA,5,0100111100000000000000000000000000101110
21671,24531,23.922093,443,8,0100110100000010000000000010111100000110000000000000000000000000
3981,24532,23.922337,25,8,0000111111111110000000000000000111110000000100000000000000111011
24188,24533,23.922931,0AA,8,0010010011001100001001001100111100100100101100110010010010111101
15075,24534,23.92322,1C6,8,0000000000000000000000000000001000101111000100110000000000000000
38581,16345,23.929092,0BA,5,1110000000100101101110000000000000110010
3982,24538,23.932278,25,8,0000111111111110000000000000000100000000000100000000000001001011
24189,24539,23.932893,0AA,8,0010010011001111001001001100111000100100101011110010010010111111
29431,24540,23.933134,24,8,0000000111111111000000100001000101000010000000011000000000000010
19787,24541,23.933901,0B4,8,0000000000000000000000000000000001001000000010100010000100101111
27822,24544,23.936007,420,8,0000000000000000000000000000000011111111000000001000000010101011
38582,24506,23.936582,0BA,5,1100011000000000000000000000000010111110
32889,24546,23.937216,1C4,8,0000111111001100000110110000000000000000000000000000000011000011
9095,24548,23.938866,260,8,0000000000000000000000000000000000000000000000000100011110110001
3983,24550,23.942238,25,8,0000111111111110000000000000000100100000000100000000000001101011
24190,24551,23.942908,0AA,8,0010010011001101001001001101001000100100101101110010010011001000
38583,8183,23.944071,0BA,5,0010100100000000000000000000010000101000
17385,24554,23.945892,226,8,0000000000000001000100000000000000000000000000000000000000000000
801,24555,23.946895,320,8,0000000000100000000000000000000000000000000000000000000001001011
12086,24557,23.951189,2C1,8,0000000000000010011000000000001001010000110000000001000001001111
38584,16356,23.951561,0BA,5,0100111100000000000000000000000000101110
3984,24560,23.952369,25,8,0000111111111110000000000000000100110000000100000000000001111011
24191,24562,23.952895,0AA,8,0010010011001110001001001101011000100100101101010010010010111110
29432,24563,23.953144,24,8,0000000111111111000000100000111101000010000000011000000000000000
15076,24564,23.953387,1C6,8,0000000000000000000000000000001000101111000100110000000000000000
19788,24565,23.953879,0B4,8,0000000000000000000000000000000001001000000010100010000100101111
7616,24569,23.957094,3BC,8,0
32890,24570,23.957335,1C4,8,0000111111001110000110110000000000000000000000000000000011000101
9096,24572,23.95866,260,8,0000000000000000000000000000000000000000000000000011101010100100
13395,24573,23.958814,394,3,0
38585,16361,23.95905,0BA,5,1110000000100101101110000000000000110010
3985,24575,23.962211,25,8,0000111111111110000000000000000101000000000100000000000010001011
24192,24576,23.962882,0AA,8,0010010011010011001001001101100000100100101101100010010011000000
38586,24536,23.96654,0BA,5,1100011000000000000000000000000010111110
35326,22628,23.968139,386,7,11011011000000000000000000000000000001100000000000000011
43422,22659,23.968183,3000000.0,6,101011000000000000000000000000000000000000000000
3986,24579,23.972223,25,8,0000111111111110000000000000000101010000000100000000000010011011
24193,24580,23.972838,0AA,8,0010010011001110001001001101010000100100101101000010010010111010
29433,24581,23.973084,24,8,0000001000000000000000100001000101000010000000111000000000000110
19789,24582,23.973855,0B4,8,0000000000000000000000000000000001001100000010100010000100110011
38587,8191,23.974029,0BA,5,0010100100000000000000000000011100101011
32891,24586,23.977171,1C4,8,0000111111010110000110110000000000000000000000000000000011001101
17386,24588,23.977852,226,8,0000000000000001000100000000000000000000000000000000000000000000
9097,24589,23.978605,260,8,0000000000000000000000000000000000000000000000000100011110110001
12087,24590,23.98116,2C1,8,0000000000000010010110010000001000111100110000000001000000110100
38588,16380,23.981519,0BA,5,0100111100000000000000000000000000101110
27883,24591,23.981659,4DC,8,0001110100000000000000000000000000000000000000000000000000000000
3987,24593,23.982238,25,8,0000111111111110000000000000000101100000000011010000000010101000
24194,24594,23.982856,0AA,8,0010010011010011001001001101001000100100101110010010010011000011
15077,24595,23.983146,1C6,8,0000000000000000000000000000001000101111000100110000000000000000
140,24598,23.984851,3B7,8,1000
31593,24600,23.987409,633,8,1000000100000000000000000000000000000000000000000000000000000000
38589,16385,23.989008,0BA,5,1110000000100101101110000000000000110010
3988,24602,23.992196,25,8,0000111111111110000000000000000101100000000010100000000010100101
24195,24603,23.992816,0AA,8,0010010011001111001001001101011100100100101110100010010011000011
29434,24604,23.99306,24,8,0000001000000000000000100001000101000010000000111000000000000110
19790,24605,23.993825,0B4,8,0000000000000000000000000000000001010000000010100010000100110111
802,24607,23.995831,320,8,0000000000100000000000000000000000000000000000000000000001001011
38590,24567,23.996498,0BA,5,1100011000000000000000000000000010111110
32892,24608,23.997142,1C4,8,0000111111011101000110110000000000000000000000000000000011010100
9098,24610,23.998574,260,8,0000000000000000000000000000000000000000000000000011101010100100
11043,24612,24.001766,620,8,0001000000000000000000000000000000000000000000000000000000000000
1547,24614,24.002184,6F3,8,0010000000000000000000000000000000000000000000000000000000000000
3989,24615,24.002426,25,8,0000111111111110000000000000000101100000000010000000000010100011
24196,24616,24.002832,0AA,8,0010010011010110001001001101100000100100101110010010010011000001
38591,8207,24.003988,0BA,5,0010100100000000000000000000010000101000
17387,24619,24.005822,226,8,0000000000000000000100000000000000000000000000000000000000000000
12088,24621,24.01111,2C1,8,0000000000000010010100110000001000110110110000000001000000101000
38592,16404,24.011477,0BA,5,0100111100000000000000000000000000101110
3990,24624,24.012173,25,8,0000111111111110000000000000000101100000000001110000000010100010
24197,24625,24.012788,0AA,8,0010010011010011001001001101110000100100101111110010010011000101
29435,24626,24.013028,24,8,0000001000000000000000100001000101000010000001011000000000001000
15078,24627,24.01327,1C6,8,0000000000000000000000000000001000101111000100110000000000000000
19791,24628,24.013803,0B4,8,0000000000000000000000000000000001010100000010100010011101000001
13540,24631,24.016449,399,8,0000000000000000000000000000000000000000111111110000000000000000
32893,24632,24.017117,1C4,8,0000111111100000000110110000000000000000000000000000000011010111
11188,24636,24.017838,39A,8,0000000000000000000000000000000100000000000000000000000000000000
9099,24637,24.018628,260,8,0000000000000000000000000000000000000000000000000011101010100100
38593,16407,24.018967,0BA,5,1110000000100101101110000000000000110010
3991,24639,24.022133,25,8,0000111111111110000000000000000101100000000001100000000010100001
31450,24640,24.022372,44D,8,0100001000000010000000000000000000000001000000000000000000000000
24198,24641,24.022805,0AA,8,0010010011011000001001001101111000100100101111000010010011000100
38594,24597,24.026456,0BA,5,1100011000000000000000000000000010111110
3992,24643,24.032122,25,8,0000111111111110000000000000000101100000000001010000000010100000
24199,24644,24.032792,0AA,8,0010010011010111001001001101100100100100110000110010010011001010
29436,24645,24.033031,24,8,0000001000000000000000100001000101000010000001011000000000001000
19792,24646,24.033775,0B4,8,0000000000000000000000000000000001010100000010100010011101000001
38595,8214,24.033946,0BA,5,0010100100000000000000000000011100101011
24,24651,24.036967,3B1,8,0000000000000000000000100000101000000000000010000000000000000000
32894,24652,24.037208,1C4,8,0000111111100101000110110000000000000000000000000000000011011100
17388,24654,24.037776,226,8,0000000000000000000100000000000000000000000000000000000000000000
9100,24655,24.038538,260,8,0000000000000000000000000000000000000000000000000010111110011001
12089,24656,24.041084,2C1,8,0000000000000010010011000000001000101100110000000001000000010111
38596,16419,24.041435,0BA,5,0100111100000000000000000000000000101110
3993,24658,24.04211,25,8,0000111111111110000000000000000101100000000001010000000010100000
24200,24659,24.042777,0AA,8,0010010011011110001001001110001000100100110000110010010011001011
15079,24660,24.043073,1C6,8,0000000000000000000000000000001000101111000100110000000000000000
803,24663,24.044768,320,8,0000000000100000000000000000000000000000000000000000000001001011
38597,16423,24.048925,0BA,5,1110000000100101101110000000000000110010
3994,24666,24.052124,25,8,0000111111111110000000000000000101100000000001000000000010011111
24201,24667,24.052742,0AA,8,0010010011100000001001001110000000100100110001110010010011001000
29437,24668,24.052987,24,8,0000001000000000000000100001000101000010000000111000000000000110
19793,24669,24.05375,0B4,8,0000000000000000000000000000000001011000000010100010110001001010
38598,24630,24.056414,0BA,5,1100011000000000000000000000000010111110
32895,24672,24.057067,1C4,8,0000111111100111000110110000000000000000000000000000000011011110
9101,24674,24.058467,260,8,0000000000000000000000000000000000000000000000000011101010100100
3995,24676,24.062089,25,8,0000111111111110000000000000000101100000000001000000000010011111
24202,24677,24.062751,0AA,8,0010010011100110001001001110011000100100110010100010010011001100
38599,8225,24.063904,0BA,5,0010100100000000000000000000010000101000
17389,24680,24.065745,226,8,0000000000000000000100000000000000000000000000000000000000000000
12090,24682,24.071035,2C1,8,0000000000000010010010010000001000111100110000000001000000100100
38600,16445,24.071393,0BA,5,0100111100000000000000000000000000101110
3996,24684,24.072097,25,8,0000111111111110000000000000000101100000000000110000000010011110
24203,24685,24.072708,0AA,8,0010010011100111001001001110000100100100110010010010010011001000
29438,24686,24.072948,24,8,0000001000000000000000100001000101000010000000011000000000000100
15080,24687,24.07319,1C6,8,0000000000000000000000000000001000101111000100110000000000000000
19794,24688,24.073723,0B4,8,0000000000000000000000000000000001011100000010100011001001010100
32896,24692,24.077042,1C4,8,0000111111101110000110110000000000000000000000000000000011100101
9102,24694,24.078443,260,8,0000000000000000000000000000000000000000000000000010111110011001
38601,16449,24.078883,0BA,5,1110000000100101101110000000000000110010
3997,24696,24.082063,25,8,0000111111111110000000000000000101100000000000110000000010011110
24204,24698,24.082724,0AA,8,0010010011100110001001001110001000100100110101000010010011001001
38602,24662,24.086373,0BA,5,1100011000000000000000000000000010111110
16441,24700,24.087346,3F9,8,0111010100011000000000100000001010000000000000000000000000010101
3998,24702,24.092044,25,8,0000111111111110000000000000000101100000000000110000000010011110
24205,24703,24.09272,0AA,8,0010010011101000001001001110000100100100110100000010010011001000
29439,24704,24.092964,24,8,0000001000000000000000100000111101000010000000001000000000000001
19795,24705,24.093702,0B4,8,0000000000000000000000000000000001100000000010100011001001011000
38603,8235,24.093862,0BA,5,0010100100000000000000000000011100101011
32897,24709,24.097017,1C4,8,0000111111110101000110110000000000000000000000000000000011101100
17390,24711,24.097701,226,8,0000000000000000000100000000000000000000000000000000000000000000
9103,24712,24.098346,260,8,0000000000000000000000000000000000000000000000000010111110011001
804,24713,24.098696,320,8,0000000000100000000000000000000000000000000000000000000001001011
12091,24715,24.101013,2C1,8,0000000000000010010000000000001000100011110000000001000000000010
38604,16466,24.101352,0BA,5,0100111100000000000000000000000000101110
15081,24717,24.102995,1C6,8,0000000000000000000000000000001000101111000100110000000000000000
3999,24718,24.103238,25,8,0000111111111110000000000000000101100000000000110000000010011110
24206,24720,24.103673,0AA,8,0010010011101010001001001110100100100100110011100010010011001000
43719,24922,24.104371,3BB,5,0111000000000000001000001010001100000000
38605,16471,24.108841,0BA,5,1110000000100101101110000000000000110010
4000,24724,24.112045,25,8,0000111111111110000000000000000101100000000000110000000010011110
24207,24725,24.11266,0AA,8,0010010011101100001001001110111000100100110110000010010011001000
29440,24726,24.112903,24,8,0000001000000000000000100000111101000010000000011000000000000010
19796,24727,24.113671,0B4,8,0000000000000000000000000000000001100000000010100011001001011000
38606,24690,24.116331,0BA,5,1100011000000000000000000000000010111110
32898,24730,24.116994,1C4,8,0000111111110111000110110000000000000000000000000000000011101110
9104,24732,24.118318,260,8,0000000000000000000000000000000000000000000000000010111110011001
14097,24733,24.121541,442,8,0100001100000010000000000000000000000010000000000000000000000000
28040,24735,24.122018,6C0,8,1110010000000000000000001110000010000000000000000000000000000000
4001,24736,24.12226,25,8,0000111111111110000000000000000101100000000000100000000010011101
24208,24737,24.122673,0AA,8,0010010011100110001001001110011100100100110100100010010011001011
38607,8249,24.12382,0BA,5,0010100100000000000000000000010000101000
17391,24740,24.125664,226,8,0000000000000000000100000000000000000000000000000000000000000000
12092,24741,24.13096,2C1,8,0000000000000010001111000000001000100000110000000001000011111011
38608,16485,24.13131,0BA,5,0100111100000000000000000000000000101110
4002,24743,24.132062,25,8,0000111111111110000000000000000101100000000000100000000010011101
24209,24745,24.132632,0AA,8,0010010011101011001001001110100000100100110100100010010011001111
29441,24746,24.132875,24,8,0000001000000000000000100000111101000010000000011000000000000010
15082,24747,24.133117,1C6,8,0000000000000000000000000000001000101111000100110000000000000000
19797,24748,24.133647,0B4,8,0000000000000000000000000000000001100100000010100011100001100010
32899,24751,24.136967,1C4,8,0000111111111110000110110000000000000000000000000000000011110101
9105,24753,24.138242,260,8,0000000000000000000000000000000000000000000000000010111110011001
38609,16491,24.138799,0BA,5,1110000000100101101110000000000000110010
4003,24756,24.14198,25,8,0000111111111110000000000000000101100000000000100000000010011101
24210,24757,24.142652,0AA,8,0010010011101000001001001110011000100100110011100010010011001110
805,24758,24.143642,320,8,0000000000100000000000000000000000000000000000000000000001001011
38610,24721,24.146289,0BA,5,1100011000000000000000000000000010111110
35149,3039,24.14804,3D3,3,011011000000001000000000
4004,24762,24.151967,25,8,0000111111111110000000000000000101110000000000100000000010101101
43530,24021,24.152476,423,2,1000100000000
24211,24763,24.15264,0AA,8,0010010011101101001001001111100000100100110100010010010011001101
29442,24764,24.152885,24,8,0000001000000000000000100000110101000010000000011000000000000000
19798,24765,24.153623,0B4,8,0000000000000000000000000000000001101000000010100011100001100110
38611,8256,24.153778,0BA,5,0010100100000000000000000000011100101011
32900,24769,24.156946,1C4,8,0001000000000000000110110000000000000000000000000000000011111000
17392,24771,24.157621,226,8,0000000000000000000100000000000000000000000000000000000000000000
34860,24772,24.157845,3C3,8,0100011000011110100100110100111011101110010110010000001110001000
9106,24773,24.158144,260,8,0000000000000000000000000000000000000000000000000011101010100100
12093,24775,24.161057,2C1,8,0000000000000010001110010000001000100000110000000001000011111000
38612,16508,24.161268,0BA,5,0100111100000000000000000000000000101110
4005,24777,24.161955,25,8,0000111111111110000000000000000101110000000000100000000010101101
24212,24778,24.162621,0AA,8,0010010011101111001001001110110100100100110100100010010011010100
15083,24779,24.162923,1C6,8,0000000000000000000000000000001000101110000100110000000000000000
38613,16512,24.168758,0BA,5,1110000000100101101110000000000000110010
4006,24784,24.171965,25,8,0000111111111110000000000000000101110000000000100000000010101101
24213,24785,24.172584,0AA,8,0010010011101100001001001111000100100100110011010010010011010111
29443,24786,24.17283,24,8,0000001000000000000000100000110101000010000000011000000000000000
19799,24787,24.173596,0B4,8,0000000000000000000000000000000001101000000010100011110101101011
38614,24750,24.176247,0BA,5,1100011000000000000000000000000010111110
32901,24789,24.176921,1C4,8,0001000000000101000110110000000000000000000000000000000011111101
9107,24791,24.178032,260,8,0000000000000000000000000000000000000000000000000011101010100100
4007,24794,24.181927,25,8,0000111111111110000000000000000101110000000000100000000010101101
24214,24795,24.182595,0AA,8,0010010011100111001001001110101000100100110011100010010011100001
38615,8271,24.183737,0BA,5,0010100100000000000000000000010000101000
17393,24798,24.185593,226,8,0000000000000000000100000000000000000000000000000000000000000000
12094,24801,24.190884,2C1,8,0000000000000010001100110000001000100011110000000001000011110101
38616,16530,24.191226,0BA,5,0100111100000000000000000000000000101110
4008,24803,24.191911,25,8,0000111111111111000000000000000110010000000000100000000011001110
24215,24804,24.192585,0AA,8,0010010011101111001001001110111000100100110101000010010011010100
29444,24805,24.192826,24,8,0000001000000000000000100001000101000010000000001000000000000011
15084,24806,24.193069,1C6,8,0000000000000000000000000000001000101011000101000000000000000000
19800,24807,24.19357,0B4,8,0000000000000000000000000000000001101100000010100011110101101111
806,24810,24.19657,320,8,0000000000100000000000000000000000000000000000000000000001001011
32902,24811,24.196895,1C4,8,0001000000001010000110110000000000000000000000000000000000000010
9108,24814,24.19795,260,8,0000000000000000000000000000000000000000000000000011101010100100
38617,16533,24.198716,0BA,5,1110000000100101101110000000000000110010
4009,24816,24.201902,25,8,0000111111111111000000000000000110010000000000100000000011001110
7677,24817,24.202404,611,8,0010000100000000000000000001000000000000000000000011110101101100
24216,24818,24.202632,0AA,8,0010010011110001001001001111010000100100110110100010010011010111
38618,24781,24.206205,0BA,5,1100011000000000000000000000000010111110
4010,24822,24.211915,25,8,0000111111111111000000000000000110010000000000100000000011001110
24217,24824,24.212531,0AA,8,0010010011110001001001001111001100100100110100110010010011010111
29445,24825,24.212772,24,8,0000001000000000000000100001000101000010000000001000000000000011
19801,24826,24.213542,0B4,8,0000000000000000000000000000000001110000000010100100001101111001
38619,8278,24.213695,0BA,5,0010100100000000000000000000011100101011
32903,24831,24.216874,1C4,8,0001000000001011000110110000000000000000000000000000000000000011
17394,24833,24.217544,226,8,0000000000000000000100000000000000000000000000000000000000000000
9109,24834,24.217926,260,8,0000000000000000000000000000000000000000000000000011101010100100
12095,24835,24.220933,2C1,8,0000000000000010001100000000001000100000110000000001000011101111
38620,16547,24.221184,0BA,5,0100111100000000000000000000000000101110
21672,24837,24.221709,443,8,0100110100000010000000000010111100000110000000000000000000000000
4011,24838,24.221951,25,8,0000111111111111000000000000000110100000000000100000000011011110
24218,24839,24.222546,0AA,8,0010010011110001001001001111000100100100110011110010010011011100
15085,24840,24.222848,1C6,8,0000000000000000000000000000001000101000000100110000000000000000
38621,16551,24.228674,0BA,5,1110000000100101101110000000000000110010
4012,24845,24.231861,25,8,0000111111111111000000000000000110100000000000100000000011011110
24219,24846,24.232533,0AA,8,0010010011101110001001001111000100100100110101110010010011011110
29446,24847,24.232774,24,8,0000001000000000000000100001000101000010000000011000000000000100
19802,24848,24.233526,0B4,8,0000000000000000000000000000000001110100000010100100001101111101
38622,24809,24.236163,0BA,5,1100011000000000000000000000000010111110
32904,24850,24.236851,1C4,8,0001000000001110000110110000000000000000000000000000000000000110
9110,24852,24.237907,260,8,0000000000000000000000000000000000000000000000000011101010100100
4013,24854,24.241853,25,8,0000111111111111000000000000000110100000000000100000000011011110
24220,24855,24.24252,0AA,8,0010010011110011001001001111000100100100110111000010010011011001
38623,8287,24.243653,0BA,5,0010100100000000000000000000010000101000
17395,24858,24.245512,226,8,0000000000000000000100000000000000000000000000000000000000000000
807,24859,24.246509,320,8,0000000000100000000000000000000000000000000000000000000001001011
12096,24861,24.250811,2C1,8,0000000000000010001011000000001000010110110000000001000011100001
38624,16567,24.251143,0BA,5,0100111100000000000000000000000000101110
4014,24863,24.251836,25,8,0000111111111111000000000000000110100000000000100000000011011110
24221,24864,24.25251,0AA,8,0010010011101111001001001111010100100100110110110010010011011100
29447,24865,24.25276,24,8,0000001000000000000000100001000101000010000000111000000000000110
15086,24866,24.252998,1C6,8,0000000000000000000000000000001000100101000100110000000000000000
19803,24867,24.253497,0B4,8,0000000000000000000000000000000001110100000010100100001101111101
32905,24871,24.256827,1C4,8,0001000000001110000110110000000000000000000000000000000000000110
34958,24873,24.257491,4C3,8,0000001100000000000000000000000100000000000000000000000000000000
9111,24874,24.257837,260,8,0000000000000000000000000000000000000000000000000011101010100100
13396,24875,24.257987,394,3,0
38625,16571,24.258632,0BA,5,1110000000100101101110000000000000110010
4015,24877,24.261826,25,8,0000111111111111000000000000000110110000000000100000000011101110
24222,24878,24.262497,0AA,8,0010010011110010001001001111011100100100110110110010010011011100
38626,24842,24.266122,0BA,5,1100011000000000000000000000000010111110
4016,24882,24.271812,25,8,0000111111111111000000000000000110110000000000100000000011101110
24223,24883,24.272482,0AA,8,0010010011110010001001001111100100100100110110110010010011100011
29448,24884,24.272723,24,8,0000001000000000000000100001000101000010000001011000000000001000
19804,24885,24.27347,0B4,8,0000000000000000000000000000000001111000000010100100001110000001
38627,8298,24.273611,0BA,5,0010100100000000000000000000011100101011
32906,24890,24.276814,1C4,8,0001000000001111000110110000000000000000000000000000000000000111
17396,24892,24.277469,226,8,0000000000000000000100000000000000000000000000000000000000000000
9112,24893,24.277817,260,8,0000000000000000000000000000000000000000000000000100011110110001
12097,24895,24.28094,2C1,8,0000000000000010001010010000001000001100110000000001000011010100
38628,16591,24.281101,0BA,5,0100111100000000000000000000000000101110
4017,24897,24.281807,25,8,0000111111111111000000000000000110110000000000100000000011101110
24224,24898,24.28247,0AA,8,0010010011111100001001001111110100100100111000110010010011101000
15087,24900,24.282884,1C6,8,0000000000000000000000000000001000100101000100110000000000000000
141,24902,24.284461,3B7,8,1000
38629,16596,24.28859,0BA,5,1110000000100101101110000000000000110010
4018,24904,24.291812,25,8,0000111111111111000000000000000110110000000000100000000011101110
24225,24905,24.292431,0AA,8,0010010011111001001001001111110000100100111000110010010011100001
29449,24906,24.292677,24,8,0000001000000000000000100001000101000010000000111000000000000110
19805,24907,24.293444,0B4,8,0000000000000000000000000000000001111100000010100100100110001011
808,24909,24.295449,320,8,0000000000100000000000000000000000000000000000000000000001001011
38630,24869,24.29608,0BA,5,1100011000000000000000000000000010111110
32907,24911,24.296775,1C4,8,0001000000010001000110110000000000000000000000000000000000001001
13854,24913,24.297594,4C6,8,0000011100000000000000110000000000000000000000000000000000000000
9113,24914,24.297841,260,8,0000000000000000000000000000000000000000000000000100011110110001
31266,24915,24.301235,4A6,8,0000000000000000000000000000000000000000000011100000000000000000
11044,24916,24.301502,620,8,0001000000000000000000000000000000000000000000000000000000000000
4019,24918,24.302804,25,8,0000111111111111000000000000000111000000000000100000000011111110
24226,24919,24.303424,0AA,8,0010010011111110001001001111110100100100110111110010010011100111
38631,8313,24.303569,0BA,5,0010100100000000000000000000010000101000
17397,24923,24.306457,226,8,0000000000000000000100000000000000000000000000000000000000000000
12098,24925,24.310739,2C1,8,0000000000000010001001100000001000001001110000000001000011001110
38632,16611,24.311059,0BA,5,0100111100000000000000000000000000101110
4020,24927,24.311763,25,8,0000111111111111000000000000000111000000000000100000000011111110
24227,24929,24.312435,0AA,8,0010010011111100001001001111110100100100111000100010010011100100
29450,24930,24.31268,24,8,0000001000000000000000100001000101000010000000111000000000000110
15088,24931,24.312921,1C6,8,0000000000000000000000000000001000100101000100110000000000000000
19806,24932,24.313417,0B4,8,0000000000000000000000000000000010000000000010100100100110001111
32908,24935,24.316746,1C4,8,0001000000010001000110110000000000000000000000000000000000001001
9114,24937,24.317729,260,8,0000000000000000000000000000000000000000000000000100011110110001
38633,16615,24.318548,0BA,5,1110000000100101101110000000000000110010
4021,24939,24.321753,25,8,0000111111111111000000000000000111010000000000100000000000001110
24228,24940,24.322419,0AA,8,0010010100000001001001001111100100100100111011000010010011100001
38634,24901,24.326038,0BA,5,1100011000000000000000000000000010111110
31451,24941,24.326341,44D,8,0100001000000010000000000000000000000001000000000000000000000000
7822,24943,24.331173,610,8,0010000000000000000110100110010011000000000000001000010001000000
4022,24945,24.331761,25,8,0000111111111111000000000000000111010000000000100000000000001110
24229,24946,24.332383,0AA,8,0010010100000001001001001111110000100100111010100010010011100001
29451,24947,24.332631,24,8,0000001000000000000000100000111101000010000000111000000000000100
19807,24948,24.333391,0B4,8,0000000000000000000000000000000010000000000010100100111010010100
38635,8318,24.333528,0BA,5,0010100100000000000000000000011100101011
16442,24953,24.336586,3F9,8,0111010100011000000000100000001010000000000000000000000000010101
32909,24954,24.336818,1C4,8,0001000000010011000110110000000000000000000000000000000000001011
17398,24956,24.337392,226,8,0000000000000000000100000000000000000000000000000000000000000000
9115,24957,24.337649,260,8,0000000000000000000000000000000000000000000000000101001010111100
12099,24958,24.340717,2C1,8,0000000000000010001000110000001000000110110000000001000011001000
38636,16633,24.341017,0BA,5,0100111100000000000000000000000000101110
4023,24961,24.341727,25,8,0000111111111111000000000000000111010000000000100000000000001110
24230,24962,24.342398,0AA,8,0010010011111111001001010000001000100100111000100010010011100000
15089,24964,24.343014,1C6,8,0000000000000000000000000000001000100101000100110000000000000000
809,24966,24.344382,320,8,0000000000100000000000000000000000000000000000000000000001001011
16305,24968,24.345949,4C1,8,0000000100000000000000010000000100000000000000000000000000000000
38637,16637,24.348507,0BA,5,1110000000100101101110000000000000110010
4024,24970,24.351745,25,8,0000111111111111000000000000000111100000000000110000000000011111
24231,24971,24.352355,0AA,8,0010010100000001001001010000001000100100111011010010010011100101
29452,24972,24.352599,24,8,0000001000000000000000100000111101000010000000011000000000000010
19808,24973,24.353366,0B4,8,0000000000000000000000000000000010000100000010100100111010011000
38638,24934,24.355996,0BA,5,1100011000000000000000000000000010111110
32910,24976,24.356714,1C4,8,0001000000010101000110110000000000000000000000000000000000001101
9116,24978,24.357645,260,8,0000000000000000000000000000000000000000000000000100011110110001
4025,24981,24.361801,25,8,0000111111111111000000000000000111100000000000110000000000011111
24232,24982,24.362369,0AA,8,0010010100000001001001010000001100100100111001110010010011100011
38639,8332,24.363486,0BA,5,0010100100000000000000000000010000101000
17399,24985,24.365358,226,8,0000000000000000000100000000000000000000000000000000000000000000
13916,24986,24.37022,622,8,0001001000000000000000000000000000000000000000000000000000000000
12100,24987,24.370668,2C1,8,0000000000000010001000000000001000001001110000000001000011001000
38640,16656,24.370975,0BA,5,0100111100000000000000000000000000101110
4026,24989,24.371716,25,8,0000111111111111000000000000000111100000000000110000000000011111
24233,24990,24.372328,0AA,8,0010010100000110001001010000001000100100111001110010010011100111
29453,24991,24.372571,24,8,0000001000000000000000100000111101000010000000001000000000000001
15090,24992,24.372811,1C6,8,0000000000000000000000000000001000100011000100110000000000000000
19809,24993,24.373343,0B4,8,0000000000000000000000000000000010001000000010100101010010100010
32911,24996,24.376681,1C4,8,0001000000010111000110110000000000000000000000000000000000001111
9117,24998,24.377499,260,8,0000000000000000000000000000000000000000000000000100011110110001
38641,16659,24.378465,0BA,5,1110000000100101101110000000000000110010
4027,25001,24.381678,25,8,0000111111111111000000000000000111110000000000110000000000101111
24234,25002,24.382345,0AA,8,0010010100000010001001001111111000100100111001000010010011100111
38642,24965,24.385954,0BA,5,1100011000000000000000000000000010111110
4028,25004,24.391663,25,8,0000111111111111000000000000000111110000000000110000000000101111
24235,25005,24.392332,0AA,8,0010010100000010001001010000000100100100111001100010010011100110
29454,25006,24.392576,24,8,0000001000000000000000100000110101000010000000001000000011111111
19810,25007,24.393317,0B4,8,0000000000000000000000000000000010001100000010100101010010100110
38643,8342,24.393444,0BA,5,0010100100000000000000000000011100101011
32912,25012,24.396659,1C4,8,0001000000011100000110110000000000000000000000000000000000010100
17400,25014,24.397316,226,8,0000000000000000000100000000000000000000000000000000000000000000
9118,25015,24.397561,260,8,0000000000000000000000000000000000000000000000000011101010100100
810,25017,24.398313,320,8,0000000000100000000000000000000000000000000000000000000001001011
12101,25018,24.400639,2C1,8,0000000000000010000111000000001000010110110000000001000011010001
38644,16672,24.400933,0BA,5,0100111100000000000000000000000000101110
4029,25020,24.401653,25,8,0000111111111111000000000000000111110000000000110000000000101111
43720,828,24.401956,3BB,5,1011101100000000000000000000000000100110
24236,25021,24.40232,0AA,8,0010010100000001001001010000010000100100111011010010010011110000
15091,25023,24.402737,1C6,8,0000000000000000000000000000001000100000000100110000000000000000
35150,24799,24.407697,3D3,3,111001010000001100011001
38645,16677,24.408423,0BA,5,1110000000100101101110000000000000110010
31654,25029,24.411501,389,8,0000000000100000000000000000000000000000000000000000000000000000
4030,25030,24.411743,25,8,0000111111111111000000000000000111110000000000110000000000101111
24237,25031,24.412278,0AA,8,0010010100000101001001010000100000100100111001110010010011101101
29455,25032,24.412517,24,8,0000001000000001000000100000110101000010000000111000000000000011
19811,25033,24.413287,0B4,8,0000000000000000000000000000000010001100000010100101010010100110
38646,24995,24.415912,0BA,5,1100011000000000000000000000000010111110
32913,25035,24.41666,1C4,8,0001000000011110000110110000000000000000000000000000000000010110
9119,25037,24.417307,260,8,0000000000000000000000000000000000000000000000000011101010100100
28041,25038,24.421109,6C0,8,1110010000000000000000001110000010000000000000000000000000000000
4031,25040,24.421695,25,8,0000111111111111000000000000000100000000000000110000000000111111
24238,25041,24.422293,0AA,8,0010010100000010001001010000011000100100111001110010010011101111
38647,8352,24.423402,0BA,5,0010100100000000000000000000010000101000
17401,25044,24.425282,226,8,0000000000000000000100000000000000000000000000000000000000000000
12102,25046,24.430591,2C1,8,0000000000000010000111000000001000001100110000000001000011000111
38648,16694,24.430892,0BA,5,0100111100000000000000000000000000101110
4032,25048,24.431637,25,8,0000111111111111000000000000000100000000000000110000000000111111
24239,25049,24.432296,0AA,8,0010010100000111001001010000010100100100111011100010010011101101
29456,25050,24.432499,24,8,0000001000000000000000100000111101000010000000011000000000000010
15092,25051,24.432739,1C6,8,0000000000000000000000000000001000011101000100110000000000000000
14098,25052,24.432992,442,8,0100001100000010000000000000000000000010000000000000000000000000
19812,25053,24.433263,0B4,8,0000000000000000000000000000000010010000000010100101010010101010
13661,25057,24.435923,4B7,8,1110001001011111001000001111000000001000111010100000000100001000
32914,25059,24.4366,1C4,8,0001000000100100000110110000000000000000000000000000000000011100
9120,25061,24.437253,260,8,0000000000000000000000000000000000000000000000000100011110110001
38649,16698,24.438381,0BA,5,1110000000100101110001000000000000111110
4033,25063,24.441597,25,8,0000111111111111000000000000000100000000000000110000000000111111
24240,25064,24.442269,0AA,8,0010010100000101001001010000000100100100111010100010010011101100
811,25066,24.443282,320,8,0000000000100000000000000000000000000000000000000000000001001011
38650,25024,24.445871,0BA,5,1100011000000000000000000000000010111110
4034,25068,24.451586,25,8,0000111111111111000000000000000100000000000000110000000000111111
24241,25069,24.452259,0AA,8,0010010100000111001001010000100000100100111001110010010011101111
29457,25070,24.452503,24,8,0000001000000001000000100000111101000010000000011000000000000011
19813,25071,24.453237,0B4,8,0000000000000000000000000000000010010100000010100101010010101110
38651,8364,24.45336,0BA,5,0010100100000000000000000000011100101011
32915,25075,24.456577,1C4,8,0001000000101010000110110000000000000000000000000000000000100010
9121,25077,24.457201,260,8,0000000000000000000000000000000000000000000000000100011110110001
17402,25078,24.457449,226,8,0000000000000000000100000000000000000000000000000000000000000000
12103,25081,24.460566,2C1,8,0000000000000010000110010000001000010000110000000001000011001000
38652,16715,24.46085,0BA,5,0100111100000000000000000000000000101110
4035,25083,24.461573,25,8,0000111111111111000000000000000100010000000000110000000001001111
24242,25084,24.462241,0AA,8,0010010100000010001001010000110000100100111001110010010011101110
15093,25086,24.462656,1C6,8,0000000000000000000000000000001000011010000100110000000000000000
38653,16718,24.468339,0BA,5,1110000000100101101110000000000000110010
285,25091,24.471422,38F,8,0000000100000000000000000000000000000000000000000000000000000000
4036,25092,24.471665,25,8,0000111111111111000000000000000100010000000000110000000001001111
24243,25093,24.472199,0AA,8,0010010100001000001001010000100000100100111011110010010011110110
29458,25094,24.472441,24,8,0000001000000001000000100000111101000010000000111000000000000101
19814,25095,24.473214,0B4,8,0000000000000000000000000000000010011000000010100101100110110111
38654,25055,24.475829,0BA,5,1100011000000000000000000000000010111110
32916,25098,24.476552,1C4,8,0001000000101100000110110000000000000000000000000000000000100100
9122,25100,24.477183,260,8,0000000000000000000000000000000000000000000000000100011110110001
4037,25102,24.481546,25,8,0000111111111111000000000000000100010000000000110000000001001111
24244,25103,24.482216,0AA,8,0010010100000011001001010000001000100100111101100010010011110010
38655,8375,24.483318,0BA,5,0010100100000000000000000000010000101000
17403,25106,24.485207,226,8,0000000000000000000100000000000000000000000000000000000000000000
43531,1661,24.487928,423,2,11100000000
12104,25107,24.490521,2C1,8,0000000000000010000110010000001000001100110000000001000011000100
38656,16729,24.490808,0BA,5,0100111100000000000000000000000000101110
4038,25109,24.49156,25,8,0000111111111111000000000000000100010000000000110000000001001111
29459,25111,24.492363,24,8,0000001000000000000000100001000101000010000000111000000000000110
24245,25112,24.492592,0AA,8,0010010100000111001001010000100000100100111011000010010011110010
15094,25113,24.492834,1C6,8,0000000000000000000000000000001000010111000101000000000000000000
19815,25114,24.493188,0B4,8,0000000000000000000000000000000010011000000010100101100110110111
812,25117,24.496189,320,8,0000000000100000000000000000000000000000000000000000000001001011
32917,25118,24.496537,1C4,8,0001000000110001000110110000000000000000000000000000000000101001
9123,25120,24.497151,260,8,0000000000000000000000000000000000000000000000000011101010100100
38657,16734,24.498297,0BA,5,1110000000100101110001000000000000111110
34718,25121,24.50104,380,8,0
4039,25124,24.501666,25,8,0000111111111111000000000000000100010000000000110000000001001111
24246,25125,24.502191,0AA,8,0010010100001010001001010000110100100100111100000010010011111001
38658,25088,24.505787,0BA,5,1100011000000000000000000000000010111110
4040,25129,24.511506,25,8,0000111111111111000000000000000100010000000000100000000001001110
24247,25130,24.512178,0AA,8,0010010100001101001001010001011000100100111101000010010011111000
29460,25131,24.512424,24,8,0000001000000000000000100000111101000010000000111000000000000100
19816,25132,24.51316,0B4,8,0000000000000000000000000000000010011100000010100101100110111011
38659,8380,24.513277,0BA,5,0010100100000000000000000000011100101011
32918,25136,24.516504,1C4,8,0001000000110011000110110000000000000000000000000000000000101011
9124,25138,24.517118,260,8,0000000000000000000000000000000000000000000000000011101010100100
17404,25139,24.517365,226,8,0000000000000000000100000000000000000000000000000000000000000000
12105,25140,24.520563,2C1,8,0000000000000010000101100000001000100000110000000001000011010101
38660,16752,24.520766,0BA,5,0100111100000000000000000000000000101110
4041,25142,24.521497,25,8,0000111111111111000000000000000100010000000000100000000001001110
24248,25144,24.522168,0AA,8,0010010100010000001001010000111000100100111110000010010011111101
15095,25145,24.522481,1C6,8,0000000000000000000000000000001000010100000100110000000000000000
38661,16755,24.528256,0BA,5,1110000000100101110001000000000000111110
21673,25150,24.531361,443,8,0100110100000010000000000010111100000110000000000000000000000000
4042,25151,24.531583,25,8,0000111111111111000000000000000100010000000000100000000001001110
24249,25152,24.532122,0AA,8,0010010100010000001001010000110100100100111101010010010011111001
29461,25153,24.532366,24,8,0000001000000000000000100001000101000010000000011000000000000100
19817,25154,24.533132,0B4,8,0000000000000000000000000000000010100000000010100101111111000101
38662,25116,24.535745,0BA,5,1100011000000000000000000000000010111110
32919,25157,24.53648,1C4,8,0001000000111000000110110000000000000000000000000000000000110000
9125,25159,24.537047,260,8,0000000000000000000000000000000000000000000000000011101010100100
4043,25162,24.541489,25,8,0000111111111111000000000000000100010000000000100000000001001110
24250,25163,24.542137,0AA,8,0010010100010010001001010000110000100100111101110010010011111010
38663,8394,24.543235,0BA,5,0010100100000000000000000000010000101000
17405,25166,24.545127,226,8,0000000000000000000100000000000000000000000000000000000000000000
813,25167,24.546124,320,8,0000000000100000000000000000000000000000000000000000000001001011
12106,25168,24.550515,2C1,8,0000000000000010000100000000001000100110110000000001000011010101
38664,16774,24.550724,0BA,5,0100111100000000000000000000000000101110
4044,25170,24.551469,25,8,0000111111111111000000000000000100010000000000100000000001001110
24251,25171,24.552128,0AA,8,0010010100010110001001010001001100100101000000100010010011111100
29462,25172,24.552372,24,8,0000001000000000000000100000111101000010000000001000000000000001
15096,25173,24.552612,1C6,8,0000000000000000000000000000001000010001000100110000000000000000
19818,25174,24.55311,0B4,8,0000000000000000000000000000000010100100000010100101111111001001
32920,25178,24.556452,1C4,8,0001000000111011000110110000000000000000000000000000000000110011
9126,25180,24.557012,260,8,0000000000000000000000000000000000000000000000000011101010100100
13397,25181,24.557165,394,3,0
38665,16779,24.558214,0BA,5,1110000000100101101111000000000000110110
4045,25184,24.561446,25,8,0000111111111111000000000000000100010000000000100000000001001110
24252,25185,24.562115,0AA,8,0010010100011010001001010001001000100101000000010010010011110011
38666,25146,24.565703,0BA,5,1100011000000000000000000000000010111110
35327,424,24.567342,386,7,01001110000000000000000000000000000000000000000010110001
34777,25186,24.570941,4DF,8,0010000000000000000000000000000100000000000000000000000000000000
4046,25188,24.571551,25,8,0000111111111111000000000000000100010000000000100000000001001110
24253,25189,24.572073,0AA,8,0010010100011011001001010001011000100100111111110010010011111010
29463,25190,24.572316,24,8,0000001000000000000000100000111101000010000000011000000000000010
19819,25191,24.573083,0B4,8,0000000000000000000000000000000010100100000010100101111111001001
38667,8401,24.573193,0BA,5,0010100100000000000000000000011100101011
32921,25196,24.576434,1C4,8,0001000000111110000110110000000000000000000000000000000000110110
9127,25198,24.577009,260,8,0000000000000000000000000000000000000000000000000011101010100100
17406,25199,24.577255,226,8,0000000000000000000100000000000000000000000000000000000000000000
12107,25200,24.580425,2C1,8,0000000000000010000100000000001000010000110000000001000010111111
38668,16793,24.580682,0BA,5,0100111100000000000000000000000000101110
15097,25203,24.582408,1C6,8,0000000000000000000000000000001000010001000101000000000000000000
4047,25204,24.582654,25,8,0000111111111111000000000000000100010000000000100000000001001110
24254,25205,24.58306,0AA,8,0010010100011101001001010001101000100101000000010010010011110101
142,25207,24.585078,3B7,8,1000
16443,25208,24.586496,3F9,8,0111010100011000000000100000001010000000000000000000000000010101
38669,16797,24.588172,0BA,5,1110000000100101110110000000000001010010
4048,25212,24.591517,25,8,0000111111111111000000000000000100010000000000100000000001001110
24255,25213,24.592075,0AA,8,0010010100010101001001010001011000100101000001010010010011111100
29464,25214,24.59232,24,8,0000001000000000000000100000111101000010000000011000000000000010
19820,25215,24.593056,0B4,8,0000000000000000000000000000000010101000000010100110010111010011
814,25217,24.595061,320,8,0000000000100000000000000000000000000000000000000000000001001011
38670,25176,24.595662,0BA,5,1100011000000000000000000000000010111110
14240,25218,24.596058,60.0,8,1010000100000000000000000000000000000000011100000000000000000000
32922,25219,24.596405,1C4,8,0001000001000001000110110000000000000000000000000000000000111001
9128,25221,24.596823,260,8,0000000000000000000000000000000000000000000000000011101010100100
11045,25223,24.600713,620,8,0001000000000000000000000000000000000000000000000000000000000000
4049,25225,24.60139,25,8,0000111111111111000000000000000100010000000000010000000001001101
24256,25226,24.602062,0AA,8,0010010100011110001001010001011100100101000000100010010011111100
38671,8413,24.603151,0BA,5,0010100100000000000000000000010000101000
17407,25229,24.605054,226,8,0000000000000000000100000000000000000000000000000000000000000000
13601,25231,24.60626,4DD,8,0001111000000000000000000000000000000000000000000000000000000000
12108,25233,24.610372,2C1,8,0000000000000010000011000000001000010011110000000001000010111110
38672,16815,24.610641,0BA,5,0100111100000000000000000000000000101110
4050,25235,24.611404,25,8,0000111111111111000000000000000100010000000000010000000001001101
24257,25236,24.612023,0AA,8,0010010100011001001001010001101000100100111111010010010011111000
29465,25237,24.612275,24,8,0000001000000000000000100000111101000010000000111000000000000100
15098,25238,24.612515,1C6,8,0000000000000000000000000000001000010001000100110000000000000000
19821,25239,24.61303,0B4,8,0000000000000000000000000000000010101100000010100110101011011100
7737,25242,24.616122,435,8,1000000000000101000001011111111111100000001111110000000000000011
32923,25243,24.616382,1C4,8,0001000001000101000110110000000000000000000000000000000000111101
9129,25245,24.616787,260,8,0000000000000000000000000000000000000000000000000011101010100100
38673,16819,24.61813,0BA,5,1110000000100101111000000000000001011010
4051,25247,24.621375,25,8,0000111111111111000000000000000100010000000000010000000001001101
24258,25248,24.622038,0AA,8,0010010100011100001001010010010100100101000000010010010011111111
10927,25250,24.623274,436,8,0
38674,25206,24.62562,0BA,5,1100011000000000000000000000000010111110
4052,25252,24.631349,25,8,0000111111111111000000000000000100100000000000010000000001011101
24259,25253,24.632026,0AA,8,0010010100011011001001010001110000100101000000000010010100000011
29466,25254,24.632271,24,8,0000001000000000000000100000110101000010000000111000000000000010
19822,25255,24.633008,0B4,8,0000000000000000000000000000000010110000000010100110101011100000
38675,8422,24.633109,0BA,5,0010100100000000000000000000011100101011
31452,25258,24.63545,44D,8,0100001000000010000000000000000000000001000000000000000000000000
32924,25260,24.636353,1C4,8,0001000001000111000110110000000000000000000000000000000000111111
9130,25262,24.636759,260,8,0000000000000000000000000000000000000000000000000011101010100100
17408,25263,24.637006,226,8,0000000000000000000100000000000000000000000000000000000000000000
12109,25265,24.64035,2C1,8,0000000000000010000011000000001000000110110000000001000010110001
38676,16836,24.640599,0BA,5,0100111100000000000000000000000000101110
4053,25267,24.641341,25,8,0000111111111111000000000000000100100000000000010000000001011101
24260,25269,24.642007,0AA,8,0010010100011011001001010001100100100101000000010010010100001000
15099,25270,24.642331,1C6,8,0000000000000000000000000000001000010001000100110000000000000000
815,25272,24.643996,320,8,0000000000100000000000000000000000000000000000000000000001001011
38677,16839,24.648088,0BA,5,1110000000100101110101000000000001001110
13793,25274,24.651186,434,8,0100001000000000000000000000000000000000000000000000000000000000
4054,25275,24.651429,25,8,0000111111111111000000000000000100100000000000010000000001011101
24261,25276,24.651972,0AA,8,0010010100011001001001010001101000100100111111100010010100000111
29467,25277,24.652218,24,8,0000001000000000000000100000111101000010000000111000000000000100
19823,25278,24.652987,0B4,8,0000000000000000000000000000000010110000000010100110101011100000
38678,25241,24.655578,0BA,5,1100011000000000000000000000000010111110
32925,25283,24.656331,1C4,8,0001000001001010000110110000000000000000000000000000000001000010
9131,25285,24.656738,260,8,0000000000000000000000000000000000000000000000000100011110110001
34861,25286,24.65696,3C3,8,0100011000011110100100110100111011101110010110010000001110001000
28184,25287,24.658148,437,8,1111110011111111111111111111111111111111111111111111111111111111
4055,25289,24.662338,25,8,0000111111111111000000000000000100100000000000010000000001011101
24262,25290,24.662961,0AA,8,0010010100011100001001010001110000100100111111010010010100000001
38679,8433,24.663067,0BA,5,0010100100000000000000000000010000101000
17409,25294,24.665972,226,8,0000000000000000000100000000000000000000000000000000000000000000
35151,3107,24.667353,3D3,3,011011000000001000000000
12110,25295,24.670302,2C1,8,0000000000000010000010010000001000001100110000000001000010110100
38680,16854,24.670557,0BA,5,0100111100000000000000000000000000101110
4056,25297,24.671296,25,8,0000111111111111000000000000000100110000000000010000000001101101
24263,25298,24.671974,0AA,8,0010010100011011001001010001111100100101000001100010010100001000
29468,25299,24.672215,24,8,0000001000000001000000100000111101000010000000111000000000000101
15100,25301,24.672634,1C6,8,0000000000000000000000000000001000010001000100110000000000000000
19824,25302,24.672956,0B4,8,0000000000000000000000000000000010110100000010100110101011100100
32926,25305,24.676303,1C4,8,0001000001001010000110110000000000000000000000000000000001000010
9132,25307,24.676712,260,8,0000000000000000000000000000000000000000000000000100011110110001
38681,16859,24.678047,0BA,5,1110000000100101110111000000000001010110
4057,25309,24.681288,25,8,0000111111111111000000000000000100110000000000010000000001101101
24264,25310,24.681959,0AA,8,0010010100011100001001010001111000100100111111110010010100000010
38682,25271,24.685536,0BA,5,1100011000000000000000000000000010111110
4058,25314,24.691269,25,8,0000111111111111000000000000000100110000000000010000000001101101
11249,25315,24.691598,4C8,8,0000100100000000000000000000000000000000000000000000000000000000
24265,25316,24.691952,0AA,8,0010010100011010001001010001111000100100111111110010010100000110
29469,25317,24.692194,24,8,0000001000000000000000100001000101000010000000111000000000000110
19825,25318,24.692927,0B4,8,0000000000000000000000000000000010111000000010100111000011101110
38683,8440,24.693026,0BA,5,0010100100000000000000000000011100101011
32927,25322,24.696281,1C4,8,0001000001001101000110110000000000000000000000000000000001000101
9133,25324,24.69669,260,8,0000000000000000000000000000000000000000000000000100011110110001
17410,25325,24.696938,226,8,0000000000000000000100000000000000000000000000000000000000000000
816,25326,24.697924,320,8,0000000000100000000000000000000000000000000000000000000001001011
43721,1676,24.69954,3BB,5,1010010100000000000000000000000000000000
12111,25327,24.700512,2C1,8,0000000000000010000010010000001000001001110000000001000010110001
38684,16876,24.700515,0BA,5,0100111100000000000000000000000000101110
4059,25329,24.701264,25,8,0000111111111111000000000000000101000000000000010000000001111101
24266,25331,24.701933,0AA,8,0010010100011111001001010001111000100101000001100010010100000101
15101,25332,24.70226,1C6,8,0000000000000000000000000000001000010001000100110000000000000000
38685,16880,24.708005,0BA,5,1110000000100101111011000000000001100110
4060,25338,24.711276,25,8,0000111111111111000000000000000101000000000000010000000001111101
24267,25339,24.711897,0AA,8,0010010100011111001001010010000000100101000000100010010100000101
29470,25340,24.712142,24,8,0000001000000000000000100000111101000010000000011000000000000010
19826,25341,24.7129,0B4,8,0000000000000000000000000000000010111100000010100111000011110010
38686,25304,24.715494,0BA,5,1100011000000000000000000000000010111110
32928,25343,24.716264,1C4,8,0001000001010000000110110000000000000000000000000000000001001000
9134,25345,24.716672,260,8,0000000000000000000000000000000000000000000000000100011110110001
28042,25346,24.720214,6C0,8,1110010000000000000000001110000010000000000000000000000000000000
4061,25349,24.721237,25,8,0000111111111111000000000000000101000000000000010000000001111101
24268,25351,24.72191,0AA,8,0010010100011011001001010001111100100101000010000010010100010000
38687,8453,24.722984,0BA,5,0010100100000000000000000000010000101000
17411,25354,24.724897,226,8,0000000000000000000100000000000000000000000000000000000000000000
12112,25356,24.730268,2C1,8,0000000000000010000010010000001000000110110000000001000010101110
38688,16898,24.730473,0BA,5,0100111100000000000000000000000000101110
4062,25358,24.731219,25,8,0000111111111111000000000000000101010000000000010000000010001101
24269,25359,24.731897,0AA,8,0010010100011011001001010001111100100101000001000010010100000110
29471,25360,24.732138,24,8,0000001000000001000000100000111101000010000000111000000000000101
15102,25361,24.732378,1C6,8,0000000000000000000000000000001000010001000100110000000000000000
19827,25362,24.732881,0B4,8,0000000000000000000000000000000011000000000010100111000011110110
32929,25365,24.736238,1C4,8,0001000001010000000110110000000000000000000000000000000001001000
9135,25367,24.736644,260,8,0000000000000000000000000000000000000000000000000101111011001000
38689,16902,24.737963,0BA,5,1110000000100101111101000000000001101110
4063,25370,24.74121,25,8,0000111111111111000000000000000101100000000000010000000010011101
14099,25371,24.741452,442,8,0100001100000010000000000000000000000010000000000000000000000000
24270,25372,24.74188,0AA,8,0010010100011111001001010010010000100101000010000010010100001100
817,25373,24.74287,320,8,0000000000100000000000000000000000000000000000000000000001001011
38690,25333,24.745452,0BA,5,1100011000000000000000000000000010111110
4064,25375,24.75121,25,8,0000000000000000000000000000000110010000000001100000000011000100
24271,25376,24.751866,0AA,8,0010010100100110001001010010011000100101000011010010010100001100
29472,25377,24.752102,24,8,0000001000000001000000100001000101000010000000011000000000000101
19828,25378,24.752854,0B4,8,0000000000000000000000000000000011000000000010100111000011110110
38691,8463,24.752942,0BA,5,0010100100000000000000000000011100101011
32930,25383,24.756214,1C4,8,0001000001010000000110110000000000000000000000000000000001001000
9136,25385,24.756622,260,8,0000000000000000000000000000000000000000000000000101111011001000
17412,25386,24.75687,226,8,0000000000000000000100000000000000000000000000000000000000000000
12113,25388,24.760204,2C1,8,0000000000000010000001100000001000001001110000000001000010101110
38692,16916,24.760431,0BA,5,0100111100000000000000000000000000101110
13982,25390,24.761021,38E,8,0
4065,25391,24.761265,25,8,0000000000000000000000000000000110100000000001100000000011010100
24272,25393,24.761854,0AA,8,0010010100100111001001010010011100100101000011010010010100001000
15103,25394,24.762188,1C6,8,0000000000000000000000000000001000010000000100110000000000000000
38693,16920,24.767921,0BA,5,1110000000100101111100000000000001101010
4066,25398,24.771195,25,8,0000000000000000000000000000000111000000000001100000000011110100
24273,25399,24.771815,0AA,8,0010010100100110001001010010000100100101000011010010010100010010
29473,25400,24.772058,24,8,0000001000000001000000100000111101000010000000011000000000000011
19829,25401,24.772827,0B4,8,0000000000000000000000000000000011000100000010100111011000000000
38694,25364,24.775411,0BA,5,1100011000000000000000000000000010111110
32931,25403,24.776185,1C4,8,0001000001010010000110110000000000000000000000000000000001001010
9137,25405,24.776597,260,8,0000000000000000000000000000000000000000000000001000001011101100
4067,25407,24.781165,25,8,0000000000000000000000000000000111100000000100010000000000011111
24274,25408,24.78183,0AA,8,0010010100100111001001010010000000100101000010100010010100001001
38695,8471,24.7829,0BA,5,0010100100000000000000000000010000101000
17413,25412,24.78482,226,8,0000000000000000000100000000000000000000000000000000000000000000
12114,25414,24.79016,2C1,8,0000000000000010000000110000000111110110110000000000111110010110
38696,16937,24.79039,0BA,5,0100111100000000000000000000000000101110
4068,25416,24.791149,25,8,0000000000000000000000000000000100000000000100010000000000111111
24275,25417,24.791822,0AA,8,0010010100101100001001010010000000100101000101100010010100000011
29474,25418,24.792065,24,8,0000001000000001000000100000111101000010000000011000000000000011
15104,25419,24.79231,1C6,8,0000000000000000000000000000001000001101000100110000000000000000
19830,25420,24.792806,0B4,8,0000000000000000000000000000000011001000000010100111011000000100
818,25424,24.795803,320,8,0000000000100000000000000000000000000000000000000000000001001011
32932,25425,24.796157,1C4,8,0001000001010011000110110000000000000000000000000000000001001011
9138,25427,24.796565,260,8,0000000000000000000000000000000000000000000000000110101011010100
38697,16941,24.797879,0BA,5,1110000000100101111101000000000001101110
4069,25429,24.801132,25,8,0000000000000000000000000000000100110000000101110000000001110101
24276,25430,24.801803,0AA,8,0010010100101101001001010010011100100101000101100010010100001000
38698,25395,24.805369,0BA,5,1100011000000000000000000000000010111110
4070,25434,24.811118,25,8,0000000000000000000000000000000101010000000101110000000010010101
24277,25435,24.811796,0AA,8,0010010100101000001001010010110000100101000011110010010100001000
29475,25436,24.812038,24,8,0000001000000010000000100000110101000010000000111000000000000100
19831,25437,24.812779,0B4,8,0000000000000000000000000000000011001100000010100111011000001000
38699,8481,24.812858,0BA,5,0010100100000000000000000000011100101011
32933,25441,24.816136,1C4,8,0001000001010110000110110000000000000000000000000000000001001110
9139,25443,24.816548,260,8,0000000000000000000000000000000000000000000000000111011011100000
17414,25444,24.816796,226,8,0000000000000000000100000000000000000000000000000000000000000000
12115,25446,24.820138,2C1,8,0000000000000010000000000000000111110011110000000000111110010000
38700,16961,24.820348,0BA,5,0100111100000000000000000000000000101110
13727,25448,24.820947,3A5,8,100000000
4071,25449,24.821191,25,8,0000000000000001000000000000000110010000000110010000000011011000
24278,25451,24.821782,0AA,8,0010010100101000001001010010011000100101000101100010010100001110
15105,25452,24.822113,1C6,8,0000000000000000000000000000001000001010000100110000000000000000
43532,6391,24.823379,423,2,10101000001111
38701,16964,24.827837,0BA,5,1110000000100101111100000000000001101010
4072,25455,24.831154,25,8,0000000000000001000000000000000111000000000110010000000000001000
7823,25456,24.831393,610,8,0010000000000000000110110110010011000000000000001000010001000000
24279,25457,24.831743,0AA,8,0010010100101101001001010010010100100101000101110010010100000111
29476,25458,24.831999,24,8,0000001000000001000000100000111101000010000000111000000000000101
19832,25459,24.832755,0B4,8,0000000000000000000000000000000011001100000010100111101100001101
38702,25422,24.835327,0BA,5,1100011000000000000000000000000010111110
32934,25462,24.836111,1C4,8,0001000001010111000110110000000000000000000000000000000001001111
9140,25464,24.836522,260,8,0000000000000000000000000000000000000000000000001000001011101100
16444,25465,24.83676,3F9,8,0111010100011000000000100000001010000000000000000000000000010101
21674,25466,24.840839,443,8,0100110100000010000000000010111100000110000000000000000000000000
4073,25468,24.842144,25,8,0000000000000001000000000000000111110000000111110000000000111110
24280,25469,24.842727,0AA,8,0010010100101100001001010010100000100101000100010010010100001100
38703,8492,24.842816,0BA,5,0010100100000000000000000000010000101000
31335,25470,24.843276,640,8,1010100000000000000000000011011100000001110111100000000000000000
17415,25473,24.845745,226,8,0000000000000000000100000000000000000000000000000000000000000000
819,25474,24.84674,320,8,0000000000100000000000000000000000000000000000000000000001001011
12116,25476,24.850088,2C1,8,0000000000000001111111000000001000000000110000000000111110011001
38704,16977,24.850306,0BA,5,0100111100000000000000000000000000101110
35021,25478,24.850907,413,8,0000000100000001000000010000100100000000000000000000000000000000
4074,25479,24.85115,25,8,0000000000000001000000000000000100100000000111110000000001101110
24281,25480,24.851742,0AA,8,0010010100101100001001010011000000100101000100100010010100010001
29477,25481,24.851985,24,8,0000001000000001000000100000111101000010000000111000000000000101
15106,25483,24.852408,1C6,8,0000000000000000000000000000001000000111000100110000000000000000
19833,25484,24.852725,0B4,8,0000000000000000000000000000000011010000000010100111101100010001
32935,25488,24.856093,1C4,8,0001000001011000000110110000000000000000000000000000000001010000
9141,25490,24.856505,260,8,0000000000000000000000000000000000000000000000000111011011100000
13398,25491,24.856664,394,3,0
38705,16981,24.857796,0BA,5,1110000000100101111001000000000001011110
4075,25494,24.861058,25,8,0000000000000001000000000000000101010000000110110000000010011010
24282,25495,24.861732,0AA,8,0010010100101100001001010010101100100101000010110010010100010100
38706,25453,24.865285,0BA,5,1100011000000000000000000000000010111110
4076,25498,24.871048,25,8,0000000000000010000000000000000110010000000111110000000011011111
24283,25499,24.871722,0AA,8,0010010100101010001001010010100000100101000100000010010100011011
29478,25500,24.871965,24,8,0000001000000010000000100000110101000010000001011000000000000110
19834,25501,24.872702,0B4,8,0000000000000000000000000000000011010100000010100111101100010101
38707,8498,24.872775,0BA,5,0010100100000000000000000000011100101011
9142,25505,24.875935,260,8,0000000000000000000000000000000000000000000000001000001011101100
32936,25506,24.876178,1C4,8,0001000001011010000110110000000000000000000000000000000001010010
17416,25508,24.876705,226,8,0000000000000000000100000000000000000000000000000000000000000000
12117,25509,24.880068,2C1,8,0000000000000001111111000000000111110000110000000000111110001000
38708,16998,24.880264,0BA,5,0100111100000000000000000000000000101110
4077,25512,24.881189,25,8,0000000000000010000000000000000111000000000111110000000000001111
24284,25513,24.881714,0AA,8,0010010100101000001001010010100000100101000011010010010100010101
15107,25514,24.882046,1C6,8,0000000000000000000000000000001000000111000100110000000000000000
143,25516,24.883699,3B7,8,1000
38709,17003,24.887754,0BA,5,1110000000100101111101000000000001101110
4078,25519,24.891081,25,8,0000000000000010000000000000000111110000000111010000000000111101
24285,25520,24.891667,0AA,8,0010010100101011001001010010110100100101000011010010010100010010
29479,25521,24.891911,24,8,0000001000000010000000100000110101000010000001011000000000000110
19835,25522,24.892676,0B4,8,0000000000000000000000000000000011011000000010100111101100011001
820,25524,24.894683,320,8,0000000000100000000000000000000000000000000000000000000001001011
38710,25486,24.895243,0BA,5,1100011000000000000000000000000010111110
9143,25525,24.895882,260,8,0000000000000000000000000000000000000000000000001000001011101100
32937,25526,24.896202,1C4,8,0001000001011110000110110000000000000000000000000000000001010110
11046,25528,24.900192,620,8,0001000000000000000000000000000000000000000000000000000000000000
4079,25530,24.90104,25,8,0000000000000010000000000000000100100000000111010000000001101101
24286,25532,24.901678,0AA,8,0010010100110001001001010010111100100101000101010010010100010110
38711,8515,24.902733,0BA,5,0010100100000000000000000000010000101000
17417,25535,24.904672,226,8,0000000000000000000100000000000000000000000000000000000000000000
12118,25537,24.910018,2C1,8,0000000000000001111110010000000111110011110000000000111110001000
38712,17019,24.910222,0BA,5,0100111100000000000000000000000000101110
4080,25539,24.91105,25,8,0000000000000010000000000000000101000000000111010000000010001101
24287,25540,24.911638,0AA,8,0010010100101100001001010010101100100101000011100010010100010010
29480,25541,24.911883,24,8,0000001000000010000000100000111101000010000001011000000000001000
15108,25542,24.912126,1C6,8,0000000000000000000000000000001000000111000100110000000000000000
19836,25543,24.912653,0B4,8,0000000000000000000000000000000011011000000010100111101100011001
9144,25547,24.915803,260,8,0000000000000000000000000000000000000000000000001001100100000011
32938,25548,24.916045,1C4,8,0001000001011111000110110000000000000000000000000000000001010111
38713,17022,24.917712,0BA,5,1110000000100101111011000000000001100110
4081,25552,24.921017,25,8,0000000000000010000000000000000101100000000111010000000010101101
24288,25553,24.921657,0AA,8,0010010100101000001001010010010100100101000100000010010100010111
38714,25515,24.925201,0BA,5,1100011000000000000000000000000010111110
35152,25336,24.927009,3D3,3,111001010000001100011100
4082,25556,24.930997,25,8,0000000000000011000000000000000110100000000101010000000011100110
24289,25557,24.931645,0AA,8,0010010100100110001001010010100000100101000011100010010100010110
29481,25558,24.9319,24,8,0000001000000010000000100000111101000010000001011000000000001000
19837,25559,24.932637,0B4,8,0000000000000000000000000000000011011100000010101000000100100011
38715,8521,24.932691,0BA,5,0010100100000000000000000000011100101011
9145,25565,24.935919,260,8,0000000000000000000000000000000000000000000000001000001011101100
32939,25566,24.936158,1C4,8,0001000001100010000110110000000000000000000000000000000001011010
17418,25568,24.93663,226,8,0000000000000000000100000000000000000000000000000000000000000000
27823,25569,24.937622,420,8,0000000000000000000000000000000011111111000000001000000010101011
12119,25570,24.939994,2C1,8,0000000000000001111101100000000111101001110000000000111101111011
38716,17035,24.940181,0BA,5,0100111100000000000000000000000000101110
15109,25573,24.941973,1C6,8,0000000000000000000000000000001000000111000100110000000000000000
4083,25574,24.942216,25,8,0000000000000011000000000000000110110000000101010000000011110110
24290,25575,24.942603,0AA,8,0010010100110001001001010010110000100101000100110010010100011010
31453,25577,24.944546,44D,8,0100001000000010000000000000000000000001000000000000000000000000
821,25578,24.94479,320,8,0000000000100000000000000000000000000000000000000000000001001011
38717,17040,24.94767,0BA,5,1110000000100101111101000000000001101110
4084,25581,24.951003,25,8,0000000000000011000000000000000111000000000101000000000000000101
24291,25582,24.95159,0AA,8,0010010100101100001001010011001000100101000110100010010100011000
29482,25583,24.951832,24,8,0000001000000011000000100000110101000010000001101000000000001000
19838,25584,24.952606,0B4,8,0000000000000000000000000000000011100000000010101000000100100111
38718,25546,24.95516,0BA,5,1100011000000000000000000000000010111110
7617,25587,24.955377,3BC,8,0
9146,25588,24.955721,260,8,0000000000000000000000000000000000000000000000001000111011111000
32940,25589,24.95597,1C4,8,0001000001100011000110110000000000000000000000000000000001011011
4085,25593,24.96097,25,8,0000000000000011000000000000000111100000000100000000000000100001
24292,25594,24.961605,0AA,8,0010010100101111001001010010110100100101000101000010010100010100
38719,8530,24.962649,0BA,5,0010100100000000000000000000010000101000
17419,25597,24.964598,226,8,0000000000000000000100000000000000000000000000000000000000000000
43423,146,24.966857,3000000.0,6,110000010000101111001010000000010000000000000000
12120,25599,24.969944,2C1,8,0000000000000001111101100000000111100011110000000000111101110101
38720,17058,24.970139,0BA,5,0100111100000000000000000000000000101110
4086,25601,24.970982,25,8,0000000000000011000000000000000111100000000100000000000000100001
24293,25602,24.971567,0AA,8,0010010100101101001001010011000000100101000111000010010100011011
29483,25603,24.971809,24,8,0000001000000011000000100000111101000010000010001000000000001100
15110,25604,24.972052,1C6,8,0000000000000000000000000000001000000111000100110000000000000000
19839,25605,24.972581,0B4,8,0000000000000000000000000000000011100100000010101000000100101011
9147,25608,24.975663,260,8,0000000000000000000000000000000000000000000000001001100100000011
32941,25609,24.975952,1C4,8,0001000001100011000110110000000000000000000000000000000001011011
38721,17062,24.977628,0BA,5,1110000000100101111101000000000001101110
27884,25612,24.980457,4DC,8,0001110100000000000000000000000000000000000000000000000000000000
4087,25614,24.981066,25,8,0000000000000011000000000000000111110000000100000000000000110001
24294,25615,24.98158,0AA,8,0010010100110101001001010010111100100101000110100010010100011100
31594,25617,24.984419,633,8,1000000100000000000000000000000000000000000000000000000000000000
38722,25576,24.985118,0BA,5,1100011000000000000000000000000010111110
4088,25619,24.990938,25,8,0000000000000011000000000000000111110000000011100000000000101111
24295,25620,24.991573,0AA,8,0010010100111010001001010011001100100101000111000010010100100000
29484,25621,24.991814,24,8,0000001000000011000000100000111101000010000010001000000000001100
19840,25622,24.992557,0B4,8,0000000000000000000000000000000011100100000010101000000100101011
38723,8540,24.992607,0BA,5,0010100100000000000000000000011100101011
9148,25627,24.995747,260,8,0000000000000000000000000000000000000000000000000111011011100000
32942,25628,24.996,1C4,8,0001000001100100000110110000000000000000000000000000000001011100
17420,25630,24.996557,226,8,0000000000000000000100000000000000000000000000000000000000000000
43722,25951,24.997125,3BB,5,0111000000000000001000001010001100000000
822,25631,24.997551,320,8,0000000000100000000000000000000000000000000000000000000001001011
12121,25633,24.99992,2C1,8,0000000000000001111100110000000111011100110000000000111101101011
38724,17082,25.000097,0BA,5,0100111100000000000000000000000000101110
1548,25634,25.000666,6F3,8,0010000000000000000000000000000000000000000000000000000000000000
15111,25637,25.001907,1C6,8,0000000000000000000000000000001000000111000100110000000000000000
4089,25638,25.00215,25,8,0000000000000011000000000000000111110000000010110000000000101100
24296,25639,25.00253,0AA,8,0010010100110101001001010011001100100101001000010010010100100001
38725,17085,25.007586,0BA,5,1110000000100101110001000000000000111110
4090,25643,25.010931,25,8,0000000000000011000000000000000111110000000010010000000000101010
24297,25644,25.011516,0AA,8,0010010100111101001001010010111100100101001000010010010100011001
29485,25645,25.011762,24,8,0000001000000011000000100000111101000010000001101000000000001010
19841,25646,25.012534,0B4,8,0000000000000000000000000000000011101000000010101000000100101111
38726,25607,25.015076,0BA,5,1100011000000000000000000000000010111110
13541,25648,25.015211,399,8,0000000000000000000000000000000000000000111111110000000000000000
9149,25649,25.015641,260,8,0000000000000000000000000000000000000000000000000101111011001000
32943,25651,25.01606,1C4,8,0001000001100110000110110000000000000000000000000000000001011110
11189,25653,25.016851,39A,8,0000000000000000000000000000000100000000000000000000000000000000
28043,25654,25.019359,6C0,8,1110010000000000000000001110000010000000000000000000000000000000
4091,25656,25.020892,25,8,0000000000000011000000000000000111110000000001110000000000101000
24298,25657,25.021535,0AA,8,0010010101000000001001010010110100100101001011010010010100011101
38727,8551,25.022566,0BA,5,0010100100000000000000000000010000101000
17421,25660,25.024527,226,8,0000000000000000000100000000000000000000000000000000000000000000
12122,25661,25.029879,2C1,8,0000000000000001111100000000000111100011110000000000111101101111
38728,17099,25.030055,0BA,5,0100111100000000000000000000000000101110
4092,25664,25.030924,25,8,0000000000000011000000000000000111110000000001100000000000100111
24299,25665,25.031494,0AA,8,0010010101000001001001010011000000100101001010010010010100010110
29486,25666,25.031737,24,8,0000001000000011000000100000110101000010000001011000000000000111
15112,25667,25.031982,1C6,8,0000000000000000000000000000001000000111000100110000000000000000
19842,25669,25.032501,0B4,8,0000000000000000000000000000000011101100000010101000011000111000
9150,25672,25.035599,260,8,0000000000000000000000000000000000000000000000000100011110110001
25,25673,25.035848,3B1,8,0000000000000000000000100000101000000000000010000000000000000000
32944,25674,25.036087,1C4,8,0001000001101001000110110000000000000000000000000000000001100001
38729,17103,25.037545,0BA,5,1110000000100101101110000000000000110010
4093,25677,25.040874,25,8,0000000000000011000000000000000111100000000001010000000000010110
24300,25678,25.041506,0AA,8,0010010100111011001001010011101000100101001001010010010100010110
823,25680,25.042546,320,8,0000000000100000000000000000000000000000000000000000000001001011
38730,25640,25.045034,0BA,5,1100011000000000000000000000000010111110
14100,25682,25.049921,442,8,0100001100000010000000000000000000000010000000000000000000000000
4094,25684,25.050857,25,8,0000000000000011000000000000000111100000000001010000000000010110
24301,25685,25.051495,0AA,8,0010010100110111001001010011011000100101001011010010010100010111
29487,25686,25.051738,24,8,0000001000000011000000100000110001000010000010001000000000001001
19843,25687,25.052484,0B4,8,0000000000000000000000000000000011110000000010101000011000111100
38731,8558,25.052524,0BA,5,0010100100000000000000000000011100101011
9151,25692,25.05567,260,8,0000000000000000000000000000000000000000111111111111010001011101
32945,25693,25.055909,1C4,8,0001000001101010000110110000000000000000000000000000000001100010
17422,25695,25.056483,226,8,0000000000000000000100000000000000000000000000000000000000000000
12123,25697,25.05985,2C1,8,0000000000000001111100000000000111100000110000000001000001101101
38732,17122,25.060013,0BA,5,0100111100000000000000000000000000101110
4095,25701,25.061004,25,8,0000000000000011000000000000000111100000000001000000000000010101
24302,25702,25.061491,0AA,8,0010010100111111001001010011100100100101001010000010010100011100
15113,25703,25.061833,1C6,8,0000000000000000000000000000001000000111000100110000000000000000
38733,17125,25.067503,0BA,5,1110000000100101100100000000000000001010
4096,25707,25.070862,25,8,0000000000000011000000000000000111100000000001000000000000010101
24303,25708,25.071449,0AA,8,0010010100111111001001010011100000100101001010000010010100011111
29488,25709,25.071692,24,8,0000001000000100000000100000110001000010000010001000000000001010
19844,25710,25.072464,0B4,8,0000000000000000000000000000000011110000000010101000011000111100
38734,25671,25.074992,0BA,5,1100011000000000000000000000000010111110
9152,25712,25.075503,260,8,0000000000000000000000000000000000000000111111111101110001000101
32946,25713,25.07583,1C4,8,0001000001101110000110110000000000000000000000000000000001100110
4097,25716,25.080824,25,8,0000000000000011000000000000000111100000000001000000000000010101
24304,25718,25.081463,0AA,8,0010010101000000001001010011111000100101001001010010010100011110
38735,8573,25.082482,0BA,5,0010100100000000000000000000010000101000
17423,25721,25.08445,226,8,0000000000000000000100000000000000000000000000000000000000000000
16445,25722,25.085955,3F9,8,0111010100011000000000100000001010000000000000000000000000010101
12124,25723,25.0898,2C1,8,0000000000000001111011000000000111010000110000000001000001011001
38736,17144,25.089971,0BA,5,0100111100000000000000000000000000101110
4098,25726,25.090816,25,8,0000000000000011000000000000000111100000000000110000000000010100
24305,25727,25.091446,0AA,8,0010010101000011001001010011101100100101001000010010010100011101
29489,25728,25.091689,24,8,0000001000000011000000100000110101000010000010001000000000001010
15114,25729,25.091935,1C6,8,0000000000000000000000000000001000000111000100110000000000000000
19845,25730,25.09243,0B4,8,0000000000000000000000000000000011110100000010101000110001000110
9153,25733,25.095387,260,8,0000000000000000000000000000000000000000111111111101000000111001
824,25734,25.095633,320,8,0000000000100000000000000000000000000000000000000000000001001011
32947,25735,25.095871,1C4,8,0001000001110011000110110000000000000000000000000000000001101011
38737,17147,25.097461,0BA,5,1110000000100101011110000000000011110010
4099,25739,25.100803,25,8,0000000000000011000000000000000111100000000000110000000000010100
31267,25740,25.101047,4A6,8,0000000000000000000000000000000000000000000011100000000000000000
24306,25741,25.101436,0AA,8,0010010100111101001001010011101100100101001011010010010100100111
38738,25704,25.104951,0BA,5,1100011000000000000000000000000010111110
4100,25745,25.110811,25,8,0000000000000011000000000000000111100000000000110000000000010100
24307,25746,25.111394,0AA,8,0010010100111011001001010011101100100101001001010010010100100101
29490,25747,25.111633,24,8,0000001000000011000000100000110001000010000010001000000000001001
19846,25748,25.112405,0B4,8,0000000000000000000000000000000011111000000010101000110001001010
38739,8579,25.11244,0BA,5,0010100100000000000000000000011100101011
9154,25752,25.115364,260,8,0000000000000000000000000000000000000000111111111101000000111001
32948,25754,25.115789,1C4,8,0001000001110110000110110000000000000000000000000000000001101110
17424,25756,25.116408,226,8,0000000000000000000100000000000000000000000000000000000000000000
12125,25758,25.119861,2C1,8,0000000000000001111011000000000111001100110000000001000001010101
38740,17160,25.11993,0BA,5,0100111100000000000000000000000000101110
13297,25761,25.120643,30000000.0,7,0
4101,25762,25.12089,25,8,0000000000000011000000000000000111100000000000110000000000010100
24308,25763,25.12141,0AA,8,0010010100111101001001010011100100100101001001010010010100100111
15115,25764,25.121762,1C6,8,0000000000000000000000000000001000000111000100110000000000000000
38741,17164,25.127419,0BA,5,1110000000100101010110000000000011010010
4102,25768,25.130892,25,8,0000000000000011000000000000000111100000000000100000000000010011
24309,25769,25.13137,0AA,8,0010010101000011001001010011110000100101001010010010010100100000
29491,25770,25.131614,24,8,0000001000000011000000100000110001000010000001101000000000000111
19847,25771,25.132385,0B4,8,0000000000000000000000000000000011111100000010101000110001001110
38742,25732,25.134909,0BA,5,1100011000000000000000000000000010111110
9155,25773,25.135331,260,8,0000000000000000000000000000000000000000111111111101000000111001
32949,25774,25.13576,1C4,8,0001000001111100000110110000000000000000000000000000000001110100
4103,25777,25.141775,25,8,0000000000000011000000000000000111100000000000100000000000010011
24310,25778,25.142364,0AA,8,0010010100111110001001010011101000100101001001110010010100100000
38743,8591,25.142398,0BA,5,0010100100000000000000000000010000101000
17425,25781,25.145375,226,8,0000000000000000000100000000000000000000000000000000000000000000
825,25782,25.146369,320,8,0000000000100000000000000000000000000000000000000000000001001011
12126,25784,25.149729,2C1,8,0000000000000001111011000000000111011001110000000001000001100010
38744,17180,25.149888,0BA,5,0100111100000000000000000000000000101110
21675,25786,25.150529,443,8,0100110100000010000000000010111100000110000000000000000000000000
4104,25787,25.150778,25,8,0000000000000011000000000000000111100000000000100000000000010011
27948,25788,25.151031,300000000.0,8,0
24311,25789,25.15137,0AA,8,0010010100111010001001010011100100100101001001110010010100100101
29492,25790,25.151613,24,8,0000001000000011000000100000110001000010000010001000000000001001
15116,25791,25.151857,1C6,8,0000000000000000000000000000001000000111000100110000000000000000
19848,25792,25.152357,0B4,8,0000000000000000000000000000000000000000000010101000110001010010
9156,25795,25.155116,260,8,0000000000000000000000000000000000000000111111111101000000111001
13399,25797,25.155482,394,3,0
32950,25798,25.155737,1C4,8,0001000010000000000110110000000000000000000000000000000001111000
34862,25800,25.156398,3C3,8,0100011000011110100100110100111011101110010110010000001110001000
38745,17183,25.157377,0BA,5,1110000000100101001110000000000010110010
43533,25056,25.15883,423,2,1000100000000
4105,25802,25.160723,25,8,0000000000000011000000000000000111100000000000100000000000010011
24312,25803,25.161364,0AA,8,0010010100111100001001010011101100100101001001010010010100100100
38746,25765,25.164867,0BA,5,1100011000000000000000000000000010111110
35328,8247,25.166545,386,7,10100100000000000000000000000000000000000000000010000000
4106,25806,25.170737,25,8,0000000000000011000000000000000111100000000000100000000000010011
24313,25808,25.171395,0AA,8,0010010101000001001001010011111100100101001010110010010100100011
29493,25809,25.171637,24,8,0000001000000011000000100000110101000010000001101000000000001000
19849,25810,25.172332,0B4,8,0000000000000000000000000000000000000000000010101000110001010010
38747,8601,25.172356,0BA,5,0010100100000000000000000000011100101011
9157,25813,25.175075,260,8,0000000000000000000000000000000000000000111111111100010100101110
32951,25815,25.175864,1C4,8,0001000010000001000110110000000000000000000000000000000001111001
17426,25817,25.176332,226,8,0000000000000000000100000000000000000000000000000000000000000000
12127,25819,25.179703,2C1,8,0000000000000001111010010000000111011100110000000001000001100010
38748,17202,25.179846,0BA,5,0100111100000000000000000000000000101110
27928,25822,25.180586,3000000000.0,8,0
4107,25823,25.180837,25,8,0000000000000011000000000000000111100000000000100000000000010011
24314,25824,25.181331,0AA,8,0010010101000001001001010011110000100101001100010010010100100011
15117,25825,25.181691,1C6,8,0000000000000000000000000000001000000111000100110000000000000000
144,25827,25.183329,3B7,8,1000
34959,25829,25.184321,4C3,8,0000001100000000000000000000000100000000000000000000000000000000
35153,3178,25.186666,3D3,3,011011000000001000000000
38749,17206,25.187335,0BA,5,1110000000100100111111000000000001110101
4108,25832,25.190712,25,8,0000000000000011000000000000000111100000000000100000000000010011
24315,25833,25.191295,0AA,8,0010010101000000001001010011110000100101001001110010010100100110
29494,25834,25.191535,24,8,0000001000000100000000100000110101000010000001101000000000001001
19850,25835,25.192308,0B4,8,0000000000000000000000000000000000000100000010101000110001010110
826,25837,25.194312,320,8,0000000000100000000000000000000000000000000000000000000001001011
38750,25794,25.194825,0BA,5,1100011000000000000000000000000010111110
9158,25838,25.195024,260,8,0000000000000000000000000000000000000000111111111100010100101110
32952,25839,25.19569,1C4,8,0001000010000110000110110000000000000000000000000000000001111110
7678,25842,25.199671,611,8,0010000100000000000000000001000000000000000000000011110101101100
4109,25844,25.200683,25,8,0000000000000011000000000000000111100000000000100000000000010011
24316,25845,25.201311,0AA,8,0010010101000001001001010100000100100101001011010010010100100111
38751,8614,25.202315,0BA,5,0010100100000000000000000000010000101000
17427,25848,25.204304,226,8,0000000000000000000100000000000000000000000000000000000000000000
12128,25850,25.209657,2C1,8,0000000000000001111010010000000111101001110000000001000001101111
38752,17220,25.209804,0BA,5,0100111100000000000000000000000000101110
4110,25852,25.210683,25,8,0000000000000011000000000000000111100000000000010000000000010010
24317,25853,25.21127,0AA,8,0010010101001001001001010100000100100101001100100010010100100111
29495,25854,25.211512,24,8,0000001000000011000000100000110101000010000001011000000000000111
15118,25855,25.211755,1C6,8,0000000000000000000000000000001000000111000100110000000000000000
11047,25856,25.212005,620,8,0001000000000000000000000000000000000000000000000000000000000000
19851,25858,25.212428,0B4,8,0000000000000000000000000000000000001000000010101001001001100000
9159,25861,25.215034,260,8,0000000000000000000000000000000000000000111111111100010100101110
32953,25862,25.215721,1C4,8,0001000010001001000110110000000000000000000000000000000010000001
38753,17225,25.217294,0BA,5,1110000000100100111010000000000001100001
4111,25865,25.220647,25,8,0000000000000011000000000000000111100000000000010000000000010010
24318,25866,25.221287,0AA,8,0010010101001001001001010100001100100101001101010010010100101011
38754,25826,25.224783,0BA,5,1100011000000000000000000000000010111110
4112,25870,25.230647,25,8,0000000000000011000000000000000111100000000000010000000000010010
24319,25871,25.231273,0AA,8,0010010101001000001001010100001100100101001100100010010100100110
29496,25872,25.231515,24,8,0000001000000100000000100000110101000010000001011000000000001000
19852,25873,25.232261,0B4,8,0000000000000000000000000000000000001100000010101001001001100100
38755,8620,25.232273,0BA,5,0010100100000000000000000000011100101011
9160,25876,25.234978,260,8,0000000000000000000000000000000000000000000000000000101101110101
32954,25878,25.235643,1C4,8,0001000010001011000110110000000000000000000000000000000010000011
17428,25881,25.236257,226,8,0000000000000000000100000000000000000000000000000000000000000000
12129,25882,25.239633,2C1,8,0000000000000001111010010000000111100000110000000001000001100110
38756,17242,25.239762,0BA,5,0100111100000000000000000000000000101110
4113,25885,25.240623,25,8,0000000000000011000000000000000111100000000000010000000000010010
24320,25886,25.241259,0AA,8,0010010101001001001001010100000100100101001011000010010100100110
15119,25887,25.241622,1C6,8,0000000000000000000000000000001000000111000100110000000000000000
827,25889,25.243251,320,8,0000000000100000000000000000000000000000000000000000000001001011
38757,17246,25.247252,0BA,5,1110000000100100101110000000000000110001
4114,25893,25.250634,25,8,0000000000000011000000000000000111100000000000010000000000010010
24321,25894,25.251224,0AA,8,0010010101010000001001010100001100100101001111110010010100101101
29497,25895,25.251463,24,8,0000001000000100000000100000110101000010000000111000000000000110
19853,25896,25.25223,0B4,8,0000000000000000000000000000000000001100000010101001011101101001
31454,25898,25.253629,44D,8,0100001000000010000000000000000000000001000000000000000000000000
38758,25860,25.254741,0BA,5,1100011000000000000000000000000010111110
9161,25900,25.254904,260,8,0000000000000000000000000000000000000000000000000010001110001101
16306,25901,25.255152,4C1,8,0000000100000000000000010000000100000000000000000000000000000000
32955,25902,25.255621,1C4,8,0001000010001100000110110000000000000000000000000000000010000100
13855,25904,25.256149,4C6,8,0000011100000000000000110000000000000000000000000000000000000000
4115,25906,25.260599,25,8,0000000000000011000000000000000111100000000000010000000000010010
24322,25907,25.261231,0AA,8,0010010101010010001001010100100100100101001110110010010100100010
38759,8634,25.262231,0BA,5,0010100100000000000000000000010000101000
17429,25911,25.264229,226,8,0000000000000000000100000000000000000000000000000000000000000000
12130,25912,25.269589,2C1,8,0000000000000001111011000000000111110110110000000001000001111111
38760,17265,25.26972,0BA,5,0100111100000000000000000000000000101110
4116,25914,25.270583,25,8,0000000000000011000000000000000111100000000000010000000000010010
24323,25915,25.271225,0AA,8,0010010101001110001001010100100100100101001101000010010100100010
29498,25916,25.271464,24,8,0000001000000100000000100000110101000010000000111000000000000110
15120,25917,25.271708,1C6,8,0000000000000000000000000000001000000111000100110000000000000000
19854,25918,25.272208,0B4,8,0000000000000000000000000000000000010000000010101001011101101101
9162,25921,25.274932,260,8,0000000000000000000000000000000000000000000000000010111110011001
32956,25922,25.275589,1C4,8,0001000010001111000110110000000000000000000000000000000010000111
38761,17268,25.27721,0BA,5,1110000000100100101001000000000000011101
4117,25926,25.280572,25,8,0000000000000011000000000000000111100000000000010000000000010010
24324,25927,25.281212,0AA,8,0010010101001001001001010100010100100101001111000010010100100110
38762,25888,25.2847,0BA,5,1100011000000000000000000000000010111110
4118,25929,25.290556,25,8,0000000000000011000000000000000111100000000000010000000000010010
24325,25930,25.291201,0AA,8,0010010101010011001001010100100000100101001110100010010100101000
29499,25931,25.291441,24,8,0000001000000100000000100000110101000010000000001000000000000011
19855,25932,25.292186,0B4,8,0000000000000000000000000000000000010100000010101001110101110111
38763,8643,25.292189,0BA,5,0010100100000000000000000000011100101011
43723,857,25.29471,3BB,5,1011101100000000000000000000000000100110
9163,25936,25.294889,260,8,0000000000000000000000000000000000000000000000000010111110011001
32957,25938,25.29557,1C4,8,0001000010010000000110110000000000000000000000000000000010001000
17430,25940,25.296187,226,8,0000000000000000000100000000000000000000000000000000000000000000
828,25941,25.29718,320,8,0000000000100000000000000000000000000000000000000000000001001011
12131,25942,25.299563,2C1,8,0000000000000001111010010000000111100110110000000001000001101100
38764,17281,25.299679,0BA,5,0100111100000000000000000000000000101110
4119,25946,25.300619,25,8,0000000000000011000000000000000111100000000000010000000000010010
24326,25947,25.301183,0AA,8,0010010101010011001001010100011100100101001101110010010100101100
15121,25948,25.30155,1C6,8,0000000000000000000000000000001000000111000100110000000000000000
38765,17287,25.307168,0BA,5,1110000000100100011110000000000011110001
4120,25954,25.310562,25,8,0000000000000011000000000000000111100000000000010000000000010010
24327,25955,25.311145,0AA,8,0010010101010000001001010100111000100101001011010010010100101100
29500,25956,25.311388,24,8,0000001000000100000000100000110101000010000000011000000000000100
19856,25957,25.312158,0B4,8,0000000000000000000000000000000000011000000010101001110101111011
38766,25920,25.314658,0BA,5,1100011000000000000000000000000010111110
9164,25960,25.314828,260,8,0000000000000000000000000000000000000000000000000010001110001101
32958,25961,25.315541,1C4,8,0001000010010011000110110000000000000000000000000000000010001011
4121,25964,25.320526,25,8,0000000000000011000000000000000111100000000000010000000000010010
24328,25965,25.32116,0AA,8,0010010101010010001001010100101000100101001011100010010100101101
38767,8653,25.322147,0BA,5,0010100100000000000000000000010000101000
28044,25968,25.323422,6C0,8,1110010000000000000000001110000010000000000000000000000000000000
17431,25969,25.324152,226,8,0000000000000000000100000000000000000000000000000000000000000000
12132,25971,25.329521,2C1,8,0000000000000001111001100000000111100000110000000000111101100010
38768,17307,25.329637,0BA,5,0100111100000000000000000000000000101110
4122,25973,25.330536,25,8,0000000000000011000000000000000111100000000000010000000000010010
24329,25974,25.331119,0AA,8,0010010101001111001001010100100100100101001111100010010100110010
29501,25975,25.331359,24,8,0000001000000100000000100000110101000010000000111000000000000110
15122,25976,25.331614,1C6,8,0000000000000000000000000000001000000111000100110000000000000000
7824,25977,25.331843,610,8,0010000000000000000110110110010011000000000000001000010001000000
19857,25978,25.332132,0B4,8,0000000000000000000000000000000000011000000010101001110101111011
9165,25981,25.334767,260,8,0000000000000000000000000000000000000000000000000010111110011001
16446,25982,25.335092,3F9,8,0111010100011000000000100000001010000000000000000000000000010101
32959,25983,25.335518,1C4,8,0001000010010101000110110000000000000000000000000000000010001101
38769,17311,25.337126,0BA,5,1110000000100100010010000000000011000001
4123,25986,25.340501,25,8,0000000000000011000000000000000111100000000000010000000000010010
24330,25987,25.341136,0AA,8,0010010101001010001001010100011000100101001100100010010100101100
829,25988,25.342161,320,8,0000000000100000000000000000000000000000000000000000000001001011
38770,25949,25.344616,0BA,5,1100011000000000000000000000000010111110
4124,25991,25.350483,25,8,0000000000000011000000000000000111100000000000010000000000010010
24331,25992,25.351124,0AA,8,0010010101010000001001010100100100100101001011100010010100101111
29502,25993,25.351367,24,8,0000001000000100000000100000110101000010000001101000000000001001
38771,8666,25.352105,0BA,5,0010100100000000000000000000011100101011
19858,25994,25.352113,0B4,8,0000000000000000000000000000000000011100000010101001110101111111
9166,25997,25.354701,260,8,0000000000000000000000000000000000000000000000000010111110011001
32960,25999,25.355492,1C4,8,0001000010010110000110110000000000000000000000000000000010001110
17432,26001,25.356109,226,8,0000000000000000000100000000000000000000000000000000000000000000
14101,26003,25.358392,442,8,0100001100000010000000000000000000000010000000000000000000000000
38772,17329,25.359595,0BA,5,0100111100000000000000000000000000101110
12133,26005,25.359647,2C1,8,0000000000000001111010010000000111111100110000000000111110000001
4125,26008,25.360472,25,8,0000000000000011000000000000000111100000000000010000000000010010
24332,26009,25.361111,0AA,8,0010010101001110001001010100110000100101001100110010010100110000
15123,26010,25.361476,1C6,8,0000000000000000000000000000001000000110000100110000000000000000
38773,17332,25.367085,0BA,5,1110000000100100001101000000000010101101
13917,26014,25.370383,622,8,0001001000000000000000000000000000000000000000000000000000000000
4126,26015,25.370629,25,8,0000000000000011000000000000000111100000000000010000000000010010
24333,26016,25.371069,0AA,8,0010010101001011001001010100100100100101001100110010010100110000
29503,26017,25.371312,24,8,0000001000000011000000100000110001000010000001101000000000000111
19859,26018,25.372085,0B4,8,0000000000000000000000000000000000100000000010101001110110000011
9167,26020,25.374499,260,8,0000000000000000000000000000000000000000000000000010111110011001
38774,25980,25.374574,0BA,5,1100011000000000000000000000000010111110
32961,26021,25.37547,1C4,8,0001000010010111000110110000000000000000000000000000000010001111
4127,26026,25.380451,25,8,0000000000000011000000000000000111100000000000010000000000010010
24334,26027,25.381091,0AA,8,0010010101000110001001010100100000100101001100100010010100110001
38775,8677,25.382064,0BA,5,0010100100000000000000000000010000101000
17433,26030,25.384079,226,8,0000000000000000000100000000000000000000000000000000000000000000
12134,26031,25.389448,2C1,8,0000000000000001111000000000000111100110110000000000111101100010
38776,17344,25.389553,0BA,5,0100111100000000000000000000000000101110
4128,26033,25.390463,25,8,0000000000000011000000000000000111100000000000010000000000010010
24335,26034,25.391047,0AA,8,0010010101001011001001010100100100100101001011010010010100110000
29504,26035,25.391289,24,8,0000001000000011000000100000111101000010000001011000000000001001
15124,26036,25.391533,1C6,8,0000000000000000000000000000001000000011000100110000000000000000
19860,26037,25.39206,0B4,8,0000000000000000000000000000000000100100000010101001110110000111
9168,26041,25.394615,260,8,0000000000000000000000000000000000000000000000000010001110001101
830,26042,25.395064,320,8,0000000000100000000000000000000000000000000000000000000001001011
32962,26043,25.395444,1C4,8,0001000010011001000110110000000000000000000000000000000010010001
38777,17348,25.397043,0BA,5,1110000000100100000011000000000010000101
4129,26046,25.400424,25,8,0000000000000011000000000000000111100000000000010000000000010010
24336,26047,25.401065,0AA,8,0010010101001110001001010100101100100101001101100010010100110111
38778,26011,25.404532,0BA,5,1100011000000000000000000000000010111110
31655,26051,25.410242,389,8,0000000000100000000000000000000000000000000000000000000000000000
4130,26052,25.410486,25,8,0000000000000011000000000000000111100000000000010000000000010010
24337,26053,25.411021,0AA,8,0010010101001111001001010100110100100101001110010010010100110011
29505,26054,25.411264,24,8,0000001000000011000000100000111101000010000000111000000000000111
38779,8682,25.412022,0BA,5,0010100100000000000000000000011100101011
19861,26055,25.412032,0B4,8,0000000000000000000000000000000000101000000010101001110110001011
9169,26058,25.414375,260,8,0000000000000000000000000000000000000000000000000010001110001101
32963,26060,25.415426,1C4,8,0001000010011001000110110000000000000000000000000000000010010001
17434,26062,25.416039,226,8,0000000000000000000100000000000000000000000000000000000000000000
12135,26063,25.419427,2C1,8,0000000000000001111000000000000111100110110000000000111101100010
38780,17366,25.419511,0BA,5,0100111100000000000000000000000000101110
4131,26066,25.420401,25,8,0000000000000011000000000000000111100000000000010000000000010010
24338,26067,25.421038,0AA,8,0010010101001011001001010100111000100101001101010010010100110111
15125,26068,25.421523,1C6,8,0000000000000000000000000000001000000000000100110000000000000000
38781,17370,25.427001,0BA,5,1110000000100011111100000000000001101000
4132,26073,25.430412,25,8,0000000000000011000000000000000111100000000000010000000000010010
24339,26074,25.431002,0AA,8,0010010101010000001001010101010100100101001110000010010100111011
29506,26075,25.431247,24,8,0000001000000011000000100001000101000010000001011000000000001011
19862,26076,25.432021,0B4,8,0000000000000000000000000000000000101000000010101001110110001011
9170,26078,25.434333,260,8,0000000000000000000000000000000000000000000000000010001110001101
38782,26040,25.43449,0BA,5,1100011000000000000000000000000010111110
13662,26079,25.435144,4B7,8,1110001001011111001000001111000000001000111010100000000100001000
32964,26081,25.435498,1C4,8,0001000010011001000110110000000000000000000000000000000010010001
4133,26084,25.440375,25,8,0000000000000011000000000000000111100000000000010000000000010010
24340,26085,25.441015,0AA,8,0010010101011001001001010101010000100101010000000010010100111011
38783,8696,25.44198,0BA,5,0010100100000000000000000000010000101000
17435,26091,25.444008,226,8,0000000000000000000100000000000000000000000000000000000000000000
831,26092,25.445003,320,8,0000000000100000000000000000000000000000000000000000000001001011
35154,25867,25.446322,3D3,3,111001010000001011111101
12136,26093,25.449377,2C1,8,0000000000000001111000000000000111010011110000000000111101001111
38784,17388,25.44947,0BA,5,0100111100000000000000000000000000101110
4134,26095,25.450359,25,8,0000000000000011000000000000000111100000000000010000000000010010
24341,26096,25.451002,0AA,8,0010010101011100001001010101001100100101010000010010010100111011
29507,26097,25.45124,24,8,0000001000000011000000100001000101000010000000111000000000001001
15126,26098,25.451484,1C6,8,0000000000000000000000000000000111111101000100110000000000000000
19863,26099,25.451983,0B4,8,0000000000000000000000000000000000101100000010101010001110010101
9171,26102,25.454325,260,8,0000000000000000000000000000000000000000000000000001011110000001
13400,26103,25.454486,394,3,0
21676,26105,25.45519,443,8,0100110100000010000000000010111100000110000000000000000000000000
32965,26106,25.455429,1C4,8,0001000010011010000110110000000000000000000000000000000010010010
38785,17392,25.456959,0BA,5,1110000000100011110011000000000001000100
4135,26110,25.460366,25,8,0000000000000011000000000000000111100000000000000000000000010001
24342,26111,25.460994,0AA,8,0010010101011010001001010101000000100101010000000010010100111010
38786,26069,25.464449,0BA,5,1100011000000000000000000000000010111110
286,26113,25.470139,38F,8,0000000100000000000000000000000000000000000000000000000000000000
4136,26114,25.470388,25,8,0000000000000011000000000000000111100000000000000000000000010001
24343,26115,25.470977,0AA,8,0010010101011110001001010101001000100101001111000010010100111011
29508,26116,25.471215,24,8,0000001000000011000000100001000101000010000000111000000000001001
38787,8706,25.471938,0BA,5,0010100100000000000000000000011100101011
19864,26117,25.47196,0B4,8,0000000000000000000000000000000000110000000010101010001110011001
9172,26121,25.474317,260,8,0000000000000000000000000000000000000000000000000000000001101010
32966,26123,25.475357,1C4,8,0001000010011011000110110000000000000000000000000000000010010011
17436,26125,25.475962,226,8,0000000000000000000100000000000000000000000000000000000000000000
12137,26126,25.479352,2C1,8,0000000000000001110111000000000111010011110000000000111101001011
38788,17407,25.479428,0BA,5,0100111100000000000000000000000000101110
4137,26129,25.480331,25,8,0000000000000011000000000000000111100000000000000000000000010001
24344,26130,25.480963,0AA,8,0010010101011111001001010101001000100101010011010010010101000011
15127,26131,25.481334,1C6,8,0000000000000000000000000000000111111010000100110000000000000000
145,26133,25.482956,3B7,8,1000
38789,17413,25.486917,0BA,5,1110000000100011101101000000000000101100
4138,26135,25.490313,25,8,0000000000000011000000000000000111100000000000000000000000010001
24345,26137,25.490951,0AA,8,0010010101011101001001010101100100100101010001100010010100110011
29509,26138,25.491192,24,8,0000001000000011000000100000110101000010000000111000000000000101
19865,26139,25.491938,0B4,8,0000000000000000000000000000000000110100000010101010100010100010
832,26142,25.493939,320,8,0000000000100000000000000000000000000000000000000000000001001011
9173,26143,25.49424,260,8,0000000000000000000000000000000000000000000000000000101101110101
43534,1726,25.494281,423,2,11100000000
38790,26101,25.494407,0BA,5,1100011000000000000000000000000010111110
32967,26144,25.495333,1C4,8,0001000010011100000110110000000000000000000000000000000010010100
11048,26146,25.499164,620,8,0001000000000000000000000000000000000000000000000000000000000000
34719,26147,25.499855,380,8,0
4139,26150,25.501321,25,8,0000000000000011000000000000000111100000000000000000000000010001
38791,8718,25.501896,0BA,5,0010100100000000000000000000010000101000
24346,26151,25.501911,0AA,8,0010010101100000001001010101110000100101001111110010010100110101
17437,26154,25.504928,226,8,0000000000000000000100000000000000000000000000000000000000000000
12138,26158,25.509303,2C1,8,0000000000000001110111000000000111001100110000000000111101000100
38792,17429,25.509386,0BA,5,0100111100000000000000000000000000101110
4140,26160,25.510287,25,8,0000000000000011000000000000000111100000000000000000000000010001
24347,26161,25.510926,0AA,8,0010010101011010001001010101011100100101010011010010010100110111
29510,26162,25.511167,24,8,0000001000000011000000100000110101000010000000111000000000000101
15128,26163,25.511411,1C6,8,0000000000000000000000000000000111110111000100110000000000000000
19866,26164,25.511908,0B4,8,0000000000000000000000000000000000110100000010101010100010100010
9174,26167,25.514244,260,8,0000000000000000000000000000000000000000000000000000000001101010
32968,26168,25.51531,1C4,8,0001000010100000000110110000000000000000000000000000000010011000
38793,17432,25.516875,0BA,5,1110000000100011100101000000000000001100
4141,26171,25.520281,25,8,0000000000000011000000000000000111100000000000000000000000010001
24348,26172,25.520912,0AA,8,0010010101100001001001010101011100100101010010100010010100111010
38794,26132,25.524365,0BA,5,1100011000000000000000000000000010111110
28228,26174,25.529112,619,8,0010001100000000000000000000000000010000000000000111000001000000
4142,26176,25.530277,25,8,0000000000000011000000000000000111100000000000000000000000010001
24349,26177,25.530873,0AA,8,0010010101011111001001010101010000100101010001100010010100111011
29511,26178,25.531115,24,8,0000001000000011000000100000110101000010000001011000000000000111
38795,8730,25.531854,0BA,5,0010100100000000000000000000011100101011
19867,26179,25.531901,0B4,8,0000000000000000000000000000000000111000000010101010100010100110
9175,26182,25.534127,260,8,0000000000000000000000000000000000000000000000000000101101110101
32969,26184,25.535284,1C4,8,0001000010100001000110110000000000000000000000000000000010011001
17438,26186,25.535889,226,8,0000000000000000000100000000000000000000000000000000000000000000
12139,26188,25.539281,2C1,8,0000000000000001110111000000000111010011110000000000111101001011
38796,17450,25.539344,0BA,5,0100111100000000000000000000000000101110
4143,26191,25.540258,25,8,0000000000000011000000000000000111100000000000000000000000010001
24350,26192,25.540888,0AA,8,0010010101100001001001010101111100100101010000100010010100111010
15129,26193,25.541266,1C6,8,0000000000000000000000000000000111110100000100110000000000000000
833,26195,25.542878,320,8,0000000000100000000000000000000000000000000000000000000001001011
38797,17453,25.546834,0BA,5,1110000000100011011011000000000011100100
4144,26197,25.550246,25,8,0000000000000011000000000000000111100000000000000000000000010001
24351,26198,25.550853,0AA,8,0010010101011101001001010101110100100101010000000010010100111100
29512,26199,25.551094,24,8,0000001000000011000000100000110001000010000001101000000000000111
19868,26200,25.551864,0B4,8,0000000000000000000000000000000000111100000010101010111010110000
9176,26203,25.554098,260,8,0000000000000000000000000000000000000000000000000000101101110101
38798,26166,25.554323,0BA,5,1100011000000000000000000000000010111110
32970,26204,25.555263,1C4,8,0001000010100100000110110000000000000000000000000000000010011100
31455,26207,25.557772,44D,8,0100001000000010000000000000000000000001000000000000000000000000
4145,26210,25.561233,25,8,0000000000000011000000000000000111100000000000000000000000010001
38799,8740,25.561813,0BA,5,0010100100000000000000000000010000101000
24352,26211,25.561837,0AA,8,0010010101011010001001010101100100100101010010110010010101000101
17439,26214,25.564853,226,8,0000000000000000000100000000000000000000000000000000000000000000
12140,26215,25.569233,2C1,8,0000000000000001110110010000000111010110110000000000111101001011
38800,17471,25.569302,0BA,5,0100111100000000000000000000000000101110
4146,26217,25.570217,25,8,0000000000000011000000000000000111100000000000000000000000010001
24353,26218,25.570824,0AA,8,0010010101010111001001010101010100100101010000110010010101000110
29513,26219,25.571064,24,8,0000001000000011000000100000110101000010000001011000000000000111
15130,26220,25.571307,1C6,8,0000000000000000000000000000000111110011000100110000000000000000
19869,26221,25.571839,0B4,8,0000000000000000000000000000000001000000000010101010111010110100
9177,26226,25.574139,260,8,0000000000000000000000000000000000000000000000000000101101110101
32971,26227,25.575246,1C4,8,0001000010101000000110110000000000000000000000000000000010100000
38801,17476,25.576792,0BA,5,1110000000100011011011000000000011100100
4147,26230,25.580202,25,8,0000000000000011000000000000000111100000000000000000000000010001
24354,26231,25.580843,0AA,8,0010010101100000001001010101101100100101001111110010010101000111
38802,26194,25.584281,0BA,5,1100011000000000000000000000000010111110
16447,26232,25.585564,3F9,8,0111010100011000000000100000001010000000000000000000000000010101
4148,26235,25.590186,25,8,0000000000000011000000000000000111100000000000000000000000010001
24355,26236,25.590826,0AA,8,0010010101100011001001010101111000100101010001110010010101000100
29514,26237,25.591067,24,8,0000001000000011000000100000110101000010000000111000000000000101
38803,8745,25.591771,0BA,5,0010100100000000000000000000011100101011
19870,26238,25.591815,0B4,8,0000000000000000000000000000000001000000000010101010111010110100
43724,1739,25.592295,3BB,5,1010010100000000000000000000000000000000
9178,26241,25.594001,260,8,0000000000000000000000000000000000000000111111111111010001011101
32972,26243,25.595214,1C4,8,0001000010101011000110110000000000000000000000000000000010100011
17440,26245,25.595816,226,8,0000000000000000000100000000000000000000000000000000000000000000
834,26246,25.596813,320,8,0000000000100000000000000000000000000000000000000000000001001011
14241,26247,25.597811,60.0,8,1010000100000000000000000000000000000000011100000000000000000000
12141,26249,25.599209,2C1,8,0000000000000001110101100000000111001100110000000000111100111110
38804,17491,25.59926,0BA,5,0100111100000000000000000000000000101110
34778,26251,25.59998,4DF,8,0010000000000000000000000000000100000000000000000000000000000000
4149,26252,25.600229,25,8,0000000000000011000000000000000111100000000000000000000000010001
24356,26253,25.600813,0AA,8,0010010101100000001001010101111000100101010010010010010101000110
15131,26254,25.601194,1C6,8,0000000000000000000000000000000111110011000100110000000000000000
38805,17495,25.60675,0BA,5,1110000000100011010111000000000011010100
4150,26259,25.610165,25,8,0000000000000011000000000000000111100000000000000000000000010001
24357,26260,25.610773,0AA,8,0010010101010111001001010101110100100101010001000010010101001001
29515,26261,25.611013,24,8,0000001000000011000000100000110101000010000000111000000000000101
19871,26262,25.611787,0B4,8,0000000000000000000000000000000001000100000010101010111010111000
9179,26264,25.613891,260,8,0000000000000000000000000000000000000000111111111110100001010001
38806,26225,25.614239,0BA,5,1100011000000000000000000000000010111110
7738,26265,25.614928,435,8,1000000000000101000001011111111111100000001111110000000000000011
13602,26266,25.615173,4DD,8,0001111000000000000000000000000000000000000000000000000000000000
32973,26267,25.615415,1C4,8,0001000010110000000110110000000000000000000000000000000010101000
28045,26269,25.617595,6C0,8,1110010000000000000000001110000010000000000000000000000000000000
4151,26271,25.620143,25,8,0000000000000011000000000000000111100000000000000000000000010001
24358,26272,25.62079,0AA,8,0010010101100000001001010101101000100101010001000010010101001001
38807,8760,25.621729,0BA,5,0010100100000000000000000000010000101000
10928,26275,25.621951,436,8,0
17441,26278,25.62378,226,8,0000000000000000000100000000000000000000000000000000000000000000
12142,26279,25.629162,2C1,8,0000000000000001110110010000000111010110110000000000111101001011
38808,17515,25.629219,0BA,5,0100111100000000000000000000000000101110
4152,26281,25.63013,25,8,0000000000000011000000000000000111100000000000000000000000010001
24359,26282,25.630778,0AA,8,0010010101100000001001010110000100100101010010100010010101001100
29516,26283,25.63102,24,8,0000001000000011000000100000111101000010000001011000000000001001
15132,26284,25.631264,1C6,8,0000000000000000000000000000000111110011000100110000000000000000
19872,26285,25.631764,0B4,8,0000000000000000000000000000000001001000000010101010111010111100
9180,26288,25.633934,260,8,0000000000000000000000000000000000000000111111111101110001000101
32974,26289,25.635162,1C4,8,0001000010110001000110110000000000000000000000000000000010101001
38809,17519,25.636708,0BA,5,1110000000100011001110000000000010110000
4153,26294,25.640112,25,8,0000000000000011000000000000000111010000000000000000000000000001
24360,26295,25.640764,0AA,8,0010010101100011001001010110001100100101010011110010010101000111
835,26296,25.641757,320,8,0000000000100000000000000000000000000000000000000000000001001011
38810,26255,25.644198,0BA,5,1100011000000000000000000000000010111110
13794,26298,25.649916,434,8,0100001000000000000000000000000000000000000000000000000000000000
4154,26299,25.650164,25,8,0000000000000011000000000000000111010000000000000000000000000001
24361,26300,25.650751,0AA,8,0010010101100000001001010110010000100101010011000010010101000110
29517,26301,25.650998,24,8,0000001000000011000000100000111101000010000001101000000000001010
38811,8768,25.651687,0BA,5,0010100100000000000000000000011100101011
19873,26302,25.651736,0B4,8,0000000000000000000000000000000001001100000010101010111011000000
9181,26304,25.653679,260,8,0000000000000000000000000000000000000000111111111101110001000101
32975,26308,25.655149,1C4,8,0001000010110011000110110000000000000000000000000000000010101011
34863,26310,25.655536,3C3,8,0100011000011110100100110100111011101110010110010000001110001000
17442,26311,25.655783,226,8,0000000000000000000100000000000000000000000000000000000000000000
28185,26313,25.656942,437,8,1111110011111111111111111111111111111111111111111111111111111111
14102,26314,25.657876,442,8,0100001100000010000000000000000000000010000000000000000000000000
12143,26316,25.659136,2C1,8,0000000000000001110101100000000111001100110000000000111100111110
38812,17533,25.659177,0BA,5,0100111100000000000000000000000000101110
4155,26318,25.660078,25,8,0000000000000011000000000000000111010000000000000000000000000001
24362,26319,25.66074,0AA,8,0010010101100100001001010110010000100101010100000010010101001000
15133,26320,25.66112,1C6,8,0000000000000000000000000000000111110010000100110000000000000000
38813,17537,25.666666,0BA,5,1110000000100011001011000000000010100100
11250,26322,25.668752,4C8,8,0000100100000000000000000000000000000000000000000000000000000000
4156,26324,25.670091,25,8,0000000000000011000000000000000111010000000000000000000000000001
24363,26326,25.670697,0AA,8,0010010101101001001001010110001100100101010101000010010101001110
29518,26327,25.670937,24,8,0000001000000011000000100000111101000010000001011000000000001001
19874,26328,25.671709,0B4,8,0000000000000000000000000000000001010000000010101011001111001001
9182,26330,25.673688,260,8,0000000000000000000000000000000000000000111111111101110001000101
38814,26287,25.674156,0BA,5,1100011000000000000000000000000010111110
32976,26331,25.675127,1C4,8,0001000010111000000110110000000000000000000000000000000010110000
4157,26334,25.68005,25,8,0000000000000011000000000000000111010000000000000000000000000001
24364,26335,25.680718,0AA,8,0010010101101011001001010110010100100101010100010010010101010000
38815,8777,25.681645,0BA,5,0010100100000000000000000000010000101000
17443,26338,25.683707,226,8,0000000000000000000100000000000000000000000000000000000000000000
12144,26342,25.689092,2C1,8,0000000000000001110101100000000111001001110000000000111100111011
38816,17555,25.689135,0BA,5,0100111100000000000000000000000000101110
4158,26344,25.690066,25,8,0000000000000011000000000000000111010000000000000000000000000001
24365,26345,25.69067,0AA,8,0010010101101010001001010110010100100101010100110010010101001110
29519,26346,25.690914,24,8,0000001000000011000000100000110101000010000000111000000000000101
15134,26347,25.691156,1C6,8,0000000000000000000000000000000111101111000100110000000000000000
19875,26348,25.691689,0B4,8,0000000000000000000000000000000001010000000010101011001111001001
9183,26350,25.693621,260,8,0000000000000000000000000000000000000000111111111101110001000101
836,26352,25.694688,320,8,0000000000100000000000000000000000000000000000000000000001001011
32977,26353,25.695108,1C4,8,0001000010111110000110110000000000000000000000000000000010110110
38817,17558,25.696624,0BA,5,1110000000100011001011000000000010100100
4159,26356,25.701061,25,8,0000000000000011000000000000000111010000000000000000000000000001
24366,26357,25.701663,0AA,8,0010010101101101001001010110010100100101010100110010010101001001
38818,26321,25.704114,0BA,5,1100011000000000000000000000000010111110
35155,3239,25.705978,3D3,3,011011000000001000000000
4160,26362,25.710011,25,8,0000000000000011000000000000000111010000000000000000000000000001
24367,26363,25.710676,0AA,8,0010010101110100001001010110010100100101011000010010010101001101
29520,26364,25.710919,24,8,0000001000000011000000100000110001000010000000011000000000000010
38819,8787,25.711604,0BA,5,0010100100000000000000000000011100101011
19876,26365,25.711663,0B4,8,0000000000000000000000000000000001010100000010101011001111001101
9184,26367,25.713531,260,8,0000000000000000000000000000000000000000111111111101110001000101
32978,26370,25.715072,1C4,8,0001000011000000000110110000000000000000000000000000000010111000
17444,26372,25.715662,226,8,0000000000000000000100000000000000000000000000000000000000000000
12145,26374,25.719066,2C1,8,0000000000000001110100110000000111010011110000000000111101000010
38820,17578,25.719093,0BA,5,0100111100000000000000000000000000101110
4161,26377,25.720002,25,8,0000000000000011000000000000000111010000000000000000000000000001
24368,26378,25.720668,0AA,8,0010010101110011001001010110101100100101010110010010010101000111
15135,26379,25.721166,1C6,8,0000000000000000000000000000000111101100000100110000000000000000
38821,17581,25.726583,0BA,5,1110000000100011001011000000000010100100
4162,26382,25.730018,25,8,0000000000000011000000000000000111010000000000000000000000000001
24369,26383,25.730622,0AA,8,0010010101110010001001010110101100100101010100110010010101000101
29521,26384,25.730862,24,8,0000001000000011000000100000110001000010000000111000000000000100
19877,26385,25.731636,0B4,8,0000000000000000000000000000000001011000000010101011100111010111
9185,26387,25.733542,260,8,0000000000000000000000000000000000000000111111111101110001000101
38822,26351,25.734072,0BA,5,1100011000000000000000000000000010111110
32979,26388,25.735049,1C4,8,0001000011000101000110110000000000000000000000000000000010111101
4163,26392,25.739976,25,8,0000000000000011000000000000000111010000000000000000000000000001
24370,26393,25.740642,0AA,8,0010010101110111001001010110100100100101010111100010010101001010
38823,8798,25.741562,0BA,5,0010100100000000000000000000010000101000
17445,26396,25.743632,226,8,0000000000000000000100000000000000000000000000000000000000000000
837,26397,25.744629,320,8,0000000000100000000000000000000000000000000000000000000001001011
12146,26399,25.74902,2C1,8,0000000000000001110100110000000111010000110000000000111100111111
38824,17592,25.749051,0BA,5,0100111100000000000000000000000000101110
4164,26401,25.749988,25,8,0000000000000011000000000000000111000000000000000000000011110001
24371,26402,25.750601,0AA,8,0010010101101111001001010110101100100101010110110010010101001011
29522,26403,25.750841,24,8,0000001000000011000000100000110001000010000001011000000000000110
15136,26404,25.751084,1C6,8,0000000000000000000000000000000111101001000100110000000000000000
19878,26406,25.751616,0B4,8,0000000000000000000000000000000001011100000010101011111111100001
9186,26409,25.753547,260,8,0000000000000000000000000000000000000000111111111101000000111001
13401,26411,25.753872,394,3,0
21677,26413,25.754818,443,8,0100110100000010000000000010111100000110000000000000000000000000
32980,26414,25.755056,1C4,8,0001000011001001000110110000000000000000000000000000000011000001
38825,17597,25.756541,0BA,5,1110000000100011001011000000000010100100
13983,26417,25.759785,38E,8,0
4165,26418,25.760032,25,8,0000000000000011000000000000000111000000000000000000000011110001
13954,26419,25.760276,614,8,0010100100000000000000000011000000000000000000000000000000000000
24372,26420,25.760621,0AA,8,0010010101101111001001010110110000100101010110110010010101001111
38826,26380,25.76403,0BA,5,1100011000000000000000000000000010111110
35329,9836,25.765749,386,7,11000100000000000000000000000000000000000000000010101011
4166,26424,25.769934,25,8,0000000000000011000000000000000111000000000000000000000011110001
24373,26425,25.77061,0AA,8,0010010101110000001001010110111000100101010101100010010101001100
29523,26426,25.77085,24,8,0000001000000011000000100000110101000010000001011000000000000111
38827,8805,25.77152,0BA,5,0010100100000000000000000000011100101011
19879,26427,25.771597,0B4,8,0000000000000000000000000000000001011100000010101011111111100001
9187,26429,25.773496,260,8,0000000000000000000000000000000000000000111111111101000000111001
32981,26432,25.775005,1C4,8,0001000011001011000110110000000000000000000000000000000011000011
17446,26434,25.775592,226,8,0000000000000000000100000000000000000000000000000000000000000000
12147,26436,25.778997,2C1,8,0000000000000001110011000000000111001001110000000000111100110001
38828,17615,25.779009,0BA,5,0100111100000000000000000000000000101110
4167,26438,25.779927,25,8,0000000000000011000000000000000111000000000000000000000011110001
24374,26439,25.780592,0AA,8,0010010101110100001001010111001000100101010101010010010101010000
15137,26440,25.780985,1C6,8,0000000000000000000000000000000111101001000100110000000000000000
146,26442,25.782589,3B7,8,1000
38829,17619,25.786499,0BA,5,1110000000100011001011000000000010100100
4168,26445,25.789911,25,8,0000000000000011000000000000000111000000000000000000000011110001
24375,26446,25.790584,0AA,8,0010010101110000001001010111000000100101010110110010010101011010
29524,26447,25.790825,24,8,0000001000000011000000100000110001000010000001011000000000000110
19880,26448,25.791568,0B4,8,0000000000000000000000000000000001100000000010101011111111100101
9188,26450,25.793423,260,8,0000000000000000000000000000000000000000111111111101000000111001
838,26451,25.79367,320,8,0000000000100000000000000000000000000000000000000000000001001011
38830,26410,25.793989,0BA,5,1100011000000000000000000000000010111110
32982,26452,25.794979,1C4,8,0001000011001111000110110000000000000000000000000000000011000111
11049,26454,25.798654,620,8,0001000000000000000000000000000000000000000000000000000000000000
4169,26456,25.799915,25,8,0000000000000011000000000000000111000000000000000000000011110001
24376,26457,25.800567,0AA,8,0010010101110011001001010110111100100101010101000010010101011001
38831,8819,25.801478,0BA,5,0010100100000000000000000000010000101000
17447,26461,25.80356,226,8,0000000000000000000100000000000000000000000000000000000000000000
12148,26463,25.808953,2C1,8,0000000000000001110011000000000111000011110000000000111100101011
38832,17637,25.808968,0BA,5,0100111100000000000000000000000000101110
4170,26465,25.809915,25,8,0000000000000011000000000000000111000000000000000000000011110001
24377,26466,25.810525,0AA,8,0010010101110101001001010111001100100101010101000010010101011011
29525,26467,25.810767,24,8,0000001000000011000000100000110101000010000001011000000000000111
15138,26468,25.811007,1C6,8,0000000000000000000000000000000111101001000100110000000000000000
19881,26469,25.811546,0B4,8,0000000000000000000000000000000001100100000010101011111111101001
9189,26471,25.813423,260,8,0000000000000000000000000000000000000000111111111101000000111001
32983,26473,25.814955,1C4,8,0001000011010001000110110000000000000000000000000000000011001001
38833,17640,25.816457,0BA,5,1110000000100011001011000000000010100100
13728,26478,25.819715,3A5,8,100000000
4171,26479,25.819959,25,8,0000000000000011000000000000000111000000000000000000000011110001
24378,26480,25.820558,0AA,8,0010010101110100001001010111000000100101010111010010010101010100
38834,26441,25.823947,0BA,5,1100011000000000000000000000000010111110
7825,26481,25.828594,610,8,0010000010000000000111000110010011000000000000000110001101000000
43535,6647,25.829732,423,2,10101000001111
4172,26483,25.829871,25,8,0000000000000011000000000000000111000000000000000000000011110001
24379,26484,25.830534,0AA,8,0010010101101111001001010111000000100101010110100010010101010101
29526,26485,25.830776,24,8,0000001000000011000000100000111101000010000000111000000000000111
38835,8826,25.831436,0BA,5,0010100100000000000000000000011100101011
19882,26486,25.831519,0B4,8,0000000000000000000000000000000001101000000010101011111111101101
9190,26489,25.833265,260,8,0000000000000000000000000000000000000000111111111100010100101110
16448,26493,25.834698,3F9,8,0111010100011000000000100000001010000000000000000000000000010101
32984,26494,25.834939,1C4,8,0001000011010001000110110000000000000000000000000000000011001001
17448,26496,25.835519,226,8,0000000000000000000100000000000000000000000000000000000000000000
38836,17652,25.838926,0BA,5,0100111100000000000000000000000000101110
12149,26498,25.838929,2C1,8,0000000000000001110011000000000111000110110000000000111100101110
31336,26500,25.840706,640,8,1010100000000000000000000011011100000001110111100000000000000000
4173,26501,25.840951,25,8,0000000000000011000000000000000111000000000000000000000011110001
15139,26502,25.841192,1C6,8,0000000000000000000000000000000111101001000100110000000000000000
24380,26503,25.841494,0AA,8,0010010101110001001001010111001000100101010110010010010101011001
839,26505,25.843511,320,8,0000000000100000000000000000000000000000000000000000000001001011
38837,17656,25.846415,0BA,5,1110000000100011001011000000000010100100
35022,26507,25.849696,413,8,0000000100000001000000010000100100000000000000000000000000000000
4174,26508,25.849941,25,8,0000000000000011000000000000000111000000000000000000000011110001
24381,26510,25.850559,0AA,8,0010010101110111001001010111001100100101010110110010010101011000
29527,26511,25.850801,24,8,0000001000000011000000100000111101000010000000111000000000000111
19883,26512,25.851499,0B4,8,0000000000000000000000000000000001101100000010101011111111110001
9191,26514,25.853318,260,8,0000000000000000000000000000000000000000111111111101000000111001
38838,26472,25.853905,0BA,5,1100011000000000000000000000000010111110
32985,26516,25.854917,1C4,8,0001000011010001000110110000000000000000000000000000000011001001
31456,26518,25.8569,44D,8,0100001000000010000000000000000000000001000000000000000000000000
4175,26520,25.85983,25,8,0000000000000011000000000000000111000000000000000000000011110001
24382,26521,25.860495,0AA,8,0010010101110101001001010111010100100101010111100010010101011010
38839,8835,25.861394,0BA,5,0010100100000000000000000000010000101000
17449,26524,25.863491,226,8,0000000000000000000100000000000000000000000000000000000000000000
12150,26526,25.868881,2C1,8,0000000000000001110010010000000110111100110000000000111100100001
38840,17676,25.868884,0BA,5,0100111100000000000000000000000000101110
4176,26528,25.869846,25,8,0000000000000011000000000000000111000000000000000000000011110001
24383,26529,25.870455,0AA,8,0010010101110111001001010111011100100101011000010010010101011001
29528,26530,25.870698,24,8,0000001000000011000000100000111101000010000000111000000000000111
15140,26531,25.871201,1C6,8,0000000000000000000000000000000111101001000100110000000000000000
19884,26532,25.87147,0B4,8,0000000000000000000000000000000001101100000010101100010011110110
9192,26534,25.873183,260,8,0000000000000000000000000000000000000000111111111100010100101110
32986,26536,25.874887,1C4,8,0001000011010010000110110000000000000000000000000000000011001010
38841,17678,25.876374,0BA,5,1110000000100011001011000000000010100100
4177,26539,25.879815,25,8,0000000000000011000000000000000110110000000000000000000011100001
24384,26541,25.880473,0AA,8,0010010101110101001001010111100000100101010111000010010101010110
38842,26504,25.883863,0BA,5,1100011000000000000000000000000010111110
4178,26544,25.889791,25,8,0000000000000011000000000000000110110000000000000000000011100001
43725,26972,25.88988,3BB,5,0111000000000000001000001010001100000000
24385,26545,25.890465,0AA,8,0010010101111101001001010111100000100101010111110010010101100010
29529,26546,25.890707,24,8,0000001000000011000000100000111101000010000000111000000000000111
38843,8847,25.891353,0BA,5,0010100100000000000000000000011100101011
19885,26547,25.891448,0B4,8,0000000000000000000000000000000001110000000010101100010011111010
9193,26549,25.893015,260,8,0000000000000000000000000000000000000000111111111100010100101110
32987,26552,25.895036,1C4,8,0001000011010010000110110000000000000000000000000000000011001010
17450,26554,25.895449,226,8,0000000000000000000100000000000000000000000000000000000000000000
840,26555,25.896445,320,8,0000000000100000000000000000000000000000000000000000000001001011
31268,26557,25.89748,4A6,8,0000000000000000000000000000000000000000000011100000000000000000
38844,17696,25.898842,0BA,5,0100111100000000000000000000000000101110
12151,26559,25.898862,2C1,8,0000000000000001110010010000000111000110110000000000111100101011
4179,26562,25.899798,25,8,0000000000000011000000000000000110110000000000000000000011100001
24386,26563,25.900449,0AA,8,0010010110000000001001010111110100100101011010010010010101100100
15141,26564,25.900845,1C6,8,0000000000000000000000000000000111101001000100110000000000000000
38845,17699,25.906332,0BA,5,1110000000100011001011000000000010100100
4180,26568,25.909769,25,8,0000000000000011000000000000000110100000000000000000000011010001
24387,26569,25.910437,0AA,8,0010010110000000001001010111101000100101011001000010010101011011
29530,26570,25.91068,24,8,0000001000000011000000100000110101000010000000011000000000000011
19886,26571,25.911428,0B4,8,0000000000000000000000000000000001110100000010101100101000000100
9194,26573,25.912943,260,8,0000000000000000000000000000000000000000111111111011100000100001
38846,26535,25.913821,0BA,5,1100011000000000000000000000000010111110
32988,26574,25.914845,1C4,8,0001000011010011000110110000000000000000000000000000000011001011
28046,26577,25.916734,6C0,8,1110010000000000000000001110000010000000000000000000000000000000
4181,26579,25.919761,25,8,0000000000000011000000000000000110100000000000000000000011010001
24388,26580,25.920426,0AA,8,0010010101111111001001010111010100100101011000110010010101100001
38847,8861,25.921311,0BA,5,0010100100000000000000000000010000101000
17451,26583,25.923417,226,8,0000000000000000000100000000000000000000000000000000000000000000
38848,17713,25.9288,0BA,5,0100111100000000000000000000000000101110
12152,26584,25.928813,2C1,8,0000000000000001110010010000000111010000110000000000111100110101
4182,26586,25.929775,25,8,0000000000000011000000000000000110010000000000000000000011000001
24389,26587,25.930389,0AA,8,0010010110000011001001010111100000100101011010100010010101011111
29531,26588,25.930632,24,8,0000001000000011000000100000111101000010000000011000000000000101
15142,26589,25.930875,1C6,8,0000000000000000000000000000000111101001000100110000000000000000
19887,26590,25.931398,0B4,8,0000000000000000000000000000000001111000000010101100101000001000
9195,26593,25.9331,260,8,0000000000000000000000000000000000000000111111111011100000100001
27824,26595,25.934401,420,8,0000000000000000000000000000000011111111000000001000000010101011
32989,26597,25.934821,1C4,8,0001000011010100000110110000000000000000000000000000000011001100
38849,17717,25.93629,0BA,5,1110000000100011001011000000000010100100
4183,26600,25.939736,25,8,0000000000000010000000000000000101110000000000000000000010100000
24390,26601,25.940403,0AA,8,0010010110000111001001010111101100100101011100110010010101011111
841,26602,25.941394,320,8,0000000000100000000000000000000000000000000000000000000001001011
38850,26565,25.943779,0BA,5,1100011000000000000000000000000010111110
4184,26606,25.949722,25,8,0000000000000010000000000000000101110000000000000000000010100000
24391,26607,25.950397,0AA,8,0010010110000111001001011000000000100101011011100010010101100000
29532,26608,25.950641,24,8,0000001000000011000000100000110101000010000000011000000000000011
38851,8866,25.951269,0BA,5,0010100100000000000000000000011100101011
19888,26609,25.951379,0B4,8,0000000000000000000000000000000001111100000010101101000000010010
9196,26611,25.952887,260,8,0000000000000000000000000000000000000000111111111011100000100001
7618,26614,25.954567,3BC,8,0
32990,26615,25.954808,1C4,8,0001000011010101000110110000000000000000000000000000000011001101
17452,26617,25.955376,226,8,0000000000000000000100000000000000000000000000000000000000000000
14103,26619,25.957372,442,8,0100001100000010000000000000000000000010000000000000000000000000
38852,17736,25.958758,0BA,5,0100111100000000000000000000000000101110
12153,26621,25.958856,2C1,8,0000000000000001110001100000000110111001110000000000111100011011
4185,26623,25.959706,25,8,0000000000000010000000000000000101100000000000000000000010010000
24392,26624,25.960383,0AA,8,0010010101111100001001010111110000100101011010100010010101011010
15143,26625,25.960777,1C6,8,0000000000000000000000000000000111101001000100110000000000000000
43424,249,25.965532,3000000.0,6,000010000000000000000000000000000000000000101000
35156,26398,25.965635,3D3,3,111001010000001100001000
38853,17738,25.966248,0BA,5,1110000000100011001011000000000010100100
13699,26629,25.969359,615,8,0010101000000000011101100000101000000000000000000000000000000000
4186,26631,25.969944,25,8,0000000000000010000000000000000101010000000000000000000010000000
24393,26632,25.970339,0AA,8,0010010110000010001001010111111000100101011100110010010101100011
29533,26633,25.970583,24,8,0000001000000011000000100000110101000010000000011000000000000011
19889,26634,25.971354,0B4,8,0000000000000000000000000000000001111100000010101101000000010010
9197,26636,25.972801,260,8,0000000000000000000000000000000000000000111111111011100000100001
38854,26594,25.973738,0BA,5,1100011000000000000000000000000010111110
32991,26637,25.97478,1C4,8,0001000011010111000110110000000000000000000000000000000011001111
27885,26639,25.979301,4DC,8,0001110100000000000000000000000000000000000000000000000000000000
4187,26641,25.98071,25,8,0000000000000010000000000000000101000000000000000000000001110000
38855,8880,25.981227,0BA,5,0010100100000000000000000000010000101000
24394,26643,25.981485,0AA,8,0010010110000011001001010111110100100101011100000010010101100000
31595,26644,25.98173,633,8,1000000100000000000000000000000000000000000000000000000000000000
17453,26647,25.984342,226,8,0000000000000000000100000000000000000000000000000000000000000000
38856,17754,25.988717,0BA,5,0100111100000000000000000000000000101110
12154,26648,25.988746,2C1,8,0000000000000001110001100000000111000011110000000000111100100101
4188,26650,25.989671,25,8,0000000000000010000000000000000100111111111110010000000001101000
24395,26651,25.99034,0AA,8,0010010110000100001001011000010100100101011010010010010101100001
29534,26652,25.990583,24,8,0000001000000011000000100000110001000010000000011000000000000010
15144,26653,25.990822,1C6,8,0000000000000000000000000000000111101001000100110000000000000000
19890,26654,25.991333,0B4,8,0000000000000000000000000000000010000000000010101101000000010110
9198,26656,25.992812,260,8,0000000000000000000000000000000000000000111111111011100000100001
842,26658,25.99433,320,8,0000000000100000000000000000000000000000000000000000000001001011
32992,26659,25.994749,1C4,8,0001000011011010000110110000000000000000000000000000000011010010
38857,17757,25.996206,0BA,5,1110000000100011001011000000000010100100
1549,26663,25.999502,6F3,8,0010000000000000000000000000000000000000000000000000000000000000
4189,26664,25.999742,25,8,0000000000000010000000000000000100111111111110010000000001101000
24396,26665,26.000334,0AA,8,0010010110000100001001010111111100100101011001010010010101100101
38858,26626,26.003696,0BA,5,1100011000000000000000000000000010111110
4190,26669,26.009679,25,8,0000000000000010000000000000000100011111111110010000000001001000
24397,26670,26.010291,0AA,8,0010010101111111001001011000001100100101011010100010010101100110
29535,26671,26.010532,24,8,0000001000000011000000100000110001000010000000111000000000000100
38859,8887,26.011185,0BA,5,0010100100000000000000000000011100101011
19891,26672,26.011303,0B4,8,0000000000000000000000000000000010000100000010101101000000011010
9199,26674,26.012781,260,8,0000000000000000000000000000000000000000111111111010110100010110
13542,26678,26.014493,399,8,0000000000000000000000000000000000000000111111110000000000000000
32993,26679,26.014733,1C4,8,0001000011011100000110110000000000000000000000000000000011010100
17454,26681,26.015302,226,8,0000000000000000000100000000000000000000000000000000000000000000
11190,26682,26.016093,39A,8,0000000000000000000000000000000100000000000000000000000000000000
38860,17771,26.018675,0BA,5,0100111100000000000000000000000000101110
12155,26684,26.018726,2C1,8,0000000000000001110001100000000111000000110000000000111100100010
4191,26686,26.019635,25,8,0000000000000010000000000000000100011111111110010000000001001000
24398,26687,26.020312,0AA,8,0010010101111101001001011000000100100101011010000010010101101010
15145,26688,26.02071,1C6,8,0000000000000000000000000000000111101001000100110000000000000000
38861,17776,26.026164,0BA,5,1110000000100011001011000000000010100100
4192,26692,26.02965,25,8,0000000000000010000000000000000100001111111110010000000000111000
24399,26693,26.030265,0AA,8,0010010110000100001001011000010000100101011010100010010101101110
29536,26694,26.030505,24,8,0000001000000010000000100000110001000010000000111000000000000011
19892,26696,26.03128,0B4,8,0000000000000000000000000000000010001000000010101101000000011110
9200,26698,26.032739,260,8,0000000000000000000000000000000000000000111111111011100000100001
38862,26657,26.033654,0BA,5,1100011000000000000000000000000010111110
26,26699,26.034492,3B1,8,0000000000000000000000100000101000000000000010000000000000000000
32994,26700,26.034733,1C4,8,0001000011100000000110110000000000000000000000000000000011011000
4193,26703,26.03962,25,8,0000000000000010000000000000000111111111111110010000000000101000
24400,26704,26.040284,0AA,8,0010010110000100001001011000001000100101011010000010010101100111
38863,8897,26.041143,0BA,5,0010100100000000000000000000010000101000
17455,26707,26.043274,226,8,0000000000000000000100000000000000000000000000000000000000000000
843,26708,26.044269,320,8,0000000000100000000000000000000000000000000000000000000001001011
13311,26710,26.047227,61A,8,0010010000000000000000000000000000000000000000000011011001000000
38864,17793,26.048633,0BA,5,0100111100000000000000000000000000101110
12156,26711,26.048678,2C1,8,0000000000000001110001100000000110111001110000000000111100011011
29537,26713,26.049476,24,8,0000001000000010000000100000110101000010000000011000000000000010
4194,26714,26.049719,25,8,0000000000000010000000000000000111101111111110000000000000010111
24401,26715,26.050273,0AA,8,0010010110000000001001011000000100100101011010110010010101101010
15146,26716,26.050684,1C6,8,0000000000000000000000000000000111101001000100110000000000000000
19893,26717,26.051259,0B4,8,0000000000000000000000000000000010001000000010101101010100100011
9201,26719,26.052717,260,8,0000000000000000000000000000000000000000111111111010110100010110
13402,26720,26.052882,394,3,0
21678,26723,26.05446,443,8,0100110100000010000000000010111100000110000000000000000000000000
32995,26724,26.0547,1C4,8,0001000011100101000110110000000000000000000000000000000011011101
38865,17797,26.056123,0BA,5,1110000000100011001011000000000010100100
4195,26728,26.059592,25,8,0000000000000010000000000000000111011111111110000000000000000111
24402,26729,26.060258,0AA,8,0010010101111010001001011000001000100101011001110010010101100110
38866,26689,26.063612,0BA,5,1100011000000000000000000000000010111110
4196,26732,26.06959,25,8,0000000000000010000000000000000111001111111110000000000011110111
24403,26733,26.070249,0AA,8,0010010110000001001001011000001000100101011001000010010101100011
29538,26734,26.070491,24,8,0000001000000010000000100000110101000010000000111000000000000100
38867,8909,26.071102,0BA,5,0010100100000000000000000000011100101011
19894,26735,26.071231,0B4,8,0000000000000000000000000000000010001100000010101101010100100111
9202,26737,26.072642,260,8,0000000000000000000000000000000000000000111111111010110100010110
32996,26741,26.074664,1C4,8,0001000011101000000110110000000000000000000000000000000011100000
17456,26743,26.075232,226,8,0000000000000000000100000000000000000000000000000000000000000000
38868,17815,26.078591,0BA,5,0100111100000000000000000000000000101110
12157,26745,26.078662,2C1,8,0000000000000001110000000000000110110000110000000000111100001100
4197,26748,26.079687,25,8,0000000000000010000000000000000110111111111110000000000011100111
24404,26749,26.080235,0AA,8,0010010110000001001001011000001000100101011010010010010101101010
15147,26750,26.080643,1C6,8,0000000000000000000000000000000111101001000100110000000000000000
147,26752,26.082228,3B7,8,1000
16449,26753,26.085068,3F9,8,0111010100011000000000100000001010000000000000000000000000010101
38869,17819,26.086081,0BA,5,1110000000100011001011000000000010100100
4198,26755,26.089578,25,8,0000000000000010000000000000000110101111111110000000000011010111
24405,26756,26.090197,0AA,8,0010010110000010001001011000001000100101011011010010010101101001
29539,26757,26.090437,24,8,0000001000000010000000100000110001000010000000111000000000000011
19895,26758,26.091206,0B4,8,0000000000000000000000000000000010010000000010101101010100101011
9203,26761,26.092531,260,8,0000000000000000000000000000000000000000111111111010110100010110
844,26762,26.093213,320,8,0000000000100000000000000000000000000000000000000000000001001011
38870,26721,26.09357,0BA,5,1100011000000000000000000000000010111110
32997,26763,26.094635,1C4,8,0001000011101010000110110000000000000000000000000000000011100010
11050,26766,26.098151,620,8,0001000000000000000000000000000000000000000000000000000000000000
4199,26768,26.100568,25,8,0000000000000001000000000000000101111111111101100000000010100100
38871,8924,26.10106,0BA,5,0010100100000000000000000000010000101000
24406,26769,26.101183,0AA,8,0010010101111101001001011000001000100101011001010010010101101101
17457,26772,26.104199,226,8,0000000000000000000100000000000000000000000000000000000000000000
38872,17833,26.108549,0BA,5,0100111100000000000000000000000000101110
12158,26774,26.108613,2C1,8,0000000000000001110000000000000111000110110000000000111100100010
4200,26776,26.109553,25,8,0000000000000001000000000000000101111111111101100000000010100100
24407,26777,26.110173,0AA,8,0010010110000010001001011000011100100101011011010010010101100110
29540,26778,26.110411,24,8,0000001000000010000000100000110101000010000000011000000000000010
15148,26779,26.110652,1C6,8,0000000000000000000000000000000111101001000100110000000000000000
19896,26780,26.111183,0B4,8,0000000000000000000000000000000010010100000010101101010100101111
9204,26783,26.11253,260,8,0000000000000000000000000000000000000000111111111010110100010110
34960,26785,26.114185,4C3,8,0000001100000000000000000000000100000000000000000000000000000000
32998,26786,26.114611,1C4,8,0001000011101110000110110000000000000000000000000000000011100110
38873,17838,26.116039,0BA,5,1110000000100011001011000000000010100100
4201,26789,26.119516,25,8,0000000000000001000000000000000101101111111101100000000010010100
24408,26790,26.120185,0AA,8,0010010110001010001001011000011000100101011011000010010101101010
38874,26751,26.123528,0BA,5,1100011000000000000000000000000010111110
4202,26793,26.1295,25,8,0000000000000001000000000000000101011111111101100000000010000100
24409,26794,26.130174,0AA,8,0010010110001100001001011000011100100101011100010010010101101111
29541,26795,26.130412,24,8,0000001000000010000000100000110101000010000000001000000000000001
38875,8929,26.131018,0BA,5,0010100100000000000000000000011100101011
19897,26796,26.13116,0B4,8,0000000000000000000000000000000010011000000010101101010100110011
9205,26798,26.132478,260,8,0000000000000000000000000000000000000000111111111010000100001010
32999,26801,26.134595,1C4,8,0001000011101100000110110000000000000000000000000000000011100100
17458,26803,26.135162,226,8,0000000000000000000100000000000000000000000000000000000000000000
38876,17856,26.138508,0BA,5,0100111100000000000000000000000000101110
12159,26806,26.138593,2C1,8,0000000000000001110000110000000111001100110000000000111100101011
4203,26808,26.139492,25,8,0000000000000001000000000000000101001111111101100000000001110100
24410,26809,26.140164,0AA,8,0010010110000111001001011000001000100101011100000010010101101100
15149,26810,26.140572,1C6,8,0000000000000000000000000000000111101001000100110000000000000000
845,26812,26.142151,320,8,0000000000100000000000000000000000000000000000000000000001001011
38877,17859,26.145997,0BA,5,1110000000100011001100000000000010101000
4204,26815,26.149507,25,8,0000000000000001000000000000000100111111111101110000000001100101
24411,26816,26.150124,0AA,8,0010010110001001001001011000001100100101011011010010010101101110
29542,26817,26.150363,24,8,0000001000000010000000100000110101000010000000001000000000000001
19898,26818,26.151135,0B4,8,0000000000000000000000000000000010011000000010101101010100110011
9206,26820,26.152306,260,8,0000000000000000000000000000000000000000111111111010000100001010
38878,26784,26.153487,0BA,5,1100011000000000000000000000000010111110
33000,26822,26.154565,1C4,8,0001000011101110000110110000000000000000000000000000000011100110
34864,26824,26.15499,3C3,8,0100011000011110100100110100111011101110010110010000001110001000
31457,26825,26.15604,44D,8,0100001000000010000000000000000000000001000000000000000000000000
4205,26828,26.159466,25,8,0000000000000001000000000000000100111111111101110000000001100101
24412,26829,26.16014,0AA,8,0010010110001001001001011000011000100101011110000010010101101011
38879,8941,26.160976,0BA,5,0010100100000000000000000000010000101000
17459,26833,26.163131,226,8,0000000000000000000100000000000000000000000000000000000000000000
16307,26834,26.163885,4C1,8,0000000100000000000000010000000100000000000000000000000000000000
43536,26087,26.165183,423,2,1000100000000
38880,17880,26.168466,0BA,5,0100111100000000000000000000000000101110
12160,26835,26.168546,2C1,8,0000000000000001110000000000000111010000110000000000111100101100
4206,26837,26.16948,25,8,0000000000000001000000000000000100101111111101110000000001010101
24413,26838,26.170097,0AA,8,0010010110001110001001011000111000100101011101000010010101100100
29543,26839,26.170339,24,8,0000001000000010000000100000110001000010000000001000000000000000
15150,26840,26.170579,1C6,8,0000000000000000000000000000000111100111000100110000000000000000
19899,26841,26.171108,0B4,8,0000000000000000000000000000000010011100000010101101010100110111
9207,26843,26.172279,260,8,0000000000000000000000000000000000000000111111111010110100010110
33001,26845,26.174551,1C4,8,0001000011110010000110110000000000000000000000000000000011101010
38881,17883,26.175955,0BA,5,1110000000100011001011000000000010100100
4207,26849,26.179447,25,8,0000000000000001000000000000000100011111111101110000000001000101
24414,26850,26.180122,0AA,8,0010010110001100001001011000101000100101011100100010010101101000
38882,26811,26.183445,0BA,5,1100011000000000000000000000000010111110
43726,889,26.187464,3BB,5,1011101100000000000000000000000000100110
4208,26853,26.189428,25,8,0000000000000001000000000000000100011111111101110000000001000101
24415,26854,26.190103,0AA,8,0010010110001101001001011000100000100101011101010010010101100011
29544,26855,26.190342,24,8,0000001000000010000000100000110101000010000000001000000000000001
38883,8951,26.190934,0BA,5,0010100100000000000000000000011100101011
19900,26856,26.19109,0B4,8,0000000000000000000000000000000010100000000010101101101101000001
9208,26858,26.192262,260,8,0000000000000000000000000000000000000000111111111001010111111110
33002,26862,26.194519,1C4,8,0001000011110111000110110000000000000000000000000000000011101111
17460,26864,26.195088,226,8,0000000000000000000100000000000000000000000000000000000000000000
846,26865,26.196083,320,8,0000000000100000000000000000000000000000000000000000000001001011
7679,26866,26.196978,611,8,0010000100000000000000000001000000000000000000000011110101101100
38884,17897,26.198424,0BA,5,0100111100000000000000000000000000101110
12161,26868,26.19852,2C1,8,0000000000000001110000000000000111001100110000000000111100101000
4209,26870,26.200449,25,8,0000000000000001000000000000000100001111111101110000000000110101
15151,26871,26.200692,1C6,8,0000000000000000000000000000000111100100000100110000000000000000
24416,26872,26.201064,0AA,8,0010010110001000001001011000101100100101011101010010010101101101
38885,17902,26.205913,0BA,5,1110000000100011001011000000000010100100
4210,26877,26.209437,25,8,0000000000000001000000000000000100001111111110010000000000110111
24417,26878,26.210047,0AA,8,0010010110001001001001011000110100100101011100110010010101101110
29545,26879,26.210287,24,8,0000001000000010000000100000110101000010000000001000000000000001
19901,26881,26.21106,0B4,8,0000000000000000000000000000000010100100000010101101101101000101
9209,26883,26.212235,260,8,0000000000000000000000000000000000000000111111111010000100001010
38886,26844,26.213403,0BA,5,1100011000000000000000000000000010111110
33003,26884,26.214505,1C4,8,0001000011111000000110110000000000000000000000000000000011110000
13856,26886,26.214911,4C6,8,0000011100000000000000110000000000000000000000000000000000000000
28047,26887,26.215874,6C0,8,1110010000000000000000001110000010000000000000000000000000000000
4211,26889,26.219395,25,8,0000000000000001000000000000000100001111111110100000000000111000
24418,26890,26.220068,0AA,8,0010010110010001001001011001000000100101011011110010010101101011
38887,8961,26.220893,0BA,5,0010100100000000000000000000010000101000
17461,26893,26.223059,226,8,0000000000000000000100000000000000000000000000000000000000000000
35157,3305,26.225291,3D3,3,011011000000001000000000
38888,17920,26.228382,0BA,5,0100111100000000000000000000000000101110
12162,26896,26.228469,2C1,8,0000000000000001101111000000000110111100110000000000111000010011
4212,26898,26.229418,25,8,0000000000000001000000000000000111111111111110110000000000101001
24419,26899,26.230027,0AA,8,0010010110001110001001011001000100100101011011010010010101110000
29546,26900,26.230269,24,8,0000001000000001000000100000110101000010000000001000000000000000
15152,26901,26.230526,1C6,8,0000000000000000000000000000000111100001000100110000000000000000
19902,26902,26.231036,0B4,8,0000000000000000000000000000000010101000000010101101101101001001
9210,26904,26.232221,260,8,0000000000000000000000000000000000000000111111111010000100001010
33004,26906,26.234478,1C4,8,0001000011110010000110110000000000000000000000000000000011101010
38889,17923,26.235872,0BA,5,1110000000100011001101000000000010101100
4213,26909,26.239377,25,8,0000000000000001000000000000000111111111111110110000000000101001
24420,26910,26.240042,0AA,8,0010010110001100001001011000110000100101011110010010010101111001
847,26911,26.241034,320,8,0000000000100000000000000000000000000000000000000000000001001011
38890,26873,26.243361,0BA,5,1100011000000000000000000000000010111110
29547,26914,26.249249,24,8,0000001000000001000000100000111101000010000000001000000000000010
4214,26915,26.249495,25,8,0000000000000001000000000000000111111111111111000000000000101010
24421,26916,26.250034,0AA,8,0010010110001000001001011000101000100101011011110010010101110110
38891,8973,26.250851,0BA,5,0010100100000000000000000000011100101011
19903,26917,26.251017,0B4,8,0000000000000000000000000000000010101000000010101110000001001110
9211,26919,26.252188,260,8,0000000000000000000000000000000000000000111111111010000100001010
33005,26922,26.254459,1C4,8,0001000011101100000110110000000000000000000000000000000011100100
17462,26924,26.255016,226,8,0000000000000000000100000000000000000000000000000000000000000000
14104,26926,26.256871,442,8,0100001100000010000000000000000000000010000000000000000000000000
38892,17941,26.25834,0BA,5,0100111100000000000000000000000000101110
12163,26928,26.258448,2C1,8,0000000000000001101111000000000111010110110000000000111000101101
4215,26931,26.260381,25,8,0000000000000001000000000000000111101111111111000000000000011010
15153,26932,26.260624,1C6,8,0000000000000000000000000000000111011111000100110000000000000000
24422,26933,26.260991,0AA,8,0010010110001101001001011000111000100101011011110010010101111001
38893,17944,26.26583,0BA,5,1110000000100011001101000000000010101100
4216,26938,26.269368,25,8,0000000000000001000000000000000111101111111111000000000000011010
24423,26939,26.269978,0AA,8,0010010110001100001001011000111100100101011101000010010101110100
29548,26940,26.27022,24,8,0000001000000001000000100000111101000010000000001000000000000010
19904,26941,26.270992,0B4,8,0000000000000000000000000000000010101100000010101110000001010010
9212,26943,26.272166,260,8,0000000000000000000000000000000000000000111111111010000100001010
38894,26905,26.273319,0BA,5,1100011000000000000000000000000010111110
33006,26944,26.274428,1C4,8,0001000011101110000110110000000000000000000000000000000011100110
4217,26948,26.279329,25,8,0000000000000001000000000000000111011111111111000000000000001010
24424,26949,26.279997,0AA,8,0010010110001001001001011001000100100101011100100010010101110010
38895,8985,26.280809,0BA,5,0010100100000000000000000000010000101000
17463,26952,26.282989,226,8,0000000000000000000100000000000000000000000000000000000000000000
38896,17955,26.288298,0BA,5,0100111100000000000000000000000000101110
12164,26954,26.288401,2C1,8,0000000000000001101111000000000111000110110000000000111000011101
4218,26956,26.289341,25,8,0000000000000001000000000000000111011111111111000000000000001010
24425,26957,26.289951,0AA,8,0010010110001010001001011000101000100101011100110010010101110101
29549,26958,26.290195,24,8,0000001000000000000000100000111101000010000000001000000000000001
15154,26959,26.290437,1C6,8,0000000000000000000000000000000111011111000101000000000000000000
19905,26960,26.29097,0B4,8,0000000000000000000000000000000010110000000010101110000001010110
9213,26962,26.292141,260,8,0000000000000000000000000000000000000000111111111010000100001010
848,26965,26.293971,320,8,0000000000100000000000000000000000000000000000000000000001001011
33007,26966,26.294415,1C4,8,0001000011110001000110110000000000000000000000000000000011101001
38897,17961,26.295788,0BA,5,1110000000100011001110000000000010110000
4219,26969,26.299301,25,8,0000000000000001000000000000000111011111111111000000000000001010
24426,26970,26.299972,0AA,8,0010010110001011001001011000111000100101011011110010010101110100
38898,26934,26.303277,0BA,5,1100011000000000000000000000000010111110
4220,26975,26.309322,25,8,0000000000000001000000000000000111001111111111000000000011111010
24427,26976,26.30993,0AA,8,0010010110001110001001011001001100100101011100010010010101111001
29550,26977,26.31017,24,8,0000001000000001000000100000110101000010000000001000000000000000
38899,8990,26.310767,0BA,5,0010100100000000000000000000011100101011
19906,26978,26.310945,0B4,8,0000000000000000000000000000000010110100000010101110000001011010
9214,26980,26.312117,260,8,0000000000000000000000000000000000000000111111111010000100001010
33008,26983,26.31439,1C4,8,0001000011101100000110110000000000000000000000000000000011100100
17464,26985,26.314943,226,8,0000000000000000000100000000000000000000000000000000000000000000
38900,17980,26.318257,0BA,5,0100111100000000000000000000000000101110
12165,26987,26.318379,2C1,8,0000000000000001101111000000000111010000110000000000111000100111
4221,26989,26.319285,25,8,0000000000000001000000000000000110111111111111000000000011101010
24428,26990,26.319948,0AA,8,0010010110001100001001011001001000100101011110010010010101111101
15155,26991,26.320485,1C6,8,0000000000000000000000000000000111011111000100110000000000000000
38901,17982,26.325746,0BA,5,1110000000100011001101000000000010101100
7826,26994,26.328756,610,8,0010000000000000000111000110010011000000000000000110001101000000
4222,26996,26.329338,25,8,0000000000000001000000000000000110111111111111000000000011101010
24429,26997,26.329906,0AA,8,0010010110001101001001011001010000100101011101000010010101111001
29551,26998,26.330148,24,8,0000001000000001000000100000110101000010000000011000000000000001
19907,26999,26.330923,0B4,8,0000000000000000000000000000000010110100000010101110000001011010
9215,27001,26.331844,260,8,0000000000000000000000000000000000000000111111111010000100001010
38902,26964,26.333236,0BA,5,1100011000000000000000000000000010111110
16450,27003,26.333993,3F9,8,0111010100011000000000100000001010000000000000000000000000010101
33009,27004,26.334359,1C4,8,0001000011101110000110110000000000000000000000000000000011100110
4223,27007,26.340284,25,8,0000000000000001000000000000000110111111111111000000000011101010
38903,9002,26.340725,0BA,5,0010100100000000000000000000010000101000
24430,27008,26.3409,0AA,8,0010010110010000001001011001000000100101011101110010010101111101
17465,27012,26.343913,226,8,0000000000000000000100000000000000000000000000000000000000000000
849,27013,26.344908,320,8,0000000000100000000000000000000000000000000000000000000001001011
38904,17999,26.348215,0BA,5,0100111100000000000000000000000000101110
12166,27014,26.348445,2C1,8,0000000000000001101110010000000111010000110000000000111000100100
29552,27016,26.349131,24,8,0000001000000000000000100000110101000010000000001000000011111111
4224,27017,26.349377,25,8,0000000000000001000000000000000110111111111111000000000011101010
24431,27018,26.349915,0AA,8,0010010110010011001001011001010000100101011111100010010101111111
15156,27019,26.350347,1C6,8,0000000000000000000000000000000111011111000100110000000000000000
19908,27021,26.350896,0B4,8,0000000000000000000000000000000010111000000010101110000001011110
9216,27023,26.352065,260,8,0000000000000000000000000000000000000000111111111010110100010110
13403,27024,26.352218,394,3,0
21679,27027,26.354103,443,8,0100110100000010000000000010111100000110000000000000000000000000
33010,27028,26.354344,1C4,8,0001000011110000000110110000000000000000000000000000000011101000
38905,18003,26.355704,0BA,5,1110000000100011001100000000000010101000
4225,27032,26.359232,25,8,0000000000000001000000000000000110111111111111000000000011101010
24432,27033,26.3599,0AA,8,0010010110010101001001011001010000100101011111110010010110000000
38906,26992,26.363194,0BA,5,1100011000000000000000000000000010111110
35330,25663,26.364952,386,7,01010100000000000000000000000000000000000000000000000000
13918,27034,26.3677,622,8,0001001000000000000000000000000000000000000000000000000000000000
4226,27036,26.369245,25,8,0000000000000001000000000000000110111111111111000000000011101010
24433,27037,26.369862,0AA,8,0010010110011000001001011001000100100101011111010010010110000111
29553,27038,26.370106,24,8,0000001000000000000000100000110101000001111111111000000011111101
38907,9010,26.370683,0BA,5,0010100100000000000000000000011100101011
19909,27039,26.370873,0B4,8,0000000000000000000000000000000010111100000010101110000001100010
9217,27040,26.37166,260,8,0000000000000000000000000000000000000000111111111010000100001010
33011,27045,26.37432,1C4,8,0001000011110111000110110000000000000000000000000000000011101111
17466,27047,26.374874,226,8,0000000000000000000100000000000000000000000000000000000000000000
38908,18017,26.378173,0BA,5,0100111100000000000000000000000000101110
12167,27049,26.378311,2C1,8,0000000000000001101101100000000110110011110000000000110100000011
4227,27051,26.379208,25,8,0000000000000001000000000000000110101111111111000000000011011010
24434,27052,26.379881,0AA,8,0010010110011001001001011001010000100101011111110010010101111100
15157,27053,26.380298,1C6,8,0000000000000000000000000000000111100000000101000000000000000000
148,27055,26.381869,3B7,8,1000
38909,18021,26.385662,0BA,5,1110000000100011001011000000000010100100
4228,27057,26.389218,25,8,0000000000000001000000000000000110111111111111010000000011101011
24435,27058,26.389839,0AA,8,0010010110011000001001011001100100100101100010010010010101111110
29554,27059,26.390084,24,8,0000001000000000000000100000110101000001111111111000000011111101
19910,27061,26.390849,0B4,8,0000000000000000000000000000000011000000000010101110011001101100
9218,27062,26.391737,260,8,0000000000000000000000000000000000000000111111111010000100001010
850,27064,26.392852,320,8,0000000000100000000000000000000000000000000000000000000001001011
38910,27025,26.393152,0BA,5,1100011000000000000000000000000010111110
33012,27065,26.394298,1C4,8,0001000011111101000110110000000000000000000000000000000011110101
11051,27068,26.39765,620,8,0001000000000000000000000000000000000000000000000000000000000000
4229,27070,26.400208,25,8,0000000000000001000000000000000110101111111111010000000011011011
38911,9021,26.400642,0BA,5,0010100100000000000000000000010000101000
24436,27071,26.400824,0AA,8,0010010110011100001001011001101000100101100001110010010101111110
17467,27074,26.40384,226,8,0000000000000000000100000000000000000000000000000000000000000000
38912,18039,26.408131,0BA,5,0100111100000000000000000000000000101110
12168,27077,26.408269,2C1,8,0000000000000001101011000000000110111100110000000000110000000001
31656,27079,26.409032,389,8,0000000000100000000000000000000000000000000000000000000000000000
4230,27080,26.409273,25,8,0000000000000001000000000000000110101111111111010000000011011011
24437,27081,26.409811,0AA,8,0010010110011001001001011001110000100101100000000010010101111010
29555,27082,26.410052,24,8,0000001000000000000000100000110001000010000000001000000011111110
15158,27083,26.410296,1C6,8,0000000000000000000000000000000111100000000100110000000000000000
19911,27084,26.410823,0B4,8,0000000000000000000000000000000011000100000010101110011001110000
9219,27085,26.411725,260,8,0000000000000000000000000000000000000000111111111010110100010110
33013,27088,26.414276,1C4,8,0001000100000001000110110000000000000000000000000000000011111010
38913,18041,26.415621,0BA,5,1110000000100011001111000000000010110100
4231,27092,26.419158,25,8,0000000000000001000000000000000110101111111111010000000011011011
24438,27093,26.419829,0AA,8,0010010110011011001001011001101000100101100001110010010101111101
38914,27054,26.42311,0BA,5,1100011000000000000000000000000010111110
29556,27096,26.429048,24,8,0000001000000000000000100000110001000010000000001000000011111110
4232,27097,26.429295,25,8,0000000000000001000000000000000110101111111111100000000011011100
24439,27098,26.429814,0AA,8,0010010110011001001001011001101100100101100010000010010101111010
38915,9032,26.4306,0BA,5,0010100100000000000000000000011100101011
19912,27099,26.430799,0B4,8,0000000000000000000000000000000011000100000010101110110001110110
9220,27100,26.43149,260,8,0000000000000000000000000000000000000000111111111010110100010110
33014,27105,26.434254,1C4,8,0001000100000111000110110000000000000000000000000000000000000000
13663,27107,26.434655,4B7,8,1110001001011111001000001111000000001000111010000000000100001000
17468,27108,26.434901,226,8,0000000000000000000100000000000000000000000000000000000000000000
38916,18060,26.438089,0BA,5,0100111100000000000000000000000000101110
12169,27110,26.438247,2C1,8,0000000000000001101000110000000110110110110000000000101111110001
4233,27112,26.439139,25,8,0000000000000001000000000000000110101111111111100000000011011100
24440,27114,26.439807,0AA,8,0010010110011101001001011001110100100101100000010010010101111111
15159,27115,26.440231,1C6,8,0000000000000000000000000000000111100000000100110000000000000000
851,27117,26.441793,320,8,0000000000100000000000000000000000000000000000000000000001001011
38917,18064,26.445579,0BA,5,1110000000100011001110000000000010110000
29557,27120,26.449022,24,8,0000001000000000000000100000110001000010000000011000000011111111
4234,27121,26.449269,25,8,0000000000000001000000000000000110101111111111100000000011011100
24441,27122,26.449765,0AA,8,0010010110011010001001011001110100100101011111010010010110000010
19913,27123,26.450776,0B4,8,0000000000000000000000000000000011001000000010101110110001111010
9221,27124,26.45144,260,8,0000000000000000000000000000000000000000111111111010110100010110
38918,27087,26.453068,0BA,5,1100011000000000000000000000000010111110
33015,27127,26.454268,1C4,8,0001000100001001000110110000000000000000000000000000000000000010
31458,27129,26.455403,44D,8,0100001000000010000000000000000000000001000000000000000000000000
4235,27132,26.459115,25,8,0000000000000001000000000000000110101111111111100000000011011100
24442,27133,26.459785,0AA,8,0010010110011000001001011001101000100101011111100010010110000000
38919,9043,26.460558,0BA,5,0010100100000000000000000000010000101000
17469,27137,26.46277,226,8,0000000000000000000100000000000000000000000000000000000000000000
38920,18078,26.468047,0BA,5,0100111100000000000000000000000000101110
12170,27138,26.468207,2C1,8,0000000000000001100110010000000110100110110000000000101011010110
287,27140,26.468962,38F,8,0000000100000000000000000000000000000000000000000000000000000000
29558,27141,26.469205,24,8,0000001000000001000000100000101001000010000000011000000011111110
4236,27142,26.469448,25,8,0000000000000001000000000000000110101111111111100000000011011100
24443,27143,26.469768,0AA,8,0010010110010100001001011001100100100101100000000010010110001000
15160,27144,26.470211,1C6,8,0000000000000000000000000000000111011111000100110000000000000000
19914,27145,26.470755,0B4,8,0000000000000000000000000000000011001100000010101110110001111110
9222,27146,26.47142,260,8,0000000000000000000000000000000000000000111111111010110100010110
33016,27150,26.474205,1C4,8,0001000100001000000110110000000000000000000000000000000000000001
38921,18083,26.475537,0BA,5,1110000000100011001100000000000010101000
4237,27153,26.47909,25,8,0000000000000001000000000000000110101111111111100000000011011100
24444,27154,26.479755,0AA,8,0010010110011010001001011001100100100101100001010010010110001000
38922,27116,26.483027,0BA,5,1100011000000000000000000000000010111110
35158,26935,26.484947,3D3,3,111001010000001100110101
43727,1803,26.485049,3BB,5,1010010100000000000000000000000000000000
4238,27158,26.48916,25,8,0000000000000001000000000000000110101111111111100000000011011100
24445,27159,26.489749,0AA,8,0010010110011000001001011001101100100101011111110010010101111111
29559,27160,26.489991,24,8,0000001000000000000000100000110001000010000000011000000011111111
38923,9048,26.490516,0BA,5,0010100100000000000000000000011100101011
19915,27161,26.490729,0B4,8,0000000000000000000000000000000011010000000010101110110010000010
9223,27162,26.491388,260,8,0000000000000000000000000000000000000000111111111010110100010110
33017,27166,26.494185,1C4,8,0001000100001110000110110000000000000000000000000000000000000111
17470,27168,26.49473,226,8,0000000000000000000100000000000000000000000000000000000000000000
852,27169,26.495725,320,8,0000000000100000000000000000000000000000000000000000000001001011
38924,18101,26.498006,0BA,5,0100111100000000000000000000000000101110
12171,27171,26.498177,2C1,8,0000000000000001100100000000000110100011110000000000100111001001
34720,27172,26.498725,380,8,0
4239,27175,26.499354,25,8,0000000000000001000000000000000110101111111111100000000011011100
24446,27176,26.499732,0AA,8,0010010110011010001001011001111000100101011111100010010110000100
15161,27177,26.500216,1C6,8,0000000000000000000000000000000111011111000100110000000000000000
43537,1797,26.500634,423,2,11100000000
38925,18103,26.505495,0BA,5,1110000000100011001011000000000010100100
4240,27182,26.509076,25,8,0000000000000001000000000000000110101111111111110000000011011101
24447,27183,26.509695,0AA,8,0010010110011000001001011001110100100101011111100010010110000001
29560,27184,26.509939,24,8,0000001000000000000000100000110001000010000000111000000000000001
19916,27185,26.510702,0B4,8,0000000000000000000000000000000011010100000010101110110010000110
9224,27186,26.511364,260,8,0000000000000000000000000000000000000000111111111010110100010110
38926,27149,26.512985,0BA,5,1100011000000000000000000000000010111110
33018,27188,26.514165,1C4,8,0001000100010111000110110000000000000000000000000000000000010000
28048,27190,26.514994,6C0,8,1110010000000000000000001110000010000000000000000000000000000000
4241,27192,26.519037,25,8,0000000000000001000000000000000110101111111111110000000011011101
24448,27193,26.519709,0AA,8,0010010110010101001001011001100100100101011110100010010110000010
38927,9062,26.520474,0BA,5,0010100100000000000000000000010000101000
17471,27197,26.522701,226,8,0000000000000000000100000000000000000000000000000000000000000000
38928,18122,26.527964,0BA,5,0100111100000000000000000000000000101110
12172,27199,26.528138,2C1,8,0000000000000001100000110000000110010011110000000000100010101011
4242,27201,26.529053,25,8,0000000000000001000000000000000110101111111111110000000011011101
24449,27202,26.529669,0AA,8,0010010110010100001001011001111000100101100000000010010110000111
29561,27203,26.529916,24,8,0000001000000000000000100000110101000010000000111000000000000010
15162,27204,26.530156,1C6,8,0000000000000000000000000000000111011111000100110000000000000000
19917,27205,26.530678,0B4,8,0000000000000000000000000000000011010100000010101110110010000110
9225,27206,26.531327,260,8,0000000000000000000000000000000000000000111111111010110100010110
33019,27209,26.534141,1C4,8,0001000100011011000110110000000000000000000000000000000000010100
38929,18126,26.535453,0BA,5,1110000000100011001011000000000010100100
4243,27213,26.54004,25,8,0000000000000001000000000000000110101111111111110000000011011101
24450,27214,26.54066,0AA,8,0010010110011100001001011001111000100101100001000010010110000010
853,27215,26.541678,320,8,0000000000100000000000000000000000000000000000000000000001001011
38930,27178,26.542943,0BA,5,1100011000000000000000000000000010111110
29562,27218,26.548894,24,8,0000001000000000000000100000110101000010000000111000000000000010
4244,27219,26.549135,25,8,0000000000000001000000000000000110101111111111110000000011011101
24451,27220,26.549673,0AA,8,0010010110011101001001011010010100100101011111000010010110001000
38931,9069,26.550432,0BA,5,0010100100000000000000000000011100101011
19918,27221,26.550654,0B4,8,0000000000000000000000000000000011011000000010101110110010001010
9226,27222,26.551257,260,8,0000000000000000000000000000000000000000111111111010110100010110
33020,27227,26.554261,1C4,8,0001000100011010000110110000000000000000000000000000000000010011
17472,27229,26.554673,226,8,0000000000000000000100000000000000000000000000000000000000000000
14105,27232,26.556368,442,8,0100001100000010000000000000000000000010000000000000000000000000
38932,18141,26.557922,0BA,5,0100111100000000000000000000000000101110
12173,27233,26.558192,2C1,8,0000000000000001001100000000000100100110110000000000010011100111
4245,27235,26.558987,25,8,0000000000000001000000000000000110101111111111110000000011011101
24452,27236,26.559659,0AA,8,0010010110100011001001011010001000100101100001000010010110000111
15163,27237,26.560099,1C6,8,0000000000000000000000000000000111100000000100110000000000000000
38933,18146,26.565412,0BA,5,1110000000100011001011000000000010100100
4246,27240,26.569003,25,8,0000000000000001000000000000000110101111111111110000000011011101
24453,27241,26.569621,0AA,8,0010010110100011001001011010000100100101100010000010010110001010
29563,27242,26.569863,24,8,0000001000000000000000100000111101000010000000011000000000000010
19919,27244,26.570633,0B4,8,0000000000000000000000000000000011011100000010101111000110010011
9227,27245,26.571259,260,8,0000000000000000000000000000000000000000111111111010110100010110
38934,27208,26.572901,0BA,5,1100011000000000000000000000000010111110
33021,27247,26.574094,1C4,8,0001000100100011000110110000000000000000000000000000000000011100
4247,27250,26.578966,25,8,0000000000000001000000000000000110101111111111110000000011011101
24454,27251,26.579636,0AA,8,0010010110100011001001011001111100100101100010010010010110001100
38935,9079,26.580391,0BA,5,0010100100000000000000000000010000101000
17473,27254,26.582627,226,8,0000000000000000000100000000000000000000000000000000000000000000
16451,27255,26.584271,3F9,8,0111010100011000000000100000001010000000000000000000000000010101
38936,18165,26.58788,0BA,5,0100111100000000000000000000000000101110
12174,27257,26.588121,2C1,8,0000000000000000111000000000000100010000110000000000001001111110
29564,27259,26.588845,24,8,0000001000000000000000100000111101000010000000011000000000000010
4248,27260,26.589086,25,8,0000000000000001000000000000000110101111111111110000000011011101
24455,27262,26.589624,0AA,8,0010010110100111001001011010010000100101100010010010010110001011
15164,27263,26.590101,1C6,8,0000000000000000000000000000000111100000000100110000000000000000
19920,27264,26.590609,0B4,8,0000000000000000000000000000000011100000000010101111000110010111
9228,27265,26.591205,260,8,0000000000000000000000000000000000000000111111111010110100010110
854,27268,26.593613,320,8,0000000000100000000000000000000000000000000000000000000001001011
33022,27269,26.594065,1C4,8,0001000100100001000110110000000000000000000000000000000000011010
14242,27271,26.594606,60.0,8,1010000100000000000000000000000000000000011100000000000000000000
38937,18168,26.59537,0BA,5,1110000000100011001011000000000010100100
4249,27273,26.598944,25,8,0000000000000001000000000000000110101111111111110000000011011101
24456,27274,26.599613,0AA,8,0010010110101011001001011010001100100101100001110010010110000100
38938,27238,26.602859,0BA,5,1100011000000000000000000000000010111110
29565,27278,26.60882,24,8,0000001000000000000000100000110101000010000000001000000011111111
4250,27279,26.609062,25,8,0000000000000001000000000000000110101111111111110000000011011101
24457,27280,26.609601,0AA,8,0010010110101001001001011010011100100101100101010010010110001110
38939,9089,26.610349,0BA,5,0010100100000000000000000000011100101011
19921,27282,26.610588,0B4,8,0000000000000000000000000000000011100100000010101111011110100001
9229,27283,26.610936,260,8,0000000000000000000000000000000000000000111111111010110100010110
7739,27287,26.613778,435,8,1000000000000101000001011111111111100000001111110000000000000011
33023,27288,26.614047,1C4,8,0001000100010010000110110000000000000000000000000000000000001011
17474,27290,26.614585,226,8,0000000000000000000100000000000000000000000000000000000000000000
38940,18186,26.617838,0BA,5,0100111100000000000000000000000000101110
12175,27292,26.618038,2C1,8,0000100000000000101000110000000011000011110000000000000011111001
15165,27295,26.620032,1C6,8,0000000000000000000000000000000111100000000100110000000000000000
4251,27296,26.620271,25,8,0000000000000001000000000000000110101111111111110000000011011101
24458,27297,26.620563,0AA,8,0010010110100100001001011010100000100101100100110010010110000010
10929,27298,26.62081,436,8,0
13603,27300,26.623807,4DD,8,0001111000000000000000000000000000000000000000000000000000000000
38941,18189,26.625328,0BA,5,1110000000100011001011000000000010100100
34779,27302,26.628771,4DF,8,0010000000000000000000000000000100000000000000000000000000000000
29566,27303,26.629014,24,8,0000001000000001000000100000110101000010000000001000000000000000
4252,27304,26.629255,25,8,0000000000000001000000000000000110101111111111110000000011011101
24459,27305,26.629549,0AA,8,0010010110100010001001011010001100100101100011010010010110000100
19922,27306,26.63056,0B4,8,0000000000000000000000000000000011100100000010101111011110100001
9230,27307,26.630862,260,8,0000000000000000000000000000000000000000111111111011100000100001
38942,27267,26.632817,0BA,5,1100011000000000000000000000000010111110
33024,27309,26.63404,1C4,8,0001000100000001000110110000000000000000000000000000000011111010
4253,27313,26.638898,25,8,0000000000000001000000000000000110101111111111110000000011011101
24460,27314,26.639567,0AA,8,0010010110101000001001011010011100100101100110000010010110000100
38943,9102,26.640307,0BA,5,0010100100000000000000000000010000101000
17475,27317,26.642557,226,8,0000000000000000000100000000000000000000000000000000000000000000
855,27318,26.643552,320,8,0000000000100000000000000000000000000000000000000000000001001011
11251,27319,26.645956,4C8,8,0000100100000000000000000000000000000000000000000000000000000000
38944,18201,26.647797,0BA,5,0100111100000000000000000000000000101110
12176,27320,26.647995,2C1,8,0000100000000000000101100000000001110000110000000000000000011001
13795,27322,26.648748,434,8,0100001000000000000000000000000000000000000000000000000000000000
29567,27323,26.648991,24,8,0000001000000001000000100000110101000010000000001000000000000000
4254,27324,26.649234,25,8,0000000000000001000000000000000110101111111111110000000011011101
24461,27325,26.649521,0AA,8,0010010110100110001001011010010000100101100100010010010110000111
15166,27326,26.650006,1C6,8,0000000000000000000000000000000111100000000100110000000000000000
19923,27327,26.650538,0B4,8,0000000000000000000000000000000011101000000010101111011110100101
9231,27328,26.650857,260,8,0000000000000000000000000000000000000000111111111011100000100001
13404,27329,26.651012,394,3,0
21680,27335,26.653741,443,8,0100110100000010000000000010111100000110000000000000000000000000
33025,27336,26.653998,1C4,8,0001000011110001000110110000000000000000000000000000000011101001
34865,27338,26.65448,3C3,8,0100011000011110100100110100111011101110010110010000001110001000
38945,18205,26.655286,0BA,5,1110000000100011001011000000000010100100
28186,27339,26.655733,437,8,1111110011111111111111111111111111111111111111111111111111111111
4255,27341,26.658871,25,8,0000000000000001000000000000000110101111111111110000000011011101
24462,27342,26.659542,0AA,8,0010010110100100001001011010011100100101100011100010010110001100
38946,27299,26.662776,0BA,5,1100011000000000000000000000000010111110
29568,27345,26.668865,24,8,0000001000000001000000100000110001000010000000001000000011111111
4256,27346,26.669108,25,8,0000000000000001000000000000000110101111111111110000000011011101
24463,27347,26.669525,0AA,8,0010010110100011001001011010001000100101100010110010010110001011
38947,9111,26.670265,0BA,5,0010100100000000000000000000011100101011
19924,27348,26.670514,0B4,8,0000000000000000000000000000000011101100000010101111011110101001
9232,27349,26.670801,260,8,0000000000000000000000000000000000000000111111111011100000100001
33026,27353,26.673976,1C4,8,0001000011101000000110110000000000000000000000000000000011100000
17476,27355,26.674515,226,8,0000000000000000000100000000000000000000000000000000000000000000
38948,18225,26.677755,0BA,5,0100111100000000000000000000000000101110
12177,27358,26.677973,2C1,8,0000100011111111111101110000000000000110110000000000000010001111
4257,27360,26.678847,25,8,0000000000000001000000000000000110101111111111110000000011011101
24464,27361,26.679513,0AA,8,0010010110100011001001011010000100100101100010100010010110001011
15167,27362,26.679956,1C6,8,0000000000000000100000000000000111011111000101000000000000000000
149,27364,26.681515,3B7,8,1000
38949,18228,26.685244,0BA,5,1110000000100011001011000000000010100100
29569,27368,26.688726,24,8,0000001000000001000000100000100001000010000000001000000011111011
4258,27369,26.688968,25,8,0000000000000001000000000000000110101111111111110000000011011101
24465,27370,26.689501,0AA,8,0010010110100001001001011010001000100101100011010010010110010011
19925,27371,26.69049,0B4,8,0000000000000000000000000000000011110000000010101111011110101101
9233,27372,26.690735,260,8,0000000000000000000000000000000000000000111111111011100000100001
856,27374,26.692494,320,8,0000000000100000000000000000000000000000000000000000000001001011
38950,27332,26.692734,0BA,5,1100011000000000000000000000000010111110
33027,27375,26.693954,1C4,8,0001000011010110000110110000000000000000000000000000000011001110
31269,27377,26.697143,4A6,8,0000000000000000000000000000000000000000000011100000000000000000
11052,27378,26.697411,620,8,0001000000000000000000000000000000000000000000000000000000000000
4259,27380,26.699849,25,8,0000000000000001000000000000000110101111111111110000000011011101
38951,9126,26.700223,0BA,5,0010100100000000000000000000010000101000
24466,27381,26.700461,0AA,8,0010010110011110001001011001111000100101100010110010010110010001
17477,27385,26.703485,226,8,0000000000000000000100000000000000000000000000000000000000000000
38952,18245,26.707713,0BA,5,0100111100000000000000000000000000101110
12178,27387,26.70817,2C1,8,0000100011111111110010101111111111000111110000000000000000100010
29570,27389,26.70872,24,8,0000001000000001000000100000100001000010000000011000000011111100
4260,27390,26.708964,25,8,0000000000000001000000000000000110101111111111110000000011011101
24467,27391,26.709452,0AA,8,0010010110011001001001011001101000100101100001110010010110001111
15168,27392,26.709935,1C6,8,0000000000000000100000000000000111011111000101000000000000000000
19926,27393,26.710466,0B4,8,0000000000000000000000000000000011110100000010101111011110110001
9234,27394,26.710711,260,8,0000000000000000000000000000000000000000111111111011100000100001
33028,27397,26.713932,1C4,8,0001000011000011000110110000000000000000000000000000000010111011
38953,18249,26.715202,0BA,5,1110000000100011001011000000000010100100
4261,27402,26.718795,25,8,0000000000000001000000000000000110101111111111110000000011011101
24468,27403,26.719467,0AA,8,0010010110010100001001011001011100100101100011010010010110001101
38954,27363,26.722692,0BA,5,1100011000000000000000000000000010111110
4262,27405,26.728817,25,8,0000000000000001000000000000000110011111111111110000000011001101
24469,27406,26.72943,0AA,8,0010010110010011001001011001100000100101100010000010010110001101
29571,27407,26.729671,24,8,0000001000000001000000100000010101000010000000011000000011111001
38955,9133,26.730181,0BA,5,0010100100000000000000000000011100101011
19927,27408,26.730441,0B4,8,0000000000000000000000000000000011110100000010101111011110110001
9235,27409,26.730682,260,8,0000000000000000000000000000000000000000111111111010110100010110
33029,27413,26.7339,1C4,8,0001000010110001000110110000000000000000000000000000000010101001
17478,27416,26.734496,226,8,0000000000000000000100000000000000000000000000000000000000000000
38956,18261,26.737671,0BA,5,0100111100000000000000000000000000101110
12179,27418,26.737904,2C1,8,0000100011111111011111011111111101111101110000000000000010001011
4263,27420,26.738778,25,8,0000000000000001000000000000000110011111111111110000000011001101
24470,27422,26.739465,0AA,8,0010010110010010001001011001001100100101100000110010010110001110
15169,27423,26.739885,1C6,8,0000000000000000100000000000000111011111000101000100000000000000
857,27425,26.741433,320,8,0000000000100000000000000000000000000000000000000000000001001011
35159,3370,26.744604,3D3,3,011011000000001000000000
38957,18265,26.745161,0BA,5,1110000000100011000110000000000010010000
29572,27427,26.748661,24,8,0000001000000001000000100000001101000010000000011000000011110111
4264,27428,26.748904,25,8,0000000000000001000000000000000110011111111111110000000011001101
24471,27429,26.749433,0AA,8,0010010110010011001001011001010100100101100000110010010110001110
19928,27430,26.750424,0B4,8,0000000000000000000000000000000011111000000010101111000110101111
9236,27432,26.750848,260,8,0000000000000000000000000000000000000000111111111010110100010110
38958,27396,26.75265,0BA,5,1100011000000000000000000000000010111110
33030,27435,26.753893,1C4,8,0001000010101000000110110000000000000000000000000000000010100000
31459,27437,26.754318,44D,8,0100001000000010000000000000000000000001000000000000000000000000
13984,27438,26.75862,38E,8,0
4265,27440,26.759781,25,8,0000000000000001000000000000000110011111111111110000000011001101
38959,9143,26.76014,0BA,5,0010100100000000000000000000010000101000
24472,27441,26.760391,0AA,8,0010010110010101001001011001011000100101100001010010010110001011
17479,27444,26.763411,226,8,0000000000000000000100000000000000000000000000000000000000000000
38960,18283,26.767629,0BA,5,0100111100000000000000000000000000101110
12180,27446,26.768132,2C1,8,0000100011111111010010101111111100110111110000000000000000010010
29573,27448,26.768654,24,8,0000001000000001000000100000000001000010000000001000000011110011
4266,27449,26.768896,25,8,0000000000000001000000000000000110011111111111110000000011001101
24473,27450,26.76938,0AA,8,0010010110010110001001011001111100100101100001010010010110001100
15170,27451,26.769868,1C6,8,0000000000000000100000000000000111010111000101000100000000000000
19929,27452,26.770395,0B4,8,0000000000000000000000000000000011111100000010101110011010101000
9237,27453,26.770664,260,8,0000000000000000000000000000000000000000111111111010110100010110
33031,27456,26.77386,1C4,8,0001000010010111000110110000000000000000000000000000000010001111
38961,18285,26.775119,0BA,5,1110000000100010111011000000000001100011
4267,27459,26.778737,25,8,0000000000000001000000000000000110011111111111110000000011001101
24474,27460,26.779398,0AA,8,0010010110011010001001011001110100100101100001000010010110000111
38962,27424,26.782608,0BA,5,1100011000000000000000000000000010111110
43728,27743,26.782634,3BB,5,0111000000000000000000001010010100000000
29574,27465,26.788621,24,8,0000001000000000000000100000000001000010000000011000000011110011
4268,27466,26.788863,25,8,0000000000000001000000000000000110011111111111110000000011001101
24475,27467,26.789384,0AA,8,0010010110011010001001011001111000100101100001000010010110001001
38963,9152,26.790098,0BA,5,0010100100000000000000000000011100101011
19930,27468,26.790373,0B4,8,0000000000000000000000000000000000000000000010101110011010101100
9238,27469,26.790615,260,8,0000000000000000000000000000000000000000111111111010110100010110
33032,27473,26.793842,1C4,8,0001000010001110000110110000000000000000000000000000000010000110
17480,27475,26.794372,226,8,0000000000000000000100000000000000000000000000000000000000000000
858,27476,26.795369,320,8,0000000000100000000000000000000000000000000000000000000001001011
38964,18304,26.797587,0BA,5,0100111100000000000000000000000000101110
12181,27478,26.797837,2C1,8,0000100011111111000101111111111011101101110000000000000010010100
4269,27480,26.798711,25,8,0000000000000001000000000000000110011111111111110000000011001101
24476,27481,26.799387,0AA,8,0010010110011000001001011001100000100101100011000010010110001111
15171,27483,26.799818,1C6,8,0000000000000000100000000000000111001011000101010100000000000000
38965,18309,26.805077,0BA,5,1110000000100010111011000000000001100011
29575,27488,26.808597,24,8,0000001000000000000000100000000101000010000000011000000011110100
4270,27489,26.808839,25,8,0000000000000001000000000000000110011111111111110000000011001101
24477,27490,26.809334,0AA,8,0010010110011001001001011001000100100101100010000010010110001000
19931,27491,26.810351,0B4,8,0000000000000000000000000000000000000000000010101110011010101100
9239,27492,26.810593,260,8,0000000000000000000000000000000000000000111111111010110100010110
38966,27455,26.812566,0BA,5,1100011000000000000000000000000010111110
33033,27494,26.813824,1C4,8,0001000001110110000110110000000000000000000000000000000001101110
28049,27496,26.814231,6C0,8,1110010000000000000000001110000010000000000000000000000000000000
13729,27498,26.818553,3A5,8,100000000
4271,27500,26.819709,25,8,0000000000000001000000000000000110011111111111110000000011001101
38967,9165,26.820056,0BA,5,0010100100000000000000000000010000101000
24478,27501,26.820326,0AA,8,0010010110011010001001011001001000100101100001000010010110001101
17481,27504,26.823341,226,8,0000000000000000000100000000000000000000000000000000000000000000
38968,18326,26.827546,0BA,5,0100111100000000000000000000000000101110
12182,27505,26.827791,2C1,8,0000100011111110111011011111111011000111110000000000000001000011
29576,27507,26.828597,24,8,0000001000000000000000100000000101000010000000001000000011110011
4272,27508,26.82884,25,8,0000000000000001000000000000000110011111111111110000000011001101
7827,27509,26.82908,610,8,0010000000000000000111000110010011000000000000000110001101000000
24479,27510,26.829313,0AA,8,0010010110010100001001011001001000100101100001110010010110000011
15172,27511,26.829801,1C6,8,0000000000000000100000000000000110111111000101010100000000000000
19932,27512,26.830327,0B4,8,0000000000000000000000000000000000000100000010101110011010110000
9240,27513,26.830569,260,8,0000000000000000000000000000000000000000111111111010110100010110
16452,27517,26.833627,3F9,8,0111010100011000000000100000001010000000000000000000000000010101
33034,27518,26.83387,1C4,8,0001000001011011000110110000000000000000000000000000000001010011
38969,18331,26.835035,0BA,5,1110000000100010111011000000000001100011
43538,6900,26.836085,423,2,10101000001111
4273,27521,26.839687,25,8,0000000000000001000000000000000110011111111111110000000011001101
24480,27522,26.840303,0AA,8,0010010110010010001001011001100000100101100001100010010101111010
31337,27523,26.840903,640,8,1010100000000000000000000011011100000001110111100000000000000000
859,27524,26.841318,320,8,0000000000100000000000000000000000000000000000000000000001001011
38970,27484,26.842525,0BA,5,1100011000000000000000000000000010111110
35023,27527,26.848527,413,8,0000000100000001000000010000100100000000000000000000000000000000
29577,27528,26.848767,24,8,0000001000000001000000011111111101000010000000001000000011110001
4274,27529,26.849012,25,8,0000000000000001000000000000000110011111111111110000000011001101
24481,27531,26.849418,0AA,8,0010010110001100001001011001001000100101100001110010010110000000
38971,9171,26.850014,0BA,5,0010100100000000000000000000011100101011
19933,27532,26.850302,0B4,8,0000000000000000000000000000000000001000000010101110011010110100
9241,27533,26.850548,260,8,0000000000000000000000000000000000000000111111111011100000100001
33035,27537,26.85378,1C4,8,0001000001001110000110110000000000000000000000000000000001000110
17482,27539,26.854304,226,8,0000000000000000000100000000000000000000000000000000000000000000
14106,27542,26.855873,442,8,0100001100000010000000000000000000000010000000000000000000000000
38972,18348,26.857504,0BA,5,0100111100000000000000000000000000101110
12183,27543,26.857895,2C1,8,0000100011111110110011011111111010110111110000000000000000010011
4275,27545,26.858637,25,8,0000000000000001000000000000000110011111111111110000000011001101
24482,27546,26.859309,0AA,8,0010010110000011001001011000001000100101100001110010010101111000
15173,27547,26.859753,1C6,8,0000000000000000100000000000000110110111000101010100000000000000
38973,18350,26.864993,0BA,5,1110000000100010111011000000000001100011
29578,27551,26.868531,24,8,0000001000000000000000011111110101000001111111111000000011101100
4276,27552,26.868775,25,8,0000000000000001000000000000000110011111111111110000000011001101
24483,27554,26.86927,0AA,8,0010010101111100001001010111011100100101100000000010010101111001
9242,27555,26.870237,260,8,0000000000000000000000000000000000000000111111111010110100010110
19934,27556,26.87048,0B4,8,0000000000000000000000000000000000001100000010101110000010110010
38974,27516,26.872483,0BA,5,1100011000000000000000000000000010111110
33036,27558,26.873759,1C4,8,0001000000111110000110110000000000000000000000000000000000110110
4277,27561,26.878616,25,8,0000000000000001000000000000000110011111111111110000000011001101
24484,27562,26.879282,0AA,8,0010010101110110001001010111010100100101011111100010010101111001
38975,9184,26.879972,0BA,5,0010100100000000000000000000010000101000
17483,27566,26.882275,226,8,0000000000000000000100000000000000000000000000000000000000000000
38976,18367,26.887462,0BA,5,0100111100000000000000000000000000101110
12184,27567,26.887725,2C1,8,0000100011111110101011011111111010100000110000000000000011011100
29579,27569,26.888509,24,8,0000001000000000000000011111011001000010000000001000000011100111
4278,27570,26.888751,25,8,0000000000000001000000000000000110011111111111110000000011001101
24485,27571,26.889277,0AA,8,0010010101110010001001010111000000100101011110000010010101111000
15174,27572,26.889731,1C6,8,0000000000000000100000000000000110110111000101010100000000000000
9243,27573,26.890189,260,8,0000000000000000000000000000000000000000111111111010110100010110
19935,27574,26.890429,0B4,8,0000000000000000000000000000000000010000000010101101101110110001
860,27577,26.893257,320,8,0000000000100000000000000000000000000000000000000000000001001011
33037,27578,26.893734,1C4,8,0001000000111100000110110000000000000000000000000000000000110100
38977,18370,26.894951,0BA,5,1110000000100010111001000000000001011011
4279,27582,26.899619,25,8,0000000000000000000000000000000101111111111111110000000010101100
24486,27583,26.900229,0AA,8,0010010101101100001001010110110100100101011011000010010101110010
38978,27548,26.902441,0BA,5,1100011000000000000000000000000010111110
29580,27586,26.908481,24,8,0000001000000001000000011110110101000010000000111000000011100010
4280,27587,26.908724,25,8,0000000000000000000000000000000101111111111111110000000010101100
24487,27588,26.909251,0AA,8,0010010101100011001001010110110000100101011100110010010101101111
38979,9191,26.909931,0BA,5,0010100100000000000000000000011100101011
9244,27589,26.910088,260,8,0000000000000000000000000000000000000000111111111010110100010110
19936,27590,26.91033,0B4,8,0000000000000000000000000000000000010000000010101101000010100110
33038,27595,26.913718,1C4,8,0001000001000000000110110000000000000000000000000000000000111000
17484,27598,26.914313,226,8,0000000000000000000100000000000000000000000000000000000000000000
38980,18384,26.91742,0BA,5,0100111100000000000000000000000000101110
12185,27600,26.917704,2C1,8,0000100011111110100011011111111010010100110000000000000010110000
4281,27602,26.918571,25,8,0000000000000000000000000000000101111111111111110000000010101100
24488,27603,26.919237,0AA,8,0010010101100100001001010110011000100101011001100010010101101101
15175,27604,26.919687,1C6,8,0000000000000000100000000000000110110111000101010100000000000000
38981,18389,26.92491,0BA,5,1110000000100010111010000000000001011111
29581,27607,26.928461,24,8,0000001000000001000000011110100001000010000001011000000011011111
4282,27608,26.928705,25,8,0000000000000000000000000000000101111111111111110000000010101100
24489,27609,26.929198,0AA,8,0010010101011011001001010110000100100101011000100010010101101110
9245,27610,26.930052,260,8,0000000000000000000000000000000000000000111111111010110100010110
19937,27611,26.930293,0B4,8,0000000000000000000000000000000000010100000010101100010010011110
27825,27614,26.932213,420,8,0000000000000000000000000000000011111111000000001000000010101011
38982,27576,26.932399,0BA,5,1100011000000000000000000000000010111110
33039,27616,26.933687,1C4,8,0001000001010001000110110000000000000000000000000000000001001001
4283,27620,26.938549,25,8,0000000000000000000000000000000101111111111111110000000010101100
24490,27621,26.939213,0AA,8,0010010101011001001001010101100100100101010111110010010101100011
38983,9202,26.939889,0BA,5,0010100100000000000000000000010000101000
17485,27624,26.942205,226,8,0000000000000000000100000000000000000000000000000000000000000000
861,27625,26.943201,320,8,0000000000100000000000000000000000000000000000000000000001001011
38984,18406,26.947378,0BA,5,0100111100000000000000000000000000101110
12186,27627,26.947663,2C1,8,0000100011111110011101111111111001111101110000000000000010000011
29582,27629,26.948437,24,8,0000001000000000000000011110010101000010000000011000000011010111
4284,27630,26.948682,25,8,0000000000000000000000000000000101111111111111110000000010101100
24491,27631,26.949201,0AA,8,0010010101001111001001010101010100100101010101100010010101011110
15176,27632,26.94966,1C6,8,0000000000000000100000000000000110110111000101010100000000000000
9246,27633,26.950067,260,8,0000000000000000000000000000000000000000111111111011100000100001
19938,27634,26.950307,0B4,8,0000000000000000000000000000000000011000000010101011100110010111
13405,27635,26.950462,394,3,0
7619,27638,26.953091,3BC,8,0
21681,27640,26.953539,443,8,0100110100000010000000000010111100000110000000000000000000000000
33040,27641,26.953779,1C4,8,0001000001101010000110110000000000000000000000000000000001100010
38985,18410,26.954868,0BA,5,1110000000100010101111000000000000110011
4285,27644,26.958521,25,8,0000000000000000000000000000000101111111111111110000000010101100
24492,27645,26.959187,0AA,8,0010010101010011001001010100111000100101010100100010010101011010
38986,27605,26.962357,0BA,5,1100011000000000000000000000000010111110
35331,25700,26.964156,386,7,11011011000000000000000000000000000001100000000000000011
43425,25725,26.964206,3000000.0,6,101011000000000000000000000000000000000000000000
29583,27648,26.968421,24,8,0000001000000000000000011110000101000010000000001000000011010010
4286,27649,26.968664,25,8,0000000000000000000000000000000101111111111111110000000010101100
24493,27650,26.96918,0AA,8,0010010101001011001001010101000000100101010010010010010101010010
38987,9213,26.969847,0BA,5,0010100100000000000000000000011100101011
9247,27651,26.969946,260,8,0000000000000000000000000000000000000000111111111010110100010110
19939,27652,26.970184,0B4,8,0000000000000000000000000000000000011100000010101010111010010000
33041,27656,26.973647,1C4,8,0001000001111000000110110000000000000000000000000000000001110000
17486,27658,26.974166,226,8,0000000000000000000100000000000000000000000000000000000000000000
38988,18430,26.977336,0BA,5,0100111100000000000000000000000000101110
12187,27661,26.977646,2C1,8,0000100011111110010101111111111000010111110000000000000011111101
27886,27663,26.978336,4DC,8,0001110100000000000000000000000000000000000000000000000000000000
4287,27664,26.978578,25,8,0000000000000000000000000000000101111111111111110000000010101100
31596,27665,26.978823,633,8,1000000100000000000000000000000000000000000000000000000000000000
24494,27666,26.979174,0AA,8,0010010101001101001001010100111000100101010001100010010101010000
15177,27668,26.979754,1C6,8,0000000000000000100000000000000110111011000101010100000000000000
150,27670,26.98116,3B7,8,1000
38989,18436,26.984826,0BA,5,1110000000100010110010000000000000111111
29584,27672,26.988395,24,8,0000001000000000000000011110000101000010000000111000000011010101
4288,27673,26.98864,25,8,0000000000000000000000000000000101111111111111110000000010101100
24495,27674,26.98913,0AA,8,0010010101000100001001010100111000100101010001110010010101001000
9248,27675,26.989925,260,8,0000000000000000000000000000000000000000111111111010110100010110
19940,27676,26.990166,0B4,8,0000000000000000000000000000000000100000000010101010100010001110
862,27678,26.992144,320,8,0000000000100000000000000000000000000000000000000000000001001011
38990,27637,26.992316,0BA,5,1100011000000000000000000000000010111110
33042,27679,26.993652,1C4,8,0001000010010001000110110000000000000000000000000000000010001001
11053,27682,26.996658,620,8,0001000000000000000000000000000000000000000000000000000000000000
1550,27684,26.998372,6F3,8,0010000000000000000000000000000000000000000000000000000000000000
4289,27685,26.998617,25,8,0000000000000000000000000000000101111111111111110000000010101100
24496,27687,26.999148,0AA,8,0010010101000101001001010100110000100101010000010010010101000001
38991,9227,26.999805,0BA,5,0010100100000000000000000000010000101000
17487,27690,27.002136,226,8,0000000000000000000100000000000000000000000000000000000000000000
35160,27463,27.00426,3D3,3,111001010000001110111101
38992,18448,27.007295,0BA,5,0100111100000000000000000000000000101110
12188,27692,27.007591,2C1,8,0000100011111110001110101111110111101101110000000000000010110101
29585,27694,27.008377,24,8,0000001000000000000000011110001101000010000001101000000011011010
4290,27695,27.008621,25,8,0000000000000000000000000000000101111111111111110000000010101100
24497,27696,27.009106,0AA,8,0010010101000000001001010100010100100101001111110010010100111111
15178,27697,27.009604,1C6,8,0000000000000000100000000000000110111110000101010100000000000000
9249,27698,27.009961,260,8,0000000000000000000000000000000000000000111111111010110100010110
19941,27699,27.010204,0B4,8,0000000000000000000000000000000000100000000010101010001110001001
13543,27703,27.013133,399,8,0000000000000000000000000000000000000000111111110000000000000000
33043,27704,27.013603,1C4,8,0001000010100001000110110000000000000000000000000000000010011001
38993,18453,27.014784,0BA,5,1110000000100010101011000000000000100011
11191,27706,27.015386,39A,8,0000000000000000000000000000000100000000000000000000000000000000
4291,27708,27.018455,25,8,0000000000000000000000000000000101111111111111110000000010101100
24498,27709,27.019124,0AA,8,0010010101000011001001010100001100100101001111100010010100111010
38994,27669,27.022274,0BA,5,1100011000000000000000000000000010111110
29586,27711,27.028379,24,8,0000001000000001000000011110010101000010000000111000000011011010
4292,27712,27.028621,25,8,0000000000000000000000000000000101111111111111110000000010101100
24499,27714,27.029109,0AA,8,0010010100111100001001010011100000100101001101100010010100111010
38995,9232,27.029763,0BA,5,0010100100000000000000000000011100101011
9250,27715,27.02989,260,8,0000000000000000000000000000000000000000111111111010110100010110
19942,27716,27.030132,0B4,8,0000000000000000000000000000000000100100000010101001110110000111
27,27720,27.033368,3B1,8,0000000000000000000000100000101000000000000010000000000000000000
33044,27721,27.033614,1C4,8,0001000010101000000110110000000000000000000000000000000010100000
17488,27723,27.034097,226,8,0000000000000000000100000000000000000000000000000000000000000000
38996,18472,27.037253,0BA,5,0100111100000000000000000000000000101110
12189,27725,27.037571,2C1,8,0000100011111110001000001111110111011101110000000000000010001011
4293,27727,27.038431,25,8,0000000000000000000000000000000101111111111111110000000010101100
24500,27728,27.0391,0AA,8,0010010100111110001001010011011000100101001100100010010100110101
15179,27729,27.039555,1C6,8,0000000000000000100000000000000111000001000101010100000000000000
863,27732,27.041089,320,8,0000000000100000000000000000000000000000000000000000000001001011
34961,27733,27.042086,4C3,8,0000001100000000000000000000000100000000000000000000000000000000
38997,18475,27.044742,0BA,5,1110000000100010101010000000000000011111
29587,27736,27.048349,24,8,0000001000000001000000011110011001000010000000001000000011011000
4294,27737,27.048592,25,8,0000000000000000000000000000000101111111111111110000000010101100
24501,27738,27.049087,0AA,8,0010010100111111001001010011001000100101001011000010010100101011
9251,27739,27.049848,260,8,0000000000000000000000000000000000000000111111111010110100010110
19943,27740,27.050101,0B4,8,0000000000000000000000000000000000101000000010101001011110000101
38998,27701,27.052232,0BA,5,1100011000000000000000000000000010111110
31460,27744,27.05346,44D,8,0100001000000010000000000000000000000001000000000000000000000000
33045,27745,27.0537,1C4,8,0001000010110011000110110000000000000000000000000000000010101011
4295,27748,27.058417,25,8,0000000000000000000000000000000101111111111111110000000010101100
24502,27749,27.059075,0AA,8,0010010101000000001001010011110100100101001100010010010100101100
38999,9247,27.059721,0BA,5,0010100100000000000000000000010000101000
17489,27753,27.062067,226,8,0000000000000000000100000000000000000000000000000000000000000000
39000,18497,27.067211,0BA,5,0100111100000000000000000000000000101110
12190,27755,27.067528,2C1,8,0000100011111110000010101111110111011010110000000000000001110010
29588,27757,27.068307,24,8,0000001000000001000000011110011001000010000000001000000011011000
4296,27758,27.068548,25,8,0000000000000000000000000000000101111111111111110000000010101100
24503,27759,27.069036,0AA,8,0010010100111011001001010011101100100101001011010010010100011010
15180,27760,27.069536,1C6,8,0000000000000000100000000000000111000100000101010100000000000000
9252,27761,27.069828,260,8,0000000000000000000000000000000000000000111111111010110100010110
19944,27762,27.070072,0B4,8,0000000000000000000000000000000000101100000010101000110001111110
16308,27765,27.073075,4C1,8,0000000100000000000000010000000100000000000000000000000000000000
33046,27766,27.073541,1C4,8,0001000010110111000110110000000000000000000000000000000010101111
39001,18502,27.0747,0BA,5,1110000000100010101010000000000000011111
4297,27770,27.078388,25,8,0000000000000000000000000000000101111111111111110000000010101100
24504,27771,27.079051,0AA,8,0010010100110100001001010011011100100101001000010010010100011001
43729,918,27.080219,3BB,5,1011101100000000000000000000000000100110
39002,27731,27.08219,0BA,5,1100011000000000000000000000000010111110
16453,27772,27.08391,3F9,8,0111010100011000000000100000001010000000000000000000000000010101
29589,27774,27.088284,24,8,0000001000000001000000011110110101000010000000111000000011100010
4298,27775,27.088527,25,8,0000000000000000000000000000000101111111111111110000000010101100
24505,27776,27.089041,0AA,8,0010010100101101001001010011001000100101001010000010010100010110
39003,9255,27.08968,0BA,5,0010100100000000000000000000011100101011
9253,27777,27.089683,260,8,0000000000000000000000000000000000000000111111111011100000100001
19945,27778,27.090028,0B4,8,0000000000000000000000000000000000101100000010101000110001111110
33047,27782,27.093512,1C4,8,0001000010110100000110110000000000000000000000000000000010101100
17490,27784,27.094025,226,8,0000000000000000000100000000000000000000000000000000000000000000
864,27787,27.09502,320,8,0000000000100000000000000000000000000000000000000000000001001011
39004,18513,27.097169,0BA,5,0100111100000000000000000000000000101110
12191,27788,27.097506,2C1,8,0000100011111101111101001111110111100000110000000000000001100001
4299,27790,27.099386,25,8,0000000000000000000000000000000101111111111111110000000010101100
15181,27791,27.099622,1C6,8,0000000000000000100000000000000111000111000101010100000000000000
24506,27792,27.100003,0AA,8,0010010100101100001001010010110100100101001000000010010100011010
39005,18518,27.104659,0BA,5,1110000000100010101010000000000000011111
29590,27797,27.108267,24,8,0000001000000001000000011111000101000010000000111000000011100110
4300,27798,27.108509,25,8,0000000000000000000000000000000101110000000000000000000010011110
24507,27799,27.108992,0AA,8,0010010100110000001001010010111100100101000111010010010100010101
9254,27800,27.109543,260,8,0000000000000000000000000000000000000000111111111011100000100001
19946,27801,27.110005,0B4,8,0000000000000000000000000000000000110000000010101000011001111100
39006,27764,27.112148,0BA,5,1100011000000000000000000000000010111110
28050,27804,27.113293,6C0,8,1110010000000000000000001110000010000000000000000000000000000000
33048,27805,27.11353,1C4,8,0001000010101010000110110000000000000000000000000000000010100010
4301,27808,27.118339,25,8,0000000000000000000000000000000101110000000000000000000010011110
24508,27809,27.119006,0AA,8,0010010100101110001001010010110100100101000101100010010100010000
39007,9267,27.119638,0BA,5,0010100100000000000000000000010000101000
17491,27812,27.122003,226,8,0000000000000000000100000000000000000000000000000000000000000000
39008,18537,27.127127,0BA,5,0100111100000000000000000000000000101110
12192,27814,27.127458,2C1,8,0000100011111101111010101111110111100100110000000000000001011011
29591,27816,27.128244,24,8,0000001000000001000000011111000101000010000000001000000011100011
4302,27817,27.128486,25,8,0000000000000000000000000000000101110000000000000000000010011110
24509,27819,27.128964,0AA,8,0010010100100111001001010010101100100101000011010010010100010100
15182,27820,27.129469,1C6,8,0000000000000000100000000000000111001010000101010100000000000000
9255,27821,27.129711,260,8,0000000000000000000000000000000000000000111111111010110100010110
19947,27822,27.12998,0B4,8,0000000000000000000000000000000000110100000010101000011010000000
33049,27825,27.133465,1C4,8,0001000010010110000110110000000000000000000000000000000010001110
39009,18541,27.134617,0BA,5,1110000000100010101010000000000000011111
4303,27828,27.138317,25,8,0000000000000000000000000000000101110000000000000000000010011110
24510,27829,27.138981,0AA,8,0010010100100100001001010010011100100101000100110010010100010011
865,27830,27.140008,320,8,0000000000100000000000000000000000000000000000000000000001001011
39010,27793,27.142106,0BA,5,1100011000000000000000000000000010111110
29592,27833,27.148222,24,8,0000001000000001000000011111011001000010000000011000000011101001
4304,27834,27.148465,25,8,0000000000000000000000000000000101110000000000000000000010011110
24511,27835,27.148973,0AA,8,0010010100100001001001010010010100100101000010110010010100001110
9256,27836,27.149417,260,8,0000000000000000000000000000000000000000111111111010110100010110
39011,9280,27.149596,0BA,5,0010100100000000000000000000011100101011
19948,27837,27.149959,0B4,8,0000000000000000000000000000000000111000000010101000000101111111
33050,27841,27.153449,1C4,8,0001000010001001000110110000000000000000000000000000000010000001
34866,27843,27.153914,3C3,8,0100011000011110100100110100111011101110010110010000001110001000
17492,27844,27.154163,226,8,0000000000000000000100000000000000000000000000000000000000000000
14107,27848,27.155384,442,8,0100001100000010000000000000000000000010000000000000000000000000
39012,18557,27.157085,0BA,5,0100111100000000000000000000000000101110
12193,27849,27.15744,2C1,8,0000100011111101101110101111110111010111110000000000000000011110
4305,27851,27.158297,25,8,0000000000000000000000000000000101110000000000000000000010011110
24512,27852,27.158956,0AA,8,0010010100100001001001010010001100100101000010100010010100010010
15183,27853,27.159451,1C6,8,0000000000000000100000000000000111000010000101010100000000000000
39013,18561,27.164575,0BA,5,1110000000100010101010000000000000011111
29593,27857,27.168225,24,8,0000001000000000000000011111101001000010000000011000000011101100
4306,27858,27.168445,25,8,0000000000000000000000000000000101110000000000000000000010011110
24513,27860,27.16892,0AA,8,0010010100011111001001010010000100100101000010100010010100001010
9257,27861,27.169374,260,8,0000000000000000000000000000000000000000111111111010110100010110
19949,27862,27.169935,0B4,8,0000000000000000000000000000000000111000000010100111101101111001
43539,27118,27.171536,423,2,1000100000000
39014,27824,27.172065,0BA,5,1100011000000000000000000000000010111110
13857,27864,27.173396,4C6,8,0000011100000000000000110000000000000000000000000000000000000000
33051,27865,27.173604,1C4,8,0001000001101110000110110000000000000000000000000000000001100110
4307,27869,27.179294,25,8,0000000000000000000000000000000101110000000000000000000010011110
39015,9292,27.179554,0BA,5,0010100100000000000000000000010000101000
24514,27870,27.179907,0AA,8,0010010100011001001001010001111100100101000001100010010100001100
17493,27873,27.182957,226,8,0000000000000000000100000000000000000000000000000000000000000000
39016,18573,27.187044,0BA,5,0100111100000000000000000000000000101110
12194,27875,27.187398,2C1,8,0000100011111101100010101111110111000111110000000000000011011110
29594,27877,27.188179,24,8,0000001000000000000000011111101001000010000000011000000011101100
4308,27878,27.188422,25,8,0000000000000000000000000000000101110000000000000000000010011110
24515,27879,27.1889,0AA,8,0010010100010111001001010001110000100101000000010010010100001000
9258,27880,27.189363,260,8,0000000000000000000000000000000000000000111111111011100000100001
15184,27881,27.189601,1C6,8,0000000000000000100000000000000110100101000101100100000000000000
19950,27882,27.189908,0B4,8,0000000000000000000000000000000000111100000010100111011001111000
866,27886,27.192914,320,8,0000000000100000000000000000000000000000000000000000000001001011
33052,27888,27.193399,1C4,8,0001000001100011000110110000000000000000000000000000000001011011
39017,18577,27.194533,0BA,5,1110000000100010101010000000000000011111
7680,27890,27.197354,611,8,0010000100000000000000000001000000000000000000000011110101101100
4309,27892,27.198246,25,8,0000000000000000000000000000000101110000000000000000000010011110
24516,27893,27.198919,0AA,8,0010010100010000001001010001011100100100111111000010010100000001
39018,27855,27.202023,0BA,5,1100011000000000000000000000000010111110
29595,27896,27.208162,24,8,0000001000000000000000011111101001000010000000011000000011101100
4310,27897,27.208401,25,8,0000000000000000000000000000000101110000000000000000000010011110
24517,27899,27.208875,0AA,8,0010010100010001001001010001011000100100111111100010010100000100
9259,27900,27.209295,260,8,0000000000000000000000000000000000000000111111111010110100010110
39019,9298,27.209512,0BA,5,0010100100000000000000000000011100101011
19951,27901,27.209889,0B4,8,0000000000000000000000000000000001000000000010100111000001110110
33053,27905,27.213382,1C4,8,0001000000111001000110110000000000000000000000000000000000110001
17494,27907,27.213888,226,8,0000000000000000000100000000000000000000000000000000000000000000
39020,18596,27.217002,0BA,5,0100111100000000000000000000000000101110
12195,27909,27.217408,2C1,8,0000100011111101011001001111110111000111110000000000000010111000
4311,27911,27.218227,25,8,0000000000000000000000000000000101110000000000000000000010011110
24518,27912,27.218897,0AA,8,0010010100001100001001010001001000100101000000110010010011111110
15185,27913,27.21936,1C6,8,0000000000000000100000000000000110001010000101100100000000000000
39021,18598,27.224491,0BA,5,1110000000100010101010000000000000011111
29596,27917,27.228201,24,8,0000001000000000000000011111101001000010000000011000000011101100
4312,27918,27.228403,25,8,0000000000000000000000000000000101110000000000000000000010011110
24519,27919,27.228852,0AA,8,0010010100010000001001010001011000100100111101110010010100000011
9260,27920,27.229312,260,8,0000000000000000000000000000000000000000111111111010110100010110
19952,27921,27.229865,0B4,8,0000000000000000000000000000000001000100000010100110101001110100
39022,27884,27.231981,0BA,5,1100011000000000000000000000000010111110
33054,27924,27.233377,1C4,8,0001000000010111000110110000000000000000000000000000000000001111
4313,27927,27.238204,25,8,0000000000000000000000000000000101110000000000000000000010011110
24520,27928,27.238873,0AA,8,0010010100001100001001010000111100100100111110000010010011111111
39023,9312,27.23947,0BA,5,0010100100000000000000000000010000101000
17495,27932,27.241859,226,8,0000000000000000000100000000000000000000000000000000000000000000
867,27933,27.242857,320,8,0000000000100000000000000000000000000000000000000000000001001011
39024,18615,27.24696,0BA,5,0100111100000000000000000000000000101110
12196,27934,27.247328,2C1,8,0000100011111101010001111111110101001101110000000000000000100001
29597,27936,27.24814,24,8,0000001000000000000000011111101001000010000000011000000011101100
4314,27937,27.248378,25,8,0000000000000000000000000000000101110000000000000000000010011110
24521,27938,27.248861,0AA,8,0010010100001001001001010000111100100100111110000010010011111100
9261,27939,27.249248,260,8,0000000000000000000000000000000000000000111111111010110100010110
15186,27940,27.249487,1C6,8,0000000000000000100000000000000101110010000101100100000000000000
13406,27941,27.249645,394,3,0
19953,27942,27.249881,0B4,8,0000000000000000000000000000000001000100000010100110010101101111
21682,27946,27.253069,443,8,0100110100000010000000000010111100000110000000000000000000000000
33055,27947,27.253349,1C4,8,0001000000000011000110110000000000000000000000000000000011111011
39025,18619,27.25445,0BA,5,1110000000100010101010000000000000011111
4315,27952,27.25832,25,8,0000000000000000000000000000000101110000000000000000000010011110
24522,27953,27.258853,0AA,8,0010010100000010001001010000001100100100111110010010010100000000
39026,27914,27.261939,0BA,5,1100011000000000000000000000000010111110
35161,3433,27.263916,3D3,3,011011000000001000000000
29598,27955,27.268127,24,8,0000001000000000000000011111100001000010000000001000000011101001
4316,27956,27.268366,25,8,0000000000000000000000000000000101110000000000000000000010011110
24523,27957,27.268846,0AA,8,0010010100000010001001001111110000100100111110000010010011111001
9262,27958,27.269207,260,8,0000000000000000000000000000000000000000111111111010110100010110
39027,9321,27.269429,0BA,5,0010100100000000000000000000011100101011
19954,27959,27.269818,0B4,8,0000000000000000000000000000000001001000000010100110010101110011
33056,27963,27.273312,1C4,8,0000111111100110000110110000000000000000000000000000000011011101
17496,27965,27.273818,226,8,0000000000000000000100000000000000000000000000000000000000000000
39028,18632,27.276918,0BA,5,0100111100000000000000000000000000101110
12197,27968,27.27734,2C1,8,0000100011111101001010101111110101010100110000000000000000001011
4317,27970,27.278157,25,8,0000000000000000000000000000000101110000000000000000000010011110
24524,27971,27.278827,0AA,8,0010010100000101001001001111110000100100111100010010010011111000
15187,27972,27.279296,1C6,8,0000000000000000100000000000000000101110000101100100000000000000
151,27974,27.280814,3B7,8,1000
39029,18637,27.284408,0BA,5,1110000000100010101010000000000000011111
29599,27976,27.288106,24,8,0000001000000000000000011111001101000010000000001000000011100100
4318,27977,27.288327,25,8,0000000000000000000000000000000101100000000000000000000010001110
24525,27978,27.288785,0AA,8,0010010011111110001001001111101100100100111101100010010011101100
9263,27979,27.289168,260,8,0000000000000000000000000000000000000000111111111010110100010110
19955,27980,27.289794,0B4,8,0000000000000000000000000000000001001100000010100101111101110001
868,27983,27.291802,320,8,0000000000100000000000000000000000000000000000000000000001001011
39030,27944,27.291897,0BA,5,1100011000000000000000000000000010111110
33057,27984,27.293297,1C4,8,0000111111001111000110110000000000000000000000000000000011000110
11054,27986,27.296171,620,8,0001000000000000000000000000000000000000000000000000000000000000
4319,27989,27.299159,25,8,0000000000000000000000000000000101100000000000000000000010001110
39031,9332,27.299387,0BA,5,0010100100000000000000000000010000101000
24526,27990,27.299776,0AA,8,0010010011111000001001001111101000100100111101000010010011100110
17497,27993,27.302787,226,8,0000000000000000000100000000000000000000000000000000000000000000
39032,18655,27.306876,0BA,5,0100111100000000000000000000000000101110
12198,27997,27.307268,2C1,8,0000100011111101000110101111110101010111110000000000000011111110
29600,27999,27.30805,24,8,0000001000000000000000011110111101000010000000011000000011100001
4320,28000,27.308294,25,8,0000000000000000000000000000000101100000000000000000000010001110
24527,28001,27.308789,0AA,8,0010010011101001001001001111001000100100111100010010010011100111
9264,28002,27.309181,260,8,0000000000000000000000000000000000000000111111111010110100010110
15188,28003,27.309418,1C6,8,0000000000000000100000001111111100000001000101110100000000000000
19956,28004,27.309776,0B4,8,0000000000000000000000000000000001010000000010100101010001101010
33058,28007,27.313275,1C4,8,0000111110111000000110110000000000000000000000000000000010101111
39033,18657,27.314366,0BA,5,1110000000100010101010000000000000011111
4321,28010,27.318143,25,8,0000000000000000000000000000000101100000000000000000000010001110
24528,28011,27.318776,0AA,8,0010010011101011001001001110110000100100111010100010010011100010
39034,27973,27.321855,0BA,5,1100011000000000000000000000000010111110
7828,28014,27.326113,610,8,0010000000000000000110100110010011000000000000000110001101000000
29601,28016,27.328022,24,8,0000001000000001000000011110110101000010000000111000000011100010
4322,28017,27.328265,25,8,0000000000000000000000000000000101100000000000000000000010001110
24529,28018,27.328735,0AA,8,0010010011100111001001001110000100100100111010000010010011100011
9265,28019,27.329014,260,8,0000000000000000000000000000000000000000111111111010110100010110
39035,9341,27.329345,0BA,5,0010100100000000000000000000011100101011
19957,28020,27.329747,0B4,8,0000000000000000000000000000000001010000000010100100111001100100
16454,28024,27.332933,3F9,8,0111010100011000000000100000001010000000000000000000000000010101
33059,28025,27.333251,1C4,8,0000111110100010000110110000000000000000000000000000000010011001
17498,28027,27.333748,226,8,0000000000000000000100000000000000000000000000000000000000000000
39036,18675,27.336835,0BA,5,0100111100000000000000000000000000101110
12199,28029,27.337245,2C1,8,0000100011111101000010101111110100100111110000000000000010111110
4323,28031,27.338129,25,8,0000000000000000000000000000000101100000000000000000000010001110
24530,28032,27.338753,0AA,8,0010010011100111001001001110011100100100111001000010010011011011
15189,28033,27.339224,1C6,8,0000000000000000100000001111110111101011000101110100000000000000
869,28036,27.340742,320,8,0000000000100000000000000000000000000000000000000000000001001011
39037,18678,27.344324,0BA,5,1110000000100010101010000000000000011111
29602,28038,27.348003,24,8,0000001000000000000000011110101001000010000000001000000011011011
4324,28039,27.348246,25,8,0000000000000000000000000000000101100000000000000000000010001110
24531,28040,27.348738,0AA,8,0010010011011100001001001101110100100100110110100010010011011001
9266,28041,27.348983,260,8,0000000000000000000000000000000000000000111111111010000100001010
19958,28042,27.349725,0B4,8,0000000000000000000000000000000001010100000010100100001101011101
39038,28006,27.351814,0BA,5,1100011000000000000000000000000010111110
33060,28045,27.35323,1C4,8,0000111110011110000110110000000000000000000000000000000010010101
31461,28048,27.357578,44D,8,0100001000000010000000000000000000000001000000000000000000000000
4325,28050,27.358167,25,8,0000000000000000000000000000000101010000000000000000000001111110
24532,28051,27.358727,0AA,8,0010010011010100001001001101110000100100110100110010010011010101
39039,9352,27.359303,0BA,5,0010100100000000000000000000010000101000
17499,28054,27.36172,226,8,0000000000000000000100000000000000000000000000000000000000000000
13919,28056,27.365058,622,8,0001001000000000000000000000000000000000000000000000000000000000
39040,18693,27.366793,0BA,5,0100111100000000000000000000000000101110
12200,28057,27.367199,2C1,8,0000100011111100110011011111110011001101110000000000000000100101
29603,28059,27.367978,24,8,0000001000000001000000011110010101000010000000001000000011010111
4326,28060,27.368225,25,8,0000000000000000000000000000000101010000000000000000000001111110
24533,28061,27.368686,0AA,8,0010010011001111001001001101010000100100110101000010010011010100
9267,28062,27.368932,260,8,0000000000000000000000000000000000000000111111111010000100001010
15190,28063,27.369207,1C6,8,0000000000000000100000001111110010011100000101110100000000000000
19959,28064,27.369703,0B4,8,0000000000000000000000000000000001011000000010100011100001010110
33061,28068,27.373209,1C4,8,0000111110010000000110110000000000000000000000000000000010000111
39041,18697,27.374282,0BA,5,1110000000100010100101000000000000001011
43730,1861,27.377804,3BB,5,1010010100000000000000000000000000000000
4327,28071,27.378038,25,8,0000000000000000000000000000000101010000000000000000000001111110
24534,28072,27.378703,0AA,8,0010010011010001001001001100111100100100110011010010010011010010
39042,28035,27.381772,0BA,5,1100011000000000000000000000000010111110
29604,28075,27.387953,24,8,0000001000000001000000011110000101000010000000111000000011010110
4328,28076,27.388199,25,8,0000000000000000000000000000000101010000000000000000000001111110
24535,28077,27.388693,0AA,8,0010010011001001001001001100011100100100110010010010010011001010
9268,28079,27.389116,260,8,0000000000000000000000000000000000000000111111111010110100010110
39043,9358,27.389261,0BA,5,0010100100000000000000000000011100101011
19960,28080,27.38968,0B4,8,0000000000000000000000000000000001011100000010100011001001010100
33062,28084,27.393192,1C4,8,0000111110001100000110110000000000000000000000000000000010000011
17500,28086,27.393678,226,8,0000000000000000000100000000000000000000000000000000000000000000
870,28088,27.394674,320,8,0000000000100000000000000000000000000000000000000000000001001011
39044,18714,27.396751,0BA,5,0100111100000000000000000000000000101110
12201,28089,27.397174,2C1,8,0000100011111100110011011111110011001101110000000000000000100101
4329,28091,27.398016,25,8,0000000000000000000000000000000101010000000000000000000001111110
24536,28092,27.398685,0AA,8,0010010011000001001001001100001100100100101111100010010011001000
15191,28093,27.399159,1C6,8,0000000000000000100000001111101101000000000101110100000000000000
39045,18716,27.40424,0BA,5,1110000000100010101001000000000000011011
31657,28098,27.407912,389,8,0000000000100000000000000000000000000000000000000000000000000000
29605,28099,27.408154,24,8,0000001000000001000000011110000101000010000000111000000011010110
4330,28100,27.408395,25,8,0000000000000000000000000000000101000000000000000000000001101110
24537,28101,27.408648,0AA,8,0010010010111000001001001011111000100100101111110010010011000101
9269,28102,27.408892,260,8,0000000000000000000000000000000000000000111111111010000100001010
19961,28103,27.409655,0B4,8,0000000000000000000000000000000001011100000010100010011101001001
39046,28066,27.41173,0BA,5,1100011000000000000000000000000010111110
28051,28105,27.412434,6C0,8,1110010000000000000000001110000010000000000000000000000000000000
33063,28106,27.413164,1C4,8,0000111110001010000110110000000000000000000000000000000010000001
4331,28109,27.417992,25,8,0000000000000000000000000000000101000000000000000000000001101110
24538,28110,27.418658,0AA,8,0010010010110011001001001011101000100100101101100010010010111001
39047,9372,27.41922,0BA,5,0010100100000000000000000000010000101000
17501,28114,27.421651,226,8,0000000000000000000100000000000000000000000000000000000000000000
39048,18734,27.426709,0BA,5,0100111100000000000000000000000000101110
12202,28116,27.427132,2C1,8,0000100011111100110001111111110011000111110000000000000000011001
29606,28118,27.427943,24,8,0000001000000000000000011101111001000010000000011000000011010000
4332,28119,27.428213,25,8,0000000000000000000000000000000101000000000000000000000001101110
24539,28120,27.428619,0AA,8,0010010010101111001001001011001100100100101100110010010010111001
9270,28121,27.428863,260,8,0000000000000000000000000000000000000000111111111010000100001010
15192,28122,27.429146,1C6,8,0000000000000000100000001111100111111110000110000100000000000000
19962,28123,27.429633,0B4,8,0000000000000000000000000000000001100000000010100001110001000010
33064,28127,27.433354,1C4,8,0000111110001011000110110000000000000000000000000000000010000010
13664,28129,27.433744,4B7,8,1110001101011111001000101111000000001000110011000000000100001000
39049,18738,27.434199,0BA,5,1110000000100010100110000000000000001111
4333,28132,27.437999,25,8,0000000000000000000000000000000101000000000000000000000001101110
24540,28133,27.438634,0AA,8,0010010010101110001001001011000100100100101010100010010010110011
871,28134,27.43963,320,8,0000000000100000000000000000000000000000000000000000000001001011
39050,28094,27.441688,0BA,5,1100011000000000000000000000000010111110
29607,28136,27.447911,24,8,0000001000000000000000011101110001000010000000011000000011001110
4334,28137,27.448162,25,8,0000000000000000000000000000000101000000000000000000000001101110
9271,28138,27.44861,260,8,0000000000000000000000000000000000000000111111111010000100001010
24541,28139,27.448837,0AA,8,0010010010101000001001001010111100100100101001110010010010101110
39051,9383,27.449178,0BA,5,0010100100000000000000000000011100101011
19963,28140,27.449616,0B4,8,0000000000000000000000000000000001100100000010100001000000111010
33065,28145,27.453129,1C4,8,0000111110010000000110110000000000000000000000000000000010000111
17502,28147,27.453611,226,8,0000000000000000000100000000000000000000000000000000000000000000
14108,28151,27.454894,442,8,0100001100000010000000000000000000000010000000000000000000000000
39052,18752,27.456667,0BA,5,0100111100000000000000000000000000101110
12203,28153,27.457112,2C1,8,0000100011111100110001111111110011000111110000000000000000011001
4335,28155,27.457948,25,8,0000000000000000000000000000000101000000000000000000000001101110
24542,28156,27.458613,0AA,8,0010010010100100001001001010101000100100101001100010010010101000
15193,28157,27.459097,1C6,8,0000000000000000100000001111100011011011000110000100000000000000
39053,18756,27.464157,0BA,5,1110000000100010011110000000000011101111
288,28160,27.46785,38F,8,0000000100000000000000000000000000000000000000000000000000000000
29608,28161,27.468126,24,8,0000001000000000000000011101110001000010000000111000000011010000
4336,28162,27.468338,25,8,0000000000000000000000000000000100110000000000000000000001011110
9272,28163,27.46858,260,8,0000000000000000000000000000000000000000111111111010000100001010
24543,28164,27.468804,0AA,8,0010010010100100001001001010011000100100100111100010010010011111
19964,28165,27.469586,0B4,8,0000000000000000000000000000000001101000000010100000010100110011
39054,28125,27.471646,0BA,5,1100011000000000000000000000000010111110
33066,28168,27.473096,1C4,8,0000111110010010000110110000000000000000000000000000000010001001
4337,28171,27.477923,25,8,0000000000000000000000000000000100110000000000000000000001011110
24544,28172,27.478587,0AA,8,0010010010100011001001001001111000100100100110110010010010011110
39055,9392,27.479136,0BA,5,0010100100000000000000000000010000101000
17503,28175,27.481584,226,8,0000000000000000000100000000000000000000000000000000000000000000
39056,18773,27.486625,0BA,5,0100111100000000000000000000000000101110
12204,28177,27.48709,2C1,8,0000100011111100110001111111110011000111110000000000000000011001
29609,28179,27.487848,24,8,0000001000000001000000011101111001000010000000011000000011010001
4338,28180,27.488132,25,8,0000000000000000000000000000000100110000000000000000000001011110
24545,28181,27.488555,0AA,8,0010010010011110001001001001101100100100100110000010010010011000
9273,28182,27.488799,260,8,0000000000000000000000000000000000000000111111111000100111110010
15194,28183,27.489072,1C6,8,0000000000000000100000001111011111011010000110000100000000000000
19965,28184,27.489567,0B4,8,0000000000000000000000000000000001101000000010011111111100101100
872,28188,27.492567,320,8,0000000000100000000000000000000000000000000000000000000001001011
33067,28189,27.493078,1C4,8,0000111110011000000110110000000000000000000000000000000010001111
39057,18776,27.494115,0BA,5,1110000000100010011010000000000011011111
31270,28191,27.496866,4A6,8,0000000000000000000000000000000000000000000100010000000000000000
34721,28193,27.497742,380,8,0
4339,28194,27.497986,25,8,0000000000000000000000000000000100110000000000000000000001011110
24546,28196,27.498565,0AA,8,0010010010010101001001001001011000100100100101000010010010010101
39058,28158,27.501604,0BA,5,1100011000000000000000000000000010111110
43540,1860,27.506987,423,2,11100000000
29610,28200,27.507825,24,8,0000001000000001000000011101111001000010000000001000000011010000
4340,28201,27.508122,25,8,0000000000000000000000000000000100110000000000000000000001011110
9274,28202,27.508565,260,8,0000000000000000000000000000000000000000111111111000100111110010
24547,28203,27.508792,0AA,8,0010010010010101001001001001010000100100100100010010010010010000
39059,9402,27.509094,0BA,5,0010100100000000000000000000011100101011
19966,28204,27.509541,0B4,8,0000000000000000000000000000000001101100000010011111010000100101
33068,28208,27.513057,1C4,8,0000111110011000000110110000000000000000000000000000000010001111
17504,28210,27.51354,226,8,0000000000000000000100000000000000000000000000000000000000000000
39060,18795,27.516584,0BA,5,0100111100000000000000000000000000101110
12205,28212,27.517078,2C1,8,0000100011111100110001111111110011000111110000000000000000011001
4341,28215,27.517874,25,8,0000000000000000000000000000000100110000000000000000000001011110
24548,28216,27.518546,0AA,8,0010010010010010001001001001000000100100100001010010010010000111
15195,28217,27.51903,1C6,8,0000000000000000100000001111011011101101000110000100000000000000
35162,27994,27.523573,3D3,3,111001010000000110000011
39061,18799,27.524073,0BA,5,1110000000100010011010000000000011011111
29611,28221,27.527803,24,8,0000001000000001000000011101111101000010000000001000000011010001
4342,28222,27.528047,25,8,0000000000000000000000000000000100100000000000000000000001001110
9275,28223,27.52846,260,8,0000000000000000000000000000000000000000111111110111110111100110
24549,28224,27.528685,0AA,8,0010010010001111001001001001000000100100100001010010010001111111
19967,28225,27.529519,0B4,8,0000000000000000000000000000000001110000000010011110111100100100
39062,28187,27.531563,0BA,5,1100011000000000000000000000000010111110
33069,28227,27.533033,1C4,8,0000111110011000000110110000000000000000000000000000000010001111
4343,28231,27.5379,25,8,0000000000000000000000000000000100100000000000000000000001001110
24550,28232,27.538523,0AA,8,0010010010010001001001001000110000100100100000100010010001110100
39063,9413,27.539052,0BA,5,0010100100000000000000000000010000101000
17505,28235,27.541514,226,8,0000000000000000000100000000000000000000000000000000000000000000
873,28236,27.542506,320,8,0000000000100000000000000000000000000000000000000000000001001011
39064,18812,27.546542,0BA,5,0100111100000000000000000000000000101110
12206,28237,27.547001,2C1,8,0000100011111100110010101111110011001010110000000000000000011111
29612,28239,27.547782,24,8,0000001000000001000000011110000101000010000000001000000011010011
4344,28240,27.548027,25,8,0000000000000000000000000000000100100000000000000000000001001110
9276,28241,27.548478,260,8,0000000000000000000000000000000000000000111111110111110111100110
24551,28242,27.548701,0AA,8,0010010010000000001001001000010100100100011110110010010001111001
13407,28243,27.548854,394,3,0
15196,28244,27.549092,1C6,8,0000000000000000100000001111011000010001000110010100000000000000
19968,28245,27.54949,0B4,8,0000000000000000000000000000000001110100000010011110100100100010
21683,28250,27.552761,443,8,0100110100000010000000000010111100000110000000000000000000000000
33070,28251,27.553005,1C4,8,0000111110010001000110110000000000000000000000000000000010001000
39065,18817,27.554031,0BA,5,1110000000100010011010000000000011011111
4345,28255,27.557829,25,8,0000000000000000000000000000000100100000000000000000000001001110
24552,28256,27.558501,0AA,8,0010010010000001001001000111111100100100011101110010010001101101
39066,28218,27.561521,0BA,5,1100011000000000000000000000000010111110
35332,477,27.563359,386,7,01001110000000000000000000000000000000000000000010110001
29613,28258,27.567761,24,8,0000001000000001000000011110001101000010000000011000000011010110
4346,28259,27.568008,25,8,0000000000000000000000000000000100010000000000000000000000111110
9277,28260,27.568397,260,8,0000000000000000000000000000000000000000111111110111000111011010
24553,28261,27.568627,0AA,8,0010010001111110001001000111110000100100011101010010010001101011
39067,9419,27.56901,0BA,5,0010100100000000000000000000011100101011
19969,28263,27.569471,0B4,8,0000000000000000000000000000000001110100000010011101111000010111
33071,28267,27.572987,1C4,8,0000111110001011000110110000000000000000000000000000000010000010
17506,28270,27.57357,226,8,0000000000000000000100000000000000000000000000000000000000000000
39068,18834,27.5765,0BA,5,0100111100000000000000000000000000101110
12207,28271,27.576981,2C1,8,0000100011111100110010101111110011001010110000000000000000011111
4347,28273,27.577812,25,8,0000000000000000000000000000000100010000000000000000000000111110
24554,28274,27.578488,0AA,8,0010010001111110001001000111111100100100011011110010010001100101
15197,28275,27.578966,1C6,8,0000000000000000100000001111010101110011000110010100000000000000
152,28277,27.580472,3B7,8,1000
16455,28279,27.583006,3F9,8,0111010100011000000000100000001010000000000000000000000000010101
39069,18837,27.583989,0BA,5,1110000000100010011010000000000011011111
29614,28282,27.587739,24,8,0000001000000001000000011110010101000010000000011000000011011000
4348,28283,27.587985,25,8,0000000000000000000000000000000100000000000000000000000000101110
9278,28284,27.588317,260,8,0000000000000000000000000000000000000000111111110111110111100110
24555,28285,27.588542,0AA,8,0010010001111011001001000111100100100100011001010010010001100100
19970,28286,27.589448,0B4,8,0000000000000000000000000000000001111000000010011101111000011011
874,28288,27.591451,320,8,0000000000100000000000000000000000000000000000000000000001001011
39070,28247,27.591479,0BA,5,1100011000000000000000000000000010111110
14243,28289,27.59245,60.0,8,1010000100000000000000000000000000000000011100000000000000000000
33072,28290,27.592963,1C4,8,0000111101111010000110110000000000000000000000000000000001110001
11055,28292,27.59568,620,8,0001000000000000000000000000000000000000000000000000000000000000
4349,28294,27.598812,25,8,0000000000000000000000000000000111110000000000000000000000011110
39071,9436,27.598969,0BA,5,0010100100000000000000000000010000101000
24556,28295,27.599422,0AA,8,0010010001110010001001000111010100100100011000100010010001100010
17507,28299,27.602439,226,8,0000000000000000000100000000000000000000000000000000000000000000
39072,18857,27.606458,0BA,5,0100111100000000000000000000000000101110
12208,28301,27.606934,2C1,8,0000100011111100110001111111110011000111110000000000000000011001
29615,28303,27.607714,24,8,0000001000000001000000011110100001000010000000011000000011011011
4350,28304,27.607957,25,8,0000000000000000000000000000000111101111111111010000000000011010
9279,28305,27.60827,260,8,0000000000000000000000000000000000000000111111110111110111100110
24557,28306,27.608496,0AA,8,0010010001101011001001000111000000100100010111010010010001011011
15198,28307,27.60894,1C6,8,0000000000000000100000001111010011100001000110010100000000000000
19971,28308,27.60943,0B4,8,0000000000000000000000000000000001111100000010011101100000011001
7740,28311,27.612671,435,8,1000000000000101000001011111111111100000001111110000000000000011
33073,28312,27.613242,1C4,8,0000111101101110000110110000000000000000000000000000000001100101
39073,18860,27.613948,0BA,5,1110000000100010011000000000000011010111
4351,28315,27.617761,25,8,0000000000000000000000000000000111011111111111010000000000001010
24558,28317,27.618434,0AA,8,0010010001101001001001000110011100100100011000000010010001011111
10930,28318,27.61967,436,8,0
39074,28276,27.621437,0BA,5,1100011000000000000000000000000010111110
11252,28320,27.623204,4C8,8,0000100100000000000000000000000000000000000000000000000000000000
29616,28322,27.627721,24,8,0000001000000000000000011110110001000010000000111000000011100000
4352,28323,27.627966,25,8,0000000000000000000000000000000111001111111111010000000011111010
9280,28324,27.628211,260,8,0000000000000000000000000000000000000000111111110111110111100110
24559,28325,27.628435,0AA,8,0010010001100110001001000110110000100100010100100010010001011011
39075,9442,27.628927,0BA,5,0010100100000000000000000000011100101011
19972,28326,27.629404,0B4,8,0000000000000000000000000000000001111100000010011100110100001110
13604,28330,27.632696,4DD,8,0001111000000000000000000000000000000000000000000000000000000000
33074,28331,27.632934,1C4,8,0000111101010011000110110000000000000000000000000000000001001010
17508,28334,27.633521,226,8,0000000000000000000100000000000000000000000000000000000000000000
39076,18873,27.636416,0BA,5,0100111100000000000000000000000000101110
12209,28336,27.636913,2C1,8,0000100011111100110001111111110011000111110000000000000000011001
4353,28338,27.63774,25,8,0000000000000000000000000000000110111111111111010000000011101010
24560,28339,27.63841,0AA,8,0010010001100100001001000110010100100100010100000010010001011010
15199,28340,27.638897,1C6,8,0000000000000000100000001111010001011010000110100100000000000000
875,28342,27.640396,320,8,0000000000100000000000000000000000000000000000000000000001001011
39077,18877,27.643906,0BA,5,1110000000100010010000000000000010110111
13796,28345,27.647646,434,8,0100001000000000000000000000000000000000000000000000000000000000
29617,28346,27.647887,24,8,0000001000000000000000011110110001000010000000111000000011100000
4354,28347,27.648138,25,8,0000000000000000000000000000000110101111111111010000000011011010
9281,28348,27.648377,260,8,0000000000000000000000000000000000000000111111110111110111100110
24561,28349,27.648603,0AA,8,0010010001100000001001000110001000100100010011100010010001001110
19973,28350,27.649379,0B4,8,0000000000000000000000000000000010000000000010011100011100001100
39078,28310,27.651395,0BA,5,1100011000000000000000000000000010111110
33075,28354,27.652904,1C4,8,0000111101000011000110110000000000000000000000000000000000111010
34867,28356,27.653466,3C3,8,0100011000011110100101000100111011101110010110010000001110001000
28187,28357,27.654631,437,8,1111110011111111111111111111111111111111111111111111111111111111
31462,28358,27.65674,44D,8,0100001000000010000000000000000000000001000000000000000000000000
4355,28360,27.657716,25,8,0000111111111111000000000000000101111111111101010000000010110000
34780,28361,27.657966,4DF,8,0010000000000000000000000000000100000000000000000000000000000000
24562,28362,27.65838,0AA,8,0010010001010101001001000101100100100100010011000010010001001110
39079,9452,27.658885,0BA,5,0010100100000000000000000000010000101000
17509,28365,27.661374,226,8,0000000000000000000100000000000000000000000000000000000000000000
39080,18898,27.666374,0BA,5,0100111100000000000000000000000000101110
12210,28366,27.666867,2C1,8,0000100011111100110010101111110011001010110000000000000000011111
29618,28369,27.667651,24,8,0000001000000000000000011110110101000010000000111000000011100001
4356,28370,27.667893,25,8,0000111111111111000000000000000101011111111101010000000010010000
9282,28371,27.66814,260,8,0000000000000000000000000000000000000000111111110111000111011010
24563,28372,27.668366,0AA,8,0010010001010011001001000101010100100100010001000010010001000111
15200,28373,27.668872,1C6,8,0000000000000000100000001111010000000010000110100100000000000000
19974,28374,27.669358,0B4,8,0000000000000000000000000000000010000100000010011011110000000101
33076,28377,27.672878,1C4,8,0000111100100001000110110000000000000000000000000000000000011000
39081,18900,27.673864,0BA,5,1110000000100010001101000000000010101011
43731,28753,27.675389,3BB,5,0111000000000000000000001010010100000000
4357,28380,27.677692,25,8,0000111111111111000000000000000101001111111101010000000010000000
24564,28381,27.678362,0AA,8,0010010001001110001001000101010100100100001111100010010001000110
39082,28341,27.681354,0BA,5,1100011000000000000000000000000010111110
29619,28386,27.687629,24,8,0000001000000000000000011110110101000010000000111000000011100001
4358,28387,27.687873,25,8,0000111111111111000000000000000100101111111100000000000001011011
9283,28388,27.688122,260,8,0000000000000000000000000000000000000000111111110101100111000010
24565,28389,27.68835,0AA,8,0010010001001110001001000101011100100100001111000010010001000111
39083,9463,27.688843,0BA,5,0010100100000000000000000000011100101011
19975,28390,27.689338,0B4,8,0000000000000000000000000000000010000100000010011011011011111111
33077,28394,27.692856,1C4,8,0000111100010001000110110000000000000000000000000000000000001000
17510,28397,27.693437,226,8,0000000000000000000100000000000000000000000000000000000000000000
876,28398,27.694329,320,8,0000000000100000000000000000000000000000000000000000000001001011
39084,18918,27.696333,0BA,5,0100111100000000000000000000000000101110
12211,28399,27.696847,2C1,8,0000100011111100110010101111110011001010110000000000000000011111
4359,28401,27.698697,25,8,0000111111111111000000000000000111111111111100000000000000101011
15201,28402,27.698934,1C6,8,0000000000000000100000001111001111000010000110100100000000000000
24566,28403,27.69931,0AA,8,0010010001001000001001000100110100100100001110000010010000111100
39085,18922,27.703822,0BA,5,1110000000100010001001000000000010011011
29620,28408,27.707607,24,8,0000001000000000000000011110110101000010000000111000000011100001
4360,28409,27.707851,25,8,0000111111111111000000000000000111101111111011010000000000011000
9284,28410,27.708152,260,8,0000000000000000000000000000000000000000111111110110011011001111
24567,28411,27.708374,0AA,8,0010010001000101001001000100101000100100001111010010010000111101
19976,28412,27.70931,0B4,8,0000000000000000000000000000000010001000000010011010101111111000
39086,28376,27.711312,0BA,5,1100011000000000000000000000000010111110
33078,28415,27.71283,1C4,8,0000111011101110000110110000000000000000000000000000000011100100
4361,28419,27.717648,25,8,0000111111111111000000000000000110111111111011010000000011101000
24568,28420,27.718319,0AA,8,0010010001000001001001000100000100100100001100100010010000110110
39087,9474,27.718801,0BA,5,0010100100000000000000000000010000101000
17511,28423,27.721307,226,8,0000000000000000000100000000000000000000000000000000000000000000
28052,28424,27.721552,6C0,8,1110010000000000000000001110000010000000000000000000000000000000
39088,18935,27.726291,0BA,5,0100111100000000000000000000000000101110
12212,28425,27.726801,2C1,8,0000100011111100110011011111110011001101110000000000000000100101
29621,28427,27.727587,24,8,0000001000000000000000011110110101000010000000011000000011011111
4362,28428,27.727827,25,8,0000111111111111000000000000000110011111111010110000000011000110
9285,28429,27.728134,260,8,0000000000000000000000000000000000000000111111110100111010110111
24569,28430,27.728299,0AA,8,0010010001000100001001000100001000100100001100100010010000111001
15202,28431,27.728805,1C6,8,0000000000000000100000001111001110000111000110100100000000000000
19977,28432,27.729289,0B4,8,0000000000000000000000000000000010001100000010011010010111110110
33079,28436,27.732805,1C4,8,0000111011011110000110110000000000000000000000000000000011010100
39089,18939,27.73378,0BA,5,1110000000100010001001000000000010011011
4363,28439,27.737623,25,8,0000111111111110000000000000000101111111111010110000000010100101
24570,28440,27.738297,0AA,8,0010010000111001001001000100000000100100001100010010010000110000
877,28441,27.739282,320,8,0000000000100000000000000000000000000000000000000000000001001011
39090,28405,27.74127,0BA,5,1100011000000000000000000000000010111110
29622,28443,27.747562,24,8,0000001000000000000000011110101001000010000000001000000011011011
4364,28444,27.747805,25,8,0000111111111110000000000000000101011111111010110000000010000101
9286,28445,27.748052,260,8,0000000000000000000000000000000000000000111111110101100111000010
24571,28446,27.748328,0AA,8,0010010000110110001001000011100000100100001100100010010000110011
39091,9481,27.748759,0BA,5,0010100100000000000000000000011100101011
19978,28449,27.749268,0B4,8,0000000000000000000000000000000010010000000010011010000011110101
33080,28453,27.752789,1C4,8,0000111011000000000110110000000000000000000000000000000010110110
17512,28456,27.753373,226,8,0000000000000000000100000000000000000000000000000000000000000000
14109,28458,27.754468,442,8,0100001100000010000000000000000000000010000000000000000000000000
39092,18960,27.756249,0BA,5,0100111100000000000000000000000000101110
12213,28459,27.756778,2C1,8,0000100011111100110100001111110011010000110000000000000000101011
13985,28461,27.757544,38E,8,0
4365,28462,27.757783,25,8,0000111111111110000000000000000100111111111011010000000001100111
24572,28463,27.758267,0AA,8,0010010000110001001001000010110100100100001011010010010000101011
15203,28464,27.758766,1C6,8,0000000000000000100000001111001101100100000110110100000000000000
39093,18962,27.763739,0BA,5,1110000000100010001001000000000010011011
29623,28468,27.767546,24,8,0000001000000000000000011110100001000001111111111000000011010111
4366,28469,27.767786,25,8,0000111111111110000000000000000100011111111011010000000001000111
9287,28470,27.76803,260,8,0000000000000000000000000000000000000000111111110101100111000010
24573,28471,27.76826,0AA,8,0010010000110000001001000010100000100100001001000010010000101001
19979,28472,27.769241,0B4,8,0000000000000000000000000000000010010000000010011001010111101010
39094,28434,27.771228,0BA,5,1100011000000000000000000000000010111110
33081,28474,27.772765,1C4,8,0000111010110100000110110000000000000000000000000000000010101010
4367,28478,27.77758,25,8,0000111111111110000000000000000111111111111011010000000000100111
24574,28479,27.77825,0AA,8,0010010000101000001001000010101100100100001001000010010000100010
39095,9493,27.778718,0BA,5,0010100100000000000000000000010000101000
17513,28482,27.781243,226,8,0000000000000000000100000000000000000000000000000000000000000000
35163,3500,27.783229,3D3,3,011011000000001000000000
39096,18978,27.786207,0BA,5,0100111100000000000000000000000000101110
12214,28484,27.787032,2C1,8,0000100011111100110100001111110011010000110000000000000000101011
29624,28486,27.787542,24,8,0000001000000000000000011110010101000001111111111000000011010100
4368,28487,27.787782,25,8,0000111111111110000000000000000111011111111011110000000000001001
9288,28488,27.788024,260,8,0000000000000000000000000000000000000000111111110100001010101011
24575,28489,27.788253,0AA,8,0010010000101001001001000010100000100100001000110010010000011010
15204,28490,27.78874,1C6,8,0000000000000000100000001111001101101010000110110100000000000000
19980,28491,27.789216,0B4,8,0000000000000000000000000000000010010100000010011000111111101000
878,28494,27.792221,320,8,0000000000100000000000000000000000000000000000000000000001001011
33082,28495,27.792747,1C4,8,0000111010011111000110110000000000000000000000000000000010010101
39097,18983,27.793697,0BA,5,1110000000100010001001000000000010011011
4369,28498,27.797555,25,8,0000111111111110000000000000000111001111111011110000000011111001
24576,28500,27.798238,0AA,8,0010010000011010001001000010000000100100000111010010010000011000
39098,28465,27.801186,0BA,5,1100011000000000000000000000000010111110
29625,28503,27.807504,24,8,0000001000000000000000011110010101000001111111111000000011010100
4370,28504,27.807744,25,8,0000111111111110000000000000000110101111111011110000000011011001
9289,28505,27.807987,260,8,0000000000000000000000000000000000000000111111110101100111000010
24577,28506,27.808226,0AA,8,0010010000011010001001000001100000100100000110000010010000001110
39099,9501,27.808676,0BA,5,0010100100000000000000000000011100101011
19981,28507,27.809195,0B4,8,0000000000000000000000000000000010011000000010011000100111100110
33083,28512,27.812787,1C4,8,0000111010010111000110110000000000000000000000000000000010001101
17514,28514,27.813203,226,8,0000000000000000000100000000000000000000000000000000000000000000
39100,18997,27.816165,0BA,5,0100111100000000000000000000000000101110
12215,28517,27.816717,2C1,8,0000100011111100110100001111110011010000110000000000000000101011
13730,28519,27.817468,3A5,8,100000000
4371,28520,27.817709,25,8,0000111111111110000000000000000110011111111100100000000011001100
24578,28521,27.818211,0AA,8,0010010000010100001001000001001100100100000110100010010000001100
15205,28522,27.818707,1C6,8,0000000000000000100000001111001101110000000110110100000000000000
39101,19001,27.823655,0BA,5,1110000000100010001001000000000010011011
7829,28525,27.826299,610,8,0010000010000000000110000110010011000000000000000011000101000000
29626,28527,27.827506,24,8,0000001000000000000000011110001101000001111111111000000011010010
4372,28528,27.82775,25,8,0000111111111101000000000000000101111111111100100000000010101011
9290,28529,27.827992,260,8,0000000000000000000000000000000000000000111111110100111010110111
24579,28530,27.828221,0AA,8,0010010000001100001001000001000100100100000011010010010000000111
19982,28531,27.829183,0B4,8,0000000000000000000000000000000010011000000010010111111011011011
39102,28493,27.831144,0BA,5,1100011000000000000000000000000010111110
16456,28534,27.832387,3F9,8,0111010100011000000000100000001010000000000000000000000000010101
33084,28535,27.832702,1C4,8,0000111010001010000110110000000000000000000000000000000010000000
31338,28538,27.838385,640,8,1010100000000000000000000011011100000001110111110000000000000000
4373,28539,27.838606,25,8,0000111111111101000000000000000101101111111100100000000010011011
39103,9512,27.838634,0BA,5,0010100100000000000000000000010000101000
24580,28540,27.839156,0AA,8,0010010000000100001001000000110100100100000000110010010000001000
17515,28544,27.842166,226,8,0000000000000000000100000000000000000000000000000000000000000000
43541,7150,27.842438,423,2,10101000001111
879,28545,27.843164,320,8,0000000000100000000000000000000000000000000000000000000001001011
39104,19018,27.846124,0BA,5,0100111100000000000000000000000000101110
12216,28546,27.846674,2C1,8,0000100011111100110010101111110011001010110000000000000000011111
35024,28549,27.847428,413,8,0000000100000001000000010000100100000000000000000000000000000000
29627,28550,27.84767,24,8,0000001000000000000000011110000101000010000000001000000011010010
4374,28551,27.847913,25,8,0000111111111101000000000000000101101111111100100000000010011011
24581,28552,27.848156,0AA,8,0010001111111111001001000000011100100011111111100010010000000000
9291,28553,27.848393,260,8,0000000000000000000000000000000000000000111111110101100111000010
13408,28554,27.848548,394,3,0
15206,28555,27.848779,1C6,8,0000000000000000100000001111001101110110000110110100000000000000
19983,28556,27.84915,0B4,8,0000000000000000000000000000000010011100000010010111001111010100
21684,28560,27.85241,443,8,0100110100000010000000000010111100000110000000000000000000000000
33085,28561,27.852692,1C4,8,0000111010000110000110110000000000000000000000000000000001111100
39105,19020,27.853613,0BA,5,1110000000100010001001000000000010011011
4375,28564,27.857486,25,8,0000111111111101000000000000000101011111111101010000000010001110
24582,28565,27.858166,0AA,8,0010001111111001001001000000001100100011111101010010001111111001
39106,28523,27.861103,0BA,5,1100011000000000000000000000000010111110
29628,28568,27.867444,24,8,0000000111111111000000011101111101000001111111111000000011001100
4376,28569,27.867683,25,8,0000111111111101000000000000000101011111111101110000000010010000
9292,28570,27.867926,260,8,0000000000000000000000000000000000000000111111110101100111000010
24583,28571,27.868163,0AA,8,0010001111110111001000111111111100100011111101000010001111111000
39107,9521,27.868592,0BA,5,0010100100000000000000000000011100101011
19984,28572,27.869133,0B4,8,0000000000000000000000000000000010100000000010010110100011001101
33086,28577,27.872678,1C4,8,0000111010000000000110110000000000000000000000000000000001110110
17516,28579,27.873133,226,8,0000000000000000000100000000000000000000000000000000000000000000
39108,19039,27.876082,0BA,5,0100111100000000000000000000000000101110
12217,28580,27.876654,2C1,8,0000100011111100110010101111110011001010110000000000000000011111
4377,28582,27.877466,25,8,0000111111111101000000000000000101011111111110000000000010010001
24584,28584,27.878145,0AA,8,0010001111110101001000111111101000100011111010110010001111111101
15207,28585,27.878638,1C6,8,0000000000000000100000001111001110110000000111000100000000000000
153,28588,27.880128,3B7,8,1000
39109,19043,27.883571,0BA,5,1110000000100010001001000000000010011011
9293,28590,27.887357,260,8,0000000000000000000000000000000000000000111111110111000111011010
29629,28591,27.887602,24,8,0000000111111111000000011110000101000001111111111000000011001110
4378,28592,27.887844,25,8,0000111111111101000000000000000101011111111110100000000010010011
24585,28593,27.888144,0AA,8,0010001111110001001000111111010000100011111001110010001111111000
19985,28594,27.889112,0B4,8,0000000000000000000000000000000010100000000010010101110011000001
39110,28558,27.891061,0BA,5,1100011000000000000000000000000010111110
880,28596,27.891113,320,8,0000000000100000000000000000000000000000000000000000000001001011
33087,28597,27.892641,1C4,8,0000111001111100000110110000000000000000000000000000000001110010
11056,28599,27.895199,620,8,0001000000000000000000000000000000000000000000000000000000000000
4379,28602,27.898467,25,8,0000111111111101000000000000000101011111111110100000000010010011
39111,9534,27.89855,0BA,5,0010100100000000000000000000010000101000
24586,28603,27.899097,0AA,8,0010001111101001001000111110110000100011111000010010001111101101
17517,28606,27.9021,226,8,0000000000000000000100000000000000000000000000000000000000000000
39112,19057,27.90604,0BA,5,0100111100000000000000000000000000101110
12218,28609,27.906612,2C1,8,0000100011111100110010101111110011001010110000000000000000011111
9294,28611,27.90734,260,8,0000000000000000000000000000000000000000111111110111110111100110
29630,28612,27.907582,24,8,0000000111111111000000011110000101000001111111011000000011001100
4380,28613,27.907827,25,8,0000111111111101000000000000000101011111111110110000000010010100
24587,28614,27.908119,0AA,8,0010001111100001001000111110101000100011111000000010001111100100
15208,28615,27.90862,1C6,8,0000000000000000100000001111001111100101000111000100000000000000
19986,28616,27.909086,0B4,8,0000000000000000000000000000000010100100000010010101000110111010
33088,28620,27.912614,1C4,8,0000111001110111000110110000000000000000000000000000000001101101
39113,19061,27.913529,0BA,5,1110000000100010001001000000000010011011
4381,28623,27.91742,25,8,0000111111111101000000000000000101011111111111000000000010010101
24588,28624,27.918154,0AA,8,0010001111100000001000111110011100100011110101000010001111100100
39114,28586,27.921019,0BA,5,1100011000000000000000000000000010111110
9295,28626,27.927274,260,8,0000000000000000000000000000000000000000111111110111110111100110
29631,28627,27.927517,24,8,0000000111111111000000011101111001000001111111111000000011001011
4382,28628,27.92776,25,8,0000111111111101000000000000000101011111111111000000000010010101
24589,28629,27.928052,0AA,8,0010001111011011001000111110001100100011110100100010001111011111
39115,9539,27.928508,0BA,5,0010100100000000000000000000011100101011
19987,28631,27.929063,0B4,8,0000000000000000000000000000000010101000000010010100011010110011
33089,28637,27.932634,1C4,8,0000111001110100000110110000000000000000000000000000000001101010
17518,28639,27.933063,226,8,0000000000000000000100000000000000000000000000000000000000000000
27826,28640,27.934061,420,8,0000000000000000000000000000000011111111000000001000000010101011
39116,19081,27.935998,0BA,5,0100111100000000000000000000000000101110
12219,28641,27.936588,2C1,8,0000100011111100110010101111110011001010110000000000000000011111
4383,28643,27.937395,25,8,0000111111111101000000000000000101011111111111000000000010010101
24590,28644,27.938144,0AA,8,0010001111010101001000111110000000100011110010010010001111010101
15209,28645,27.938619,1C6,8,0000000000000000100000001111010000010111000111000100000000000000
881,28647,27.940058,320,8,0000000000100000000000000000000000000000000000000000000001001011
39117,19085,27.943488,0BA,5,1110000000100010001001000000000010011011
9296,28651,27.947253,260,8,0000000000000000000000000000000000000000111111111000100111110010
29632,28652,27.947498,24,8,0000000111111111000000011110000101000001111111111000000011001110
4384,28653,27.94774,25,8,0000111111111101000000000000000101011111111111010000000010010110
24591,28654,27.948054,0AA,8,0010001111010001001000111101101000100011110010110010001111010010
19988,28655,27.949041,0B4,8,0000000000000000000000000000000010101000000010010100000010101101
39118,28618,27.950977,0BA,5,1100011000000000000000000000000010111110
7620,28658,27.951974,3BC,8,0
33090,28659,27.952578,1C4,8,0000111001110000000110110000000000000000000000000000000001100110
31463,28661,27.955931,44D,8,0100001000000010000000000000000000000001000000000000000000000000
4385,28663,27.957377,25,8,0000111111111101000000000000000101011111111111010000000010010110
24592,28664,27.958047,0AA,8,0010001111001010001000111101100000100011110000010010001111001100
39119,9551,27.958467,0BA,5,0010100100000000000000000000010000101000
17519,28667,27.961037,226,8,0000000000000000000100000000000000000000000000000000000000000000
43426,161,27.96288,3000000.0,6,110000010000101111010101000000010000000000000000
39120,19103,27.965956,0BA,5,0100111100000000000000000000000000101110
12220,28669,27.966545,2C1,8,0000100011111100110001001111110011000100110000000000000000010011
9297,28671,27.967222,260,8,0000000000000000000000000000000000000000111111111001010111111110
29633,28672,27.967464,24,8,0000000111111111000000011110001101000001111111111000000011010000
4386,28673,27.967706,25,8,0000111111111101000000000000000101011111111111010000000010010110
24593,28674,27.968006,0AA,8,0010001111001011001000111101011000100011101111000010001111001010
15210,28675,27.968553,1C6,8,0000000000000000100000001111010001101011000111010100000000000000
19989,28676,27.969022,0B4,8,0000000000000000000000000000000010101100000010010011010110100110
34962,28680,27.972019,4C3,8,0000001100000000000000000000000100000000000000000000000000000000
33091,28681,27.972548,1C4,8,0000111001100101000110110000000000000000000000000000000001011011
43732,951,27.972973,3BB,5,1011101100000000000000000000000000100110
39121,19107,27.973446,0BA,5,1110000000100010001001000000000010011011
27887,28684,27.977187,4DC,8,0001110100000000000000000000000000000000000000000000000000000000
4387,28685,27.977431,25,8,0000111111111101000000000000000101011111111111010000000010010110
24594,28687,27.978053,0AA,8,0010001111001001001000111100110000100011101101110010001111000011
31597,28688,27.980861,633,8,1000000100000000000000000000000000000000000000000000000000000000
39122,28646,27.980935,0BA,5,1100011000000000000000000000000010111110
16309,28689,27.981742,4C1,8,0000000100000000000000010000000100000000000000000000000000000000
9298,28691,27.98717,260,8,0000000000000000000000000000000000000000111111111010000100001010
29634,28692,27.987414,24,8,0000000111111111000000011110001101000001111111111000000011010000
4388,28693,27.987656,25,8,0000111111111101000000000000000101011111111111100000000010010111
24595,28694,27.988014,0AA,8,0010001111001000001000111100011100100011101101110010001111000000
39123,9561,27.988425,0BA,5,0010100100000000000000000000011100101011
19990,28695,27.989001,0B4,8,0000000000000000000000000000000010110000000010010010111110100100
33092,28700,27.992532,1C4,8,0000111001011101000110110000000000000000000000000000000001010011
17520,28702,27.992997,226,8,0000000000000000000100000000000000000000000000000000000000000000
882,28703,27.993993,320,8,0000000000100000000000000000000000000000000000000000000001001011
39124,19120,27.995914,0BA,5,0100111100000000000000000000000000101110
12221,28705,27.996529,2C1,8,0000100011111100110001111111110011000111110000000000000000011001
1551,28707,27.997297,6F3,8,0010000000000000000000000000000000000000000000000000000000000000
4389,28708,27.997537,25,8,0000111111111101000000000000000101011111111111100000000010010111
24596,28709,27.998002,0AA,8,0010001110111111001000111100000100100011101101010010001110111001
15211,28710,27.998511,1C6,8,0000000000000000100000001111010011001011000111010100000000000000
39125,19124,28.003404,0BA,5,1110000000100010001001000000000010011011
9299,28715,28.007177,260,8,0000000000000000000000000000000000000000111111111010000100001010
29635,28716,28.007417,24,8,0000000111111111000000011110010101000010000000001000000011010100
4390,28717,28.007658,25,8,0000111111111101000000000000000101011111111111100000000010010111
24597,28718,28.007959,0AA,8,0010001110111011001000111100001100100011101101000010001110111011
19991,28719,28.008975,0B4,8,0000000000000000000000000000000010110000000010010010010010011001
28053,28722,28.010801,6C0,8,1110010000000000000000001110000010000000000000000000000000000000
39126,28679,28.010893,0BA,5,1100011000000000000000000000000010111110
13544,28723,28.011815,399,8,0000000000000000000000000000000000000000111111110000000000000000
33093,28724,28.012512,1C4,8,0000111001001011000110110000000000000000000000000000000001000001
11192,28726,28.014716,39A,8,0000000000000000000000000000000100000000000000000000000000000000
4391,28728,28.017306,25,8,0000111111111101000000000000000101011111111111100000000010010111
24598,28729,28.01798,0AA,8,0010001110111010001000111011110000100011101010000010001110110010
39127,9570,28.018383,0BA,5,0010100100000000000000000000010000101000
17521,28732,28.020969,226,8,0000000000000000000100000000000000000000000000000000000000000000
39128,19142,28.025873,0BA,5,0100111100000000000000000000000000101110
12222,28733,28.026488,2C1,8,0000100011111100110001111111110011000111110000000000000000011001
9300,28736,28.027338,260,8,0000000000000000000000000000000000000000111111111010110100010110
4392,28737,28.027579,25,8,0000111111111101000000000000000101011111111111100000000010010111
24599,28739,28.028011,0AA,8,0010001110110110001000111011101100100011101001110010001110110000
29636,28740,28.028292,24,8,0000000111111110000000011110010101000010000000011000000011010100
15212,28741,28.028524,1C6,8,0000000000000000100000001111010100100100000111010100000000000000
19992,28742,28.028951,0B4,8,0000000000000000000000000000000010110100000010010001111010010111
28,28745,28.032286,3B1,8,0000000000000000000000100000101000000000000010000000000000000000
33094,28746,28.032525,1C4,8,0000111001000000000110110000000000000000000000000000000000110110
39129,19145,28.033362,0BA,5,1110000000100010001001000000000010011011
4393,28750,28.038312,25,8,0000111111111101000000000000000101011111111111100000000010010111
24600,28751,28.03893,0AA,8,0010001110110011001000111011011000100011101000100010001110101010
883,28752,28.039948,320,8,0000000000100000000000000000000000000000000000000000000001001011
39130,28711,28.040852,0BA,5,1100011000000000000000000000000010111110
35164,28524,28.042885,3D3,3,111001010000000000011000
9301,28756,28.047101,260,8,0000000000000000000000000000000000000000111111111010110100010110
29637,28757,28.047341,24,8,0000000111111111000000011110011001000010000000001000000011010101
4394,28758,28.047584,25,8,0000111111111101000000000000000101011111111111100000000010010111
24601,28759,28.047944,0AA,8,0010001110101100001000111011001000100011101000110010001110011111
39131,9583,28.048341,0BA,5,0010100100000000000000000000011100101011
19993,28760,28.04893,0B4,8,0000000000000000000000000000000010111000000010010001100110010110
33095,28765,28.052481,1C4,8,0000111000101000000110110000000000000000000000000000000000011110
17522,28767,28.052932,226,8,0000000000000000000100000000000000000000000000000000000000000000
14110,28769,28.054134,442,8,0100001100000010000000000000000000000010000000000000000000000000
39132,19165,28.055831,0BA,5,0100111100000000000000000000000000101110
12223,28770,28.056465,2C1,8,0000100011111100110001111111110011000111110000000000000000011001
4395,28773,28.057431,25,8,0000111111111101000000000000000101011111111111100000000010010111
24602,28774,28.057938,0AA,8,0010001110100000001000111010100100100011100111110010001110011010
15213,28775,28.058445,1C6,8,0000000000000000100000001111010110000111000111010100000000000000
39133,19170,28.06332,0BA,5,1110000000100010001001000000000010011011
9302,28779,28.067108,260,8,0000000000000000000000000000000000000000111111111010110100010110
29638,28780,28.067346,24,8,0000000111111111000000011110011001000010000000011000000011010110
4396,28781,28.06759,25,8,0000111111111101000000000000000101011111111111110000000010011000
24603,28782,28.067891,0AA,8,0010001110100001001000111010010100100011100101100010001110011010
19994,28783,28.068906,0B4,8,0000000000000000000000000000000010111000000010010000111010001011
39134,28744,28.07081,0BA,5,1100011000000000000000000000000010111110
33096,28786,28.072451,1C4,8,0000111000011001000111000000000000000000000000000000000000010000
4397,28790,28.077243,25,8,0000111111111101000000000000000101011111111111110000000010011000
24604,28791,28.077911,0AA,8,0010001110011101001000111010010000100011100110010010001110010010
39135,9595,28.078299,0BA,5,0010100100000000000000000000010000101000
17523,28794,28.080902,226,8,0000000000000000000100000000000000000000000000000000000000000000
16457,28795,28.082554,3F9,8,0111010100011000000000100000001010000000000000000000000000010101
39136,19182,28.085789,0BA,5,0100111100000000000000000000000000101110
12224,28796,28.086419,2C1,8,0000100011111100110010101111110011001010110000000000000000011111
9303,28798,28.087085,260,8,0000000000000000000000000000000000000000111111111010110100010110
29639,28799,28.087326,24,8,0000000111111111000000011110011001000010000000011000000011010110
4398,28800,28.08757,25,8,0000111111111101000000000000000101011111111111110000000010011000
24605,28802,28.087995,0AA,8,0010001110010111001000111001111000100011100101000010001110010011
15214,28803,28.088434,1C6,8,0000000000000000100000001111011000000100000111100100000000000000
19995,28804,28.088889,0B4,8,0000000000000000000000000000000010111100000010010000001010000011
884,28807,28.091887,320,8,0000000000100000000000000000000000000000000000000000000001001011
33097,28808,28.092431,1C4,8,0000111000001011000111000000000000000000000000000000000000000010
39137,19187,28.093278,0BA,5,1110000000100010001001000000000010011011
4399,28812,28.097217,25,8,0000111111111101000000000000000101011111111111110000000010011000
24606,28813,28.097889,0AA,8,0010001110010110001000111001111100100011100010110010001110001001
39138,28776,28.100768,0BA,5,1100011000000000000000000000000010111110
9304,28816,28.106769,260,8,0000000000000000000000000000000000000000111111111010110100010110
4400,28818,28.107349,25,8,0000111111111101000000000000000101011111111111110000000010011000
24607,28819,28.107875,0AA,8,0010001110010001001000111001011100100011100000100010001110001001
29640,28820,28.108179,24,8,0000000111111111000000011110101001000010000000011000000011011010
39139,9599,28.108258,0BA,5,0010100100000000000000000000011100101011
19996,28822,28.108996,0B4,8,0000000000000000000000000000000011000000000010001111011101111011
33098,28827,28.112487,1C4,8,0000110111101100000111000000000000000000000000000000000011100010
17524,28829,28.112895,226,8,0000000000000000000100000000000000000000000000000000000000000000
39140,19206,28.115747,0BA,5,0100111100000000000000000000000000101110
12225,28830,28.116396,2C1,8,0000100011111100101111011111110010111101110000000000000000000101
13298,28832,28.117127,30000000.0,7,0
4401,28833,28.117371,25,8,0000111111111101000000000000000101011111111111110000000010011000
24608,28834,28.117871,0AA,8,0010001110010000001000111001001000100011100000110010001110000110
15215,28835,28.118381,1C6,8,0000000000000000100000001111011001110111000111100100000000000000
39141,19208,28.123237,0BA,5,1110000000100010001001000000000010011011
9305,28838,28.126743,260,8,0000000000000000000000000000000000000000111111111010110100010110
4402,28840,28.127326,25,8,0000111111111101000000000000000101011111111111110000000010011000
24609,28841,28.127828,0AA,8,0010001110000001001000111000110000100011011110100010001110000001
29641,28842,28.128158,24,8,0000000111111111000000011110100001000010000000011000000011011000
19997,28843,28.128839,0B4,8,0000000000000000000000000000000011000000000010001111000101110101
39142,28806,28.130726,0BA,5,1100011000000000000000000000000010111110
13858,28845,28.13204,4C6,8,0000011100000000000000110000000000000000000000000000000000000000
33099,28846,28.132386,1C4,8,0000110111011101000111000000000000000000000000000000000011010011
4403,28850,28.137172,25,8,0000111111111101000000000000000101011111111111110000000010011000
24610,28851,28.137862,0AA,8,0010001101111110001000111000100000100011011111010010001110000001
39143,9614,28.138216,0BA,5,0010100100000000000000000000010000101000
17525,28854,28.140835,226,8,0000000000000000000100000000000000000000000000000000000000000000
885,28856,28.14183,320,8,0000000000100000000000000000000000000000000000000000000001001011
39144,19226,28.145705,0BA,5,0100111100000000000000000000000000101110
12226,28857,28.146352,2C1,8,0000100011111100101111011111110010111101110000000000000000000101
9306,28858,28.146673,260,8,0000000000000000000000000000000000000000111111111010110100010110
13409,28860,28.146998,394,3,0
29642,28861,28.147236,24,8,0000000111111111000000011110100001000010000000011000000011011000
4404,28862,28.147483,25,8,0000111111111101000000000000000101011111111111110000000010011000
27949,28863,28.147734,300000000.0,8,0
24611,28864,28.147968,0AA,8,0010001110000000001000111000001100100011011100000010001101111111
15216,28865,28.148363,1C6,8,0000000000000000100000001111011011100011000111100100000000000000
19998,28866,28.148815,0B4,8,0000000000000000000000000000000011000100000010001110011001101110
21685,28870,28.152094,443,8,0100110100000010000000000010111100000110000000000000000000000000
33100,28871,28.15236,1C4,8,0000110111001110000111000000000000000000000000000000000011000100
34868,28873,28.153052,3C3,8,0100011000011110100101000100111011101110010110010000001110001000
39145,19229,28.153195,0BA,5,1110000000100010001001000000000010011011
4405,28875,28.157154,25,8,0000111111111101000000000000000101011111111111110000000010011000
24612,28876,28.157823,0AA,8,0010001101111011001000111000000000100011011011100010001101111101
39146,28836,28.160684,0BA,5,1100011000000000000000000000000010111110
35333,9265,28.162563,386,7,10100100000000000000000000000000000000000000000010000000
9307,28879,28.166605,260,8,0000000000000000000000000000000000000000111111111010110100010110
29643,28881,28.167122,24,8,0000000111111111000000011110100001000010000000011000000011011000
4406,28882,28.167364,25,8,0000111111111101000000000000000101011111111111110000000010011000
24613,28883,28.167785,0AA,8,0010001101111000001000110111110000100011011011110010001101110011
39147,9621,28.168174,0BA,5,0010100100000000000000000000011100101011
19999,28884,28.168795,0B4,8,0000000000000000000000000000000011001000000010001110000101101101
33101,28889,28.172338,1C4,8,0000110110110001000111000000000000000000000000000000000010100111
17526,28891,28.172796,226,8,0000000000000000000100000000000000000000000000000000000000000000
39148,19241,28.175663,0BA,5,0100111100000000000000000000000000101110
12227,28893,28.176335,2C1,8,0000100011111100101111011111110010111101110000000000000000000101
27929,28895,28.177083,3000000000.0,8,0
4407,28896,28.177327,25,8,0000111111111101000000000000000101011111111111110000000010011000
24614,28897,28.177797,0AA,8,0010001101101110001000110111011100100011011011110010001101101100
43542,28152,28.177889,423,2,1000100000000
15217,28898,28.178318,1C6,8,0000000000000000100000001111011101110010000111110100000000000000
154,28900,28.179796,3B7,8,1000
39149,19245,28.183153,0BA,5,1110000000100010001001000000000010011011
9308,28902,28.186559,260,8,0000000000000000000000000000000000000000111111111010110100010110
29644,28904,28.187104,24,8,0000000111111111000000011110101001000010000000011000000011011010
4408,28905,28.187346,25,8,0000111111111101000000000000000101011111111111110000000010011000
24615,28906,28.187784,0AA,8,0010001101101010001000110111001100100011011000100010001101101001
20000,28907,28.188772,0B4,8,0000000000000000000000000000000011001000000010001101010101100001
39150,28868,28.190643,0BA,5,1100011000000000000000000000000010111110
886,28910,28.190827,320,8,0000000000100000000000000000000000000000000000000000000001001011
33102,28911,28.192322,1C4,8,0000110110100100000111000000000000000000000000000000000010011010
7681,28913,28.194712,611,8,0010000100000000000000000001000000000000000000000011110101101100
39151,9633,28.198132,0BA,5,0010100100000000000000000000010000101000
4409,28915,28.198138,25,8,0000111111111101000000000000000101011111111111110000000010011000
24616,28916,28.198746,0AA,8,0010001101100110001000110110110000100011010111010010001101101111
17527,28920,28.201768,226,8,0000000000000000000100000000000000000000000000000000000000000000
39152,19266,28.205622,0BA,5,0100111100000000000000000000000000101110
12228,28922,28.206288,2C1,8,0000100011111100101111011111110010111101110000000000000000000101
9309,28923,28.206531,260,8,0000000000000000000000000000000000000000111111111010110100010110
11057,28924,28.206782,620,8,0001000000000000000000000000000000000000000000000000000000000000
4410,28927,28.20739,25,8,0000111111111101000000000000000101011111111111110000000010011000
24617,28928,28.207735,0AA,8,0010001101100101001000110110011000100011010110100010001101100100
29645,28929,28.208124,24,8,0000000111111111000000011110011001000010000000011000000011010110
15218,28930,28.208317,1C6,8,0000000000000000100000001111011111110110000111110100000000000000
20001,28931,28.20875,0B4,8,0000000000000000000000000000000011001100000010001101000001100000
33103,28934,28.212301,1C4,8,0000110110001101000111000000000000000000000000000000000010000011
39153,19268,28.213111,0BA,5,1110000000100010001001000000000010011011
4411,28937,28.217083,25,8,0000111111111101000000000000000101011111111111110000000010011000
24618,28938,28.217762,0AA,8,0010001101011110001000110110000100100011010101110010001101011111
39154,28899,28.220601,0BA,5,1100011000000000000000000000000010111110
9310,28940,28.226547,260,8,0000000000000000000000000000000000000000111111111010000100001010
29646,28942,28.22708,24,8,0000000111111111000000011110010101000010000000011000000011010101
4412,28943,28.227324,25,8,0000111111111101000000000000000101011111111111110000000010011000
24619,28944,28.227744,0AA,8,0010001101010110001000110110001100100011010011100010001101011001
39155,9645,28.22809,0BA,5,0010100100000000000000000000011100101011
20002,28945,28.228728,0B4,8,0000000000000000000000000000000011010000000010001100010001011000
33104,28951,28.232285,1C4,8,0000110110000100000111000000000000000000000000000000000001111010
17528,28953,28.23273,226,8,0000000000000000000100000000000000000000000000000000000000000000
39156,19285,28.23558,0BA,5,0100111100000000000000000000000000101110
12229,28954,28.236273,2C1,8,0000100011111100101101111111110010110111110000000000000011111001
4413,28956,28.237063,25,8,0000111111111101000000000000000101011111111111110000000010011000
24620,28957,28.237729,0AA,8,0010001101010100001000110110000100100011010011010010001101011001
15219,28958,28.238259,1C6,8,0000000000000000100000001111100001110001000111110100000000000000
887,28960,28.239723,320,8,0000000000100000000000000000000000000000000000000000000001001011
39157,19289,28.243069,0BA,5,1110000000100010001001000000000010011011
9311,28962,28.246449,260,8,0000000000000000000000000000000000000000111111111010000100001010
4414,28964,28.247047,25,8,0000111111111101000000000000000101011111111111110000000010011000
29647,28965,28.247286,24,8,0000000111111111000000011110001101000010000000001000000011010010
24621,28966,28.247719,0AA,8,0010001101010010001000110101010100100011010001110010001101010000
20003,28967,28.248712,0B4,8,0000000000000000000000000000000011010000000010001011111101010011
39158,28933,28.250559,0BA,5,1100011000000000000000000000000010111110
33105,28970,28.252268,1C4,8,0000110101111010000111000000000000000000000000000000000001110000
31464,28973,28.255038,44D,8,0100001000000010000000000000000000000001000000000000000000000000
39159,9657,28.258048,0BA,5,0010100100000000000000000000010000101000
4415,28976,28.258124,25,8,0000111111111101000000000000000101011111111111110000000010011000
24622,28977,28.258683,0AA,8,0010001101010001001000110100111000100011010001010010001101001011
17529,28980,28.261697,226,8,0000000000000000000100000000000000000000000000000000000000000000
39160,19301,28.265538,0BA,5,0100111100000000000000000000000000101110
12230,28982,28.266231,2C1,8,0000000011111101000101111111110010110111110000000000000101010011
9312,28983,28.266474,260,8,0000000000000000000000000000000000000000111111111001010111111110
29648,28985,28.26702,24,8,0000000111111111000000011110001101000001111111011000000011001110
4416,28986,28.267264,25,8,0000111111111101000000000000000101011111111111110000000010011000
24623,28987,28.26767,0AA,8,0010001101001001001000110100100100100011010000000010001101000100
15220,28988,28.26824,1C6,8,0000000000000000100000001111100011111101000111110100000000000000
20004,28989,28.268684,0B4,8,0000000000000000000000000000000011010100000010001011010001001100
43733,1922,28.270558,3BB,5,1010010100000000000000000000000000000000
33106,28992,28.272236,1C4,8,0000110101101110000111000000000000000000000000000000000001100100
39161,19305,28.273027,0BA,5,1110000000100010001001000000000010011011
4417,28996,28.277018,25,8,0000111111111101000000000000000101011111111111110000000010011000
24624,28997,28.277688,0AA,8,0010001101000011001000110100010100100011001111110010001101000101
39162,28959,28.280517,0BA,5,1100011000000000000000000000000010111110
9313,28998,28.286407,260,8,0000000000000000000000000000000000000000111111111000100111110010
29649,29000,28.287001,24,8,0000000111111111000000011101111101000001111111111000000011001100
4418,29001,28.287245,25,8,0000111111111101000000000000000101011111111111110000000010011000
24625,29002,28.287681,0AA,8,0010001100111111001000110011111000100011001101100010001100111110
39163,9662,28.288007,0BA,5,0010100100000000000000000000011100101011
20005,29003,28.288663,0B4,8,0000000000000000000000000000000011010100000010001010100001000000
33107,29009,28.292219,1C4,8,0000110101101000000111000000000000000000000000000000000001011110
17530,29011,28.292663,226,8,0000000000000000000100000000000000000000000000000000000000000000
31271,29012,28.293554,4A6,8,0000000000000000000000000000000000000000000100010000000000000000
888,29013,28.293803,320,8,0000000000100000000000000000000000000000000000000000000001001011
39164,19324,28.295496,0BA,5,0100111100000000000000000000000000101110
12231,29015,28.296212,2C1,8,0000000011111101101101001111110110010100110000000000111111011100
4419,29017,28.296998,25,8,0000111111111101000000000000000101011111111111110000000010011000
24626,29018,28.297662,0AA,8,0010001100111011001000110011101000100011001100100010001100111010
15221,29019,28.298195,1C6,8,0000000000000000100000001111100110001010001000000000000000000000
35165,3565,28.302542,3D3,3,011011000000001000000000
39165,19328,28.302986,0BA,5,1110000000100010001001000000000010011011
9314,29023,28.306391,260,8,0000000000000000000000000000000000000000111111110111110111100110
29650,29025,28.306978,24,8,0000000111111111000000011101111101000001111111111000000011001100
4420,29026,28.307222,25,8,0000111111111101000000000000000101011111111111110000000010011000
24627,29027,28.307627,0AA,8,0010001100111001001000110011100000100011001011100010001100110001
20006,29028,28.308641,0B4,8,0000000000000000000000000000000011011000000010001010001100111111
28054,29030,28.309921,6C0,8,1110010000000000000000001110000010000000000000000000000000000000
39166,28991,28.310475,0BA,5,1100011000000000000000000000000010111110
33108,29031,28.3122,1C4,8,0000110101100011000111000000000000000000000000000000000001011001
4421,29034,28.316979,25,8,0000111111111101000000000000000101010000000000000000000010001010
24628,29035,28.317642,0AA,8,0010001100110010001000110011100100100011001011100010001100101011
39167,9675,28.317965,0BA,5,0010100100000000000000000000010000101000
17531,29038,28.320633,226,8,0000000000000000000100000000000000000000000000000000000000000000
39168,19348,28.325454,0BA,5,0100111100000000000000000000000000101110
12232,29040,28.326169,2C1,8,0000000011111110001001001111111000010111110000000001100111011011
9315,29041,28.326417,260,8,0000000000000000000000000000000000000000111111110111110111100110
7830,29043,28.326824,610,8,0010000000000000000101100110010011000000000000000011000101000000
29651,29044,28.327066,24,8,0000001000000000000000011101111101000010000000001000000011010000
4422,29045,28.327313,25,8,0000111111111101000000000000000101010000000000000000000010001010
24629,29046,28.327599,0AA,8,0010001100101011001000110011010100100011001010010010001100100011
15222,29047,28.328507,1C6,8,0000000000000000100000001111101000001110001000000000000000000000
20007,29048,28.328745,0B4,8,0000000000000000000000000000000011011100000010001001011100110111
16458,29052,28.331757,3F9,8,0111010100011000000000100000001010000000000000000000000000010101
33109,29053,28.332185,1C4,8,0000110101110000000111000000000000000000000000000000000001100110
39169,19353,28.332944,0BA,5,1110000000100010001001000000000010011011
4423,29057,28.338131,25,8,0000111111111101000000000000000101010000000000000000000010001010
24630,29058,28.338591,0AA,8,0010001100101000001000110010101100100011001001000010001100100001
889,29059,28.33961,320,8,0000000000100000000000000000000000000000000000000000000001001011
39170,29020,28.340433,0BA,5,1100011000000000000000000000000010111110
9316,29061,28.34611,260,8,0000000000000000000000000000000000000000111111110111110111100110
29652,29063,28.34693,24,8,0000000111111111000000011110000101000010000000001000000011010000
4424,29064,28.347177,25,8,0000111111111101000000000000000101000000000000000000000001111010
24631,29065,28.347609,0AA,8,0010001100101010001000110010001000100011000110110010001100011001
39171,9684,28.347923,0BA,5,0010100100000000000000000000011100101011
20008,29066,28.348593,0B4,8,0000000000000000000000000000000011011100000010001000110000101100
33110,29071,28.352152,1C4,8,0000110110000101000111000000000000000000000000000000000001111011
17532,29073,28.352595,226,8,0000000000000000000100000000000000000000000000000000000000000000
14111,29074,28.353454,442,8,0100001100000010000000000000000000000010000000000000000000000000
39172,19365,28.355412,0BA,5,0100111100000000000000000000000000101110
12233,29077,28.356142,2C1,8,0000000011111110100011011111111000111010110000000001110001101010
4425,29079,28.356927,25,8,0000111111111101000000000000000101000000000000000000000001111010
24632,29080,28.357596,0AA,8,0010001100100101001000110010001100100011000111100010001100010001
15223,29081,28.358133,1C6,8,0000000000000000100000001111101010010101001000000000000000000000
39173,19370,28.362902,0BA,5,1110000000100010001001000000000010011011
13920,29084,28.365448,622,8,0001001000000000000000000000000000000000000000000000000000000000
9317,29085,28.366031,260,8,0000000000000000000000000000000000000000111111110111000111011010
29653,29087,28.366924,24,8,0000000111111111000000011110001101000010000000011000000011010011
4426,29088,28.367177,25,8,0000111111111101000000000000000101000000000000000000000001111010
24633,29089,28.367585,0AA,8,0010001100100000001000110010011000100011000101100010001100010000
20009,29090,28.36857,0B4,8,0000000000000000000000000000000011100000000010001000011100101011
39174,29051,28.370392,0BA,5,1100011000000000000000000000000010111110
33111,29093,28.372126,1C4,8,0000110110011001000111000000000000000000000000000000000010001111
4427,29096,28.376906,25,8,0000111111111101000000000000000101000000000000000000000001111010
24634,29097,28.377572,0AA,8,0010001100011101001000110011000000100011000100000010001100001101
39175,9695,28.377881,0BA,5,0010100100000000000000000000010000101000
17533,29100,28.380562,226,8,0000000000000000000100000000000000000000000000000000000000000000
39176,19389,28.385371,0BA,5,0100111100000000000000000000000000101110
9318,29101,28.385978,260,8,0000000000000000000000000000000000000000111111110111110111100110
12234,29102,28.386216,2C1,8,0000000011111111001110101111111010100000110000000001111010000000
29654,29104,28.386902,24,8,0000000111111111000000011110100001000010000001011000000011011100
4428,29105,28.387149,25,8,0000111111111101000000000000000100110000000000000000000001101010
24635,29107,28.387559,0AA,8,0010001100100000001000110010110000100011000010100010001100001111
15224,29108,28.388169,1C6,8,0000000000000000000000001111101100101000001000010000000000000000
20010,29109,28.388547,0B4,8,0000000000000000000000000000000011100100000010001000000100101001
890,29112,28.391547,320,8,0000000000100000000000000000000000000000000000000000000001001011
33112,29113,28.392102,1C4,8,0000110110110010000111000000000000000000000000000000000010101000
39177,19392,28.39286,0BA,5,1110000000100010001100000000000010100111
4429,29117,28.396886,25,8,0000111111111101000000000000000100110000000000000000000001101010
24636,29118,28.39755,0AA,8,0010001100011110001000110010100000100011000010100010001100001001
39178,29082,28.40035,0BA,5,1100011000000000000000000000000010111110
9319,29121,28.405954,260,8,0000000000000000000000000000000000000000111111110111110111100110
31658,29123,28.40682,389,8,0000000000100000000000000000000000000000000000000000000000000000
29655,29124,28.407063,24,8,0000000111111111000000011110111101000010000000111000000011100001
4430,29125,28.407306,25,8,0000111111111101000000000000000100100000000000000000000001011010
24637,29126,28.407539,0AA,8,0010001100011010001000110010000000100011000000010010001100001010
39179,9705,28.407839,0BA,5,0010100100000000000000000000011100101011
20011,29127,28.408531,0B4,8,0000000000000000000000000000000011100100000010001000000100101001
33113,29132,28.412089,1C4,8,0000110110111000000111000000000000000000000000000000000010101110
17534,29134,28.41253,226,8,0000000000000000000100000000000000000000000000000000000000000000
39180,19410,28.415329,0BA,5,0100111100000000000000000000000000101110
12235,29135,28.416355,2C1,8,0000000000000000000000111111111100010111110000000001111111000011
4431,29137,28.416916,25,8,0000111111111101000000000000000100010000000000000000000001001010
24638,29138,28.417539,0AA,8,0010001100011000001000110010001000100011000000010010001100001010
15225,29139,28.418119,1C6,8,0000000000000000000000001111101110110000001000010000000000000000
39181,19415,28.422818,0BA,5,1110000000100010001110000000000010101111
9320,29143,28.425899,260,8,0000000000000000000000000000000000000000111111110111000111011010
29656,29145,28.426872,24,8,0000000111111111000000011111011001000010000000011000000011100110
4432,29146,28.427117,25,8,0000111111111101000000000000000100000000000000000000000000111010
24639,29147,28.427491,0AA,8,0010001100011000001000110010010000100010111111000010001100001101
20012,29148,28.428507,0B4,8,0000000000000000000000000000000011101000000010000111101100100111
39182,29111,28.430308,0BA,5,1100011000000000000000000000000010111110
33114,29150,28.432099,1C4,8,0000110110111001000111000000000000000000000000000000000010101111
13665,29153,28.433058,4B7,8,1110001001011111001000001111000000001000110011000000000100001000
4433,29156,28.436841,25,8,0000111111111101000000000000000111110000000000000000000000101010
24640,29157,28.437507,0AA,8,0010001100010101001000110010010100100010111110100010001100001000
39183,9717,28.437797,0BA,5,0010100100000000000000000000010000101000
17535,29160,28.4405,226,8,0000000000000000000100000000000000000000000000000000000000000000
891,29161,28.441497,320,8,0000000000100000000000000000000000000000000000000000000001001011
39184,19426,28.445287,0BA,5,0100111100000000000000000000000000101110
9321,29162,28.445858,260,8,0000000000000000000000000000000000000000111111110111110111100110
12236,29163,28.446101,2C1,8,0000000000000000010001101111111110111010110000000001111110101001
13410,29164,28.446286,394,3,0
29657,29166,28.446849,24,8,0000000111111110000000011111101001000010000000001000000011101000
4434,29167,28.447094,25,8,0000111111111101000000000000000111011111111110000000000000010001
24641,29168,28.447471,0AA,8,0010001100011000001000110010011100100010111110010010001100000101
15226,29169,28.448046,1C6,8,0000000000000000000000001111110000101110001000010000000000000000
20013,29170,28.448481,0B4,8,0000000000000000000000000000000011101000000010000111011000100010
21686,29174,28.451772,443,8,0100110100000010000000000010111100000110000000000000000000000000
33115,29175,28.452048,1C4,8,0000110110111100000111000000000000000000000000000000000010110010
39185,19431,28.452777,0BA,5,1110000000100010010000000000000010110111
4435,29180,28.457846,25,8,0000111111111101000000000000000110101111111110000000000011100001
24642,29181,28.458463,0AA,8,0010001100010100001000110010010000100010111110010010001100000000
39186,29140,28.460266,0BA,5,1100011000000000000000000000000010111110
9322,29183,28.465797,260,8,0000000000000000000000000000000000000000111111110111000111011010
289,29185,28.46676,38F,8,0000000100000000000000000000000000000000000000000000000000000000
29658,29186,28.467004,24,8,0000000111111110000000011111110101000001111111111000000011101001
4436,29187,28.467248,25,8,0000111111111101000000000000000110011111111010110000000011000100
24643,29188,28.46748,0AA,8,0010001100010011001000110010000000100010111100010010001100000001
39187,9723,28.467756,0BA,5,0010100100000000000000000000011100101011
20014,29189,28.468459,0B4,8,0000000000000000000000000000000011101100000010000111011000100110
33116,29195,28.472023,1C4,8,0000110110111000000111000000000000000000000000000000000010101110
17536,29197,28.472464,226,8,0000000000000000000100000000000000000000000000000000000000000000
39188,19449,28.475245,0BA,5,0100111100000000000000000000000000101110
12237,29198,28.476051,2C1,8,0000000000000000100110010000000000111001110000000001111101111100
4437,29200,28.476795,25,8,0000111111111100000000000000000101011111111010110000000010000011
24644,29201,28.477466,0AA,8,0010001100010000001000110001100100100010111011100010001011111110
15227,29202,28.478004,1C6,8,0000000000000000000000001111110011000011001000010000000000000000
155,29204,28.479459,3B7,8,1000
39189,19455,28.482735,0BA,5,1110000000100010001010000000000010011111
9323,29206,28.485799,260,8,0000000000000000000000000000000000000000111111110111000111011010
29659,29208,28.486786,24,8,0000000111111110000000100000000101000010000000001000000011110000
4438,29209,28.487026,25,8,0000111111111100000000000000000100101111111010010000000001010001
24645,29210,28.487426,0AA,8,0010001100000110001000110001010000100010111100110010001011111011
20015,29211,28.488441,0B4,8,0000000000000000000000000000000011110000000010000111011000101010
39190,29172,28.490224,0BA,5,1100011000000000000000000000000010111110
892,29214,28.490442,320,8,0000000000100000000000000000000000000000000000000000000001001011
33117,29215,28.492006,1C4,8,0000110110110000000111000000000000000000000000000000000010100110
11058,29217,28.494242,620,8,0001000000000000000000000000000000000000000000000000000000000000
34722,29218,28.496575,380,8,0
39191,9739,28.497714,0BA,5,0010100100000000000000000000010000101000
4439,29221,28.497798,25,8,0000111111111100000000000000000111111111111010010000000000100001
24646,29222,28.498411,0AA,8,0010001100000101001000110001000100100010111010110010001011110110
17537,29225,28.501432,226,8,0000000000000000000100000000000000000000000000000000000000000000
39192,19472,28.505203,0BA,5,0100111100000000000000000000000000101110
9324,29228,28.505808,260,8,0000000000000000000000000000000000000000111111110111000111011010
12238,29229,28.506051,2C1,8,0000000000000000111001100000000010010110110000000001111100100110
29660,29231,28.506764,24,8,0000000111111110000000100000000001000010000000001000000011101111
4440,29232,28.507006,25,8,0000111111111100000000000000000111001111111000110000000011101011
24647,29233,28.507404,0AA,8,0010001100000001001000110000111100100010111011110010001011111010
15228,29234,28.508027,1C6,8,0000000000000000000000001111110101001101001000100000000000000000
20016,29235,28.50842,0B4,8,0000000000000000000000000000000011110000000010000111000000100100
33118,29238,28.511981,1C4,8,0000110110101100000111000000000000000000000000000000000010100010
39193,19475,28.512693,0BA,5,1110000000100010001101000000000010101011
43543,1927,28.51334,423,2,11100000000
4441,29241,28.516749,25,8,0000111111111100000000000000000110011111111000110000000010111011
24648,29242,28.517435,0AA,8,0010001100000111001000110001001100100010111011000010001011110001
39194,29203,28.520182,0BA,5,1100011000000000000000000000000010111110
9325,29245,28.525696,260,8,0000000000000000000000000000000000000000111111110110011011001111
4442,29247,28.526729,25,8,0000111111111011000000000000000101101111111000110000000010001010
29661,29248,28.526973,24,8,0000000111111110000000011111110101000001111111111000000011101001
24649,29249,28.527407,0AA,8,0010001100000111001000110001001100100010111010110010001011110110
39195,9747,28.527672,0BA,5,0010100100000000000000000000011100101011
20017,29250,28.528399,0B4,8,0000000000000000000000000000000011110100000010000110101000100010
33119,29255,28.531963,1C4,8,0000110110101000000111000000000000000000000000000000000010011110
17538,29257,28.532395,226,8,0000000000000000000100000000000000000000000000000000000000000000
39196,19489,28.535162,0BA,5,0100111100000000000000000000000000101110
12239,29259,28.535961,2C1,8,0000000000000001001100000000000100000011110000000001111111011111
4443,29261,28.537749,25,8,0000111111111011000000000000000100101111111000010000000001001000
15229,29262,28.537992,1C6,8,0000000000000000000000001111110111001110001000100000000000000000
24650,29263,28.538386,0AA,8,0010001100000110001000110001001100100010111010100010001011101101
893,29265,28.540386,320,8,0000000000100000000000000000000000000000000000000000000001001011
39197,19494,28.542651,0BA,5,1110000000100010001101000000000010101011
9326,29266,28.545666,260,8,0000000000000000000000000000000000000000111111110101100111000010
4444,29268,28.54671,25,8,0000111111111011000000000000000100001111111000010000000000101000
29662,29269,28.546956,24,8,0000000111111101000000011111111101000001111111011000000011101000
24651,29270,28.547385,0AA,8,0010001100000110001000110001001100100010111011000010001011110100
20018,29271,28.548374,0B4,8,0000000000000000000000000000000011110100000010000110101000100010
39198,29237,28.550141,0BA,5,1100011000000000000000000000000010111110
33120,29275,28.551952,1C4,8,0000110110100011000111000000000000000000000000000000000010011001
31465,29277,28.554227,44D,8,0100001000000010000000000000000000000001000000000000000000000000
4445,29280,28.556707,25,8,0000111111111011000000000000000111011111111001110000000011111110
24652,29281,28.557378,0AA,8,0010001100000110001000110001010000100010111001110010001011110111
39199,9756,28.55763,0BA,5,0010100100000000000000000000010000101000
17539,29284,28.560366,226,8,0000000000000000000100000000000000000000000000000000000000000000
35166,29060,28.562198,3D3,3,111001010000000000000000
39200,19514,28.56512,0BA,5,0100111100000000000000000000000000101110
9327,29285,28.565638,260,8,0000000000000000000000000000000000000000111111110110011011001111
12240,29286,28.565914,2C1,8,0000000000000001011101100000000110000011110000000001111110100101
29663,29288,28.566703,24,8,0000000111111101000000100000000101000001111111011000000011101011
4446,29289,28.566941,25,8,0000111111111011000000000000000110111111111001110000000011011110
24653,29291,28.567356,0AA,8,0010001100000111001000110001000000100010111010110010001011111001
15230,29292,28.56792,1C6,8,0000000000000000000000001111111001011011001000100000000000000000
43734,29778,28.568143,3BB,5,0111000000000000000000001010010100000000
20019,29293,28.568348,0B4,8,0000000000000000000000000000000011111000000010000110101000100110
33121,29296,28.571922,1C4,8,0000110110100001000111000000000000000000000000000000000010010111
39201,19518,28.572609,0BA,5,1110000000100010001111000000000010110011
4447,29299,28.576681,25,8,0000111111111011000000000000000110011111111010100000000011000001
24654,29300,28.577355,0AA,8,0010001100001010001000110001010000100010111010100010001011110001
39202,29264,28.580099,0BA,5,1100011000000000000000000000000010111110
16459,29301,28.582171,3F9,8,0111010100011000000000100000001010000000000000000000000000010101
9328,29303,28.585562,260,8,0000000000000000000000000000000000000000111111110101100111000010
4448,29306,28.586667,25,8,0000111111111010000000000000000101101111111010100000000010010000
29664,29307,28.586908,24,8,0000000111111101000000100000001101000001111111011000000011101101
24655,29308,28.587341,0AA,8,0010001100001111001000110001011000100010111011000010001011110100
39203,9766,28.587588,0BA,5,0010100100000000000000000000011100101011
20020,29309,28.588326,0B4,8,0000000000000000000000000000000011111100000010000110101000101010
33122,29314,28.591894,1C4,8,0000110110100000000111000000000000000000000000000000000010010110
17540,29316,28.59233,226,8,0000000000000000000100000000000000000000000000000000000000000000
894,29317,28.593323,320,8,0000000000100000000000000000000000000000000000000000000001001011
14244,29318,28.59432,60.0,8,1010000100000000000000000000000000000000011100000000000000000000
39204,19537,28.595078,0BA,5,0100111100000000000000000000000000101110
12241,29319,28.595943,2C1,8,0000000000000001101101100000000110111100110000000001111100011110
4449,29321,28.596662,25,8,0000111111111010000000000000000101001111111010100000000001110000
24656,29322,28.597333,0AA,8,0010001100010011001000110001111000100010111001110010001011101101
15231,29323,28.597879,1C6,8,0000000000000000000000001111111011101000001000110000000000000000
11253,29327,28.600553,4C8,8,0000100100000000000000000000000000000000000000000000000000000000
39205,19542,28.602567,0BA,5,1110000000100010010100000000000011000111
9329,29328,28.605401,260,8,0000000000000000000000000000000000000000111111110110011011001111
29665,29330,28.60666,24,8,0000000111111101000000100000010101000001111111011000000011101111
4450,29331,28.606903,25,8,0000111111111010000000000000000100111111111011100000000001100100
24657,29332,28.607289,0AA,8,0010001100010010001000110010000000100010111011010010001011110101
20021,29333,28.608304,0B4,8,0000000000000000000000000000000011111100000010000110101000101010
28055,29334,28.609065,6C0,8,1110010000000000000000001110000010000000000000000000000000000000
39206,29295,28.610057,0BA,5,1100011000000000000000000000000010111110
7741,29336,28.611635,435,8,1000000000000101000001011111111111100000001111110000000000000011
33123,29337,28.611916,1C4,8,0000110110010100000111000000000000000000000000000000000010001010
4451,29341,28.616685,25,8,0000111111111010000000000000000100011111111011100000000001000100
24658,29342,28.617305,0AA,8,0010001100010010001000110001110100100010111011110010001011101010
39207,9781,28.617547,0BA,5,0010100100000000000000000000010000101000
10931,29344,28.6186,436,8,0
17541,29347,28.620298,226,8,0000000000000000000100000000000000000000000000000000000000000000
39208,19555,28.625036,0BA,5,0100111100000000000000000000000000101110
9330,29348,28.625349,260,8,0000000000000000000000000000000000000000111111110101100111000010
12242,29349,28.625848,2C1,8,0000000000000001111100000000001000000110110000000001111110100011
4452,29351,28.62665,25,8,0000111111111010000000000000000100001111111011100000000000110100
29666,29352,28.626896,24,8,0000000111111101000000100000110101000001111110111000000011110101
24659,29353,28.627262,0AA,8,0010001100010001001000110001101100100010111011110010001011110001
15232,29354,28.627858,1C6,8,0000000000000000000000001111111101101010001000110000000000000000
20022,29355,28.628283,0B4,8,0000000000000000000000000000000000000000000010000111000000110100
33124,29358,28.631849,1C4,8,0000110110001010000111000000000000000000000000000000000010000000
39209,19559,28.632526,0BA,5,1110000000100010010011000000000011000011
4453,29362,28.636618,25,8,0000111111111010000000000000000111111111111100100000000000101000
24660,29363,28.637287,0AA,8,0010001100010011001000110001110100100010111100010010001011110011
895,29364,28.638357,320,8,0000000000100000000000000000000000000000000000000000000001001011
39210,29324,28.640015,0BA,5,1100011000000000000000000000000010111110
13605,29365,28.641623,4DD,8,0001111000000000000000000000000000000000000000000000000000000000
9331,29366,28.645273,260,8,0000000000000000000000000000000000000000111111110101100111000010
13797,29368,28.646566,434,8,0100001000000000000000000000000000000000000000000000000000000000
29667,29369,28.64681,24,8,0000000111111100000000100001000101000001111110101000000011110111
4454,29370,28.647055,25,8,0000111111111010000000000000000111111111111101010000000000101011
24661,29371,28.647282,0AA,8,0010001100010100001000110001101000100010111110010010001011111001
39211,9785,28.647505,0BA,5,0010100100000000000000000000011100101011
20023,29372,28.648262,0B4,8,0000000000000000000000000000000000000100000010000111000000111000
33125,29379,28.651833,1C4,8,0000110110000001000111000000000000000000000000000000000001110111
17542,29381,28.652257,226,8,0000000000000000000100000000000000000000000000000000000000000000
34869,29382,28.652485,3C3,8,0100011000011110100101000100111011101110010110010000001110001000
14112,29383,28.652973,442,8,0100001100000010000000000000000000000010000000000000000000000000
28188,29385,28.65357,437,8,1111110011111111111111111111111111111111111111111111111111111111
39212,19578,28.654994,0BA,5,0100111100000000000000000000000000101110
12243,29386,28.655896,2C1,8,0000000000000010001011000000001001111100110000000001111001010101
4455,29388,28.656589,25,8,0000111111111010000000000000000111101111111101100000000000011100
24662,29389,28.657264,0AA,8,0010001100011000001000110010101000100010111101100010001011111001
15233,29390,28.657811,1C6,8,0000000000000000000000001111111111101101001000110000000000000000
39213,19580,28.662484,0BA,5,1110000000100010010001000000000010111011
9332,29392,28.665293,260,8,0000000000000000000000000000000000000000111111110110011011001111
29668,29395,28.666596,24,8,0000000111111100000000100001001101000001111110111000000011111010
4456,29396,28.666841,25,8,0000111111111010000000000000000111101111111101100000000000011100
24663,29397,28.667224,0AA,8,0010001100011001001000110010010000100010111101010010001011111001
20024,29398,28.668243,0B4,8,0000000000000000000000000000000000000100000010000111000000111000
39214,29357,28.669973,0BA,5,1100011000000000000000000000000010111110
33126,29400,28.671812,1C4,8,0000110101101111000111000000000000000000000000000000000001100101
4457,29403,28.676571,25,8,0000111111111010000000000000000111101111111101100000000000011100
24664,29404,28.677244,0AA,8,0010001100011010001000110010010100100010111100000010001011111010
39215,9798,28.677463,0BA,5,0010100100000000000000000000010000101000
17543,29407,28.680232,226,8,0000000000000000000100000000000000000000000000000000000000000000
39216,19599,28.684952,0BA,5,0100111100000000000000000000000000101110
9333,29411,28.685246,260,8,0000000000000000000000000000000000000000111111110110011011001111
12244,29412,28.685781,2C1,8,0000000000000010010100110000001011011100110000000001110011011010
29669,29414,28.686572,24,8,0000000111111100000000100001010001000001111110111000000011111011
4458,29415,28.686815,25,8,0000111111111010000000000000000111101111111101100000000000011100
34781,29416,28.687062,4DF,8,0010000000000000000000000000000100000000000000000000000000000000
24665,29417,28.687287,0AA,8,0010001100011001001000110010010000100010111101100010001011111010
15234,29418,28.687799,1C6,8,0000000000000000000000000000000001111101001000110000000000000000
20025,29419,28.688211,0B4,8,0000000000000000000000000000000000001000000010000111011001000010
896,29422,28.691213,320,8,0000000000100000000000000000000000000000000000000000000001001011
33127,29423,28.691793,1C4,8,0000110101100010000111000000000000000000000000000000000001011000
39217,19603,28.692442,0BA,5,1110000000100010010101000000000011001011
4459,29426,28.696546,25,8,0000111111111010000000000000000111101111111101100000000000011100
24666,29427,28.697216,0AA,8,0010001100010110001000110010001000100010111100110010001100000001
39218,29391,28.699931,0BA,5,1100011000000000000000000000000010111110
9334,29430,28.705128,260,8,0000000000000000000000000000000000000000111111110111000111011010
4460,29432,28.70653,25,8,0000111111111010000000000000000111101111111101110000000000011101
29670,29433,28.706772,24,8,0000000111111100000000100001011001000001111111011000000011111111
24667,29434,28.707206,0AA,8,0010001100010111001000110010011000100010111101100010001100001000
39219,9804,28.707421,0BA,5,0010100100000000000000000000011100101011
20026,29435,28.708197,0B4,8,0000000000000000000000000000000000001000000010000111101101000111
33128,29440,28.71177,1C4,8,0000110101010110000111000000000000000000000000000000000001001100
17544,29442,28.712191,226,8,0000000000000000000100000000000000000000000000000000000000000000
39220,19616,28.714911,0BA,5,0100111100000000000000000000000000101110
12245,29445,28.715814,2C1,8,0000000000000010011101100000001100000011110000000001101000100011
4461,29447,28.716525,25,8,0000111111111010000000000000000111101111111110010000000000011111
24668,29448,28.717194,0AA,8,0010001100011101001000110010101000100010111101100010001100010011
15235,29449,28.717754,1C6,8,0000000000000000000000000000000100000001001001000000000000000000
39221,19620,28.7224,0BA,5,1110000000100010010100000000000011000111
9335,29451,28.725216,260,8,0000000000000000000000000000000000000000111111111000100111110010
29671,29453,28.726537,24,8,0000000111111100000000100001100001000001111111011000000000000001
4462,29454,28.726781,25,8,0000111111111010000000000000000111101111111110100000000000100000
24669,29455,28.727162,0AA,8,0010001100011111001000110010100100100011000000010010001100010000
20027,29456,28.728174,0B4,8,0000000000000000000000000000000000001100000010000111101101001011
39222,29421,28.72989,0BA,5,1100011000000000000000000000000010111110
33129,29459,28.73175,1C4,8,0000110101001000000111000000000000000000000000000000000000111110
39223,9813,28.737379,0BA,5,0010100100000000000000000000010000101000
4463,29462,28.737528,25,8,0000111111111010000000000000000111101111111110110000000000100001
24670,29463,28.738147,0AA,8,0010001100011110001000110010100100100010111111110010001100010000
17545,29466,28.741161,226,8,0000000000000000000100000000000000000000000000000000000000000000
897,29467,28.742158,320,8,0000000000100000000000000000000000000000000000000000000001001011
39224,19637,28.744869,0BA,5,0100111100000000000000000000000000101110
9336,29468,28.745076,260,8,0000000000000000000000000000000000000000111111111001010111111110
13411,29469,28.745227,394,3,0
12246,29470,28.745716,2C1,8,0000000000000010100100110000001100100011110000000001100101011111
4464,29472,28.746484,25,8,0000111111111010000000000000000111101111111110110000000000100001
29672,29473,28.746728,24,8,0000000111111011000000100001100001000001111111011000000000000000
24671,29475,28.747258,0AA,8,0010001100010110001000110010101000100011000000000010001100001101
15236,29476,28.747732,1C6,8,0000000000000000000000000000000101111100001001000000000000000000
20028,29477,28.748152,0B4,8,0000000000000000000000000000000000010000000010000111101101001111
21687,29482,28.751464,443,8,0100110100000010000000000010111100000110000000000000000000000000
33130,29483,28.751727,1C4,8,0000110101000011000111000000000000000000000000000000000000111001
39225,19640,28.752358,0BA,5,1110000000100010010111000000000011010011
13986,29486,28.756449,38E,8,0
4465,29487,28.756693,25,8,0000111111111010000000000000000111101111111111000000000000100010
24672,29488,28.75715,0AA,8,0010001100011011001000110010110000100010111111000010001100010010
39226,29450,28.759848,0BA,5,1100011000000000000000000000000010111110
35334,10964,28.761766,386,7,11000100000000000000000000000000000000000000000010101011
9337,29490,28.765114,260,8,0000000000000000000000000000000000000000111111111010000100001010
29673,29492,28.766491,24,8,0000000111111100000000100001010001000001111111111000000011111111
4466,29493,28.766733,25,8,0000111111111010000000000000000111101111111111000000000000100010
24673,29494,28.767112,0AA,8,0010001100011101001000110010110000100010111111000010001100010000
39227,9825,28.767337,0BA,5,0010100100000000000000000000011100101011
20029,29495,28.768131,0B4,8,0000000000000000000000000000000000010000000010000111101101001111
33131,29500,28.771716,1C4,8,0000110101000000000111000000000000000000000000000000000000110110
17546,29502,28.772128,226,8,0000000000000000000100000000000000000000000000000000000000000000
39228,19659,28.774827,0BA,5,0100111100000000000000000000000000101110
12247,29503,28.7757,2C1,8,0000000000000010101100110000001100010110110000000001100001110001
4467,29505,28.776459,25,8,0000111111111010000000000000000111101111111111000000000000100010
24674,29506,28.777131,0AA,8,0010001100100011001000110010111000100011000000100010001100010100
15237,29507,28.777688,1C6,8,0000000000000000000000000000001000001100001001000000000000000000
156,29509,28.779126,3B7,8,1000
39229,19663,28.782316,0BA,5,1110000000100010011000000000000011010111
9338,29512,28.785058,260,8,0000000000000000000000000000000000000000111111111010000100001010
29674,29514,28.786468,24,8,0000000111111011000000100001011001000001111111011000000011111110
4468,29515,28.786714,25,8,0000111111111010000000000000000111101111111111010000000000100011
24675,29516,28.787088,0AA,8,0010001100100011001000110010110100100011000000100010001100010100
20030,29517,28.788159,0B4,8,0000000000000000000000000000000000010100000010001000000101011001
39230,29480,28.789806,0BA,5,1100011000000000000000000000000010111110
898,29519,28.790108,320,8,0000000000100000000000000000000000000000000000000000000001001011
33132,29520,28.791729,1C4,8,0000110100111110000111000000000000000000000000000000000000110100
11059,29522,28.793799,620,8,0001000000000000000000000000000000000000000000000000000000000000
39231,9839,28.797296,0BA,5,0010100100000000000000000000010000101000
4469,29525,28.797495,25,8,0000111111111010000000000000000111101111111111010000000000100011
24676,29526,28.798124,0AA,8,0010001100100001001000110011010100100011000001110010001100100000
17547,29529,28.801095,226,8,0000000000000000000100000000000000000000000000000000000000000000
39232,19677,28.804785,0BA,5,0100111100000000000000000000000000101110
9339,29531,28.804969,260,8,0000000000000000000000000000000000000000111111111010000100001010
12248,29532,28.805655,2C1,8,0000000000000010110000000000001100010011110000000001011001111001
29675,29534,28.806448,24,8,0000000111111100000000100001011001000001111111011000000011111111
4470,29535,28.806694,25,8,0000111111111010000000000000000111101111111111010000000000100011
24677,29536,28.807068,0AA,8,0010001100100010001000110011011100100011000010100010001100011111
15238,29537,28.80767,1C6,8,0000000000000000000000000000001010010000001001010000000000000000
20031,29538,28.808135,0B4,8,0000000000000000000000000000000000010100000010001000000101011001
33133,29541,28.811679,1C4,8,0000110101000000000111000000000000000000000000000000000000110110
39233,19682,28.812275,0BA,5,1110000000100010011001000000000011011011
13731,29546,28.816389,3A5,8,100000000
4471,29547,28.816634,25,8,0000111111111010000000000000000111101111111111010000000000100011
24678,29548,28.817093,0AA,8,0010001100100101001000110011010000100011000011000010001100011111
39234,29508,28.819764,0BA,5,1100011000000000000000000000000010111110
35167,3638,28.821854,3D3,3,011011000000001000000000
7831,29549,28.823713,610,8,0010000000000000000101100110010011000000000000000011000101000000
9340,29550,28.824873,260,8,0000000000000000000000000000000000000000111111111010000100001010
29676,29552,28.826457,24,8,0000000111111100000000100001001101000001111111111000000011111110
4472,29553,28.826698,25,8,0000111111111010000000000000000111101111111111100000000000100100
24679,29554,28.827046,0AA,8,0010001100101010001000110011100000100011000010110010001100011010
39235,9844,28.827254,0BA,5,0010100100000000000000000000011100101011
20032,29555,28.828117,0B4,8,0000000000000000000000000000000000011000000010001000000101011101
33134,29561,28.831645,1C4,8,0000110101000011000111000000000000000000000000000000000000111001
16460,29563,28.832046,3F9,8,0111010100011000000000100000001010000000000000000000000000010101
17548,29564,28.832294,226,8,0000000000000000000100000000000000000000000000000000000000000000
39236,19701,28.834743,0BA,5,0100111100000000000000000000000000101110
12249,29565,28.835667,2C1,8,0000000000000010110011000000001011110011110000000001010101100011
31339,29566,28.835875,640,8,1010100000000000000000000011011100000001110111100000000000000000
4473,29568,28.83649,25,8,0000111111111010000000000000000111101111111111100000000000100100
24680,29569,28.837062,0AA,8,0010001100101010001000110011010000100011000101000010001100100010
15239,29570,28.837624,1C6,8,0000000000000000000000000000001100001011001001010000000000000000
899,29572,28.839056,320,8,0000000000100000000000000000000000000000000000000000000001001011
39237,19704,28.842233,0BA,5,1110000000100010011001000000000011011011
9341,29574,28.844732,260,8,0000000000000000000000000000000000000000111111111010110100010110
35025,29577,28.846355,413,8,0000000100000001000000010000100100000000000000000000000000000000
29677,29578,28.846598,24,8,0000000111111100000000100001001101000001111111011000000011111100
4474,29579,28.846839,25,8,0000111111111010000000000000000111101111111111100000000000100100
24681,29580,28.847063,0AA,8,0010001100101101001000110011010000100011000101000010001100100101
20033,29581,28.848036,0B4,8,0000000000000000000000000000000000011100000010001000011101100111
43544,7420,28.848791,423,2,10101000001111
39238,29540,28.849722,0BA,5,1100011000000000000000000000000010111110
33135,29584,28.851627,1C4,8,0000110101000111000111000000000000000000000000000000000000111101
31466,29586,28.853361,44D,8,0100001000000010000000000000000000000001000000000000000000000000
4475,29588,28.85637,25,8,0000111111111010000000000000000111101111111111100000000000100100
24682,29589,28.857041,0AA,8,0010001100101110001000110011011000100011000110100010001100101100
39239,9856,28.857212,0BA,5,0010100100000000000000000000010000101000
17549,29592,28.860035,226,8,0000000000000000000100000000000000000000000000000000000000000000
39240,19722,28.864701,0BA,5,0100111100000000000000000000000000101110
9342,29595,28.864708,260,8,0000000000000000000000000000000000000000111111111010110100010110
12250,29596,28.865649,2C1,8,0000000000000010110101100000001011111001110000000001010101110011
43735,981,28.865728,3BB,5,1011101100000000000000000000000000100110
29678,29598,28.866386,24,8,0000000111111100000000100001010001000001111111011000000011111101
4476,29599,28.866627,25,8,0000111111111010000000000000000111101111111111100000000000100100
24683,29600,28.867003,0AA,8,0010001100110000001000110011100000100011000101010010001100101000
15240,29601,28.867605,1C6,8,0000000000000000000000000000001110010001001001010000000000000000
20034,29602,28.868014,0B4,8,0000000000000000000000000000000000011100000010001000110001101100
33136,29605,28.871606,1C4,8,0000110101001000000111000000000000000000000000000000000000111110
39241,19728,28.872191,0BA,5,1110000000100010011001000000000011011011
4477,29608,28.876378,25,8,0000111111111010000000000000000111101111111111100000000000100100
24684,29609,28.877017,0AA,8,0010001100110111001000110011110100100011000110100010001100101001
39242,29571,28.879681,0BA,5,1100011000000000000000000000000010111110
9343,29612,28.884608,260,8,0000000000000000000000000000000000000000111111111010110100010110
4478,29614,28.886363,25,8,0000111111111010000000000000000111101111111111100000000000100100
29679,29615,28.886606,24,8,0000000111111100000000100001000101000001111111011000000011111010
24685,29616,28.88701,0AA,8,0010001100101111001000110100000000100011000111010010001100100101
39243,9866,28.88717,0BA,5,0010100100000000000000000000011100101011
20035,29617,28.887993,0B4,8,0000000000000000000000000000000000100000000010001000110001110000
16310,29622,28.891234,4C1,8,0000000100000000000000010000000100000000000000000000000000000000
33137,29623,28.891589,1C4,8,0000110101001000000111000000000000000000000000000000000000111110
17550,29625,28.891998,226,8,0000000000000000000100000000000000000000000000000000000000000000
900,29626,28.892995,320,8,0000000000100000000000000000000000000000000000000000000001001011
39244,19739,28.89466,0BA,5,0100111100000000000000000000000000101110
12251,29628,28.895581,2C1,8,0000000000000010111000000000001011100011110000000001010101100111
4479,29630,28.896358,25,8,0000111111111010000000000000000111101111111111100000000000100100
24686,29631,28.897001,0AA,8,0010001100110100001000110100000000100011001000000010001100101010
15241,29632,28.897565,1C6,8,0000000000000000000000000000010000010111001001010000000000000000
34963,29635,28.899987,4C3,8,0000001100000000000000000000000100000000000000000000000000000000
39245,19743,28.902149,0BA,5,1110000000100010011001000000000011011011
9344,29636,28.904562,260,8,0000000000000000000000000000000000000000111111111010110100010110
29680,29638,28.906352,24,8,0000000111111100000000100000111101000001111111011000000011111000
4480,29639,28.906593,25,8,0000111111111010000000000000000111101111111111110000000000100101
24687,29640,28.906957,0AA,8,0010001100101110001000110011101000100011001000100010001100100011
20036,29641,28.90797,0B4,8,0000000000000000000000000000000000100100000010001001001001111010
28056,29642,28.908225,6C0,8,1110010000000000000000001110000010000000000000000000000000000000
39246,29604,28.909639,0BA,5,1100011000000000000000000000000010111110
33138,29646,28.911636,1C4,8,0000110101001101000111000000000000000000000000000000000001000011
4481,29649,28.916332,25,8,0000111111111010000000000000000111101111111111110000000000100101
24688,29650,28.916977,0AA,8,0010001100110111001000110011111000100011001000110010001100101100
39247,9877,28.917128,0BA,5,0010100100000000000000000000010000101000
17551,29653,28.919969,226,8,0000000000000000000100000000000000000000000000000000000000000000
9345,29654,28.924525,260,8,0000000000000000000000000000000000000000111111111010110100010110
39248,19761,28.924618,0BA,5,0100111100000000000000000000000000101110
12252,29655,28.925531,2C1,8,0000000000000010111010010000001011100110110000000001010101110011
29681,29657,28.926331,24,8,0000000111111100000000100000111101000001111111111000000011111010
4482,29658,28.926571,25,8,0000111111111010000000000000000111101111111111110000000000100101
24689,29659,28.926935,0AA,8,0010001100110100001000110011101100100011001000000010001100100100
15242,29661,28.927545,1C6,8,0000000000000000000000000000010010010010001001010000000000000000
20037,29662,28.92795,0B4,8,0000000000000000000000000000000000100100000010001001001001111010
27827,29665,28.930951,420,8,0000000000000000000000000000000011111111000000001000000010101011
33139,29667,28.93155,1C4,8,0000110101010011000111000000000000000000000000000000000001001001
39249,19764,28.932107,0BA,5,1110000000100010011001000000000011011011
4483,29670,28.936312,25,8,0000111111111010000000000000000111101111111111110000000000100101
24690,29671,28.936955,0AA,8,0010001100110011001000110100000000100011001010010010001100101011
901,29672,28.937945,320,8,0000000000100000000000000000000000000000000000000000000001001011
39250,29633,28.939597,0BA,5,1100011000000000000000000000000010111110
9346,29675,28.944506,260,8,0000000000000000000000000000000000000000111111111010110100010110
4484,29677,28.946304,25,8,0000111111111010000000000000000111101111111111110000000000100101
29682,29678,28.946552,24,8,0000000111111100000000100000111101000001111111111000000011111010
24691,29679,28.946946,0AA,8,0010001100110110001000110011111000100011001001010010001100101001
39251,9889,28.947086,0BA,5,0010100100000000000000000000011100101011
20038,29680,28.947936,0B4,8,0000000000000000000000000000000000101000000010001001001001111110
7621,29685,28.951266,3BC,8,0
33140,29686,28.951521,1C4,8,0000110101011011000111000000000000000000000000000000000001010001
17552,29688,28.95193,226,8,0000000000000000000100000000000000000000000000000000000000000000
14113,29689,28.952502,442,8,0100001100000010000000000000000000000010000000000000000000000000
39252,19781,28.954576,0BA,5,0100111100000000000000000000000000101110
12253,29691,28.955601,2C1,8,0000000000000010111101100000001011010011110000000001010101101101
4485,29693,28.956289,25,8,0000111111111010000000000000000111101111111111110000000000100101
24692,29694,28.956933,0AA,8,0010001100111000001000110100001100100011001001010010001100101100
15243,29695,28.9575,1C6,8,0000000000000000000000000000010100001110001001100000000000000000
43427,283,28.961555,3000000.0,6,000010000000000000000000000000000000000000101000
39253,19784,28.962066,0BA,5,1110000000100010011010000000000011011111
9347,29698,28.964458,260,8,0000000000000000000000000000000000000000111111111011100000100001
29683,29700,28.96629,24,8,0000000111111100000000100000110101000001111111111000000011111000
4486,29701,28.966531,25,8,0000111111111010000000000000000111101111111111110000000000100101
24693,29702,28.966896,0AA,8,0010001100111000001000110100010000100011000110110010001100101111
20039,29703,28.967907,0B4,8,0000000000000000000000000000000000101000000010001001011110000011
39254,29664,28.969555,0BA,5,1100011000000000000000000000000010111110
33141,29705,28.971582,1C4,8,0000110101101110000111000000000000000000000000000000000001100100
31598,29707,28.973048,633,8,1000000100000000000000000000000000000000000000000000000000000000
27888,29710,28.976083,4DC,8,0001110100000000000000000000000000000000000000000000000000000000
4487,29711,28.976325,25,8,0000111111111010000000000000000111101111111111110000000000100101
24694,29713,28.976912,0AA,8,0010001100110111001000110100010000100011001000110010001100110001
39255,9901,28.977045,0BA,5,0010100100000000000000000000010000101000
17553,29716,28.979906,226,8,0000000000000000000100000000000000000000000000000000000000000000
9348,29717,28.984408,260,8,0000000000000000000000000000000000000000111111111011100000100001
39256,19796,28.984534,0BA,5,0100111100000000000000000000000000101110
12254,29718,28.985471,2C1,8,0000000000000011000000000000001010110110110000000001010101011011
29684,29720,28.986267,24,8,0000000111111011000000100000110101000001111111111000000011110111
4488,29721,28.986507,25,8,0000111111111010000000000000000111101111111111110000000000100101
24695,29722,28.986875,0AA,8,0010001100110111001000110100010100100011001000000010001100110000
15244,29723,28.987489,1C6,8,0000000000000000000000000000010110010101001001100000000000000000
20040,29724,28.987882,0B4,8,0000000000000000000000000000000000101100000010001001011110000111
902,29727,28.990891,320,8,0000000000100000000000000000000000000000000000000000000001001011
33142,29728,28.991478,1C4,8,0000110101110111000111000000000000000000000000000000000001101101
39257,19800,28.992024,0BA,5,1110000000100010011010000000000011011111
1552,29732,28.996223,6F3,8,0010000000000000000000000000000000000000000000000000000000000000
4489,29733,28.996465,25,8,0000111111111010000000000000000111101111111111110000000000100101
24696,29734,28.99689,0AA,8,0010001100111000001000110100011100100011001010000010001100111011
39258,29696,28.999513,0BA,5,1100011000000000000000000000000010111110
9349,29736,29.004479,260,8,0000000000000000000000000000000000000000111111111010110100010110
4490,29738,29.006234,25,8,0000111111111010000000000000000111101111111111110000000000100101
29685,29739,29.006484,24,8,0000000111111011000000100000111101000001111111111000000011111001
24697,29740,29.00688,0AA,8,0010001100111010001000110100100000100011000111110010001100110110
39259,9908,29.007003,0BA,5,0010100100000000000000000000011100101011
20041,29741,29.007866,0B4,8,0000000000000000000000000000000000110000000010001001011110001011
13545,29748,29.011113,399,8,0000000000000000000000000000000000000000111111110000000000000000
33143,29749,29.011465,1C4,8,0000110101111101000111000000000000000000000000000000000001110011
17554,29751,29.011875,226,8,0000000000000000000100000000000000000000000000000000000000000000
11193,29752,29.014079,39A,8,0000000000000000000000000000000100000000000000000000000000000000
39260,19819,29.014492,0BA,5,0100111100000000000000000000000000101110
12255,29753,29.015453,2C1,8,0000000000000011000000000000001011001001110000000001010101101110
4491,29755,29.016228,25,8,0000111111111010000000000000000111101111111111110000000000100101
24698,29756,29.016871,0AA,8,0010001100111110001000110100100100100011001001010010001100111010
15245,29757,29.017439,1C6,8,0000000000000000000000000000011000010011001001100000000000000000
39261,19823,29.021982,0BA,5,1110000000100010011010000000000011011111
9350,29759,29.024403,260,8,0000000000000000000000000000000000000000111111111011100000100001
4492,29762,29.026239,25,8,0000111111111010000000000000000111101111111111110000000000100101
29686,29763,29.026485,24,8,0000000111111011000000100001000101000001111111111000000011111011
24699,29764,29.026827,0AA,8,0010001100111101001000110100100100100011001001010010001100110000
20042,29765,29.02784,0B4,8,0000000000000000000000000000000000110000000010001001110110010001
39262,29726,29.029471,0BA,5,1100011000000000000000000000000010111110
29,29767,29.031238,3B1,8,0000000000000000000000100000101000000000000010000000000000000000
33144,29768,29.031481,1C4,8,0000110110000101000111000000000000000000000000000000000001111011
4493,29771,29.036206,25,8,0000111111111010000000000000000111101111111111110000000000100101
24700,29772,29.036845,0AA,8,0010001100111101001000110100101000100011001011000010001100111010
39263,9923,29.036961,0BA,5,0010100100000000000000000000010000101000
17555,29776,29.039841,226,8,0000000000000000000100000000000000000000000000000000000000000000
903,29777,29.040836,320,8,0000000000100000000000000000000000000000000000000000000001001011
9351,29780,29.044338,260,8,0000000000000000000000000000000000000000111111111010110100010110
39264,19840,29.04445,0BA,5,0100111100000000000000000000000000101110
13412,29781,29.044489,394,3,0
12256,29782,29.045409,2C1,8,0000000000000011000001100000001010101100110000000001001001010100
4494,29784,29.04622,25,8,0000111111111010000000000000000111101111111111110000000000100101
29687,29785,29.046466,24,8,0000000111111100000000100001000101000001111111111000000011111100
24701,29786,29.046807,0AA,8,0010001100111011001000110100011100100011001000110010001100111001
15246,29787,29.047423,1C6,8,0000000000000000000000000000011010001000001001100000000000000000
20043,29788,29.047819,0B4,8,0000000000000000000000000000000000110100000010001001110110010101
21688,29792,29.051138,443,8,0100110100000010000000000010111100000110000000000000000000000000
33145,29793,29.05143,1C4,8,0000110110001011000111000000000000000000000000000000000010000001
39265,19845,29.05194,0BA,5,1110000000100010011010000000000011011111
4495,29796,29.056184,25,8,0000111111111010000000000000000111101111111111110000000000100101
24702,29797,29.056832,0AA,8,0010001100111110001000110100110100100011001001010010001100111000
39266,29758,29.05943,0BA,5,1100011000000000000000000000000010111110
9352,29799,29.064285,260,8,0000000000000000000000000000000000000000111111111011100000100001
4496,29801,29.066174,25,8,0000111111111010000000000000000111101111111111110000000000100101
29688,29802,29.06642,24,8,0000000111111100000000100001000101000001111111111000000011111100
24703,29803,29.066815,0AA,8,0010001101000010001000110100111100100011001010010010001100110100
39267,9930,29.066919,0BA,5,0010100100000000000000000000011100101011
20044,29804,29.067799,0B4,8,0000000000000000000000000000000000111000000010001001110110011001
33146,29809,29.071399,1C4,8,0000110110011001000111000000000000000000000000000000000010001111
17556,29811,29.071809,226,8,0000000000000000000100000000000000000000000000000000000000000000
39268,19858,29.074409,0BA,5,0100111100000000000000000000000000101110
12257,29814,29.0754,2C1,8,0000000000000010111111000000001010100110110000000000111101000000
4497,29816,29.076163,25,8,0000111111111010000000000000000111101111111111110000000000100101
24704,29817,29.076803,0AA,8,0010001101000011001000110101010000100011001011010010001100111001
15247,29818,29.077384,1C6,8,0000000000000000000000000000011100001000001001100000000000000000
157,29820,29.078802,3B7,8,1000
35168,29594,29.081511,3D3,3,111001010000001110101101
16461,29821,29.081522,3F9,8,0111010100011000000000100000001010000000000000000000000000010101
39269,19862,29.081898,0BA,5,1110000000100010011010000000000011011111
9353,29822,29.084171,260,8,0000000000000000000000000000000000000000111111111011100000100001
29689,29824,29.086166,24,8,0000000111111100000000100001000101000001111111111000000011111100
4498,29825,29.086407,25,8,0000111111111010000000000000000111101111111111110000000000100101
24705,29826,29.086765,0AA,8,0010001101000100001000110101011100100011001010000010001100111011
20045,29827,29.08778,0B4,8,0000000000000000000000000000000000111000000010001010001110011111
39270,29790,29.089388,0BA,5,1100011000000000000000000000000010111110
904,29829,29.089785,320,8,0000000000100000000000000000000000000000000000000000000001001011
13859,29830,29.090741,4C6,8,0000011100000000000000110000000000000000000000000000000000000000
33147,29832,29.091381,1C4,8,0000110110011110000111000000000000000000000000000000000010010100
31272,29834,29.093295,4A6,8,0000000000000000000000000000000000000000000100010000000000000000
11060,29835,29.093563,620,8,0001000000000000000000000000000000000000000000000000000000000000
39271,9942,29.096877,0BA,5,0010100100000000000000000000010000101000
4499,29837,29.097167,25,8,0000111111111010000000000000000111101111111111110000000000100101
24706,29838,29.097753,0AA,8,0010001101000101001000110101001100100011001011110010001101000000
17557,29841,29.100775,226,8,0000000000000000000100000000000000000000000000000000000000000000
9354,29844,29.104032,260,8,0000000000000000000000000000000000000000111111111011100000100001
39272,19881,29.104367,0BA,5,0100111100000000000000000000000000101110
12258,29845,29.105352,2C1,8,0000000000000010111011000000001010111100110000000000100101000000
29690,29847,29.106149,24,8,0000000111111100000000100001001101000001111111111000000011111110
4500,29848,29.106389,25,8,0000111111111010000000000000000111101111111111110000000000100101
24707,29849,29.106742,0AA,8,0010001101001010001000110101001100100011001011000010001100111100
15248,29851,29.107369,1C6,8,0000000000000000000000000000011101111101001001010000000000000000
20046,29852,29.107756,0B4,8,0000000000000000000000000000000000111100000010001010001110100011
33148,29855,29.11136,1C4,8,0000110110100010000111000000000000000000000000000000000010011000
39273,19884,29.111856,0BA,5,1110000000100010011010000000000011011111
4501,29858,29.116118,25,8,0000111111111010000000000000000111101111111111110000000000100101
24708,29859,29.116762,0AA,8,0010001101001110001000110101100000100011001101000010001100111101
39274,29819,29.119346,0BA,5,1100011000000000000000000000000010111110
9355,29861,29.124006,260,8,0000000000000000000000000000000000000000111111111100010100101110
4502,29863,29.126104,25,8,0000111111111010000000000000000111101111111111110000000000100101
29691,29864,29.126348,24,8,0000000111111100000000100001010001000001111111111000000011111111
24709,29865,29.12675,0AA,8,0010001101010001001000110101101100100011001100010010001100111111
39275,9952,29.126835,0BA,5,0010100100000000000000000000011100101011
20047,29866,29.127735,0B4,8,0000000000000000000000000000000000111100000010001010100010101000
33149,29871,29.131335,1C4,8,0000110110100111000111000000000000000000000000000000000010011101
17558,29873,29.131747,226,8,0000000000000000000100000000000000000000000000000000000000000000
39276,19900,29.134325,0BA,5,0100111100000000000000000000000000101110
12259,29874,29.135366,2C1,8,0000100000000010101111000000001010111001110000000000000000001100
4503,29876,29.136097,25,8,0000111111111010000000000000000111101111111111110000000000100101
24710,29877,29.136739,0AA,8,0010001101010001001000110101110000100011001101000010001101001010
15249,29878,29.137317,1C6,8,0000000000000000000000000000011111101100001001000000000000000000
905,29881,29.138745,320,8,0000000000100000000000000000000000000000000000000000000001001011
39277,19905,29.141815,0BA,5,1110000000100010011010000000000011011111
9356,29883,29.143976,260,8,0000000000000000000000000000000000000000111111111100010100101110
4504,29885,29.146083,25,8,0000111111111010000000000000000111101111111111110000000000100101
29692,29886,29.146325,24,8,0000000111111100000000100001010001000001111111011000000011111101
24711,29887,29.146728,0AA,8,0010001101010011001000110101100100100011001101000010001101000101
20048,29888,29.147714,0B4,8,0000000000000000000000000000000001000000000010001010111010110010
39278,29854,29.149304,0BA,5,1100011000000000000000000000000010111110
33150,29891,29.151321,1C4,8,0000110110101001000111000000000000000000000000000000000010011111
34870,29893,29.151742,3C3,8,0100011000011110100101000100111011101110010110010000001110001000
31467,29894,29.152534,44D,8,0100001000000010000000000000000000000001000000000000000000000000
4505,29896,29.156077,25,8,0000111111111010000000000000000111100000000000000000000000010111
24712,29898,29.15672,0AA,8,0010001101011000001000110101101000100011001110110010001101000110
39279,9964,29.156794,0BA,5,0010100100000000000000000000010000101000
17559,29901,29.159714,226,8,0000000000000000000100000000000000000000000000000000000000000000
43736,1984,29.163313,3BB,5,1010010100000000000000000000000000000000
9357,29902,29.163873,260,8,0000000000000000000000000000000000000000111111111100010100101110
39280,19920,29.164283,0BA,5,0100111100000000000000000000000000101110
12260,29903,29.165287,2C1,8,0000100000000010011010010000001000110011110000000000000000110011
29693,29905,29.166082,24,8,0000000111111100000000100001011001000001111110111000000011111101
4506,29906,29.166323,25,8,0000111111111010000000000000000111100000000000000000000000010111
24713,29908,29.166684,0AA,8,0010001101010111001000110110001100100011001110010010001101000010
15250,29909,29.167304,1C6,8,0000000000000000000000000000100000101110001001000000000000000000
20049,29910,29.16769,0B4,8,0000000000000000000000000000000001000100000010001010111010110110
33151,29913,29.171301,1C4,8,0000110110101010000111000000000000000000000000000000000010100000
39281,19924,29.171773,0BA,5,1110000000100010011010000000000011011111
4507,29917,29.176052,25,8,0000111111111010000000000000000111100000000000000000000000010111
24714,29918,29.176701,0AA,8,0010001101011101001000110110001000100011001111110010001101001010
39282,29880,29.179262,0BA,5,1100011000000000000000000000000010111110
9358,29920,29.183827,260,8,0000000000000000000000000000000000000000111111111100010100101110
43545,29182,29.184242,423,2,1000100000000
4508,29922,29.186053,25,8,0000111111111010000000000000000111100000000000000000000000010111
29694,29923,29.186317,24,8,0000000111111100000000100001011001000001111111011000000011111111
24715,29924,29.186686,0AA,8,0010001101011000001000110110001100100011010000010010001101000011
39283,9970,29.186752,0BA,5,0010100100000000000000000000011100101011
20050,29925,29.187667,0B4,8,0000000000000000000000000000000001000100000010001011010010111100
33152,29931,29.19127,1C4,8,0000110110101110000111000000000000000000000000000000000010100100
17560,29933,29.19168,226,8,0000000000000000000100000000000000000000000000000000000000000000
7682,29934,29.192134,611,8,0010000100000000000000000001000000000000000000000011110101101100
906,29935,29.192666,320,8,0000000000100000000000000000000000000000000000000000000001001011
39284,19943,29.194241,0BA,5,0100111100000000000000000000000000101110
12261,29936,29.19527,2C1,8,0000100000000010000011000000000101111001110000000000000000011011
4509,29938,29.196028,25,8,0000111111111010000000000000000111100000000000000000000000010111
24716,29939,29.196672,0AA,8,0010001101011110001000110110001000100011010000100010001101000101
15251,29940,29.197255,1C6,8,0000000000000000000000000000100001011010001000110000000000000000
39285,19946,29.201731,0BA,5,1110000000100010011010000000000011011111
9359,29945,29.203781,260,8,0000000000000000000000000000000000000000111111111011100000100001
29695,29948,29.206042,24,8,0000000111111100000000100001011001000001111111011000000011111111
4510,29949,29.206282,25,8,0000111111111010000000000000000111100000000000000000000000010111
24717,29950,29.206638,0AA,8,0010001101100000001000110110001100100011010000110010001101000101
20051,29951,29.207652,0B4,8,0000000000000000000000000000000001001000000010001011100111000101
39286,29912,29.20922,0BA,5,1100011000000000000000000000000010111110
33153,29953,29.211255,1C4,8,0000110110101100000111000000000000000000000000000000000010100010
28057,29955,29.212374,6C0,8,1110010000000000000000001110000010000000000000000000000000000000
4511,29957,29.216009,25,8,0000111111111010000000000000000111100000000000000000000000010111
24718,29958,29.216654,0AA,8,0010001101100000001000110110111100100011010010010010001101001100
39287,9986,29.21671,0BA,5,0010100100000000000000000000010000101000
17561,29961,29.219644,226,8,0000000000000000000100000000000000000000000000000000000000000000
9360,29963,29.223829,260,8,0000000000000000000000000000000000000000111111111100010100101110
39288,19963,29.2242,0BA,5,0100111100000000000000000000000000101110
12262,29964,29.225227,2C1,8,0000100000000001110000000000000100110000110000000000000010000101
4512,29966,29.226025,25,8,0000111111111010000000000000000111100000000000000000000000010111
29696,29967,29.226266,24,8,0000000111111100000000100001011001000001111111011000000011111111
24719,29968,29.226609,0AA,8,0010001101100001001000110110101000100011010010100010001101001101
15252,29969,29.227238,1C6,8,0000000000000000000000000000100010000011001000100100000000000000
20052,29970,29.227623,0B4,8,0000000000000000000000000000000001001100000010001011100111001001
33154,29974,29.231232,1C4,8,0000110110100111000111000000000000000000000000000000000010011101
39289,19967,29.231689,0BA,5,1110000000100010011010000000000011011111
4513,29977,29.235988,25,8,0000111111111010000000000000000111100000000000000000000000010111
24720,29978,29.236632,0AA,8,0010001101011101001000110110110000100011010001100010001101010001
907,29979,29.237653,320,8,0000000000100000000000000000000000000000000000000000000001001011
39290,29941,29.239179,0BA,5,1100011000000000000000000000000010111110
9361,29981,29.243789,260,8,0000000000000000000000000000000000000000111111111101000000111001
4514,29983,29.245976,25,8,0000111111111010000000000000000111100000000000000000000000010111
29697,29984,29.246251,24,8,0000000111111100000000100001011001000001111111111000000000000001
24721,29985,29.246617,0AA,8,0010001101100001001000110110110000100011010001110010001101010011
39291,9991,29.246668,0BA,5,0010100100000000000000000000011100101011
20053,29986,29.247605,0B4,8,0000000000000000000000000000000001001100000010001011111111001111
33155,29991,29.25121,1C4,8,0000110110010011000111000000000000000000000000000000000010001001
17562,29993,29.251622,226,8,0000000000000000000100000000000000000000000000000000000000000000
14114,29994,29.252037,442,8,0100001100000010000000000000000000000010000000000000000000000000
39292,19981,29.254158,0BA,5,0100111100000000000000000000000000101110
12263,29997,29.255208,2C1,8,0000100000000001011000110000000101100011110000000000000001011011
4515,29999,29.255966,25,8,0000111111111010000000000000000111100000000000000000000000010111
24722,30000,29.256616,0AA,8,0010001101100000001000110110110000100011010010100010001101010110
15253,30001,29.257187,1C6,8,0000000000000000000000000000100010011001001000100100000000000000
39293,19987,29.261647,0BA,5,1110000000100010011010000000000011011111
9362,30003,29.263834,260,8,0000000000000000000000000000000000000000111111111101000000111001
29698,30005,29.265982,24,8,0000000111111100000000100001011001000001111111111000000000000001
4516,30006,29.266223,25,8,0000111111111010000000000000000111100000000000000000000000010111
24723,30007,29.266569,0AA,8,0010001101100001001000110110110100100011010010000010001101011101
20054,30009,29.267583,0B4,8,0000000000000000000000000000000001010000000010001011111111010011
39294,29972,29.269137,0BA,5,1100011000000000000000000000000010111110
33156,30012,29.271192,1C4,8,0000110110000111000111000000000000000000000000000000000001111101
4517,30015,29.275948,25,8,0000111111111010000000000000000111100000000000000000000000010111
24724,30016,29.276585,0AA,8,0010001101100010001000110110110000100011010011100010001101100110
39295,10000,29.276626,0BA,5,0010100100000000000000000000010000101000
17563,30019,29.27958,226,8,0000000000000000000100000000000000000000000000000000000000000000
9363,30020,29.283689,260,8,0000000000000000000000000000000000000000111111111101000000111001
39296,20004,29.284116,0BA,5,0100111100000000000000000000000000101110
12264,30021,29.285168,2C1,8,0000100000000001000111000000000100100000110000000000000011010001
29699,30023,29.285964,24,8,0000000111111011000000100001011001000001111111111000000000000000
4518,30024,29.286205,25,8,0000111111111010000000000000000111100000000000000000000000010111
24725,30025,29.286554,0AA,8,0010001101100000001000110110101100100011010010000010001101100000
15254,30026,29.287173,1C6,8,0000000000000000100000000000100010001111001000100100000000000000
20055,30028,29.287596,0B4,8,0000000000000000000000000000000001010100000010001100010011011100
908,30031,29.290564,320,8,0000000000100000000000000000000000000000000000000000000001001011
33157,30032,29.29118,1C4,8,0000110101111010000111000000000000000000000000000000000001110000
39297,20009,29.291605,0BA,5,1110000000100010011010000000000011011111
4519,30036,29.295923,25,8,0000111111111010000000000000000111100000000000000000000000010111
24726,30037,29.296563,0AA,8,0010001101100001001000110110111100100011010100010010001101100110
39298,30002,29.299095,0BA,5,1100011000000000000000000000000010111110
9364,30040,29.303768,260,8,0000000000000000000000000000000000000000111111111101000000111001
4520,30042,29.305923,25,8,0000111111111010000000000000000111100000000000000000000000010111
29700,30043,29.306167,24,8,0000000111111011000000100001001101000001111111111000000011111101
24727,30044,29.306555,0AA,8,0010001101011001001000110111000100100011010100010010001101100001
39299,10010,29.306585,0BA,5,0010100100000000000000000000011100101011
20056,30045,29.30754,0B4,8,0000000000000000000000000000000001010100000010001100010011011100
33158,30050,29.311156,1C4,8,0000110101100001000111000000000000000000000000000000000001010111
17564,30052,29.311566,226,8,0000000000000000000100000000000000000000000000000000000000000000
39300,20031,29.314074,0BA,5,0100111100000000000000000000000000101110
12265,30053,29.315147,2C1,8,0000100000000000110110010000000010101100110000000000000000011000
4521,30055,29.315902,25,8,0000111111111010000000000000000111100000000000000000000000010111
24728,30056,29.316543,0AA,8,0010001101011100001000110110101100100011010100100010001101100110
15255,30057,29.317128,1C6,8,0000000000000000100000000000100010000110001000010100000000000000
39301,20034,29.321564,0BA,5,1110000000100010011010000000000011011111
9365,30060,29.323593,260,8,0000000000000000000000000000000000000000111111111101000000111001
7832,30061,29.323931,610,8,0010000000000000000101100110010011000000000000000011000101000000
29701,30063,29.325925,24,8,0000000111111100000000100000111101000001111111111000000011111010
4522,30064,29.326167,25,8,0000111111111010000000000000000111100000000000000000000000010111
24729,30065,29.326506,0AA,8,0010001101011001001000110110100000100011010010010010001101100001
20057,30066,29.327521,0B4,8,0000000000000000000000000000000001011000000010001011111111011011
39302,30030,29.329053,0BA,5,1100011000000000000000000000000010111110
16462,30068,29.330713,3F9,8,0111010100011000000000100000001010000000000000000000000000010101
33159,30069,29.331135,1C4,8,0000110101010110000111000000000000000000000000000000000001001100
4523,30073,29.335881,25,8,0000111111111010000000000000000111100000000000000000000000010111
24730,30075,29.336525,0AA,8,0010001101011011001000110110101000100011010011110010001101100110
39303,10022,29.336543,0BA,5,0010100100000000000000000000010000101000
17565,30078,29.339517,226,8,0000000000000000000100000000000000000000000000000000000000000000
909,30079,29.340512,320,8,0000000000100000000000000000000000000000000000000000000001001011
35169,3701,29.341167,3D3,3,011011000000001000000000
9366,30080,29.343527,260,8,0000000000000000000000000000000000000000111111111101000000111001
13413,30081,29.34369,394,3,0
39304,20045,29.344032,0BA,5,0100111100000000000000000000000000101110
12266,30082,29.345108,2C1,8,0000100000000000100110010000000001010011110000000000000001111111
4524,30084,29.345896,25,8,0000111111111010000000000000000111100000000000000000000000010111
29702,30085,29.346139,24,8,0000000111111011000000100000101001000001111111111000000011110100
24731,30086,29.346483,0AA,8,0010001101011001001000110110101100100011010011110010001101100001
15256,30087,29.347116,1C6,8,0000000000000000100000000000100001111101001000010100000000000000
20058,30088,29.3475,0B4,8,0000000000000000000000000000000001011000000010001011111111011011
21689,30092,29.350824,443,8,0100110100000010000000000010111100000110000000000000000000000000
33160,30093,29.351113,1C4,8,0000110101001100000111000000000000000000000000000000000001000010
39305,20049,29.351522,0BA,5,1110000000100010011010000000000011011111
4525,30098,29.355858,25,8,0000111111111010000000000000000111100000000000000000000000010111
24732,30099,29.356503,0AA,8,0010001101010111001000110110111100100011010011110010001101100001
39306,30058,29.359011,0BA,5,1100011000000000000000000000000010111110
35335,28738,29.36097,386,7,01010100000000000000000000000000000000000000000000000000
13921,30101,29.36288,622,8,0001001000000000000000000000000000000000000000000000000000000000
9367,30102,29.363302,260,8,0000000000000000000000000000000000000000111111111101110001000101
4526,30104,29.365872,25,8,0000111111111010000000000000000111100000000000000000000000010111
29703,30105,29.366118,24,8,0000000111111011000000100000011001000001111111111000000011110000
24733,30106,29.36646,0AA,8,0010001101010110001000110110111000100011010010100010001101100011
39307,10028,29.366501,0BA,5,0010100100000000000000000000011100101011
20059,30107,29.367472,0B4,8,0000000000000000000000000000000001011100000010001011100111011001
33161,30113,29.371096,1C4,8,0000110100111110000111000000000000000000000000000000000000110100
17566,30115,29.371502,226,8,0000000000000001000100000000000000000000000000000000000000000000
39308,20067,29.37399,0BA,5,0100111100000000000000000000000000101110
12267,30116,29.375119,2C1,8,0000100000000000010110010000000000000000110000000000000011101100
4527,30118,29.375835,25,8,0000111111111010000000000000000111100000000000000000000000010111
24734,30119,29.376492,0AA,8,0010001101010110001000110110011000100011010011110010001101100101
15257,30120,29.377066,1C6,8,0000000000000000100000000000100001010001001000000100000000000000
158,30122,29.378473,3B7,8,1000
39309,20071,29.38148,0BA,5,1110000000100010011010000000000011011111
9368,30124,29.383253,260,8,0000000000000000000000000000000000000000111111111101110001000101
29704,30127,29.385856,24,8,0000000111111010000000100000001101000001111111111000000011101100
4528,30128,29.386097,25,8,0000111111111010000000000000000111100000000000000000000000010111
24735,30129,29.386469,0AA,8,0010001101011001001000110110010100100011010010010010001101011111
20060,30130,29.387452,0B4,8,0000000000000000000000000000000001100000000010001011100111011101
39310,30090,29.38897,0BA,5,1100011000000000000000000000000010111110
910,30132,29.389457,320,8,0000000000100000000000000000000000000000000000000000000001001011
33162,30133,29.391075,1C4,8,0000110100111010000111000000000000000000000000000000000000110000
11061,30135,29.392833,620,8,0001000000000000000000000000000000000000000000000000000000000000
39311,10044,29.396459,0BA,5,0010100100000000000000000000010000101000
4529,30137,29.396844,25,8,0000111111111010000000000000000111100000000000000000000000010111
24736,30139,29.397427,0AA,8,0010001101011011001000110110011100100011010100000010001101100010
17567,30142,29.400451,226,8,0000000000000000000100000000000000000000000000000000000000000000
9369,30145,29.403238,260,8,0000000000000000000000000000000000000000111111111101110001000101
39312,20089,29.403949,0BA,5,0100111100000000000000000000000000101110
12268,30146,29.405047,2C1,8,0000100000000000001000001111111110110000110000000000000001100010
31659,30148,29.405781,389,8,0000000000100000000000000000000000000000000000000000000000000000
29705,30149,29.406028,24,8,0000000111111010000000100000000001000001111111011000000011100111
4530,30150,29.406271,25,8,0000111111111010000000000000000111100000000000000000000000010111
24737,30151,29.406496,0AA,8,0010001101011100001000110110110000100011010011110010001101011111
15258,30152,29.40705,1C6,8,0000000000000000100000000000100000101001001000000100000000000000
20061,30153,29.40743,0B4,8,0000000000000000000000000000000001100000000010001011100111011101
33163,30156,29.411049,1C4,8,0000110100110111000111000000000000000000000000000000000000101101
39313,20092,29.411438,0BA,5,1110000000100010011010000000000011011111
4531,30159,29.415792,25,8,0000111111111010000000000000000111100000000000000000000000010111
24738,30160,29.416433,0AA,8,0010001101011101001000110110110000100011010011100010001101100011
39314,30121,29.418928,0BA,5,1100011000000000000000000000000010111110
9370,30162,29.423231,260,8,0000000000000000000000000000000000000000111111111110100001010001
4532,30165,29.425778,25,8,0000111111111010000000000000000111100000000000000000000000010111
29706,30166,29.426027,24,8,0000000111111010000000100000000001000001111111011000000011100111
39315,10051,29.426417,0BA,5,0010100100000000000000000000011100101011
24739,30167,29.426426,0AA,8,0010001101011101001000110110101000100011010010000010001101011111
20062,30168,29.427411,0B4,8,0000000000000000000000000000000001100100000010001011100111100001
33164,30173,29.431033,1C4,8,0000110100110000000111000000000000000000000000000000000000100110
17568,30175,29.431452,226,8,0000000000000000000100000000000000000000000000000000000000000000
13666,30177,29.432439,4B7,8,1110001101011111001000101111000000001000111010000000000100001000
39316,20105,29.433907,0BA,5,0100111100000000000000000000000000101110
12269,30179,29.435034,2C1,8,0000100011111111111001111111111101110111110000000000000011101111
4533,30181,29.435775,25,8,0000111111111010000000000000000111100000000000000000000000010111
24740,30182,29.436416,0AA,8,0010001101011110001000110110101100100011010100000010001101100010
15259,30183,29.437012,1C6,8,0000000000000000100000000000100000000100001000000100000000000000
911,30185,29.438406,320,8,0000000000100000000000000000000000000000000000000000000001001011
39317,20109,29.441396,0BA,5,1110000000100010011010000000000011011111
9371,30186,29.443124,260,8,0000000000000000000000000000000000000000111111111111010001011101
4534,30188,29.445757,25,8,0000111111111010000000000000000111100000000000000000000000010111
29707,30189,29.445999,24,8,0000000111111011000000100000000101000001111111011000000011101001
24741,30190,29.446403,0AA,8,0010001101011100001000110110110000100011010010110010001101010111
20063,30191,29.447391,0B4,8,0000000000000000000000000000000001101000000010001011100111100101
39318,30155,29.448886,0BA,5,1100011000000000000000000000000010111110
33165,30195,29.451043,1C4,8,0000110100101001000111000000000000000000000000000000000000011111
31468,30197,29.451766,44D,8,0100001000000010000000000000000000000001000000000000000000000000
39319,10061,29.456375,0BA,5,0010100100000000000000000000010000101000
4535,30199,29.456774,25,8,0000111111111010000000000000000111100000000000000000000000010111
24742,30200,29.457366,0AA,8,0010001101011010001000110110100000100011010100010010001101011100
17569,30203,29.460381,226,8,0000000000000000000100000000000000000000000000000000000000000000
43737,29943,29.460898,3BB,5,0111000000000000001000001010010100000000
9372,30205,29.463073,260,8,0000000000000000000000000000000000000000111111111111010001011101
39320,20130,29.463865,0BA,5,0100111100000000000000000000000000101110
12270,30206,29.465018,2C1,8,0000100011111111110000001111111100110111110000000000000010001000
290,30208,29.465723,38F,8,0000000100000000000000000000000000000000000000000000000000000000
29708,30209,29.465965,24,8,0000000111111011000000100000000001000001111111011000000011101000
4536,30210,29.466208,25,8,0000111111111010000000000000000111100000000000000000000000010111
24743,30211,29.466432,0AA,8,0010001101010011001000110110001100100011010011110010001101010010
15260,30212,29.46699,1C6,8,0000000000000000100000000000011111010001000111110100000000000000
20064,30214,29.467414,0B4,8,0000000000000000000000000000000001101000000010001011100111100101
33166,30218,29.470986,1C4,8,0000110100100001000111000000000000000000000000000000000000010111
39321,20133,29.471354,0BA,5,1110000000100010011010000000000011011111
4537,30221,29.47573,25,8,0000111111111010000000000000000111100000000000000000000000010111
24744,30222,29.476376,0AA,8,0010001101010100001000110110001000100011010011100010001101010111
39322,30184,29.478844,0BA,5,1100011000000000000000000000000010111110
9373,30223,29.483084,260,8,0000000000000000000000000000000000000000111111111111010001011101
4538,30226,29.485714,25,8,0000111111111010000000000000000111100000000000000000000000010111
29709,30227,29.485957,24,8,0000000111111011000000011111111101000001111111011000000011100110
39323,10070,29.486334,0BA,5,0010100100000000000000000000011100101011
24745,30228,29.486362,0AA,8,0010001101010110001000110110000000100011010010010010001101001111
20065,30229,29.487348,0B4,8,0000000000000000000000000000000001101100000010001011100111101001
33167,30235,29.490968,1C4,8,0000110100010000000111000000000000000000000000000000000000000110
17570,30237,29.491377,226,8,0000000000000000000100000000000000000000000000000000000000000000
912,30238,29.492341,320,8,0000000000100000000000000000000000000000000000000000000001001011
39324,20152,29.493823,0BA,5,0100111100000000000000000000000000101110
12271,30239,29.494954,2C1,8,0000100011111111000011011111111100001010110000000000000010101000
34723,30241,29.495553,380,8,0
4539,30242,29.495795,25,8,0000111111111010000000000000000111100000000000000000000000010111
24746,30244,29.49635,0AA,8,0010001101010000001000110110001000100011010101000010001101010001
15261,30245,29.496944,1C6,8,0000000000000000100000000000011110011010000111110100000000000000
39325,20155,29.501313,0BA,5,1110000000100010011010000000000011011111
9374,30249,29.503082,260,8,0000000000000000000000000000000000000000111111111111010001011101
4540,30251,29.505709,25,8,0000111111111010000000000000000111100000000000000000000000010111
29710,30252,29.505952,24,8,0000000111111011000000011111110101000001111111111000000011100110
24747,30253,29.506314,0AA,8,0010001101001010001000110101100000100011010010100010001101001110
28058,30254,29.506594,6C0,8,1110010000000000000000001110000010000000000000000000000000000000
20066,30255,29.507327,0B4,8,0000000000000000000000000000000001101100000010001011100111101001
39326,30217,29.508802,0BA,5,1100011000000000000000000000000010111110
33168,30257,29.510956,1C4,8,0000110100001100000111000000000000000000000000000000000000000010
39327,10082,29.516292,0BA,5,0010100100000000000000000000010000101000
4541,30261,29.516848,25,8,0000111111111010000000000000000111100000000000000000000000010111
24748,30262,29.517305,0AA,8,0010001101000001001000110101000000100011010001100010001101010010
43546,1990,29.519693,423,2,11100000000
17571,30265,29.520317,226,8,0000000000000000000100000000000000000000000000000000000000000000
9375,30266,29.522978,260,8,0000000000000000000000000000000000000000111111111111010001011101
39328,20168,29.523781,0BA,5,0100111100000000000000000000000000101110
12272,30267,29.524919,2C1,8,0000100011111110111101001111111011110100110000000000000001110111
4542,30269,29.52568,25,8,0000111111111010000000000000000111100000000000000000000000010111
29711,30270,29.525923,24,8,0000000111111011000000011111101101000001111111111000000011100100
24749,30271,29.526289,0AA,8,0010001100111101001000110100101000100011010000000010001101001110
15262,30273,29.526931,1C6,8,0000000000000000100000000000011101101000000111110100000000000000
20067,30274,29.5273,0B4,8,0000000000000000000000000000000001110000000010001011010011101000
33169,30277,29.530929,1C4,8,0000110100001010000111000000000000000000000000000000000000000000
39329,20172,29.531271,0BA,5,1110000000100010011010000000000011011111
4543,30281,29.535661,25,8,0000111111111010000000000000000111100000000000000000000000010111
24750,30282,29.536301,0AA,8,0010001100111010001000110100011100100011010001000010001101001100
913,30283,29.537296,320,8,0000000000100000000000000000000000000000000000000000000001001011
39330,30246,29.53876,0BA,5,1100011000000000000000000000000010111110
9376,30284,29.542947,260,8,0000000000000000000000000000000000000000000000000000000001101010
4544,30286,29.54565,25,8,0000111111111010000000000000000111100000000000000000000000010111
29712,30287,29.545895,24,8,0000000111111011000000011111001101000001111111111000000011011100
39331,10088,29.54625,0BA,5,0010100100000000000000000000011100101011
24751,30288,29.546293,0AA,8,0010001100111101001000110100011100100011001110010010001101000110
20068,30289,29.547305,0B4,8,0000000000000000000000000000000001110100000010001010100011100000
33170,30295,29.550906,1C4,8,0000110100010011000111000000000000000000000000000000000000001001
17572,30297,29.551316,226,8,0000000000000000000100000000000000000000000000000000000000000000
14115,30298,29.551569,442,8,0100001100000010000000000000000000000010000000000000000000000000
39332,20193,29.553739,0BA,5,0100111100000000000000000000000000101110
12273,30301,29.554897,2C1,8,0000100011111110110100001111111011100111110000000000000001000110
4545,30303,29.555638,25,8,0000111111111010000000000000000111100000000000000000000000010111
24752,30304,29.556284,0AA,8,0010001100110101001000110100001000100011001110000010001101001100
15263,30305,29.556881,1C6,8,0000000000000000100000000000011100110101000111110100000000000000
39333,20196,29.561229,0BA,5,1110000000100010011010000000000011011111
9377,30307,29.56294,260,8,0000000000000000000000000000000000000000000000000000000001101010
4546,30310,29.565644,25,8,0000111111111010000000000000000111100000000000000000000000010111
29713,30311,29.565887,24,8,0000000111111011000000011110110101000001111111111000000011010110
24753,30312,29.566245,0AA,8,0010001100101111001000110011111000100011001011110010001101000101
20069,30313,29.567255,0B4,8,0000000000000000000000000000000001110100000010001010001111011011
39334,30276,29.568719,0BA,5,1100011000000000000000000000000010111110
33171,30315,29.570888,1C4,8,0000110100011110000111000000000000000000000000000000000000010100
4547,30318,29.575614,25,8,0000111111111010000000000000000111100000000000000000000000010111
39335,10103,29.576208,0BA,5,0010100100000000000000000000010000101000
24754,30319,29.57626,0AA,8,0010001100101101001000110011101000100011001100110010001101000000
11254,30321,29.577752,4C8,8,0000100100000000000000000000000000000000000000000000000000000000
17573,30323,29.579248,226,8,0000000000000000000100000000000000000000000000000000000000000000
16463,30324,29.580878,3F9,8,0111010100011000000000100000001010000000000000000000000000010101
9378,30326,29.582841,260,8,0000000000000000000000000000000000000000000000000000101101110101
39336,20214,29.583698,0BA,5,0100111100000000000000000000000000101110
12274,30327,29.584856,2C1,8,0000100011111110101011011111111010010100110000000000000011010000
4548,30329,29.585599,25,8,0000111111111010000000000000000111100000000000000000000000010111
29714,30330,29.585841,24,8,0000000111111100000000011110110001000001111111111000000011010110
24755,30331,29.586252,0AA,8,0010001100101001001000110011100100100011001011100010001100111000
15264,30332,29.586869,1C6,8,0000000000000000100000000000011011111110000111110100000000000000
20070,30333,29.58724,0B4,8,0000000000000000000000000000000001111000000010001001011111010011
914,30336,29.59024,320,8,0000000000100000000000000000000000000000000000000000000001001011
33172,30337,29.590868,1C4,8,0000110100101010000111000000000000000000000000000000000000100000
39337,20218,29.591187,0BA,5,1110000000100010011010000000000011011111
14245,30339,29.591273,60.0,8,1010000100000000000000000000000000000000011100000000000000000000
4549,30342,29.596597,25,8,0000111111111010000000000000000111100000000000000000000000010111
24756,30343,29.597214,0AA,8,0010001100101010001000110011010000100011001010010010001100111001
39338,30306,29.598677,0BA,5,1100011000000000000000000000000010111110
35170,30123,29.600824,3D3,3,111001010000001111111001
9379,30346,29.602791,260,8,0000000000000000000000000000000000000000000000000000101101110101
4550,30348,29.605586,25,8,0000111111111010000000000000000111100000000000000000000000010111
29715,30349,29.605829,24,8,0000000111111100000000011110110001000001111111111000000011010110
39339,10110,29.606166,0BA,5,0010100100000000000000000000011100101011
24757,30350,29.606205,0AA,8,0010001100100101001000110011001000100011000110110010001100110010
20071,30351,29.607215,0B4,8,0000000000000000000000000000000001111100000010001001001011010010
7742,30356,29.610569,435,8,1000000000000101000001011111111111100000001111110000000000000011
33173,30357,29.610846,1C4,8,0000110101000101000111000000000000000000000000000000000000111011
17574,30359,29.611256,226,8,0000000000000000000100000000000000000000000000000000000000000000
39340,20230,29.613656,0BA,5,0100111100000000000000000000000000101110
12275,30361,29.614839,2C1,8,0000100011111110100001111111111000111010110000000000000001010000
4551,30363,29.615562,25,8,0000111111111010000000000000000111100000000000000000000000010111
24758,30364,29.616226,0AA,8,0010001100100000001000110010110100100011000111110010001100101111
15265,30365,29.616831,1C6,8,0000000000000000100000000000011011001100000111100100000000000000
10932,30367,29.617567,436,8,0
39341,20234,29.621145,0BA,5,1110000000100010011010000000000011011111
9380,30369,29.622604,260,8,0000000000000000000000000000000000000000000000000000101101110101
4552,30371,29.625565,25,8,0000111111111010000000000000000111100000000000000000000000010111
29716,30372,29.625809,24,8,0000000111111011000000011110110001000001111111111000000011010101
24759,30373,29.626186,0AA,8,0010001100011011001000110010110000100011000110100010001100101010
20072,30374,29.627197,0B4,8,0000000000000000000000000000000001111100000010001000110011001100
39342,30335,29.628635,0BA,5,1100011000000000000000000000000010111110
33174,30376,29.630831,1C4,8,0000110101001101000111000000000000000000000000000000000001000011
4553,30380,29.635539,25,8,0000111111111010000000000000000111100000000000000000000000010111
39343,10121,29.636124,0BA,5,0010100100000000000000000000010000101000
24760,30381,29.636198,0AA,8,0010001100011011001000110011000100100011000101010010001100101000
17575,30384,29.639192,226,8,0000000000000000000100000000000000000000000000000000000000000000
915,30385,29.640186,320,8,0000000000100000000000000000000000000000000000000000000001001011
9381,30386,29.642558,260,8,0000000000000000000000000000000000000000000000000000101101110101
13414,30387,29.642707,394,3,0
39344,20251,29.643614,0BA,5,0100111100000000000000000000000000101110
12276,30388,29.644796,2C1,8,0000100011111110011110101111111000011010110000000000000000100011
13798,30390,29.645535,434,8,0100001000000000000000000000000000000000000000000000000000000000
29717,30391,29.645777,24,8,0000000111111100000000011110101001000001111111111000000011010100
4554,30392,29.646021,25,8,0000111111111010000000000000000111100000000000000000000000010111
24761,30393,29.646252,0AA,8,0010001100011101001000110010101100100011000100000010001100100000
15266,30394,29.64681,1C6,8,0000000000000000100000000000011010011101000111100100000000000000
20073,30395,29.647177,0B4,8,0000000000000000000000000000000010000000000010001000000111000101
21690,30401,29.650527,443,8,0100110100000010000000000010111100000110000000000000000000000000
13606,30402,29.650771,4DD,8,0001111000000000000000000000000000000000000000000000000000000000
33175,30403,29.651018,1C4,8,0000110101010011000111000000000000000000000000000000000001001001
39345,20253,29.651104,0BA,5,1110000000100010011010000000000011011111
34871,30405,29.651407,3C3,8,0100011000011110100101000100111011101110010110010000001110001000
28189,30406,29.652527,437,8,1111110011111111111111111111111111111111111111111111111111111111
4555,30408,29.655512,25,8,0000111111111010000000000000000111100000000000000000000000010111
24762,30410,29.656281,0AA,8,0010001100011101001000110010010100100011000100000010001100100100
39346,30366,29.658593,0BA,5,1100011000000000000000000000000010111110
9382,30411,29.662519,260,8,0000000000000000000000000000000000000000000000000000000001101010
4556,30414,29.665496,25,8,0000111111111010000000000000000111100000000000000000000000010111
29718,30415,29.665739,24,8,0000000111111100000000011110110101000001111111111000000011010111
39347,10133,29.666083,0BA,5,0010100100000000000000000000011100101011
24763,30416,29.666166,0AA,8,0010001100011001001000110010001100100011000010110010001100010111
20074,30417,29.667154,0B4,8,0000000000000000000000000000000010000000000010000111101110111111
33176,30422,29.670788,1C4,8,0000110101011100000111000000000000000000000000000000000001010010
17576,30424,29.671199,226,8,0000000000000000000100000000000000000000000000000000000000000000
39348,20271,29.673572,0BA,5,0100111100000000000000000000000000101110
12277,30425,29.674781,2C1,8,0000100011111110010111011111110111110100110000000000000011011111
4557,30427,29.675487,25,8,0000111111111010000000000000000111100000000000000000000000010111
24764,30428,29.676156,0AA,8,0010001100010100001000110001111100100011000010100010001100011001
15267,30429,29.676763,1C6,8,0000000000000000100000000000011001100110000111100100000000000000
159,30431,29.678157,3B7,8,1000
39349,20275,29.681062,0BA,5,1110000000100010011010000000000011011111
9383,30435,29.682499,260,8,0000000000000000000000000000000000000000000000000000000001101010
4558,30437,29.68551,25,8,0000111111111010000000000000000111100000000000000000000000010111
29719,30438,29.685754,24,8,0000000111111100000000011110111101000001111111011000000011010111
24765,30439,29.686121,0AA,8,0010001100010000001000110010000000100011000010000010001100010101
20075,30440,29.687133,0B4,8,0000000000000000000000000000000010000100000010000111011010111110
39350,30398,29.688551,0BA,5,1100011000000000000000000000000010111110
916,30442,29.689138,320,8,0000000000100000000000000000000000000000000000000000000001001011
33177,30443,29.69077,1C4,8,0000110101100000000111000000000000000000000000000000000001010110
11062,30445,29.692368,620,8,0001000000000000000000000000000000000000000000000000000000000000
4559,30447,29.695464,25,8,0000111111111010000000000000000111100000000000000000000000010111
39351,10147,29.696041,0BA,5,0010100100000000000000000000010000101000
24766,30448,29.696135,0AA,8,0010001100010001001000110001101100100011000001000010001100010101
17577,30452,29.699129,226,8,0000000000000000000100000000000000000000000000000000000000000000
9384,30454,29.702427,260,8,0000000000000000000000000000000000000000000000000000101101110101
39352,20290,29.70353,0BA,5,0100111100000000000000000000000000101110
12278,30455,29.704739,2C1,8,0000100011111110010000001111110111110100110000000000000011000010
4560,30457,29.705488,25,8,0000111111111010000000000000000111110000000000000000000000100111
29720,30458,29.705733,24,8,0000000111111100000000011110111101000001111111011000000011010111
24767,30459,29.706097,0AA,8,0010001100010100001000110001100000100011000001000010001100001100
15268,30460,29.706741,1C6,8,0000000000000000100000000000011000110011000111100100000000000000
20076,30461,29.707106,0B4,8,0000000000000000000000000000000010001000000010000111011011000010
33178,30464,29.710749,1C4,8,0000110101100010000111000000000000000000000000000000000001011000
39353,20294,29.71102,0BA,5,1110000000100010011010000000000011011111
4561,30468,29.71545,25,8,0000111111111010000000000000000111110000000000000000000000100111
34782,30469,29.715807,4DF,8,0010000000000000000000000000000100000000000000000000000000000000
24768,30470,29.716115,0AA,8,0010001100010000001000110001100100100010111111110010001100001111
39354,30430,29.718509,0BA,5,1100011000000000000000000000000010111110
9385,30472,29.72243,260,8,0000000000000000000000000000000000000000000000000001011110000001
4562,30474,29.725433,25,8,0000111111111010000000000000000111110000000000000000000000100111
29721,30475,29.725675,24,8,0000000111111100000000011111000101000001111111011000000011011001
39355,10151,29.725999,0BA,5,0010100100000000000000000000011100101011
24769,30476,29.726103,0AA,8,0010001100001100001000110001110100100010111110100010001100000110
20077,30477,29.72709,0B4,8,0000000000000000000000000000000010001000000010000111000010111100
33179,30483,29.730726,1C4,8,0000110101011110000111000000000000000000000000000000000001010100
17578,30485,29.731136,226,8,0000000000000000000100000000000000000000000000000000000000000000
39356,20311,29.733489,0BA,5,0100111100000000000000000000000000101110
12279,30486,29.734718,2C1,8,0000100011111110001011011111110111111010110000000000000010110101
4563,30488,29.735427,25,8,0000111111111010000000000000000111110000000000000000000000100111
24770,30489,29.736096,0AA,8,0010001100010000001000110001101000100010111101110010001100000111
15269,30490,29.736704,1C6,8,0000000000000000100000000000011000000100000111100100000000000000
917,30492,29.738123,320,8,0000000000100000000000000000000000000000000000000000000001001011
39357,20315,29.740978,0BA,5,1110000000100010011010000000000011011111
9386,30493,29.742364,260,8,0000000000000000000000000000000000000000000000000001011110000001
4564,30495,29.745439,25,8,0000111111111010000000000000000111110000000000000000000000100111
29722,30496,29.745655,24,8,0000000111111100000000011111010001000001111111111000000011011110
24771,30498,29.74609,0AA,8,0010001100000000001000110001010000100010111111000010001011111001
20078,30500,29.747066,0B4,8,0000000000000000000000000000000010001100000010000111000011000000
39358,30463,29.748468,0BA,5,1100011000000000000000000000000010111110
33180,30503,29.750703,1C4,8,0000110101011000000111000000000000000000000000000000000001001110
31469,30505,29.751106,44D,8,0100001000000010000000000000000000000001000000000000000000000000
4565,30507,29.755404,25,8,0000111111111010000000000000000111110000000000000000000000100111
13987,30508,29.755653,38E,8,0
39359,10164,29.755957,0BA,5,0010100100000000000000000000010000101000
24772,30509,29.75607,0AA,8,0010001100000110001000110001000100100010111101010010001011111100
43738,1013,29.758482,3BB,5,1011101100000000000000000000000000100110
17579,30512,29.759063,226,8,0000000000000000000100000000000000000000000000000000000000000000
9387,30514,29.762389,260,8,0000000000000000000000000000000000000000000000000010001110001101
39360,20335,29.763447,0BA,5,0100111100000000000000000000000000101110
12280,30515,29.764669,2C1,8,0000100011111110000101001111111000000100110000000000000010100111
4566,30517,29.765417,25,8,0000111111111010000000000000000111110000000000000000000000100111
29723,30518,29.765665,24,8,0000000111111100000000011111100001000001111111011000000011100000
24773,30519,29.766031,0AA,8,0010001100000011001000110000101000100010111101000010001011110111
15270,30520,29.766681,1C6,8,0000000000000000100000000000010111010010000111100100000000000000
20079,30521,29.767042,0B4,8,0000000000000000000000000000000010010000000010000110101010111110
33181,30524,29.770686,1C4,8,0000110101001111000111000000000000000000000000000000000001000101
39361,20338,29.770936,0BA,5,1110000000100010011010000000000011011111
4567,30527,29.77538,25,8,0000111111111010000000000000000111110000000000000000000000100111
24774,30528,29.77605,0AA,8,0010001011111110001000110001100000100010111100010010001011111010
39362,30491,29.778426,0BA,5,1100011000000000000000000000000010111110
9388,30530,29.782354,260,8,0000000000000000000000000000000000000000000000000010001110001101
4568,30532,29.785381,25,8,0000111111111010000000000000000111110000000000000000000000100111
29724,30533,29.78563,24,8,0000000111111100000000011111100001000001111111011000000011100000
39363,10173,29.785915,0BA,5,0010100100000000000000000000011100101011
24775,30535,29.786039,0AA,8,0010001011111101001000110000101100100010111101000010001011110101
20080,30536,29.787022,0B4,8,0000000000000000000000000000000010010000000010000110101010111110
33182,30541,29.790659,1C4,8,0000110100110110000111000000000000000000000000000000000000101100
17580,30543,29.791069,226,8,0000000000000000000100000000000000000000000000000000000000000000
918,30544,29.792017,320,8,0000000000100000000000000000000000000000000000000000000001001011
39364,20352,29.793405,0BA,5,0100111100000000000000000000000000101110
12281,30546,29.794743,2C1,8,0000100011111110000000001111111000100000110000000000000010101111
4569,30548,29.795369,25,8,0000111111111010000000000000000111110000000000000000000000100111
24776,30549,29.796026,0AA,8,0010001011111011001000110000011100100010111010110010001011110011
15271,30550,29.796637,1C6,8,0000000000000000100000000000010110100001000111100100000000000000
16311,30553,29.799962,4C1,8,0000000100000000000000010000000100000000000000000000000000000000
39365,20357,29.800894,0BA,5,1110000000100010011010000000000011011111
9389,30554,29.802315,260,8,0000000000000000000000000000000000000000000000000010001110001101
4570,30556,29.805374,25,8,0000111111111010000000000000000111110000000000000000000000100111
29725,30557,29.805617,24,8,0000000111111100000000011111101001000001111111011000000011100010
28059,30558,29.80586,6C0,8,1110010000000000000000001110000010000000000000000000000000000000
24777,30559,29.806089,0AA,8,0010001011111010001000110000010100100010111010110010001011110110
20081,30560,29.807,0B4,8,0000000000000000000000000000000010010100000010000110010110111101
39366,30523,29.808384,0BA,5,1100011000000000000000000000000010111110
33183,30562,29.810747,1C4,8,0000110100100111000111000000000000000000000000000000000000011101
4571,30567,29.815343,25,8,0000111111111010000000000000000111110000000000000000000000100111
13732,30568,29.81559,3A5,8,100000000
39367,10185,29.815873,0BA,5,0010100100000000000000000000010000101000
24778,30569,29.816004,0AA,8,0010001011111001001000110000100100100010111000110010001011110101
17581,30572,29.819001,226,8,0000000000000000000100000000000000000000000000000000000000000000
9390,30573,29.822198,260,8,0000000000000000000000000000000000000000000000000001011110000001
39368,20376,29.823363,0BA,5,0100111100000000000000000000000000101110
7833,30574,29.82415,610,8,0010000010000000000101010110010011000000000000001010001001000000
12282,30575,29.824607,2C1,8,0000100011111101111001001111111000101010110000000000000010011100
4572,30577,29.825355,25,8,0000111111111010000000000000000111110000000000000000000000100111
29726,30578,29.825599,24,8,0000000111111011000000011111101101000001111111111000000011100100
24779,30579,29.825968,0AA,8,0010001011110100001000110000100100100010111000010010001011101111
15272,30580,29.826621,1C6,8,0000000000000000100000000000010101110011000111100100000000000000
20082,30581,29.82698,0B4,8,0000000000000000000000000000000010010100000010000101111110110111
34964,30585,29.829979,4C3,8,0000001100000000000000000000000100000000000000000000000000000000
16464,30586,29.830323,3F9,8,0111010100011000000000100000001010000000000000000000000000010101
33184,30587,29.83062,1C4,8,0000110100011010000111000000000000000000000000000000000000010000
39369,20380,29.830853,0BA,5,1110000000100010011010000000000011011111
4573,30590,29.835319,25,8,0000111111111010000000000000000111110000000000000000000000100111
24780,30591,29.835991,0AA,8,0010001011110101001000110000011000100010110111110010001011110110
31340,30592,29.836233,640,8,1010100000000000000000000011011100000001110111110000000000000000
919,30593,29.836972,320,8,0000000000100000000000000000000000000000000000000000000001001011
39370,30551,29.838342,0BA,5,1100011000000000000000000000000010111110
9391,30594,29.842063,260,8,0000000000000000000000000000000000000000000000000010001110001101
4574,30597,29.845306,25,8,0000111111111010000000000000000111110000000000000000000000100111
29727,30598,29.845554,24,8,0000000111111100000000011111110101000001111111111000000011100111
35026,30599,29.845795,413,8,0000000100000001000000010000100100000000000000000000000000000000
39371,10197,29.845832,0BA,5,0010100100000000000000000000011100101011
24781,30600,29.84602,0AA,8,0010001011110001001000101111100100100010111001010010001011110101
20083,30601,29.846955,0B4,8,0000000000000000000000000000000010011000000010000101101010110110
33185,30606,29.850607,1C4,8,0000110011111111000111000000000000000000000000000000000011110100
17582,30608,29.851018,226,8,0000000000000000000100000000000000000000000000000000000000000000
14116,30610,29.851374,442,8,0100001100000010000000000000000000000010000000000000000000000000
39372,20398,29.853321,0BA,5,0100111100000000000000000000000000101110
12283,30612,29.85467,2C1,8,0000100011111101110101001111111000110100110000000000000010010110
43547,7672,29.855145,423,2,10101000001111
4575,30614,29.855302,25,8,0000111111111010000000000000000111110000000000000000000000100111
24782,30615,29.855966,0AA,8,0010001011101100001000101111100000100010110110000010001011110101
15273,30616,29.856578,1C6,8,0000000000000000100000000000010101001000000111100100000000000000
35171,3769,29.86048,3D3,3,011011000000001000000000
39373,20401,29.860811,0BA,5,1110000000100010011010000000000011011111
9392,30619,29.862034,260,8,0000000000000000000000000000000000000000000000000010001110001101
4576,30621,29.865283,25,8,0000111111111010000000000000000111110000000000000000000000100111
29728,30622,29.865528,24,8,0000000111111011000000011111101101000001111111111000000011100100
24783,30623,29.865962,0AA,8,0010001011101000001000101111100000100010110110110010001011101100
20084,30624,29.866939,0B4,8,0000000000000000000000000000000010011100000010000101010010110100
39374,30584,29.8683,0BA,5,1100011000000000000000000000000010111110
33186,30626,29.870582,1C4,8,0000110011110000000111000000000000000000000000000000000011100101
4577,30629,29.875278,25,8,0000111111111010000000000000000111110000000000000000000000100111
39375,10208,29.87579,0BA,5,0010100100000000000000000000010000101000
24784,30631,29.875942,0AA,8,0010001011100001001000101111101000100010110101110010001011101001
17583,30635,29.878938,226,8,0000000000000000000100000000000000000000000000000000000000000000
9393,30636,29.881913,260,8,0000000000000000000000000000000000000000000000000001011110000001
39376,20413,29.883279,0BA,5,0100111100000000000000000000000000101110
12284,30637,29.884557,2C1,8,0000100011111101110000001111111000100111110000000000000001110101
4578,30639,29.885293,25,8,0000111111111010000000000000000111110000000000000000000000100111
29729,30640,29.885536,24,8,0000000111111100000000011111100001000001111111111000000011100010
24785,30641,29.885906,0AA,8,0010001011100001001000101111011100100010110101110010001011101011
15274,30642,29.886564,1C6,8,0000000000000000100000000000010100011110000111100100000000000000
20085,30643,29.88692,0B4,8,0000000000000000000000000000000010011100000010000100111010101110
920,30646,29.889924,320,8,0000000000100000000000000000000000000000000000000000000001001011
33187,30647,29.890565,1C4,8,0000110011100001000111000000000000000000000000000000000011010110
39377,20417,29.890769,0BA,5,1110000000100010011010000000000011011111
31273,30650,29.893053,4A6,8,0000000000000000000000000000000000000000000100010000000000000000
4579,30652,29.895259,25,8,0000111111111010000000000000000111110000000000000000000000100111
24786,30653,29.89592,0AA,8,0010001011011101001000101110111100100010110100010010001011100101
39378,30617,29.898258,0BA,5,1100011000000000000000000000000010111110
9394,30656,29.901856,260,8,0000000000000000000000000000000000000000000000000010001110001101
4580,30658,29.905249,25,8,0000111111111010000000000000000111110000000000000000000000100111
29730,30659,29.905494,24,8,0000000111111011000000011111101101000001111111111000000011100100
39379,10212,29.905748,0BA,5,0010100100000000000000000000011100101011
24787,30660,29.905914,0AA,8,0010001011011111001000101110111000100010110100000010001011100111
20086,30661,29.906896,0B4,8,0000000000000000000000000000000010100000000010000100100110101101
33188,30667,29.910543,1C4,8,0000110011010011000111000000000000000000000000000000000011001000
17584,30669,29.910953,226,8,0000000000000000000100000000000000000000000000000000000000000000
39380,20435,29.913238,0BA,5,0100111100000000000000000000000000101110
12285,30670,29.914537,2C1,8,0000100011111101101100001111111000011101110000000000000001011011
4581,30672,29.915235,25,8,0000111111111010000000000000000111110000000000000000000000100111
24788,30674,29.9159,0AA,8,0010001011011001001000101110111000100010110100100010001011100001
15275,30675,29.916523,1C6,8,0000000000000000100000000000010011110111000111010100000000000000
39381,20437,29.920727,0BA,5,1110000000100010011010000000000011011111
9395,30677,29.921823,260,8,0000000000000000000000000000000000000000000000000010001110001101
4582,30679,29.92525,25,8,0000111111111010000000000000000111110000000000000000000000100111
29731,30680,29.925497,24,8,0000000111111100000000011111101001000001111111111000000011100100
24789,30682,29.925902,0AA,8,0010001011010111001000101110111100100010110011100010001011100100
20087,30683,29.926877,0B4,8,0000000000000000000000000000000010100000000010000100001110100111
39382,30645,29.928217,0BA,5,1100011000000000000000000000000010111110
27828,30685,29.928875,420,8,0000000000000001000000000000000011111111000000001000000010101100
33189,30687,29.930522,1C4,8,0000110010111100000111000000000000000000000000000000000010110001
39383,10228,29.935706,0BA,5,0010100100000000000000000000010000101000
4583,30690,29.93624,25,8,0000111111111010000000000000000111110000000000000000000000100111
24790,30691,29.936855,0AA,8,0010001011010111001000101110011100100010110010000010001011011101
17585,30695,29.939959,226,8,0000000000000000000100000000000000000000000000000000000000000000
921,30696,29.940869,320,8,0000000000100000000000000000000000000000000000000000000001001011
9396,30697,29.941778,260,8,0000000000000000000000000000000000000000000000000010001110001101
13415,30699,29.942112,394,3,0
39384,20454,29.943196,0BA,5,0100111100000000000000000000000000101110
12286,30700,29.944493,2C1,8,0000100011111101101001001111111000010000110000000000000001000010
4584,30702,29.945203,25,8,0000111111111010000000000000000111110000000000000000000000100111
29732,30703,29.945458,24,8,0000000111111100000000011111011001000001111111111000000011100000
24791,30704,29.945872,0AA,8,0010001011010111001000101110010000100010110010100010001011011111
15276,30705,29.946503,1C6,8,0000000000000000100000000000010011010011000111100100000000000000
20088,30706,29.94686,0B4,8,0000000000000000000000000000000010100100000010000011110110100101
7622,30710,29.950076,3BC,8,0
21691,30711,29.950314,443,8,0100110100000010000000000010111100000110000000000000000000000000
33190,30712,29.950555,1C4,8,0000110010101111000111000000000000000000000000000000000010100100
39385,20459,29.950685,0BA,5,1110000000100010011010000000000011011111
4585,30715,29.955195,25,8,0000111111111010000000000000000111110000000000000000000000100111
24792,30716,29.955858,0AA,8,0010001011010111001000101110000000100010110001110010001011010110
39386,30676,29.958175,0BA,5,1100011000000000000000000000000010111110
35336,28772,29.960173,386,7,11011011000000000000000000000000000001100000000000000011
43428,28801,29.960229,3000000.0,6,101011000000000000000000000000000000000000000000
9397,30718,29.961756,260,8,0000000000000000000000000000000000000000000000000010001110001101
4586,30720,29.965207,25,8,0000111111111010000000000000000111110000000000000000000000100111
29733,30721,29.965451,24,8,0000000111111100000000011111001101000001111111111000000011011101
39387,10236,29.965664,0BA,5,0010100100000000000000000000011100101011
24793,30722,29.965822,0AA,8,0010001011010010001000101101101100100010110001100010001011011001
20089,30724,29.966864,0B4,8,0000000000000000000000000000000010101000000010000011110110101001
31599,30728,29.970301,633,8,1000000100000000000000000000000000000000000000000000000000000000
33191,30729,29.97054,1C4,8,0000110010100101000111000000000000000000000000000000000010011010
17586,30731,29.970948,226,8,0000000000000000000100000000000000000000000000000000000000000000
39388,20474,29.973154,0BA,5,0100111100000000000000000000000000101110
12287,30732,29.974507,2C1,8,0000100011111101011101001111110111110000110000000000000011110001
27889,30735,29.975078,4DC,8,0001110100000000000000000000000000000000000000000000000000000000
4587,30736,29.975331,25,8,0000111111111010000000000000000111110000000000000000000000100111
24794,30737,29.975839,0AA,8,0010001011001010001000101101011100100010110010010010001011010011
15277,30738,29.976465,1C6,8,0000000000000000100000000000010010101100000111100100000000000000
160,30740,29.977835,3B7,8,1000
39389,20479,29.980643,0BA,5,1110000000100010011010000000000011011111
9398,30742,29.981702,260,8,0000000000000000000000000000000000000000000000000010001110001101
4588,30744,29.98517,25,8,0000111111111010000000000000000111110000000000000000000000100111
29734,30745,29.985414,24,8,0000000111111100000000011111001101000001111111111000000011011101
24795,30746,29.985827,0AA,8,0010001011001001001000101101001100100010110001000010001011010110
20090,30747,29.986818,0B4,8,0000000000000000000000000000000010101000000010000011100010100100
39390,30708,29.988133,0BA,5,1100011000000000000000000000000010111110
922,30749,29.98882,320,8,0000000000100000000000000000000000000000000000000000000001001011
33192,30750,29.990465,1C4,8,0000110010100001000111000000000000000000000000000000000010010110
11063,30753,29.991905,620,8,0001000000000000000000000000000000000000000000000000000000000000
1553,30754,29.995208,6F3,8,0010000000000000000000000000000000000000000000000000000000000000
39391,10249,29.995623,0BA,5,0010100100000000000000000000010000101000
4589,30756,29.996177,25,8,0000111111111010000000000000000111110000000000000000000000100111
24796,30757,29.996792,0AA,8,0010001011001011001000101101000000100010110000010010001011001110
17587,30760,29.999806,226,8,0000000000000010000100000000000000000000000000000000000000000000
9399,30762,30.00171,260,8,0000000000000000000000000000000000000000000000000010111110011001
39392,20497,30.003112,0BA,5,0100111100000000000000000000000000101110
12288,30764,30.004432,2C1,8,0000100011111101010111011111110110100100110000000000000010001110
4590,30766,30.005168,25,8,0000111111111010000000000000000111110000000000000000000000100111
29735,30767,30.005413,24,8,0000000111111100000000011111001101000001111111111000000011011101
24797,30768,30.00578,0AA,8,0010001011001011001000101101001100100010101110010010001011001110
15278,30769,30.006449,1C6,8,0000000000000000100000000000010010001000000111010100000000000000
20091,30770,30.006794,0B4,8,0000000000000000000000000000000010101100000010000011001010100010
13546,30774,30.009772,399,8,0000000000000000000000000000000000000000111111110000000000000000
33193,30775,30.01046,1C4,8,0000110010011101000111000000000000000000000000000000000010010010
39393,20499,30.010602,0BA,5,1110000000100010011010000000000011011111
11194,30777,30.01348,39A,8,0000000000000000000000000000000100000000000000000000000000000000
4591,30779,30.016157,25,8,0000111111111010000000000000000100000000000000000000000000110111
24798,30780,30.01677,0AA,8,0010001011000111001000101101001100100010101110110010001011000011
39394,30739,30.018091,0BA,5,1100011000000000000000000000000010111110
9400,30781,30.021633,260,8,0000000000000000000000000000000000000000000000000010111110011001
4592,30784,30.025115,25,8,0000111111111010000000000000000100000000000000000000000000110111
29736,30785,30.025356,24,8,0000000111111100000000011110111101000010000000001000000011011011
39395,10257,30.025581,0BA,5,0010100100000000000000000000011100101011
24799,30786,30.02579,0AA,8,0010001011000000001000101100111000100010101101110010001011000110
20092,30788,30.026774,0B4,8,0000000000000000000000000000000010101100000010000011001010100010
30,30792,30.030229,3B1,8,0000000000000000000000100000101000000000000010000000000000000000
33194,30793,30.030469,1C4,8,0000110010010011000111000000000000000000000000000000000010001000
17588,30795,30.030879,226,8,0000000000000110000100000000000000000000000000000000000000000000
39396,20517,30.03307,0BA,5,0100111100000000000000000000000000101110
12289,30796,30.034417,2C1,8,0000100011111101001111011111110101101010110000000000000000110100
4593,30798,30.035107,25,8,0000111111111010000000000000000100000000000000000000000000110111
24800,30799,30.035782,0AA,8,0010001010111011001000101100011000100010101110010010001010111110
15279,30800,30.036401,1C6,8,0000000000000000100000000000010001100110000111010100000000000000
923,30802,30.037768,320,8,0000000000100000000000000000000000000000000000000000000001001011
39397,20521,30.04056,0BA,5,1110000000100010011010000000000011011111
9401,30804,30.041653,260,8,0000000000000000000000000000000000000000000000000100011110110001
4594,30806,30.045122,25,8,0000111111111010000000000000000100010000000000000000000001000111
29737,30807,30.045378,24,8,0000000111111100000000011110110101000001111111111000000011010111
24801,30809,30.045738,0AA,8,0010001010110111001000101011110100100010101110100010001010111001
20093,30810,30.046751,0B4,8,0000000000000000000000000000000010110000000010000010110110100001
39398,30773,30.048049,0BA,5,1100011000000000000000000000000010111110
13860,30813,30.049457,4C6,8,0000011100000000000000110000000000000000000000000000000000000000
33195,30814,30.050414,1C4,8,0000110010001000000111000000000000000000000000000000000001111101
31470,30817,30.055039,44D,8,0100001000000010000000000000000000000001000000000000000000000000
4595,30818,30.055284,25,8,0000111111111010000000000000000100010000000000000000000001000111
39399,10270,30.055539,0BA,5,0010100100000000000000000000010000101000
24802,30819,30.055754,0AA,8,0010001010111000001000101011110100100010101100100010001010110110
43739,2047,30.056067,3BB,5,1010010100000000000000000000000000000000
17589,30823,30.058743,226,8,0000000000001010000100000000000000000000000000000000000000000000
9402,30824,30.061644,260,8,0000000000000000000000000000000000000000000000000011101010100100
39400,20537,30.063028,0BA,5,0100111100000000000000000000000000101110
12290,30825,30.064371,2C1,8,0000100011111101000110101111110100111101110000000000000011100100
4596,30827,30.065099,25,8,0000111111111010000000000000000100100000000000000000000001010111
29738,30828,30.065341,24,8,0000000111111100000000011110110001000001111111111000000011010110
24803,30829,30.065714,0AA,8,0010001010110101001000101011111000100010101011000010001010110000
15280,30830,30.066384,1C6,8,0000000000000000100000000000010001000101000111100100000000000000
20094,30831,30.066729,0B4,8,0000000000000000000000000000000010110100000010000010000110011001
33196,30835,30.070383,1C4,8,0000110010000110000111000000000000000000000000000000000001111011
39401,20543,30.070518,0BA,5,1110000000100010011010000000000011011111
4597,30839,30.07609,25,8,0000111111111010000000000000000100110000000000000000000001100111
24804,30840,30.076706,0AA,8,0010001010101101001000101011101000100010101011100010001010110110
39402,30801,30.078008,0BA,5,1100011000000000000000000000000010111110
16465,30841,30.080467,3F9,8,0111010100011000000000100000001010000000000000000000000000010101
9403,30842,30.081473,260,8,0000000000000000000000000000000000000000000000000010111110011001
4598,30844,30.085049,25,8,0000111111111010000000000000000100110000000000000000000001100111
29739,30845,30.085287,24,8,0000000111111101000000011110110001000010000000001000000011011001
39403,10273,30.085497,0BA,5,0010100100000000000000000000011100101011
24805,30846,30.085723,0AA,8,0010001010100111001000101011001100100010101010000010001010101001
20095,30848,30.08671,0B4,8,0000000000000000000000000000000010110100000010000001110010010100
33197,30853,30.090366,1C4,8,0000110001110101000111000000000000000000000000000000000001101010
17590,30855,30.090776,226,8,0000000000001010000100000000000000000000000000000000000000000000
924,30856,30.091705,320,8,0000000000100000000000000000000000000000000000000000000001001011
39404,20560,30.092987,0BA,5,0100111100000000000000000000000000101110
12291,30857,30.094362,2C1,8,0000100011111101000000001111110100011101110000000000000010101010
4599,30859,30.095044,25,8,0000111111111010000000000000000101010000000000000000000010000111
24806,30860,30.095711,0AA,8,0010001010100011001000101010111100100010101001000010001010101001
15281,30861,30.096344,1C6,8,0000000000000000100000000000010000100101000111010100000000000000
39405,20564,30.100476,0BA,5,1110000000100010011010000000000011011111
9404,30864,30.101329,260,8,0000000000000000000000000000000000000000000000000011101010100100
28060,30866,30.10493,6C0,8,1110010000000000000000001110000010000000000000000000000000000000
29740,30867,30.105168,24,8,0000000111111101000000011110101001000010000000001000000011010111
4600,30868,30.105408,25,8,0000111111111010000000000000000101100000000000000000000010010111
24807,30870,30.105816,0AA,8,0010001010100010001000101010101100100010100111000010001010100100
20096,30871,30.106689,0B4,8,0000000000000000000000000000000010111000000010000001011010010010
39406,30834,30.107966,0BA,5,1100011000000000000000000000000010111110
33198,30873,30.11035,1C4,8,0000110001111010000111000000000000000000000000000000000001101111
4601,30877,30.115016,25,8,0000111111111011000000000000000110010000000010110000000011010011
39407,10291,30.115455,0BA,5,0010100100000000000000000000010000101000
24808,30878,30.115693,0AA,8,0010001010011101001000101010100000100010100101100010001010100100
17591,30881,30.118678,226,8,0000000000001010000100000000000000100000000000000000000000000000
35172,30655,30.120136,3D3,3,111001010000000110010000
9405,30882,30.121253,260,8,0000000000000000000000000000000000000000000000000011101010100100
39408,20581,30.122945,0BA,5,0100111100000000000000000000000000101110
12292,30884,30.124316,2C1,8,0000100011111100101100001111110011111010110000000000000000110101
4602,30886,30.125033,25,8,0000111111111011000000000000000110100000000010110000000011100011
29741,30887,30.125273,24,8,0000000111111101000000011110011001000010000000001000000011010011
24809,30888,30.125653,0AA,8,0010001010011000001000101010010000100010100101000010001010011101
15282,30889,30.126324,1C6,8,0000000000000000100000000000010000000111000111010100000000000000
20097,30890,30.126667,0B4,8,0000000000000000000000000000000010111000000010000000101110000111
33199,30894,30.130326,1C4,8,0000110001111000000111000000000000000000000000000000000001101101
39409,20585,30.130434,0BA,5,1110000000100010011010000000000011011111
4603,30898,30.135008,25,8,0000111111111011000000000000000111000000000010110000000000000011
24810,30899,30.135671,0AA,8,0010001010010100001000101001111000100010100011100010001010100000
925,30900,30.136661,320,8,0000000000100000000000000000000000000000000000000000000001001011
39410,30862,30.137924,0BA,5,1100011000000000000000000000000010111110
9406,30902,30.14124,260,8,0000000000000000000000000000000000000000000000000011101010100100
4604,30904,30.144988,25,8,0000111111111011000000000000000111100000000100010000000000101001
29742,30905,30.145243,24,8,0000000111111101000000011110100001000010000000001000000011010101
39411,10300,30.145413,0BA,5,0010100100000000000000000000011100101011
24811,30906,30.145662,0AA,8,0010001010010001001000101001100100100010100011110010001010010100
20098,30908,30.146652,0B4,8,0000000000000000000000000000000010111100000010000000010110000101
33200,30912,30.150312,1C4,8,0000110001101011000111000000000000000000000000000000000001100000
17592,30914,30.150723,226,8,0000000000001100000100000000000000100000000000000000000000000000
34872,30915,30.151013,3C3,8,0100011000011110100101000100111011101110010110010000001110001000
39412,20599,30.152903,0BA,5,0100111100000000000000000000000000101110
12293,30917,30.1543,2C1,8,0000100011111100101101111111110010110000110000000000000011110010
4605,30920,30.154999,25,8,0000111111111011000000000000000100000000000100010000000001001001
24812,30921,30.15565,0AA,8,0010001010001110001000101001110000100010100001100010001010011100
15283,30922,30.156283,1C6,8,0000000000000000100000000000001111011010000111011100000000000000
39413,20604,30.160393,0BA,5,1110000000100010011010000000000011011111
9407,30924,30.161171,260,8,0000000000000000000000000000000000000000000000000100011110110001
14117,30925,30.162636,442,8,0100001100000010000000000000000000000010000000000000000000000000
4606,30927,30.164993,25,8,0000111111111011000000000000000100100000000100010000000001101001
29743,30928,30.165232,24,8,0000000111111101000000011110100001000010000000001000000011010101
24813,30929,30.165609,0AA,8,0010001010010001001000101010001100100010100001000010001010010100
20099,30930,30.16663,0B4,8,0000000000000000000000000000000010111100000010000000000010000000
39414,30892,30.167882,0BA,5,1100011000000000000000000000000010111110
33201,30932,30.170388,1C4,8,0000110001010100000111000000000000000000000000000000000001001001
39415,10312,30.175372,0BA,5,0010100100000000000000000000010000101000
4607,30937,30.17598,25,8,0000111111111011000000000000000100110000000100110000000001111011
24814,30938,30.176602,0AA,8,0010001010010110001000101011000100100010011111010010001010001110
17593,30941,30.179613,226,8,0000000000001111000100000000000000100000000000000000000000000000
9408,30943,30.181127,260,8,0000000000000000000000000000000000000000000000000100011110110001
39416,20622,30.182861,0BA,5,0100111100000000000000000000000000101110
12294,30944,30.184255,2C1,8,0000100011111100101001111111110010100111110000000000000011011001
4608,30946,30.184943,25,8,0000111111111011000000000000000101010000000100110000000010011011
29744,30947,30.185187,24,8,0000000111111101000000011110110101000001111111111000000011011000
24815,30948,30.185624,0AA,8,0010001010100101001000101100000000100010011111100010001010001000
15284,30949,30.186263,1C6,8,0000000000000000100000000000001110001101000111101100000000000000
20100,30950,30.18661,0B4,8,0000000000000000000000000000000011000000000001111111101001111101
926,30954,30.189607,320,8,0000000000100000000000000000000000000000000000000000000001001011
33202,30955,30.190261,1C4,8,0000110000110001000111000000000000000000000000000000000000100110
39417,20625,30.190351,0BA,5,1110000000100010011010000000000011011111
43548,30215,30.190596,423,2,1000100000000
7683,30957,30.192593,611,8,0010000100000000000000000001000000000000000000000011110101101100
4609,30959,30.19596,25,8,0000111111111011000000000000000101110000000100110000000010111011
24816,30960,30.196583,0AA,8,0010001010100100001000101011110100100010011110000010001010000011
39418,30923,30.19784,0BA,5,1100011000000000000000000000000010111110
9409,30963,30.201075,260,8,0000000000000000000000000000000000000000000000000110101011010100
4610,30966,30.204922,25,8,0000111111111011000000000000000101110000000011100000000010110110
29745,30967,30.205169,24,8,0000000111111101000000011111111101000001111111111000000011101010
39419,10322,30.20533,0BA,5,0010100100000000000000000000011100101011
24817,30968,30.205595,0AA,8,0010001010001111001000101010001000100010011110010010001010000111
20101,30970,30.206585,0B4,8,0000000000000000000000000000000011000100000010000000010110001101
33203,30974,30.210247,1C4,8,0000110000000110000111000000000000000000000000000000000011111011
17594,30976,30.210657,226,8,0000000000010000000100000000000000100000000000000000000000000000
39420,20643,30.212819,0BA,5,0100111100000000000000000000000000101110
12295,30977,30.21424,2C1,8,0000100011111100101010101111110010101010110000000000000011011111
4611,30979,30.214916,25,8,0000111111111100000000000000000110010000000011010000000011010110
24818,30980,30.21559,0AA,8,0010001001111101001000101000111000100010011111000010001010001011
15285,30981,30.216224,1C6,8,0000000000000000100000000000001101000110000111101100000000000000
39421,20646,30.220309,0BA,5,1110000000100010011010000000000011011111
9410,30984,30.221114,260,8,0000000000000000000000000000000000000000000000000110101011010100
4612,30986,30.2249,25,8,0000111111111100000000000000000110100000000011010000000011100110
29746,30987,30.225162,24,8,0000000111111100000000100000001101000001111111111000000011101110
24819,30988,30.225579,0AA,8,0010001010001000001000101001001000100010011101010010001010001000
20102,30989,30.226563,0B4,8,0000000000000000000000000000000011000100000010000000010110001101
39422,30953,30.227798,0BA,5,1100011000000000000000000000000010111110
33204,30991,30.230227,1C4,8,0000101111010011000111000000000000000000000000000000000011000111
39423,10335,30.235288,0BA,5,0010100100000000000000000000010000101000
4613,30994,30.235921,25,8,0000111111111100000000000000000110110000000011010000000011110110
24820,30996,30.236646,0AA,8,0010001010011001001000101010010000100010011110010010001010000010
17595,30999,30.23956,226,8,0000000000010000000100000000000000100000000000000000000000000000
927,31001,30.240553,320,8,0000000000100000000000000000000000000000000000000000000001001011
9411,31002,30.241052,260,8,0000000000000000000000000000000000000000000000000101001010111100
13416,31003,30.241204,394,3,0
39424,20659,30.242777,0BA,5,0100111100000000000000000000000000101110
12296,31004,30.244195,2C1,8,0000100011111100101010101111110010101010110000000000000011011111
4614,31006,30.244914,25,8,0000111111111100000000000000000110110000000011000000000011110101
29747,31007,30.245166,24,8,0000000111111101000000011111101001000010000000111000000011101010
24821,31008,30.245531,0AA,8,0010001010010111001000101010100000100010011100110010001001111110
15286,31009,30.246211,1C6,8,0000000000000000100000000000001100000101000111101100000000000000
20103,31010,30.246547,0B4,8,0000000000000000000000000000000011001000000001111111010001111111
33205,31014,30.25021,1C4,8,0000101110011111000111000000000000000000000000000000000010010011
39425,20663,30.250267,0BA,5,1110000000100010011010000000000011011111
4615,31018,30.254876,25,8,0000111111111100000000000000000111010000000010100000000000010011
24822,31019,30.255543,0AA,8,0010001001111011001000101000111000100010011101110010001001111011
39426,30982,30.257757,0BA,5,1100011000000000000000000000000010111110
21692,31020,30.259906,443,8,0100110100000010000000000010111100000110000000000000000000000000
9412,31021,30.261016,260,8,0000000000000000000000000000000000000000000000001000001011101100
4616,31024,30.264877,25,8,0000111111111100000000000000000111100000000010010000000000100010
29748,31025,30.265119,24,8,0000000111111101000000100000000101000010000000111000000011110010
39427,10340,30.265246,0BA,5,0010100100000000000000000000011100101011
24823,31026,30.265535,0AA,8,0010001001101001001000100111010000100010011101010010001010000100
20104,31028,30.266526,0B4,8,0000000000000000000000000000000011001000000001111111101010000101
33206,31033,30.270189,1C4,8,0000101100111100000111000000000000000000000000000000000000110000
17596,31035,30.270592,226,8,0000000000010001000100000000000000100000000000000000000000000000
39428,20681,30.272736,0BA,5,0100111100000000000000000000000000101110
12297,31036,30.274177,2C1,8,0000100011111100101011011111110010101101110000000000000011100101
4617,31038,30.274859,25,8,0000111111111100000000000000000111110000000010010000000000110010
24824,31039,30.275526,0AA,8,0010001001101110001000100110111100100010011110010010001010000001
15287,31040,30.27617,1C6,8,0000000000000000100000000000001010111100000111101100000000000000
161,31042,30.277516,3B7,8,1000
39429,20684,30.280225,0BA,5,1110000000100010100000000000000011110111
9413,31043,30.280983,260,8,0000000000000000000000000000000000000000000000000111011011100000
4618,31045,30.284842,25,8,0000111111111100000000000000000100000000000010010000000001000010
29749,31046,30.285084,24,8,0000000111111101000000011111110101000010000000001000000011101010
24825,31047,30.285518,0AA,8,0010001010000010001000100111111000100010011100000010001001111111
20105,31049,30.2865,0B4,8,0000000000000000000000000000000011001100000001111110100101111000
39430,31012,30.287715,0BA,5,1100011000000000000000000000000010111110
928,31051,30.288504,320,8,0000000000100000000000000000000000000000000000000000000001001011
33207,31052,30.290174,1C4,8,0000101100001100000111000000000000000000000000000000000000000000
11064,31054,30.291449,620,8,0001000000000000000000000000000000000000000000000000000000000000
39431,10358,30.295204,0BA,5,0010100100000000000000000000010000101000
4619,31056,30.295855,25,8,0000111111111100000000000000000100010000000010010000000001010010
24826,31057,30.296474,0AA,8,0010001010001010001000101000100100100010011011000010001001111001
17597,31060,30.299518,226,8,0000000000010110000100000000000000100000000000000000000000000000
9414,31062,30.300919,260,8,0000000000000000000000000000000000000000000000000101001010111100
39432,20702,30.302694,0BA,5,0100111100000000000000000000000000101110
12298,31064,30.304171,2C1,8,0000100011111100101000001111110010100000110000000000000011001011
4620,31067,30.304847,25,8,0000111111111100000000000000000100100000000010010000000001100010
29750,31068,30.305094,24,8,0000000111111101000000011111001101000001111111111000000011011110
24827,31069,30.305465,0AA,8,0010001001110001001000100111110100100010011010010010001001111000
15288,31070,30.30615,1C6,8,0000000000000000100000000000001001111001000111111100000000000000
20106,31071,30.306479,0B4,8,0000000000000000000000000000000011001100000001111101111001101101
33208,31074,30.310143,1C4,8,0000101011011000000111000000000000000000000000000000000011001011
39433,20705,30.310183,0BA,5,1110000000100010011010000000000011011111
4621,31077,30.314807,25,8,0000111111111100000000000000000100110000000010010000000001110010
24828,31078,30.315481,0AA,8,0010001001011100001000100111010000100010011100100010001001111001
39434,31041,30.317673,0BA,5,1100011000000000000000000000000010111110
9415,31080,30.320852,260,8,0000000000000000000000000000000000000000000000001000111011111000
7834,31081,30.32139,610,8,0010000000000000000101000110010011000000000000001010001001000000
4622,31083,30.324795,25,8,0000111111111100000000000000000101010000000010010000000010010010
29751,31084,30.325033,24,8,0000000111111101000000011110111101000010000000001000000011011100
39435,10363,30.325162,0BA,5,0010100100000000000000000000011100101011
24829,31085,30.325471,0AA,8,0010001001011011001000100111000100100010011001100010001001110010
20107,31087,30.326457,0B4,8,0000000000000000000000000000000011010000000001111101111001110001
16466,31092,30.329788,3F9,8,0111010100011000000000100000001010000000000000000000000000010101
33209,31093,30.330128,1C4,8,0000101010100011000111000000000000000000000000000000000010010110
17598,31095,30.330531,226,8,0000000000011000000100000000000000100000000000000000000000000000
39436,20718,30.332652,0BA,5,0100111100000000000000000000000000101110
12299,31096,30.334152,2C1,8,0000100011111100101001111111110010100111110000000000000011011001
4623,31099,30.335815,25,8,0000111111111100000000000000000101110000000010010000000010110010
15289,31100,30.336106,1C6,8,0000000000000000100000000000001000111011000111111100000000000000
24830,31101,30.336434,0AA,8,0010001001111110001000101000011100100010010111110010001001100110
929,31103,30.338449,320,8,0000000000100000000000000000000000000000000000000000000001001011
39437,20722,30.340142,0BA,5,1110000000100010011010000000000011011111
9416,31104,30.340856,260,8,0000000000000000000000000000000000000000000000001010011000010000
4624,31106,30.344779,25,8,0000111111111101000000000000000110010000000100010000000011011011
29752,31107,30.345019,24,8,0000000111111110000000011110110001000010000000111000000011011101
24831,31108,30.345455,0AA,8,0010001001111110001000101000001100100010011001010010001001011111
20108,31109,30.346436,0B4,8,0000000000000000000000000000000011010100000001111101001101101010
39438,31073,30.347631,0BA,5,1100011000000000000000000000000010111110
33210,31112,30.350176,1C4,8,0000101001110000000111000000000000000000000000000000000001100011
43740,30399,30.353652,3BB,5,0111000000000000000000001010010100000000
39439,10374,30.355121,0BA,5,0010100100000000000000000000010000101000
4625,31116,30.355796,25,8,0000111111111101000000000000000110110000000100010000000011111011
24832,31117,30.356418,0AA,8,0010001001110000001000100111000100100010011001000010001001100111
17599,31120,30.359428,226,8,0000000000011100000100000000000000100000000000000000000000000000
13922,31121,30.360344,622,8,0001001000000000000000000000000000000000000000000000000000000000
9417,31122,30.360615,260,8,0000000000000000000000000000000000000000000000001000111011111000
39440,20742,30.36261,0BA,5,0100111100000000000000000000000000101110
12300,31123,30.364079,2C1,8,0000100011111100101001111111110010100111110000000000000011011001
31471,31124,30.364319,44D,8,0100001000000010000000000000000000000001000000000000000000000000
29753,31126,30.364866,24,8,0000000111111110000000011111101001000010000000111000000011101011
4626,31127,30.365108,25,8,0000111111111101000000000000000111000000000100010000000000001011
24833,31128,30.3654,0AA,8,0010001001011001001000100101110100100010011001110010001001100001
15290,31129,30.366092,1C6,8,0000000000000000100000000000001000000111000111111100000000000000
20109,31130,30.366419,0B4,8,0000000000000000000000000000000011010100000001111101100001101111
33211,31135,30.37009,1C4,8,0000101000111010000111000000000000000000000000000000000000101101
39441,20745,30.3701,0BA,5,1110000000100010011011000000000011100011
4627,31138,30.375777,25,8,0000111111111101000000000000000111110000000011110000000000111001
24834,31139,30.37639,0AA,8,0010001001010100001000100101111000100010011000000010001001100001
39442,31102,30.377589,0BA,5,1100011000000000000000000000000010111110
35173,3830,30.379793,3D3,3,011011000000001000000000
9418,31140,30.380567,260,8,0000000000000000000000000000000000000000000000001000111011111000
4628,31143,30.384735,25,8,0000111111111101000000000000000100000000000011110000000001001001
29754,31144,30.384978,24,8,0000000111111111000000011111100001000010000000111000000011101010
39443,10385,30.385079,0BA,5,0010100100000000000000000000011100101011
24835,31145,30.38541,0AA,8,0010001001100001001000100110011000100010011000000010001001011011
20110,31147,30.386391,0B4,8,0000000000000000000000000000000011011000000001111100110101101000
33212,31151,30.39007,1C4,8,0000101000000010000111000000000000000000000000000000000011110101
17600,31153,30.390472,226,8,0000000000011110000100000000000000100000000000000000000000000000
930,31155,30.391392,320,8,0000000000100000000000000000000000000000000000000000000001001011
39444,20762,30.392568,0BA,5,0100111100000000000000000000000000101110
12301,31156,30.394057,2C1,8,0000100011111100101011011111110010101101110000000000000011100101
4629,31158,30.394725,25,8,0000111111111101000000000000000100100000000011110000000001101001
24836,31159,30.395403,0AA,8,0010001001101111001000100110111000100010010110110010001001010101
15291,31160,30.396044,1C6,8,0000000000000000100000000000000111011010000111111100000000000000
39445,20765,30.400058,0BA,5,1110000000100010011010000000000011011111
9419,31164,30.400542,260,8,0000000000000000000000000000000000000000000000001001100100000011
28061,31165,30.404137,6C0,8,1110010000000000000000001110000010000000000000000000000000000000
4630,31167,30.404747,25,8,0000111111111101000000000000000101010000000101000000000010011110
29755,31168,30.40499,24,8,0000000111111111000000011110101001000010000000011000000011011010
31660,31169,30.405234,389,8,0000000000100000000000000000000000000000000000000000000000000000
24837,31170,30.405461,0AA,8,0010001001101100001000100110101100100010010101010010001001010100
20111,31171,30.406376,0B4,8,0000000000000000000000000000000011011000000001111100001001011101
39446,31133,30.407547,0BA,5,1100011000000000000000000000000010111110
33213,31173,30.41005,1C4,8,0000100111001000000111000000000000000000000000000000000010111010
4631,31176,30.414708,25,8,0000111111111110000000000000000110010000000110100000000011100101
39447,10397,30.415037,0BA,5,0010100100000000000000000000010000101000
24838,31177,30.415376,0AA,8,0010001001011001001000100101111100100010010100010010001001010100
17601,31181,30.418366,226,8,0000000000100000000100000000000000100000000000000000000000000000
9420,31183,30.420516,260,8,0000000000000000000000000000000000000000000000001001100100000011
39448,20778,30.422527,0BA,5,0100111100000000000000000000000000101110
12302,31184,30.424051,2C1,8,0000100011111100101001111111110010100111110000000000000011011001
4632,31186,30.42471,25,8,0000111111111110000000000000000111000000000110100000000000010101
29756,31187,30.424954,24,8,0000000111111111000000011111010001000010000000111000000011100110
24839,31188,30.425366,0AA,8,0010001001001100001000100101010100100010010011110010001001011000
15292,31189,30.42603,1C6,8,0000000000000000100000000000000110110000001000001100000000000000
20112,31190,30.426356,0B4,8,0000000000000000000000000000000011011100000001111100011101100110
39449,20782,30.430016,0BA,5,1110000000100010011111000000000011110011
33214,31194,30.430026,1C4,8,0000100110010001000111000000000000000000000000000000000010000011
13667,31196,30.431851,4B7,8,1110001101011111001000101111000000010000111000100000000100001000
4633,31200,30.435718,25,8,0000111111111110000000000000000100000000000111110000000001011010
24840,31201,30.436329,0AA,8,0010001001001001001000100101010000100010010100000010001001011000
931,31202,30.437352,320,8,0000000000100000000000000000000000000000000000000000000001001011
39450,31161,30.437506,0BA,5,1100011000000000000000000000000010111110
9421,31203,30.440436,260,8,0000000000000000000000000000000000000000000000001011110100100111
4634,31205,30.444674,25,8,0000111111111110000000000000000100110000001001100000000010010001
29757,31206,30.444919,24,8,0000000111111111000000011111011001000010000000111000000011101000
39451,10402,30.444995,0BA,5,0010100100000000000000000000011100101011
24841,31207,30.445348,0AA,8,0010001001010001001000100101010100100010010001100010001001010011
20113,31209,30.446331,0B4,8,0000000000000000000000000000000011011100000001111011110001011011
33215,31214,30.450015,1C4,8,0000100101010111000111000000000000000000000000000000000001001001
17602,31216,30.450424,226,8,0000000000100010000100000000000000100000000000000000000000000000
39452,20801,30.452485,0BA,5,0100111100000000000000000000000000101110
12303,31219,30.454002,2C1,8,0000100011111101011001111111110010101101110000000000000010100000
4635,31221,30.454664,25,8,0000111111111110000000000000000101110000001001100000000011010001
24842,31222,30.455337,0AA,8,0010001001010101001000100101010000100010010010010010001001001001
15293,31224,30.455987,1C6,8,0000000000000000100000000000000110001100001000001100000000000000
39453,20803,30.459974,0BA,5,1110000000100010011010000000000011011111
9422,31226,30.460384,260,8,0000000000000000000000000000000000000000000000001100100100110011
4636,31228,30.464682,25,8,0000111111111111000000000000000111000000001000110000000000011111
29758,31229,30.464925,24,8,0000000111111111000000011110110101000010000000111000000011011111
291,31230,30.465174,38F,8,0000000100000000000000000000000000000000000000000000000000000000
24843,31231,30.465401,0AA,8,0010001001001111001000100101000000100010001111110010001001010000
20114,31233,30.466316,0B4,8,0000000000000000000000000000000011100000000001111011000101010100
39454,31192,30.467464,0BA,5,1100011000000000000000000000000010111110
33216,31235,30.469993,1C4,8,0000100100011010000111000000000000000000000000000000000000001100
14118,31237,30.471164,442,8,0100001100000010000000000000000000000010000000000000000000000000
4637,31239,30.474645,25,8,0000111111111111000000000000000100000000001011010000000001101001
39455,10416,30.474953,0BA,5,0010100100000000000000000000010000101000
24844,31241,30.475314,0AA,8,0010001001000001001000100100101100100010010000100010001001000101
17603,31244,30.478303,226,8,0000000000100100000100000000000000100000000000000000000000000000
9423,31245,30.480357,260,8,0000000000000000000000000000000000000000000000001011110100100111
39456,20819,30.482443,0BA,5,0100111100000000000000000000000000101110
12304,31247,30.483958,2C1,8,0000100011111101010011011111110010101010110000000000000010000011
4638,31249,30.48466,25,8,0000111111111111000000000000000101010000001100100000000010111110
29759,31250,30.484902,24,8,0000000111111111000000011110101001000010000000111000000011011100
24845,31251,30.485274,0AA,8,0010001000111001001000100100011000100010001110110010001001000011
15294,31252,30.485964,1C6,8,0000000000000000100000000000000101110001001000001100000000000000
20115,31253,30.486288,0B4,8,0000000000000000000000000000000011100100000001111011000101011000
932,31256,30.489292,320,8,0000000000100000000000000000000000000000000000000000000001001011
39457,20823,30.489932,0BA,5,1110000000100010011111000000000011110011
33217,31257,30.48997,1C4,8,0000100100011010000111000000000000000000000000000000000000001100
34724,31259,30.494602,380,8,0
4639,31262,30.49565,25,8,0000000000000000000000000000000110110000001011010000000000001011
24846,31263,30.496267,0AA,8,0010001000111100001000100100000000100010001110010010001000111011
39458,31225,30.497422,0BA,5,1100011000000000000000000000000010111110
9424,31267,30.500396,260,8,0000000000000000000000000000000000000000000000001110000101001011
4640,31269,30.504609,25,8,0000000000000000000000000000000100000000001101110000000001100101
29760,31270,30.504851,24,8,0000001000000000000000011110110001000010000000111000000011100000
39459,10423,30.504912,0BA,5,0010100100000000000000000000011100101011
24847,31272,30.505376,0AA,8,0010001000111011001000100011111000100010001100110010001000110111
20116,31273,30.506269,0B4,8,0000000000000000000000000000000011100100000001111010011001001101
33218,31277,30.509949,1C4,8,0000100011011101000111000000000000000000000000000000000011001110
17604,31279,30.510353,226,8,0000000000100101000100000000000000100000000000000000000000000000
39460,20838,30.512401,0BA,5,0100111100000000000000000000000000101110
12305,31280,30.513941,2C1,8,0000100011111101100000001111110110000100110000000000000010010001
4641,31282,30.514605,25,8,0000000000000000000000000000000101010000001100100000000010110000
24848,31284,30.515275,0AA,8,0010001000111000001000100011011000100010001010110010001000110110
15295,31285,30.515927,1C6,8,0000000000000000100000000000000101010111001000001100000000000000
39461,20842,30.519891,0BA,5,1110000000100010011010000000000011011111
9425,31288,30.520306,260,8,0000000000000000000000000000000000000000000000001101010100111111
4642,31290,30.524619,25,8,0000000000000001000000000000000111000000001111000000000000101011
29761,31291,30.52486,24,8,0000001000000000000000011110110101000010000000011000000011011111
24849,31292,30.525235,0AA,8,0010001000110000001000100011001100100010001011110010001000101111
43549,2059,30.526047,423,2,11100000000
20117,31293,30.526251,0B4,8,0000000000000000000000000000000011101000000001111010000001001011
39462,31255,30.52738,0BA,5,1100011000000000000000000000000010111110
33219,31295,30.53003,1C4,8,0000100010101100000111000000000000000000000000000000000010011101
39463,10434,30.53487,0BA,5,0010100100000000000000000000010000101000
4643,31299,30.535606,25,8,0000000000000001000000000000000100100000001101100000000010000101
24850,31300,30.536223,0AA,8,0010001000101011001000100011100100100010001010010010001000101101
17605,31303,30.539234,226,8,0000000000100011000100000000000000100000000000000000000000000000
933,31304,30.54027,320,8,0000000000100000000000000000000000000000000000000000000001001011
9426,31305,30.540485,260,8,0000000000000000000000000000000000000000000000001110000101001011
13417,31306,30.540666,394,3,0
39464,20861,30.542359,0BA,5,0100111100000000000000000000000000101110
12306,31307,30.543937,2C1,8,0000100011111110010000001111111001000000110000000000000000001111
4644,31309,30.544568,25,8,0000000000000010000000000000000110010000010000100000000000000010
29762,31310,30.54481,24,8,0000001000000000000000011110101001000010000000111000000011011110
24851,31311,30.545256,0AA,8,0010001000101000001000100011001000100010001001010010001000101000
15296,31312,30.545906,1C6,8,0000000000000000100000000000000100111111001000011100000000000000
20118,31313,30.546228,0B4,8,0000000000000000000000000000000011101000000001111001010101000000
39465,20864,30.549849,0BA,5,1110000000100010100000000000000011110111
33220,31318,30.549911,1C4,8,0000100010010000000111000000000000000000000000000000000010000001
4645,31321,30.554562,25,8,0000000000000010000000000000000100000000010001100000000001110110
11255,31322,30.55512,4C8,8,0000100100000000000000000000000000000000000000000000000000000000
24852,31323,30.555348,0AA,8,0010001000101101001000100011001000100010000111110010001000100100
39466,31286,30.557338,0BA,5,1100011000000000000000000000000010111110
35337,529,30.559377,386,7,01001110000000000000000000000000000000000000000010110001
9427,31324,30.56034,260,8,0000000000000000000000000000000000000000000000001111100001100010
4646,31328,30.564549,25,8,0000000000000010000000000000000101100000001111000000000011001100
29763,31329,30.564788,24,8,0000001000000000000000011110100001000010000001011000000011011110
39467,10446,30.564828,0BA,5,0010100100000000000000000000011100101011
24853,31331,30.565285,0AA,8,0010001000101000001000100010111000100010000111110010001000100001
20119,31332,30.56621,0B4,8,0000000000000000000000000000000011101100000001111001010101000100
21693,31336,30.569597,443,8,0100110100000010000000000010111100000110000000000000000000000000
33221,31337,30.569892,1C4,8,0000100001110111000111000000000000000000000000000000000001101000
17606,31339,30.570298,226,8,0000000000100010000100000000000000100000000000000000000000000000
39468,20881,30.572317,0BA,5,0100111100000000000000000000000000101110
12307,31340,30.573913,2C1,8,0000100011111110010010101111111001001010110000000000000000100011
4647,31342,30.575568,25,8,0000000000000011000000000000000111110000010010000000000001101001
15297,31343,30.575865,1C6,8,0000000000000000100000000000000100110011001000011100000000000000
24854,31344,30.576178,0AA,8,0010001000101010001000100010100100100010000110100010001000011000
162,31346,30.578204,3B7,8,1000
39469,20885,30.579807,0BA,5,1110000000100010011111000000000011110011
16467,31347,30.579871,3F9,8,0111010100011000000000100000001010000000000000000000000000010101
9428,31348,30.580131,260,8,0000000000000000000000000000000000000000000000001111100001100010
4648,31352,30.584526,25,8,0000000000000011000000000000000101010000010000100000000011000011
29764,31353,30.584763,24,8,0000001000000000000000011110110001000010000001101000000011100011
24855,31354,30.585199,0AA,8,0010001000100010001000100010000100100010000110010010001000011011
20120,31355,30.586192,0B4,8,0000000000000000000000000000000011101100000001111000111100111110
39470,31316,30.587296,0BA,5,1100011000000000000000000000000010111110
934,31357,30.588191,320,8,0000000000100000000000000000000000000000000000000000000001001011
14246,31358,30.589186,60.0,8,1010000100000000000000000000000000000000011100000000000000000000
33222,31359,30.589871,1C4,8,0000100001011100000111000000000000000000000000000000000001001101
11065,31361,30.590994,620,8,0001000000000000000000000000000000000000000000000000000000000000
39471,10460,30.594786,0BA,5,0010100100000000000000000000010000101000
4649,31363,30.595545,25,8,0000000000000100000000000000000111100000010010000000000001011010
24856,31364,30.59616,0AA,8,0010001000100000001000100001101000100010000100010010001000011011
17607,31368,30.599172,226,8,0000000000100001000100000000000000100000000000000000000000000000
9429,31369,30.600109,260,8,0000000000000000000000000000000000000000000000010001000001111011
39472,20899,30.602276,0BA,5,0100111100000000000000000000000000101110
12308,31371,30.603846,2C1,8,0000100011111110010101111111111001011010110000000000000001000000
4650,31373,30.604532,25,8,0000000000000100000000000000000101000000010000100000000010110100
29765,31374,30.604777,24,8,0000001000000001000000011111000101000010000010001000000011101011
24857,31375,30.605147,0AA,8,0010001000100001001000100001010100100010000100100010001000011100
15298,31376,30.605851,1C6,8,0000000000000000100000000000000100100111001000011100000000000000
20121,31377,30.606167,0B4,8,0000000000000000000000000000000011110000000001111000100100111100
7743,31380,30.609566,435,8,1000000000000101000001011111111111100000001111110000000000000011
39473,20903,30.609765,0BA,5,1110000000100010100000000000000011110111
33223,31381,30.609856,1C4,8,0000100000111111000111000000000000000000000000000000000000110000
4651,31385,30.614495,25,8,0000000000000101000000000000000111010000010100000000000001010011
24858,31386,30.615165,0AA,8,0010001000100101001000100001010100100010000101000010001000010001
10933,31387,30.616563,436,8,0
39474,31345,30.617255,0BA,5,1100011000000000000000000000000010111110
9430,31388,30.619913,260,8,0000000000000000000000000000000000000000000000010010100010010011
4652,31390,30.624482,25,8,0000000000000101000000000000000101000000010001100000000010111001
29766,31391,30.624722,24,8,0000001000000001000000011110111101000010000010001000000011101001
39475,10464,30.624744,0BA,5,0010100100000000000000000000011100101011
24859,31393,30.625183,0AA,8,0010001000100001001000100001110000100010000011010010001000010001
20122,31394,30.626147,0B4,8,0000000000000000000000000000000011110000000001111000010000110111
33224,31400,30.629834,1C4,8,0000100000111111000111000000000000000000000000000000000000110000
17608,31402,30.63024,226,8,0000000000100000000100000000000000100000000000000000000000000000
39476,20921,30.632234,0BA,5,0100111100000000000000000000000000101110
12309,31403,30.63382,2C1,8,0000100011111110011010101111111001101010110000000000000001100011
4653,31405,30.634475,25,8,0000000000000110000000000000000111010000010100000000000001010100
24860,31406,30.635151,0AA,8,0010001000011010001000100010000000100010000011000010001000001000
15299,31407,30.635806,1C6,8,0000000000000000100000000000000100011011001000011100000000000000
935,31409,30.637134,320,8,0000000000100000000000000000000000000000000000000000000001001011
35174,31182,30.639449,3D3,3,111001010000000001110011
39477,20925,30.639723,0BA,5,1110000000100010100010000000000011111111
9431,31410,30.639977,260,8,0000000000000000000000000000000000000000000000010011010010011111
4654,31412,30.644504,25,8,0000000000000110000000000000000101000000010001100000000010111010
29767,31413,30.644744,24,8,0000001000000010000000011110110101000010000010101000000011101010
13799,31414,30.644991,434,8,0100001000000000000000000000000000000000000000000000000000000000
24861,31415,30.645233,0AA,8,0010001000010011001000100001011000100010000010100010001000001010
20123,31417,30.646122,0B4,8,0000000000000000000000000000000011110100000001110111111000110101
39478,31379,30.647213,0BA,5,1100011000000000000000000000000010111110
33225,31421,30.649822,1C4,8,0000100000100011000111000000000000000000000000000000000000010100
34873,31423,30.650213,3C3,8,0100011000011110100101000100111011101110010110010000001110001000
43741,1042,30.651237,3BB,5,1011101100000000000000000000000000100110
28190,31424,30.651529,437,8,1111110011111111111111111111111111111111111111111111111111111111
39479,10480,30.654702,0BA,5,0010100100000000000000000000010000101000
4655,31426,30.655492,25,8,0000000000000111000000000000000111100000010100010000000001100110
24862,31427,30.656104,0AA,8,0010001000010101001000100000100000100010000001110010000111111110
17609,31430,30.65911,226,8,0000000000100000000100000000000000100000000000000000000000000000
13607,31431,30.659576,4DD,8,0001111000000000000000000000000000000000000000000000000000000000
9432,31432,30.659829,260,8,0000000000000000000000000000000000000000000000010110000111001100
39480,20946,30.662192,0BA,5,0100111100000000000000000000000000101110
12310,31434,30.663817,2C1,8,0000100011111110100001001111111010000111110000000000000010011010
4656,31436,30.664475,25,8,0000000000000111000000000000000101000000010000100000000010110111
29768,31437,30.664714,24,8,0000001000000011000000011110111101000010000010101000000011101101
24863,31438,30.665091,0AA,8,0010001000001110001000011111111000100010000011010010000111110111
15300,31439,30.665819,1C6,8,0000000000000000100000000000000100010101001000101100000000000000
20124,31440,30.666098,0B4,8,0000000000000000000000000000000011111000000001110111111000111001
39481,20949,30.669681,0BA,5,1110000000100010011111000000000011110011
33226,31443,30.669791,1C4,8,0000100000000111000111000000000000000000000000000000000011111000
31472,31445,30.673424,44D,8,0100001000000010000000000000000000000001000000000000000000000000
4657,31447,30.675466,25,8,0000000000001000000000000000000111010000010010000000000001001110
24864,31448,30.676083,0AA,8,0010001000001101001000011111110100100010000000110010000111111001
39482,31408,30.677171,0BA,5,1100011000000000000000000000000010111110
9433,31450,30.67981,260,8,0000000000000000000000000000000000000000000000010001110010000111
4658,31453,30.684421,25,8,0000000000001000000000000000000101000000010011010000000011000011
29769,31454,30.684659,24,8,0000001000000100000000011110111101000010000011011000000011110001
39483,10488,30.684661,0BA,5,0010100100000000000000000000011100101011
24865,31456,30.685106,0AA,8,0010001000000110001000011111111000100010000000010010000111110011
20125,31457,30.686078,0B4,8,0000000000000000000000000000000011111000000001110111001100101110
33227,31461,30.689774,1C4,8,0000011111101010000111000000000000000000000000000000000011011010
17610,31463,30.69018,226,8,0000000000100000000100000000000000100000000000000000000000000000
31274,31464,30.690431,4A6,8,0000000000000000000000000000000000000000000100000000000000000000
936,31465,30.691078,320,8,0000000000100000000000000000000000000000000000000000000001001011
39484,20961,30.69215,0BA,5,0100111100000000000000000000000000101110
12311,31467,30.693768,2C1,8,0000100011111110100000001111111010000111110000000000000010010110
4659,31469,30.694413,25,8,0000000000001001000000000000000111010000010100000000000001010111
24866,31471,30.69509,0AA,8,0010001000000001001000100000000000100001111111010010000111101100
15301,31472,30.695745,1C6,8,0000000000000000100000000000000100010010001000101100000000000000
39485,20966,30.69964,0BA,5,1110000000100010100101000000000000001011
9434,31475,30.699765,260,8,0000000000000000000000000000000000000000000000010111011111100010
28062,31476,30.703305,6C0,8,1110010000000000000000001110000010000000000000000000000000000000
4660,31478,30.704399,25,8,0000000000001001000000000000000101000000010001100000000010111101
29770,31479,30.704637,24,8,0000001000000101000000011110110101000010000011111000000011110010
24867,31480,30.705085,0AA,8,0010000111111111001000011111100000100010000000010010000111101001
20126,31481,30.706061,0B4,8,0000000000000000000000000000000011111100000001110110100000100111
39486,31442,30.707129,0BA,5,1100011000000000000000000000000010111110
16312,31483,30.709428,4C1,8,0000000100000000000000010000000100000000000000000000000000000000
33228,31484,30.709755,1C4,8,0000011111001110000111000000000000000000000000000000000010111110
4661,31489,30.714393,25,8,0000000000001010000000000000000111010000010100000000000001011000
39487,10499,30.714619,0BA,5,0010100100000000000000000000010000101000
24868,31490,30.715071,0AA,8,0010001000000010001000011111001000100001111110110010000111101000
17611,31493,30.71805,226,8,0000000000011111000100000000000000100000000000000000000000000000
9435,31494,30.719753,260,8,0000000000000000000000000000000000000000000000010110000111001100
39488,20985,30.722108,0BA,5,0100111100000000000000000000000000101110
12312,31495,30.72372,2C1,8,0000100011111110100001001111111010000100110000000000000010010111
4662,31497,30.724378,25,8,0000000000001010000000000000000101010000010100000000000011011000
29771,31498,30.724617,24,8,0000001000000110000000011110110001000010000011111000000011110010
24869,31499,30.725058,0AA,8,0010001000000011001000011110110000100001111100110010000111100111
15302,31500,30.725728,1C6,8,0000000000000000100000000000000100001111001000101100000000000000
20127,31501,30.726039,0B4,8,0000000000000000000000000000000011111100000001110110001000100001
39489,20988,30.729598,0BA,5,1110000000100010100010000000000011111111
33229,31505,30.729733,1C4,8,0000011111001110000111000000000000000000000000000000000010111110
4663,31508,30.735399,25,8,0000000000001011000000000000000111100000010010000000000001100001
24870,31509,30.736011,0AA,8,0010000111111101001000011110100100100001111011000010000111100001
937,31510,30.737029,320,8,0000000000100000000000000000000000000000000000000000000001001011
39490,31473,30.737087,0BA,5,1100011000000000000000000000000010111110
9436,31511,30.739683,260,8,0000000000000000000000000000000000000000000000010101011011000001
4664,31514,30.744381,25,8,0000000000001011000000000000000101010000010011010000000011010110
39491,10511,30.744577,0BA,5,0010100100000000000000000000011100101011
29772,31515,30.744617,24,8,0000001000000110000000011110110001000010000100011000000011110100
34783,31517,30.745038,4DF,8,0010000000000000000000000000000100000000000000000000000000000000
24871,31518,30.745267,0AA,8,0010000111110100001000011110010100100001111010110010000111100000
20128,31519,30.746019,0B4,8,0000000000000000000000000000000000000000000001110101110000011111
33230,31523,30.749711,1C4,8,0000011110110011000111000000000000000000000000000000000010100011
17612,31525,30.750117,226,8,0000000000100000000100000000000000100000000000000000000000000000
39492,21008,30.752066,0BA,5,0100111100000000000000000000000000101110
12313,31527,30.753704,2C1,8,0000100011111110100001111111111010000111110000000000000010011101
4665,31529,30.754358,25,8,0000000000001100000000000000000111100000010100000000000001101010
13988,31530,30.754606,38E,8,0
24872,31531,30.755024,0AA,8,0010000111110001001000011110001000100001111010010010000111011000
15303,31532,30.755689,1C6,8,0000000000000000100000000000000100010000001000111100000000000000
34965,31534,30.757006,4C3,8,0000001100000000000000000000000100000000000000000000000000000000
39493,21011,30.759556,0BA,5,1110000000100010100011000000000000000011
9437,31536,30.759671,260,8,0000000000000000000000000000000000000000000000011001100100000100
4666,31539,30.764364,25,8,0000000000001100000000000000000101100000010100000000000011101010
29773,31540,30.7646,24,8,0000001000000111000000011110110101000010000100011000000011110110
24873,31541,30.76498,0AA,8,0010000111110001001000011101100100100001111000010010000111011101
20129,31542,30.765996,0B4,8,0000000000000000000000000000000000000000000001110101000100010100
39494,31504,30.767046,0BA,5,1100011000000000000000000000000010111110
33231,31544,30.769774,1C4,8,0000011110010110000111000000000000000000000000000000000010000110
39495,10523,30.774535,0BA,5,0010100100000000000000000000010000101000
4667,31547,30.775354,25,8,0000000000001101000000000000000100000000010100010000000010001100
24874,31548,30.775967,0AA,8,0010000111101100001000011101011100100001111000000010000111011001
17613,31553,30.778983,226,8,0000000000100001000100000000000000100000000000000000000000000000
9438,31554,30.779668,260,8,0000000000000000000000000000000000000000000000010111011111100010
14119,31555,30.779912,442,8,0100001100000010000000000000000000000010000000000000000000000000
39496,21022,30.782025,0BA,5,0100111100000000000000000000000000101110
12314,31556,30.783696,2C1,8,0000100011111110100101001111111010010111110000000000000010111010
4668,31558,30.784319,25,8,0000000000001101000000000000000101100000010000100000000011011101
29774,31559,30.78456,24,8,0000001000001000000000011110111101000010000011111000000011110111
24875,31560,30.78499,0AA,8,0010000111101010001000011101010000100001110111100010000111010100
15304,31561,30.785671,1C6,8,0000000000000000100000000000000100011001001000111100000000000000
20130,31562,30.785976,0B4,8,0000000000000000000000000000000000000100000001110100110000010011
938,31565,30.788977,320,8,0000000000100000000000000000000000000000000000000000000001001011
39497,21027,30.789514,0BA,5,1110000000100010011111000000000011110011
33232,31566,30.78967,1C4,8,0000011101111011000111000000000000000000000000000000000001101011
4669,31570,30.794311,25,8,0000000000001110000000000000000100000000010110100000000010010110
24876,31571,30.794984,0AA,8,0010000111101000001000011101000100100001110111100010000111010010
39498,31533,30.797004,0BA,5,1100011000000000000000000000000010111110
9439,31573,30.799589,260,8,0000000000000000000000000000000000000000000000010110000111001100
4670,31575,30.804329,25,8,0000000000001111000000000000000110010000010100000000000000011101
39499,10527,30.804493,0BA,5,0010100100000000000000000000011100101011
29775,31576,30.804568,24,8,0000001000001001000000011110110001000010000011111000000011110101
24877,31578,30.804963,0AA,8,0010000111100010001000011100101100100001110111000010000111000110
20131,31579,30.805956,0B4,8,0000000000000000000000000000000000000100000001110100011000001101
33233,31584,30.809657,1C4,8,0000011101111011000111000000000000000000000000000000000001101011
17614,31586,30.810065,226,8,0000000000100010000100000000000000100000000000000000000000000000
39500,21047,30.811983,0BA,5,0100111100000000000000000000000000101110
12315,31587,30.813645,2C1,8,0000100011111110100111011111111010011101110000000000000011001001
4671,31589,30.814293,25,8,0000000000001111000000000000000100010000010100000000000010011101
13733,31590,30.814538,3A5,8,100000000
24878,31591,30.814962,0AA,8,0010000111011110001000011100010100100001110100010010000111000100
15305,31592,30.815629,1C6,8,0000000000000000100000000000000100011111001000111100000000000000
39501,21049,30.819472,0BA,5,1110000000100010100011000000000000000011
9440,31594,30.819492,260,8,0000000000000000000000000000000000000000000000011000001111101110
7835,31595,30.821634,610,8,0010000000000000000100110110010011000000000000001010001001000000
4672,31598,30.824274,25,8,0000000000010000000000000000000110100000010100000000000000101110
29776,31599,30.824509,24,8,0000001000001010000000011110101001000010000100011000000011110110
24879,31600,30.824957,0AA,8,0010000111010111001000011011111000100001110100110010000110111110
20132,31602,30.825938,0B4,8,0000000000000000000000000000000000001000000001110100000000001011
39502,31564,30.826962,0BA,5,1100011000000000000000000000000010111110
16468,31604,30.829333,3F9,8,0111010100011000000000100000001010000000000000000000000000010101
33234,31605,30.829635,1C4,8,0000011101100000000111000000000000000000000000000000000001010000
31341,31607,30.833619,640,8,1010100000000000000000000011011100000001110111110000000000000000
39503,10541,30.834451,0BA,5,0010100100000000000000000000010000101000
4673,31609,30.835295,25,8,0000000000010000000000000000000100110000010100010000000010111111
24880,31610,30.835908,0AA,8,0010000111010001001000011011101000100001110011010010000110111011
17615,31613,30.838926,226,8,0000000000100100000100000000000000100000000000000000000000000000
9441,31614,30.839478,260,8,0000000000000000000000000000000000000000000000011000111011111001
13418,31615,30.839626,394,3,0
939,31616,30.839924,320,8,0000000000100000000000000000000000000000000000000000000001001011
39504,21067,30.841941,0BA,5,0100111100000000000000000000000000101110
12316,31619,30.843599,2C1,8,0000100011111110100101001111111010010000110000000000000010110011
4674,31621,30.844251,25,8,0000000000010001000000000000000111000000010110000000000001010111
29777,31622,30.844488,24,8,0000001000001011000000011110101001000010000100111000000011111001
35027,31623,30.844732,413,8,0000000100000001000000010000100100000000000000000000000000000000
24881,31624,30.844955,0AA,8,0010000111010001001000011011101000100001110011000010000110110110
15306,31625,30.845612,1C6,8,0000000000000000100000000000000100100101001000111100000000000000
20133,31626,30.845915,0B4,8,0000000000000000000000000000000000001000000001110011010100000000
39505,21071,30.849431,0BA,5,1110000000100010100100000000000000000111
33235,31630,30.849619,1C4,8,0000011101000100000111000000000000000000000000000000000000110100
4675,31633,30.854246,25,8,0000000000010001000000000000000101000000010100000000000011001111
24882,31634,30.854917,0AA,8,0010000111001110001000011011101100100001110001100010000110110001
39506,31593,30.85692,0BA,5,1100011000000000000000000000000010111110
9442,31636,30.85933,260,8,0000000000000000000000000000000000000000000000011010010000001111
43550,7928,30.861498,423,2,10101000001111
4676,31638,30.864249,25,8,0000000000010010000000000000000111010000010100000000000001100000
39507,10547,30.86441,0BA,5,0010100100000000000000000000011100101011
29778,31639,30.864486,24,8,0000001000001100000000011110101001000010000100111000000011111010
24883,31641,30.864911,0AA,8,0010000111001010001000011011101000100001101111100010000110110000
20134,31642,30.865896,0B4,8,0000000000000000000000000000000000001100000001110010101011111001
33236,31646,30.869599,1C4,8,0000011101000100000111000000000000000000000000000000000000110100
17616,31648,30.870007,226,8,0000000000100101000100000000000000100000000000000000000000000000
39508,21084,30.871899,0BA,5,0100111100000000000000000000000000101110
12317,31649,30.873616,2C1,8,0000100011111110101010101111111010101010110000000000000011100011
4677,31652,30.87532,25,8,0000000000010010000000000000000101100000010010110000000011101011
15307,31653,30.87557,1C6,8,0000000000000000100000000000000100110100001001001100000000000000
24884,31654,30.87587,0AA,8,0010000111001000001000011011001100100001110000000010000110101100
163,31656,30.877889,3B7,8,1000
9443,31657,30.879257,260,8,0000000000000000000000000000000000000000000000011001100100000100
39509,21088,30.879389,0BA,5,1110000000100010100110000000000000001111
21694,31658,30.879495,443,8,0100110100000010000000000010111100000110000000000000000000000000
4678,31660,30.884213,25,8,0000000000010011000000000000000111100000010101110000000001111000
29779,31661,30.884452,24,8,0000001000001100000000011110101001000010000100011000000011111000
24885,31662,30.88489,0AA,8,0010000111000011001000011010101000100001101110110010000110100100
20135,31663,30.885875,0B4,8,0000000000000000000000000000000000001100000001110010010011110011
39510,31628,30.886878,0BA,5,1100011000000000000000000000000010111110
940,31666,30.887902,320,8,0000000000100000000000000000000000000000000000000000000001001011
33237,31667,30.889578,1C4,8,0000011100101010000111000000000000000000000000000000000000011010
11066,31669,30.890546,620,8,0001000000000000000000000000000000000000000000000000000000000000
39511,10559,30.894368,0BA,5,0010100100000000000000000000010000101000
4679,31672,30.895241,25,8,0000000000010011000000000000000101110000010010110000000011111100
24886,31673,30.895849,0AA,8,0010000110111111001000011010100100100001101110110010000110100011
17617,31676,30.898864,226,8,0000000000100101000100000000000000100000000000000000000000000000
35175,3895,30.899105,3D3,3,011011000000001000000000
9444,31677,30.899182,260,8,0000000000000000000000000000000000000000000000011000001111101110
39512,21108,30.901857,0BA,5,0100111100000000000000000000000000101110
12318,31679,30.90355,2C1,8,0000100011111110101110101111111010111010110000000000000000000011
4680,31681,30.904203,25,8,0000000000010100000000000000000111100000010010110000000001101101
29780,31682,30.904438,24,8,0000001000001101000000011110100001000010000100011000000011110111
24887,31683,30.904872,0AA,8,0010000110111111001000011010100000100001101101010010000110011010
15308,31684,30.905615,1C6,8,0000000000000000100000000000000101000011001001001100000000000000
20136,31685,30.905858,0B4,8,0000000000000000000000000000000000010000000001110001111111110010
39513,21111,30.909347,0BA,5,1110000000100010100111000000000000010011
33238,31690,30.909561,1C4,8,0000011100001110000111000000000000000000000000000000000011111110
4681,31693,30.914182,25,8,0000000000010100000000000000000101010000010001100000000011011000
24888,31694,30.914862,0AA,8,0010000110111110001000011001111000100001101011010010000110011010
39514,31655,30.916836,0BA,5,1100011000000000000000000000000010111110
9445,31695,30.919155,260,8,0000000000000000000000000000000000000000000000011010010000001111
4682,31698,30.924191,25,8,0000000000010101000000000000000111010000010001100000000001011001
39515,10570,30.924326,0BA,5,0010100100000000000000000000011100101011
29781,31699,30.924426,24,8,0000001000001110000000011110100001000010000100111000000011111010
24889,31701,30.924846,0AA,8,0010000110111101001000011001001000100001101100010010000110010101
20137,31702,30.925832,0B4,8,0000000000000000000000000000000000010000000001110001100111101100
33239,31707,30.929536,1C4,8,0000011011110010000111000000000000000000000000000000000011100001
17618,31709,30.929942,226,8,0000000000100101000100000000000000100000000000000000000000000000
27829,31710,30.930828,420,8,0000000000000000000000000000000011111111000000001000000010101011
39516,21130,30.931816,0BA,5,0100111100000000000000000000000000101110
12319,31711,30.933535,2C1,8,0000100011111110110000001111111011000100110000000000000000010011
4683,31713,30.935188,25,8,0000000000010101000000000000000101010000010000100000000011010101
15309,31714,30.935514,1C6,8,0000000000000000100000000000000101001111001001001100000000000000
24890,31715,30.935805,0AA,8,0010000110111001001000011000101100100001101011000010000110010100
941,31717,30.937826,320,8,0000000000100000000000000000000000000000000000000000000001001011
9446,31718,30.939106,260,8,0000000000000000000000000000000000000000000000010111011111100010
39517,21134,30.939305,0BA,5,1110000000100010100010000000000011111111
4684,31722,30.944149,25,8,0000000000010110000000000000000111000000010010110000000001001111
29782,31723,30.944387,24,8,0000001000001110000000011110101001000010000100111000000011111100
24891,31724,30.944826,0AA,8,0010000110110100001000011000101100100001101010010010000110001111
20138,31725,30.945811,0B4,8,0000000000000000000000000000000000010100000001110000111011100101
39518,31689,30.946795,0BA,5,1100011000000000000000000000000010111110
43742,2108,30.948822,3BB,5,1010010100000000000000000000000000000000
7623,31728,30.948938,3BC,8,0
33240,31729,30.949512,1C4,8,0000011011110010000111000000000000000000000000000000000011100001
4685,31733,30.954145,25,8,0000000000010110000000000000000100100000001111000000000010100000
39519,10581,30.954284,0BA,5,0010100100000000000000000000010000101000
24892,31734,30.954818,0AA,8,0010000110101111001000011001001000100001101000110010000110000111
17619,31738,30.957806,226,8,0000000000100111000100000000000000100000000000000000000000000000
43429,176,30.958903,3000000.0,6,110000010000101111100011000000010000000000000000
9447,31739,30.959079,260,8,0000000000000000000000000000000000000000000000011000111011111001
39520,21147,30.961774,0BA,5,0100111100000000000000000000000000101110
12320,31740,30.963491,2C1,8,0000100011111110110000001111111010111101110000000000000000001100
4686,31742,30.964133,25,8,0000000000010111000000000000000110010000001111000000000000010001
29783,31743,30.964371,24,8,0000001000001111000000011110100001000010000101001000000011111100
24893,31744,30.96481,0AA,8,0010000110101110001000011001010100100001101000110010000110000011
15310,31745,30.965549,1C6,8,0000000000000000100000000000000101100001001001011100000000000000
20139,31746,30.965796,0B4,8,0000000000000000000000000000000000010100000001110000001011011001
31600,31748,30.96756,633,8,1000000100000000000000000000000000000000000000000000000000000000
39521,21152,30.969263,0BA,5,1110000000100010100111000000000000010011
33241,31750,30.969498,1C4,8,0000011011010111000111000000000000000000000000000000000011000110
27890,31755,30.974104,4DC,8,0001110100000000000000000000000000000000000000000000000000000000
4687,31756,30.974354,25,8,0000000000010111000000000000000111110000001111000000000001110001
24894,31757,30.974796,0AA,8,0010000110101001001000011000101100100001101000100010000101111101
39522,31716,30.976753,0BA,5,1100011000000000000000000000000010111110
9448,31758,30.979037,260,8,0000000000000000000000000000000000000000000000011101110001000111
31473,31759,30.982506,44D,8,0100001000000010000000000000000000000001000000000000000000000000
4688,31762,30.98412,25,8,0000000000010111000000000000000101000000001100100000000010110111
39523,10585,30.984242,0BA,5,0010100100000000000000000000011100101011
29784,31763,30.984358,24,8,0000001000010000000000011110100001000010000100111000000011111100
24895,31764,30.984788,0AA,8,0010000110101111001000010111101100100001100110110010000101111001
20140,31765,30.985775,0B4,8,0000000000000000000000000000000000011000000001110000001011011101
33242,31770,30.98956,1C4,8,0000011010111010000111000000000000000000000000000000000010101001
17620,31771,30.989806,226,8,0000000000100111000100000000000000100000000000000000000000000000
942,31773,30.990768,320,8,0000000000100000000000000000000000000000000000000000000001001011
39524,21169,30.991732,0BA,5,0100111100000000000000000000000000101110
12321,31774,30.993475,2C1,8,0000100011111110110010101111111011001101110000000000000000100110
1554,31775,30.994216,6F3,8,0010000000000000000000000000000000000000000000000000000000000000
4689,31777,30.995131,25,8,0000000000011000000000000000000110100000001010010000000000001111
15311,31778,30.995459,1C6,8,0000000000000000100000000000000101110100001001011100000000000000
24896,31779,30.995751,0AA,8,0010000110100000001000010111000000100001100110100010000101110001
9449,31782,30.999039,260,8,0000000000000000000000000000000000000000000000010110110011010111
39525,21171,30.999221,0BA,5,1110000000100010101001000000000000011011
28063,31783,31.002492,6C0,8,1110010000000000000000001110000010000000000000000000000000000000
4690,31785,31.004121,25,8,0000000000011000000000000000000111110000001101110000000001101101
29785,31786,31.004356,24,8,0000001000010001000000011110100001000010000100111000000011111101
24897,31787,31.00474,0AA,8,0010000110100000001000010111010000100001100110110010000101101010
20141,31789,31.005932,0B4,8,0000000000000000000000000000000000011000000001101111110111010111
39526,31749,31.006711,0BA,5,1100011000000000000000000000000010111110
13861,31791,31.008224,4C6,8,0000011100000000000000110000000000000000000000000000000000000000
13547,31792,31.008766,399,8,0000000000000000000000000000000000000000111111110000000000000000
33243,31793,31.009459,1C4,8,0000011010111010000111000000000000000000000000000000000010101001
11195,31795,31.012918,39A,8,0000000000000000000000000000000100000000000000000000000000000000
39527,10599,31.0142,0BA,5,0010100100000000000000000000010000101000
4691,31797,31.015115,25,8,0000000000011000000000000000000100110000001010010000000010011111
24898,31798,31.015726,0AA,8,0010000110011010001000010111010000100001100100000010000101100101
17621,31802,31.018745,226,8,0000000000101001000100000000000000100000000000000000000000000000
9450,31803,31.018991,260,8,0000000000000000000000000000000000000000000000011000001111101110
39528,21190,31.02169,0BA,5,0100111100000000000000000000000000101110
12322,31805,31.023433,2C1,8,0000100011111110110101001111111011010100110000000000000000110111
4692,31807,31.024077,25,8,0000000000011000000000000000000101110000001011000000000011100010
29786,31808,31.024311,24,8,0000001000010001000000011110011001000010000101101000000011111110
24899,31810,31.024747,0AA,8,0010000110001101001000010110111100100001100010010010000101011100
15312,31811,31.025441,1C6,8,0000000000000000100000000000000110000110001001011100000000000000
20142,31812,31.025737,0B4,8,0000000000000000000000000000000000011100000001101111001011010000
39529,21195,31.02918,0BA,5,1110000000100010100101000000000000001011
31,31815,31.029249,3B1,8,0000000000000000000000100000101000000000000010000000000000000000
33244,31816,31.029488,1C4,8,0000011010011101000111000000000000000000000000000000000010001100
4693,31819,31.034065,25,8,0000000000011001000000000000000110110000001010010000000000100000
24900,31820,31.034736,0AA,8,0010000110000111001000010110011100100001100001100010000101011010
943,31822,31.035727,320,8,0000000000100000000000000000000000000000000000000000000001001011
39530,31780,31.036669,0BA,5,1100011000000000000000000000000010111110
9451,31824,31.038965,260,8,0000000000000000000000000000000000000000000000011011101000100101
4694,31827,31.04407,25,8,0000000000011001000000000000000111100000000111110000000001000110
39531,10607,31.044159,0BA,5,0010100100000000000000000000011100101011
29787,31828,31.044305,24,8,0000001000010010000000011110010101000010000101101000000011111110
24901,31829,31.044725,0AA,8,0010000110000110001000010101110000100001100010100010000101011011
20143,31830,31.045727,0B4,8,0000000000000000000000000000000000011100000001101110011011000100
33245,31834,31.049433,1C4,8,0000011010000001000111000000000000000000000000000000000001110000
17622,31836,31.049842,226,8,0000000000101100000100000000000000100000000000000000000000000000
39532,21210,31.051648,0BA,5,0100111100000000000000000000000000101110
12323,31838,31.053422,2C1,8,0000100011111110111010101111111011100111110000000000000001100000
4695,31840,31.054045,25,8,0000000000011001000000000000000100010000000111110000000001110110
24902,31842,31.054715,0AA,8,0010000110001001001000010101100000100001100000010010000101001110
15313,31844,31.055396,1C6,8,0000000000000000100000000000000110011011001001011100000000000000
9452,31846,31.058944,260,8,0000000000000000000000000000000000000000000000010110110011010111
39533,21215,31.059138,0BA,5,1110000000100010100100000000000000000111
4696,31848,31.064057,25,8,0000000000011001000000000000000100110000000101110000000010001110
29788,31849,31.064292,24,8,0000001000010010000000011101111101000010000101001000000011110110
24903,31850,31.064677,0AA,8,0010000110000110001000010101001100100001011101010010000101001001
20144,31851,31.065725,0B4,8,0000000000000000000000000000000000100000000001101101101110111101
39534,31814,31.066627,0BA,5,1100011000000000000000000000000010111110
33246,31853,31.069476,1C4,8,0000011010000001000111000000000000000000000000000000000001110000
4697,31857,31.074022,25,8,0000000000011001000000000000000101010000000101110000000010101110
39535,10617,31.074117,0BA,5,0010100100000000000000000000010000101000
24904,31858,31.074698,0AA,8,0010000101111010001000010101000000100001011011000010000101000101
17623,31861,31.077683,226,8,0000000000101111000100000000000000100000000000000000000000000000
9453,31862,31.078802,260,8,0000000000000000000000000000000000000000000000010111011111100010
16469,31863,31.079754,3F9,8,0111010100011000000000100000001010000000000000000000000000010101
39536,21233,31.081606,0BA,5,0100111100000000000000000000000000101110
12324,31865,31.083374,2C1,8,0000100011111110111101001111111011110111110000000000000001111010
4698,31867,31.084006,25,8,0000000000011001000000000000000101110000000101110000000011001110
29789,31868,31.08424,24,8,0000001000010011000000011101111001000010000100111000000011110101
24905,31870,31.084683,0AA,8,0010000101101111001000010100011000100001011010110010000101000100
15314,31871,31.08538,1C6,8,0000000000000000100000000000000110110110001001101100000000000000
20145,31872,31.08567,0B4,8,0000000000000000000000000000000000100000000001101101010110110111
944,31876,31.088673,320,8,0000000000100000000000000000000000000000000000000000000001001011
39537,21236,31.089096,0BA,5,1110000000100010100010000000000011111111
33247,31877,31.089379,1C4,8,0000011001100001000111000000000000000000000000000000000001010000
14120,31879,31.091226,442,8,0100001100000010000000000000000000000010000000000000000000000000
4699,31881,31.095026,25,8,0000000000011010000000000000000110010000000100010000000011101001
24906,31882,31.095646,0AA,8,0010000101101011001000010100000100100001011010100010000100111101
39538,31845,31.096585,0BA,5,1100011000000000000000000000000010111110
9454,31884,31.098667,260,8,0000000000000000000000000000000000000000000000011000001111101110
39539,10627,31.104075,0BA,5,0010100100000000000000000000011100101011
29790,31889,31.10417,24,8,0000001000010011000000011101110001000010000100111000000011110011
4700,31890,31.104417,25,8,0000000000011010000000000000000110110000000100010000000000001001
24907,31891,31.104667,0AA,8,0010000101101011001000010011100100100001010111100010000100110001
20146,31892,31.105649,0B4,8,0000000000000000000000000000000000100100000001101100010110101011
33248,31896,31.109598,1C4,8,0000011001100001000111000000000000000000000000000000000001010000
17624,31897,31.109842,226,8,0000000000110010000100000000000000100000000000000000000000000000
39540,21256,31.111565,0BA,5,0100111100000000000000000000000000101110
12325,31899,31.113362,2C1,8,0000100011111110111011011111111011110000110000000000000001101100
4701,31901,31.113986,25,8,0000000000011010000000000000000111000000000100010000000000011001
13299,31902,31.114215,30000000.0,7,0
24908,31903,31.114658,0AA,8,0010000101100110001000010010111000100001010110000010000100110000
15315,31904,31.115347,1C6,8,0000000000000000100000000000000111001111001001101100000000000000
9455,31906,31.118649,260,8,0000000000000000000000000000000000000000000000010101011011000001
39541,21259,31.119054,0BA,5,1110000000100010100000000000000011110111
4702,31910,31.124001,25,8,0000000000011010000000000000000111010000000011110000000000100111
29791,31911,31.124233,24,8,0000001000010011000000011101101001000010000100011000000011101111
24909,31912,31.124616,0AA,8,0010000101011011001000010010101100100001010100010010000100101100
20147,31913,31.125633,0B4,8,0000000000000000000000000000000000100100000001101011100110011111
39542,31875,31.126544,0BA,5,1100011000000000000000000000000010111110
33249,31915,31.12945,1C4,8,0000011001000011000111000000000000000000000000000000000000110010
39543,10642,31.134033,0BA,5,0010100100000000000000000000010000101000
4703,31918,31.134988,25,8,0000000000011010000000000000000111100000000011010000000000110101
24910,31919,31.135606,0AA,8,0010000101010001001000010010100100100001010010110010000100100101
9456,31923,31.138575,260,8,0000000000000000000000000000000000000000000000010110000111001100
17625,31924,31.13883,226,8,0000000000110101000100000000000000100000000000000000000000000000
13419,31925,31.138965,394,3,0
945,31926,31.139623,320,8,0000000000100000000000000000000000000000000000000000000001001011
39544,21271,31.141523,0BA,5,0100111100000000000000000000000000101110
12326,31927,31.143319,2C1,8,0000100011111110111111011111111011111101110000000000000010001001
4704,31929,31.14395,25,8,0000000000011010000000000000000111110000000011010000000001000101
29792,31930,31.144182,24,8,0000001000010100000000011101011101000010000100111000000011101111
27950,31931,31.144436,300000000.0,8,0
24911,31932,31.144662,0AA,8,0010000101001101001000010010011000100001010001110010000100100001
15316,31933,31.145327,1C6,8,0000000000000000100000000000000111100111001001101100000000000000
20148,31934,31.145612,0B4,8,0000000000000000000000000000000000101000000001101010111010011000
39545,21275,31.149012,0BA,5,1110000000100010100101000000000000001011
33250,31939,31.149327,1C4,8,0000011000100111000111000000000000000000000000000000000000010110
34874,31941,31.149879,3C3,8,0100011000011110100101000100111011101110010110010000001110001000
4705,31944,31.153941,25,8,0000000000011010000000000000000100000000000011010000000001010101
24912,31945,31.154614,0AA,8,0010000101001001001000010001111000100001001111010010000100010100
39546,31905,31.156502,0BA,5,1100011000000000000000000000000010111110
9457,31946,31.158518,260,8,0000000000000000000000000000000000000000000000010111011111100010
35338,10287,31.15858,386,7,10100100000000000000000000000000000000000000000010000000
35176,31719,31.158762,3D3,3,111001010000000011001110
39547,10647,31.163991,0BA,5,0010100100000000000000000000011100101011
29793,31949,31.164096,24,8,0000001000010100000000011101010101000010000011111000000011101001
4706,31950,31.164335,25,8,0000000000011010000000000000000100000000000011010000000001010101
24913,31952,31.16469,0AA,8,0010000101000010001000010001010000100001001110100010000100001110
20149,31953,31.165586,0B4,8,0000000000000000000000000000000000101000000001101010001110001101
33251,31957,31.169308,1C4,8,0000011000100111000111000000000000000000000000000000000000010110
17626,31959,31.169732,226,8,0000000000111000000100000000000000100000000000000000000000000000
39548,21292,31.171481,0BA,5,0100111100000000000000000000000000101110
12327,31961,31.173332,2C1,8,0000100011111111000001111111111100000100110000000000000010011100
4707,31963,31.173922,25,8,0000000000011010000000000000000100010000000010110000000001100011
27930,31964,31.174172,3000000000.0,8,0
24914,31965,31.174597,0AA,8,0010000100111000001000010000111000100001001101110010000100001010
15317,31966,31.175287,1C6,8,0000000000000000100000000000000111111111001001101100000000000000
164,31968,31.176589,3B7,8,1000
9458,31969,31.178493,260,8,0000000000000000000000000000000000000000000000010010100010010011
39549,21296,31.17897,0BA,5,1110000000100010101001000000000000011011
4708,31972,31.18391,25,8,0000000000011010000000000000000100010000000010010000000001100001
29794,31973,31.184148,24,8,0000001000010100000000011101011101000010000011111000000011101011
24915,31974,31.184588,0AA,8,0010000100110010001000010000100100100001001010000010000100000011
20150,31975,31.185571,0B4,8,0000000000000000000000000000000000101100000001101001001010000000
39550,31937,31.18646,0BA,5,1100011000000000000000000000000010111110
946,31978,31.187574,320,8,0000000000100000000000000000000000000000000000000000000001001011
21695,31979,31.188994,443,8,0100110100000010000000000010111100000110000000000000000000000000
33252,31980,31.189293,1C4,8,0000011000001011000111000000000000000000000000000000000011111010
7684,31982,31.190087,611,8,0010000100000000000000000001000000000000000000000011110101101100
39551,10662,31.19395,0BA,5,0010100100000000000000000000010000101000
4709,31984,31.194928,25,8,0000000000011010000000000000000100100000000001110000000001101111
24916,31985,31.195548,0AA,8,0010000100101100001000010000011100100001001000110010000011111100
43551,31240,31.196949,423,2,1000100000000
9459,31988,31.198411,260,8,0000000000000000000000000000000000000000000000010011010010011111
17627,31989,31.198655,226,8,0000000000111011000100000000000000100000000000000000000000000000
39552,21315,31.201439,0BA,5,0100111100000000000000000000000000101110
11067,31991,31.202109,620,8,0001000000000000000000000000000000000000000000000000000000000000
12328,31993,31.203255,2C1,8,0000100011111111000110101111111100010000110000000000000010111011
4710,31995,31.203889,25,8,0000000000011010000000000000000100100000000001100000000001101110
29795,31996,31.204124,24,8,0000001000010100000000011101000101000010000011011000000011100011
24917,31997,31.204564,0AA,8,0010000100100011001000010000001100100001000110110010000011101110
15318,31998,31.205271,1C6,8,0000000000000000100000000000001000010110001001111100000000000000
20151,31999,31.205546,0B4,8,0000000000000000000000000000000000101100000001101000011101110101
39553,21318,31.208929,0BA,5,1110000000100010101001000000000000011011
33253,32002,31.209271,1C4,8,0000011000001011000111000000000000000000000000000000000011111010
4711,32006,31.214913,25,8,0000000000011010000000000000000100100000000001010000000001101101
24918,32007,31.215527,0AA,8,0010000100011001001000001111100100100001000101010010000011101001
39554,31967,31.216418,0BA,5,1100011000000000000000000000000010111110
9460,32008,31.218423,260,8,0000000000000000000000000000000000000000000000010100000010101011
39555,10670,31.223908,0BA,5,0010100100000000000000000000011100101011
4712,32012,31.223941,25,8,0000000000011010000000000000000100100000000001010000000001101101
29796,32013,31.22418,24,8,0000001000010011000000011101000001000010000011001000000011100000
24919,32014,31.224549,0AA,8,0010000100010100001000001110110000100001000011010010000011101000
20152,32015,31.225529,0B4,8,0000000000000000000000000000000000110000000001101000000101110011
33254,32020,31.229251,1C4,8,0000010111101111000111000000000000000000000000000000000011011101
17628,32022,31.229653,226,8,0000000000111101000100000000000000100000000000000000000000000000
39556,21331,31.231397,0BA,5,0100111100000000000000000000000000101110
12329,32023,31.233244,2C1,8,0000100011111111001000001111111100010000110000000000000011000001
4713,32025,31.233861,25,8,0000000000011010000000000000000100100000000001000000000001101100
24920,32026,31.234545,0AA,8,0010000100010001001000001110100100100000111111110010000011011011
15319,32028,31.23523,1C6,8,0000000000000000100000000000001000101011001001111100000000000000
947,32030,31.236523,320,8,0000000000100000000000000000000000000000000000000000000001001011
9461,32031,31.238426,260,8,0000000000000000000000000000000000000000000000010010100010010011
39557,21335,31.238887,0BA,5,1110000000100010100101000000000000001011
4714,32033,31.243851,25,8,0000000000011010000000000000000100110000000001000000000001111100
29797,32034,31.244104,24,8,0000001000010011000000011100110001000010000010101000000011011010
24921,32035,31.24453,0AA,8,0010000100001100001000001110001000100000111111000010000011010101
20153,32036,31.245508,0B4,8,0000000000000000000000000000000000110000000001100111000001100010
39558,32001,31.246376,0BA,5,1100011000000000000000000000000010111110
43743,30893,31.246406,3BB,5,0111000000000001000000001010010100000000
33255,32039,31.249239,1C4,8,0000010111010011000111000000000000000000000000000000000011000001
4715,32043,31.253844,25,8,0000000000011010000000000000000100110000000001000000000001111100
39559,10680,31.253866,0BA,5,0010100100000000000000000000010000101000
24922,32044,31.254522,0AA,8,0010000100000110001000001101101000100000111101100010000011001110
17629,32047,31.257501,226,8,0000000000111111000100000000000000100000000000000000000000000000
9462,32048,31.258349,260,8,0000000000000000000000000000000000000000000000010001110010000111
39560,21353,31.261355,0BA,5,0100111100000000000000000000000000101110
12330,32049,31.263204,2C1,8,0000100011111111010001001111111100011010110000000000000011101111
4716,32051,31.263861,25,8,0000000000011010000000000000000100110000000001000000000001111100
29798,32052,31.264097,24,8,0000001000010011000000011100110001000010000010001000000011011000
24923,32053,31.264486,0AA,8,0010000011111110001000001101100000100000111010010010000011000011
15320,32054,31.265213,1C6,8,0000000000000000100000000000001001000100001001111100000000000000
20154,32055,31.265485,0B4,8,0000000000000000000000000000000000110100000001100110010101011011
39561,21355,31.268845,0BA,5,1110000000100010100010000000000011111111
33256,32059,31.269209,1C4,8,0000010111010011000111000000000000000000000000000000000011000001
4717,32062,31.274849,25,8,0000000000011010000000000000000101000000000001000000000010001100
24924,32063,31.275477,0AA,8,0010000011110100001000001100111000100000111001010010000010111110
39562,32029,31.276335,0BA,5,1100011000000000000000000000000010111110
9463,32065,31.278316,260,8,0000000000000000000000000000000000000000000000010001110010000111
4718,32068,31.283822,25,8,0000000000011010000000000000000101000000000001000000000010001100
39563,10690,31.283824,0BA,5,0010100100000000000000000000011100101011
29799,32069,31.284056,24,8,0000001000010010000000011100111001000010000010101000000011011011
24925,32071,31.284495,0AA,8,0010000011101100001000001011111100100000110111110010000010111100
20155,32072,31.285466,0B4,8,0000000000000000000000000000000000110100000001100101010001001010
33257,32076,31.289272,1C4,8,0000010110111000000111000000000000000000000000000000000010100110
17630,32077,31.289514,226,8,0000000001000001000100000000000000100000000000000000000000000000
948,32079,31.290465,320,8,0000000000100000000000000000000000000000000000000000000001001011
39564,21373,31.291314,0BA,5,0100111100000000000000000000000000101110
31474,32080,31.291685,44D,8,0100001000000010000000000000000000000001000000000000000000000000
12331,32081,31.293188,2C1,8,0000100011111111011001111111111100011101110000000000000000010101
4719,32084,31.294831,25,8,0000000000011010000000000000000101010000000001000000000010011100
15321,32085,31.295176,1C6,8,0000000000000000100000000000001001011111001001111100000000000000
24926,32086,31.295455,0AA,8,0010000011100111001000001011100000100000110100110010000010110001
9464,32089,31.298296,260,8,0000000000000000000000000000000000000000000000010010100010010011
39565,21378,31.298803,0BA,5,1110000000100010101001000000000000011011
28064,32091,31.301687,6C0,8,1110010000000000000000001110000010000000000000000000000000000000
4720,32093,31.30382,25,8,0000000000011010000000000000000101010000000001000000000010011100
29800,32094,31.304055,24,8,0000001000010010000000011100101101000010000010001000000011010110
24927,32095,31.304444,0AA,8,0010000011011011001000001011010000100000110011100010000010101011
20156,32096,31.305451,0B4,8,0000000000000000000000000000000000111000000001100100100101000011
39566,32057,31.306293,0BA,5,1100011000000000000000000000000010111110
33258,32098,31.309176,1C4,8,0000010110111000000111000000000000000000000000000000000010100110
39567,10703,31.313782,0BA,5,0010100100000000000000000000010000101000
4721,32101,31.313793,25,8,0000000000011010000000000000000101100000000001000000000010101100
24928,32102,31.31446,0AA,8,0010000011010100001000001011000100100000110001010010000010100010
17631,32106,31.31744,226,8,0000000001000100000100000000000000100000000000000000000000000000
9465,32107,31.318201,260,8,0000000000000000000000000000000000000000000000010011010010011111
39568,21394,31.321272,0BA,5,0100111100000000000000000000000000101110
7836,32108,31.321889,610,8,0010000000000000000100000110010011000000000000001010001001000000
12332,32109,31.323146,2C1,8,0000100011111111100001001111111100100000110000000000000000110101
4722,32111,31.323798,25,8,0000000000011010000000000000000101100000000001000000000010101100
29801,32112,31.324033,24,8,0000001000010010000000011100101101000010000010001000000011010110
24929,32113,31.324423,0AA,8,0010000011001111001000001010110000100000101111110010000010011001
15322,32114,31.325153,1C6,8,0000000000000000100000000000001001110111001010001100000000000000
20157,32115,31.325426,0B4,8,0000000000000000000000000000000000111000000001100011100000110010
39569,21399,31.328761,0BA,5,1110000000100010100110000000000000001111
16470,32118,31.328821,3F9,8,0111010100011000000000100000001010000000000000000000000000010101
33259,32119,31.329154,1C4,8,0000010110011101000111000000000000000000000000000000000010001011
4723,32123,31.33479,25,8,0000000000011010000000000000000101100000000001000000000010101100
24930,32124,31.335409,0AA,8,0010000011001001001000001010001100100000101111010010000010010010
39570,32087,31.336251,0BA,5,1100011000000000000000000000000010111110
949,32125,31.336421,320,8,0000000000100000000000000000000000000000000000000000000001001011
9466,32126,31.338224,260,8,0000000000000000000000000000000000000000000000010011010010011111
39571,10709,31.34374,0BA,5,0010100100000000000000000000011100101011
4724,32130,31.343749,25,8,0000000000011010000000000000000101110000000001000000000010111100
29802,32131,31.343985,24,8,0000001000010010000000011100101101000010000010001000000011010110
24931,32132,31.344432,0AA,8,0010000011000101001000001001101100100000101011010010000010001100
20158,32133,31.345411,0B4,8,0000000000000000000000000000000000111100000001100010110100101011
33260,32137,31.349137,1C4,8,0000010110011101000111000000000000000000000000000000000010001011
17632,32140,31.349734,226,8,0000000001000100000100000000000000100000000000000000000000000000
39572,21417,31.35123,0BA,5,0100111100000000000000000000000000101110
12333,32142,31.353133,2C1,8,0000100011111111100000001111111100100000110000000000000000110001
4725,32144,31.35374,25,8,0000000000011010000000000000000101110000000001000000000010111100
24932,32145,31.354421,0AA,8,0010000010111010001000001000110100100000101001010010000010000000
15323,32146,31.355111,1C6,8,0000000000000000100000000000001010001101001010001100000000000000
9467,32149,31.358151,260,8,0000000000000000000000000000000000000000000000010010100010010011
39573,21419,31.358719,0BA,5,1110000000100010100101000000000000001011
13923,32150,31.36084,622,8,0001001000000000000000000000000000000000000000000000000000000000
4726,32152,31.363754,25,8,0000000000011011000000000000000110010000000001000000000011011101
29803,32153,31.36399,24,8,0000001000010010000000011100101101000010000010101000000011011000
24933,32154,31.364378,0AA,8,0010000010101010001000001000010100100000101000110010000001111011
20159,32155,31.365387,0B4,8,0000000000000000000000000000000000111100000001100001110000011010
39574,32117,31.366209,0BA,5,1100011000000000000000000000000010111110
33261,32158,31.369118,1C4,8,0000010110000011000111000000000000000000000000000000000001110001
39575,10723,31.373699,0BA,5,0010100100000000000000000000010000101000
4727,32161,31.373717,25,8,0000000000011011000000000000000110010000000001000000000011011101
24934,32162,31.374402,0AA,8,0010000010100111001000000111110000100000100110110010000001110000
17633,32165,31.377374,226,8,0000000001000110000100000000000000100000000000000000000000000000
9468,32166,31.377906,260,8,0000000000000000000000000000000000000000000000010011010010011111
39576,21435,31.381188,0BA,5,0100111100000000000000000000000000101110
12334,32168,31.383087,2C1,8,0000100011111111101001001111111100101010110000000000000001011111
4728,32170,31.383715,25,8,0000000000011011000000000000000110100000000001000000000011101101
29804,32171,31.383953,24,8,0000001000010010000000011100011101000010000011011000000011010111
24935,32172,31.384388,0AA,8,0010000010011100001000000111011000100000100101010010000001100010
15324,32173,31.385102,1C6,8,0000000000000000100000000000001010011111001010001100000000000000
20160,32174,31.385367,0B4,8,0000000000000000000000000000000000111100000001100000101100001001
950,32177,31.388369,320,8,0000000000100000000000000000000000000000000000000000000001001011
39577,21439,31.388678,0BA,5,1110000000100010101001000000000000011011
33262,32178,31.389095,1C4,8,0000010101101001000111000000000000000000000000000000000001010111
14121,32180,31.390782,442,8,0100001100000010000000000000000000000010000000000000000000000000
4729,32182,31.3937,25,8,0000000000011011000000000000000110110000000001000000000011111101
24936,32183,31.394383,0AA,8,0010000010001111001000000110110000100000100001110010000001011111
39578,32147,31.396167,0BA,5,1100011000000000000000000000000010111110
9469,32185,31.397859,260,8,0000000000000000000000000000000000000000000000010101011011000001
39579,10729,31.403657,0BA,5,0010100100000000000000000000011100101011
4730,32189,31.403688,25,8,0000000000011011000000000000000110110000000001000000000011111101
29805,32190,31.403922,24,8,0000001000010010000000011100001001000010000011001000000011010001
31661,32191,31.404167,389,8,0000000000100000000000000000000000000000000000000000000000000000
24937,32192,31.404403,0AA,8,0010000010000010001000000110000100100000011110110010000001010001
20161,32193,31.40535,0B4,8,0000000000000000000000000000000001000000000001011111010011110101
33263,32198,31.409075,1C4,8,0000010101101001000111000000000000000000000000000000000001010111
17634,32200,31.409482,226,8,0000000001000111000100000000000000100000000000000000000000000000
39580,21452,31.411146,0BA,5,0100111100000000000000000000000000101110
12335,32201,31.413073,2C1,8,0000100011111111110101111111111100110100110000000000000010011100
4731,32203,31.413679,25,8,0000000000011011000000000000000111000000000001000000000000001101
24938,32204,31.414358,0AA,8,0010000001111011001000000101111000100000011101100010000001001001
15325,32206,31.415119,1C6,8,0000000000000000100000000000001010110000001010001100000000000000
9470,32208,31.417884,260,8,0000000000000000000000000000000000000000000000010110110011010111
35177,3963,31.418418,3D3,3,011011000000001000000000
39581,21457,31.418636,0BA,5,1110000000100010100111000000000000010011
4732,32211,31.423666,25,8,0000000000011011000000000000000111010000000001000000000000011101
29806,32212,31.423899,24,8,0000001000010001000000011100001001000010000010101000000011001110
24939,32213,31.42435,0AA,8,0010000001111001001000000100110100100000011101100010000001000001
20162,32214,31.425327,0B4,8,0000000000000000000000000000000001000000000001011110010011100101
39582,32176,31.426125,0BA,5,1100011000000000000000000000000010111110
33264,32217,31.429063,1C4,8,0000010101010000000111000000000000000000000000000000000000111110
13668,32220,31.431484,4B7,8,1110001101011111001000101111000000010000111001100000000100001000
39583,10740,31.433615,0BA,5,0010100100000000000000000000010000101000
4733,32222,31.434692,25,8,0000000000011011000000000000000111100000000001100000000000101111
24940,32223,31.435306,0AA,8,0010000001110100001000000100011000100000011000110010000000111011
9471,32226,31.437779,260,8,0000000000000000000000000000000000000000000000010100000010101011
13420,32227,31.437936,394,3,0
17635,32228,31.438317,226,8,0000000001001000000100000000000000100000000000000000000000000000
951,32229,31.439317,320,8,0000000000100000000000000000000000000000000000000000000001001011
39584,21473,31.441104,0BA,5,0100111100000000000000000000000000101110
12336,32230,31.443027,2C1,8,0000100011111111111110101111111100111010110000000000000011000101
4734,32232,31.443681,25,8,0000000000011011000000000000000111100000000001100000000000101111
29807,32233,31.443916,24,8,0000001000010001000000011100001001000010000011001000000011010000
24941,32234,31.444301,0AA,8,0010000001101111001000000011110000100000010110000010000000101111
15326,32235,31.445044,1C6,8,0000000000000000100000000000001010111111001010011100000000000000
20163,32236,31.445303,0B4,8,0000000000000000000000000000000001000100000001011101001111011000
39585,21477,31.448594,0BA,5,1110000000100010100000000000000011110111
33265,32241,31.449047,1C4,8,0000010101010000000111000000000000000000000000000000000000111110
4735,32244,31.453641,25,8,0000000000011011000000000000000111110000000001100000000000111111
24942,32245,31.454319,0AA,8,0010000001011101001000000011100000100000010100100010000000101011
39586,32207,31.456084,0BA,5,1100011000000000000000000000000010111110
9472,32246,31.457729,260,8,0000000000000000000000000000000000000000000000010100000010101011
39587,10750,31.463573,0BA,5,0010100100000000000000000000011100101011
4736,32250,31.463642,25,8,0000000000011011000000000000000100010000000001100000000001011111
29808,32251,31.463878,24,8,0000001000010001000000011100000001000010000011011000000011001111
292,32253,31.464311,38F,8,0000000100000000000000000000000000000000000000000000000000000000
24943,32254,31.464544,0AA,8,0010000001010100001000000010101100100000010010010010000000011110
20164,32255,31.465288,0B4,8,0000000000000000000000000000000001000100000001011100011111001100
33266,32259,31.469023,1C4,8,0000010100110111000111000000000000000000000000000000000000100101
17636,32261,31.469428,226,8,0000000001001001000100000000000000100000000000000000000000000000
39588,21495,31.471063,0BA,5,0100111100000000000000000000000000101110
12337,32263,31.473019,2C1,8,0000100000000000001000001111111101000000110000000000000011110010
4737,32265,31.473621,25,8,0000000000011011000000000000000100100000000001100000000001101111
24944,32266,31.4743,0AA,8,0010000001001001001000000010010100100000001111110010000000010110
15327,32267,31.475005,1C6,8,0000000000000000100000000000001010111111001010011100000000000000
165,32269,31.476284,3B7,8,1000
9473,32270,31.477736,260,8,0000000000000000000000000000000000000000000000010110110011010111
39589,21500,31.478552,0BA,5,1110000000100010100111000000000000010011
4738,32274,31.483609,25,8,0000000000011011000000000000000100110000000010100000000010000011
29809,32275,31.483846,24,8,0000001000010010000000011100000001000010000011011000000011010000
24945,32276,31.484289,0AA,8,0010000001000101001000000001101000100000001101100010000000001110
20165,32277,31.485269,0B4,8,0000000000000000000000000000000001001000000001011011000110111010
39590,32238,31.486042,0BA,5,1100011000000000000000000000000010111110
952,32280,31.487271,320,8,0000000000100000000000000000000000000000000000000000000001001011
21696,32281,31.488706,443,8,0100110100000010000000000010111100000110000000000000000000000000
33267,32282,31.489001,1C4,8,0000010100110111000111000000000000000000000000000000000000100101
31275,32284,31.489645,4A6,8,0000000000000000000000000000000000000000000100000000000000000000
11068,32285,31.489914,620,8,0001000000000000000000000000000000000000000000000000000000000000
39591,10763,31.493531,0BA,5,0010100100000000000000000000010000101000
34725,32286,31.49362,380,8,0
4739,32289,31.494624,25,8,0000000000011011000000000000000101000000000010100000000010010011
24946,32290,31.49525,0AA,8,0010000000111011001000000000111100100000001010100010000000000110
9474,32294,31.497743,260,8,0000000000000000000000000000000000000000000000010110000111001100
17637,32295,31.498259,226,8,0000000001001010000100000000000000100000000000000000000000000000
39592,21514,31.501021,0BA,5,0100111100000000000000000000000000101110
12338,32297,31.502975,2C1,8,0000100000000000001000001111111101000000110000000000000011110010
4740,32299,31.50361,25,8,0000000000011011000000000000000101010000000010100000000010100011
29810,32300,31.503846,24,8,0000001000010010000000011100000001000010000011001000000011001111
24947,32301,31.504244,0AA,8,0010000000110011001000000000010000100000000111110001111111111010
15328,32302,31.504986,1C6,8,0000000000000000100000000000001010111111001010011100000000000000
20166,32303,31.505249,0B4,8,0000000000000000000000000000000001001000000001011010000010101001
39593,21518,31.50851,0BA,5,1110000000100010100110000000000000001111
33268,32306,31.508983,1C4,8,0000010100011111000111000000000000000000000000000000000000001101
4741,32310,31.51367,25,8,0000000000011011000000000000000101110000000010100000000011000011
24948,32311,31.514264,0AA,8,0010000000100011000111111111101000100000000110100001111111110100
39594,32268,31.516,0BA,5,1100011000000000000000000000000010111110
9475,32312,31.517671,260,8,0000000000000000000000000000000000000000000000010110110011010111
39595,10770,31.523489,0BA,5,0010100100000000000000000000011100101011
4742,32315,31.523561,25,8,0000000000011100000000000000000110010000000011100000000011101000
29811,32316,31.523798,24,8,0000001000010001000000011100000001000010000011001000000011001110
24949,32317,31.524251,0AA,8,0010000000011100000111111111010100100000000100000001111111110000
20167,32318,31.525224,0B4,8,0000000000000000000000000000000001001000000001011000111110011000
33269,32322,31.528965,1C4,8,0000010100011111000111000000000000000000000000000000000000001101
17638,32324,31.529373,226,8,0000000001001010000100000000000000100000000000000000000000000000
39596,21538,31.530979,0BA,5,0100111100000000000000000000000000101110
43552,2131,31.5324,423,2,11100000000
11256,32326,31.532598,4C8,8,0000100100000000000000000000000000000000000000000000000000000000
12339,32327,31.532954,2C1,8,0000100000000000010001101111111101001101110000000000000000100101
4743,32329,31.53356,25,8,0000000000011100000000000000000110100000000011100000000011111000
24950,32330,31.53424,0AA,8,0010000000010000000111111110110000100000000000110001111111100000
15329,32331,31.534946,1C6,8,0000000000000000100000000000001010111111001010011100000000000000
953,32334,31.536217,320,8,0000000000100000000000000000000000000000000000000000000001001011
9476,32335,31.537645,260,8,0000000000000000000000000000000000000000000000010110000111001100
39597,21541,31.538469,0BA,5,1110000000100010101001000000000000011011
4744,32337,31.54355,25,8,0000000000011100000000000000000111000000000011100000000000011000
29812,32338,31.543787,24,8,0000001000010010000000011011111001000010000011001000000011001101
43744,1073,31.543991,3BB,5,1011101100000000000000000000000000100110
24951,32339,31.544229,0AA,8,0010000000001011000111111110011100100000000000000001111111011001
20168,32340,31.545201,0B4,8,0000000000000000000000000000000001001100000001010111100110000110
39598,32305,31.545958,0BA,5,1100011000000000000000000000000010111110
33270,32344,31.548944,1C4,8,0000010100000110000111000000000000000000000000000000000011110100
39599,10785,31.553448,0BA,5,0010100100000000000000000000010000101000
4745,32349,31.554566,25,8,0000000000011100000000000000000111010000000011010000000000100111
24952,32350,31.555198,0AA,8,0001111111111111000111111101110000011111111100110001111111010101
9477,32353,31.557575,260,8,0000000000000000000000000000000000000000000000010110110011010111
17639,32354,31.558197,226,8,0000000001001010000100000000000000100000000000000000000000000000
39600,21561,31.560937,0BA,5,0100111100000000000000000000000000101110
12340,32356,31.562916,2C1,8,0000100000000000011100001111111101010111110000000000000001011001
4746,32358,31.563525,25,8,0000000000011100000000000000000111110000000011000000000001000110
29813,32359,31.56376,24,8,0000001000010001000000011011110101000010000010101000000011001001
24953,32360,31.564204,0AA,8,0001111111110110000111111101000100011111111010100001111111000101
15330,32361,31.564919,1C6,8,0000000000000000100000000000001010110101001010011100000000000000
20169,32362,31.56518,0B4,8,0000000000000000000000000000000001001100000001010110100001110101
39601,21566,31.568427,0BA,5,1110000000100010101001000000000000011011
33271,32365,31.568921,1C4,8,0000010100000110000111000000000000000000000000000000000011110100
4747,32368,31.573515,25,8,0000000000011100000000000000000100000000000011000000000001010110
24954,32369,31.574197,0AA,8,0001111111101110000111111100100100011111111001000001111110111011
39602,32332,31.575916,0BA,5,1100011000000000000000000000000010111110
9478,32370,31.577478,260,8,0000000000000000000000000000000000000000000000010110000111001100
16471,32372,31.578951,3F9,8,0111010100011000000000100000001010000000000000000000000000010101
39603,10792,31.583406,0BA,5,0010100100000000000000000000011100101011
4748,32375,31.583503,25,8,0000000000011100000000000000000100100000000011000000000001110110
29814,32376,31.583739,24,8,0000001000010010000000011011110101000010000010101000000011001010
24955,32377,31.584186,0AA,8,0001111111100010000111111011110000011111110101000001111110110010
20170,32378,31.585161,0B4,8,0000000000000000000000000000000001010000000001010101011101101000
33272,32382,31.588907,1C4,8,0000010011101111000111000000000000000000000000000000000011011100
17640,32384,31.589313,226,8,0000000001001011000100000000000000100000000000000000000000000000
954,32385,31.590161,320,8,0000000000100000000000000000000000000000000000000000000001001011
31475,32386,31.590868,44D,8,0100001000000010000000000000000000000001000000000000000000000000
39604,21578,31.590895,0BA,5,0100111100000000000000000000000000101110
14247,32387,31.591157,60.0,8,1010000100000000000000000000000000000000011100000000000000000000
12341,32388,31.592952,2C1,8,0000100000000000101000001111111101100100110000000000000010010110
4749,32390,31.59353,25,8,0000000000011100000000000000000100110000000011010000000010000111
24956,32391,31.594174,0AA,8,0001111111011011000111111011011100011111110010110001111110101001
15331,32392,31.594878,1C6,8,0000000000000000100000000000001010100110001010101100000000000000
9479,32396,31.597486,260,8,0000000000000000000000000000000000000000000000010101011011000001
39605,21584,31.598385,0BA,5,1110000000100010101001000000000000011011
4750,32399,31.60351,25,8,0000000000011100000000000000000101000000000011010000000010010111
29815,32400,31.603745,24,8,0000001000010001000000011011110101000010000010101000000011001001
24957,32401,31.604139,0AA,8,0001111111010000000111111010101100011111110000010001111110011110
20171,32402,31.605141,0B4,8,0000000000000000000000000000000001010000000001010100000001010001
39606,32364,31.605874,0BA,5,1100011000000000000000000000000010111110
7744,32404,31.608702,435,8,1000000000000101000001011111111111100000001111110000000000000011
33273,32405,31.608915,1C4,8,0000010011101111000111000000000000000000000000000000000011011100
28065,32407,31.610822,6C0,8,1110010000000000000000001110000010000000000000000000000000000000
39607,10804,31.613364,0BA,5,0010100100000000000000000000010000101000
4751,32410,31.613475,25,8,0000000000011100000000000000000101100000000011010000000010110111
24958,32411,31.614157,0AA,8,0001111111000101000111111010001000011111101111000001111110010111
10934,32414,31.61561,436,8,0
17641,32416,31.617133,226,8,0000000001001011000100000000000000100000000000000000000000000000
9480,32417,31.617395,260,8,0000000000000000000000000000000000000000000000010111011111100010
16313,32418,31.618117,4C1,8,0000000100000000000000010000000100000000000000000000000000000000
39608,21602,31.620854,0BA,5,0100111100000000000000000000000000101110
12342,32419,31.623107,2C1,8,0000100000000000100111001111111101100100110000000000000010010010
4752,32421,31.623682,25,8,0000000000011100000000000000000101110000000011010000000011000111
29816,32422,31.623916,24,8,0000001000010001000000011011110101000010000010001000000011000111
24959,32423,31.62415,0AA,8,0001111110111010000111111001101000011111101100000001111110001110
15332,32424,31.624871,1C6,8,0000000000000000100000000000001010011010001010101100000000000000
20172,32425,31.62513,0B4,8,0000000000000000000000000000000001010000000001010011000001000001
39609,21605,31.628343,0BA,5,1110000000100010101001000000000000011011
33274,32429,31.628868,1C4,8,0000010011011001000111000000000000000000000000000000000011000110
4753,32432,31.634484,25,8,0000000000011101000000000000000110100000000100000000000011111011
24960,32433,31.635104,0AA,8,0001111110101110000111111001001000011111101000000001111110000100
39610,32394,31.635833,0BA,5,1100011000000000000000000000000010111110
955,32434,31.63612,320,8,0000000000100000000000000000000000000000000000000000000001001011
9481,32435,31.63722,260,8,0000000000000000000000000000000000000000000000010111011111100010
39611,10814,31.643322,0BA,5,0010100100000000000000000000011100101011
4754,32438,31.643444,25,8,0000000000011101000000000000000110110000000100000000000000001011
29817,32439,31.643683,24,8,0000001000010000000000011011101101000010000001101000000011000010
13800,32440,31.64393,434,8,0100001000000000000000000000000000000000000000000000000000000000
24961,32441,31.644162,0AA,8,0001111110100111000111111000100100011111100110110001111101111001
20173,32443,31.645101,0B4,8,0000000000000000000000000000000001010100000001010001100100101110
33275,32447,31.648853,1C4,8,0000010011011001000111000000000000000000000000000000000011000110
17642,32449,31.649262,226,8,0000000001001011000100000000000000100000000000000000000000000000
34875,32450,31.649488,3C3,8,0100011000011110100101000100111011101110010110010000001110001000
28191,32452,31.65056,437,8,1111110011111111111111111111111111111111111111111111111111111111
39612,21623,31.650812,0BA,5,0100111100000000000000000000000000101110
12343,32453,31.652842,2C1,8,0000100000000000110101101111111110000111110000000000000011101111
4755,32455,31.653431,25,8,0000000000011101000000000000000111010000000100000000000000101011
24962,32456,31.654122,0AA,8,0001111110011100000111111000001000011111100100000001111101101110
15333,32457,31.654827,1C6,8,0000000000000000100000000000001010001001001010101100000000000000
9482,32459,31.657214,260,8,0000000000000000000000000000000000000000000000010111011111100010
39613,21626,31.658301,0BA,5,1110000000100010101000000000000000010111
4756,32462,31.66345,25,8,0000000000011101000000000000000111110000000011110000000001001010
29818,32463,31.663686,24,8,0000001000010000000000011011101101000010000010001000000011000100
24963,32464,31.664079,0AA,8,0001111110010010000111110111101000011111100001000001111101101000
20174,32465,31.665082,0B4,8,0000000000000000000000000000000001010100000001010000100000011101
39614,32427,31.665791,0BA,5,1100011000000000000000000000000010111110
13608,32468,31.668596,4DD,8,0001111000000000000000000000000000000000000000000000000000000000
33276,32469,31.668837,1C4,8,0000010011000011000111000000000000000000000000000000000010110000
39615,10827,31.67328,0BA,5,0010100100000000000000000000010000101000
4757,32472,31.673415,25,8,0000000000011101000000000000000100010000000011110000000001101010
24964,32473,31.674098,0AA,8,0001111110001101000111110110110100011111011111110001111101011111
17643,32477,31.677074,226,8,0000000001001100000100000000000000100000000000000000000000000000
9483,32478,31.677319,260,8,0000000000000000000000000000000000000000000000010110110011010111
35178,32247,31.678074,3D3,3,111001010000000011011010
39616,21638,31.68077,0BA,5,0100111100000000000000000000000000101110
12344,32481,31.682804,2C1,8,0000100000000001000000001111111110100111110000000000000000111010
4758,32483,31.6834,25,8,0000000000011101000000000000000100110000000100100000000010001101
29819,32484,31.683642,24,8,0000001000001111000000011011101101000010000010001000000011000011
24965,32485,31.684084,0AA,8,0001111110000110000111110110010100011111011101110001111101010111
15334,32486,31.684807,1C6,8,0000000000000000100000000000001001101111001010101100000000000000
20175,32487,31.685061,0B4,8,0000000000000000000000000000000001010100000001001111011100001011
956,32490,31.688124,320,8,0000000000100000000000000000000000000000000000000000000001001011
39617,21642,31.688259,0BA,5,1110000000100010101001000000000000011011
33277,32491,31.688811,1C4,8,0000010011000011000111000000000000000000000000000000000010110000
34966,32493,31.689219,4C3,8,0000001100000000000000000000000100000000000000000000000000000000
14122,32494,31.690334,442,8,0100001100000010000000000000000000000010000000000000000000000000
4759,32497,31.694415,25,8,0000000000011101000000000000000101010000000100100000000010101101
24966,32498,31.695049,0AA,8,0001111101111110000111110110000000011111011010100001111101001100
39618,32458,31.695749,0BA,5,1100011000000000000000000000000010111110
9484,32500,31.697114,260,8,0000000000000000000000000000000000000000000000010110110011010111
39619,10831,31.703239,0BA,5,0010100100000000000000000000011100101011
4760,32503,31.703382,25,8,0000000000011101000000000000000101110000000100100000000011001101
29820,32504,31.703616,24,8,0000001000001110000000011011110101000010000010001000000011000100
24967,32505,31.704065,0AA,8,0001111101110000000111110101100100011111011000000001111101000110
20176,32506,31.705042,0B4,8,0000000000000000000000000000000001011000000001001110011011111110
33278,32510,31.708788,1C4,8,0000010011000011000111000000000000000000000000000000000010110000
17644,32512,31.709193,226,8,0000000001001001000100000000000000100000000000000000000000000000
39620,21663,31.710728,0BA,5,0100111100000000000000000000000000101110
12345,32514,31.712787,2C1,8,0000100000000001000000001111111111000100110000000000000001010111
4761,32516,31.713371,25,8,0000000000011110000000000000000110100000000101110000000000000011
24968,32517,31.714054,0AA,8,0001111101101010000111110101001000011111010110110001111100111001
15335,32518,31.714766,1C6,8,0000000000000000100000000000001001010111001010101100000000000000
9485,32520,31.717148,260,8,0000000000000000000000000000000000000000000000010111011111100010
39621,21665,31.718218,0BA,5,1110000000100010101001000000000000011011
4762,32522,31.72339,25,8,0000000000011110000000000000000111000000000101110000000000100011
29821,32523,31.723628,24,8,0000001000001110000000011100000001000010000001101000000011000101
24969,32524,31.724012,0AA,8,0001111101100011000111110100001100011111010100100001111100110100
20177,32525,31.72502,0B4,8,0000000000000000000000000000000001011000000001001101101111110011
39622,32489,31.725707,0BA,5,1100011000000000000000000000000010111110
33279,32528,31.728767,1C4,8,0000010010110001000111000000000000000000000000000000000010011110
39623,10846,31.733197,0BA,5,0010100100000000000000000000010000101000
4763,32532,31.73438,25,8,0000000000011110000000000000000111110000000100100000000001001110
24970,32533,31.735006,0AA,8,0001111101011100000111110011101000011111010010100001111100101100
9486,32536,31.737206,260,8,0000000000000000000000000000000000000000000000010111011111100010
13421,32537,31.737358,394,3,0
17645,32538,31.738006,226,8,0000000001000101000100000000000000100000000000000000000000000000
957,32539,31.739016,320,8,0000000000100000000000000000000000000000000000000000000001001011
39624,21683,31.740686,0BA,5,0100111100000000000000000000000000101110
12346,32541,31.742748,2C1,8,0000100000000001001000111111111111000100110000000000000001111010
4764,32543,31.743356,25,8,0000000000011110000000000000000100000000000100100000000001011110
29822,32544,31.743595,24,8,0000001000001110000000011100010001000010000001101000000011001001
24971,32545,31.744024,0AA,8,0001111101010101000111110011011000011111010001000001111100100011
15336,32547,31.744749,1C6,8,0000000000000000100000000000001001000010001010111100000000000000
20178,32548,31.744999,0B4,8,0000000000000000000000000000000001011000000001001100101011100010
39625,21686,31.748176,0BA,5,1110000000100010101001000000000000011011
33280,32552,31.748748,1C4,8,0000010010110001000111000000000000000000000000000000000010011110
4765,32555,31.753337,25,8,0000000000011110000000000000000100100000000100100000000001111110
13989,32556,31.753586,38E,8,0
24972,32557,31.754017,0AA,8,0001111101001110000111110011011000011111010000010001111100011111
39626,32519,31.755665,0BA,5,1100011000000000000000000000000010111110
9487,32558,31.757026,260,8,0000000000000000000000000000000000000000000000010111011111100010
35339,12087,31.757784,386,7,11000100000000000000000000000000000000000000000010101011
39627,10852,31.763155,0BA,5,0010100100000000000000000000011100101011
4766,32562,31.763318,25,8,0000000000011110000000000000000101010000000101010000000010110001
29823,32563,31.763555,24,8,0000001000001110000000011100011101000010000010101000000011010000
24973,32564,31.764001,0AA,8,0001111101000011000111110011000100011111001110110001111100011001
20179,32565,31.764982,0B4,8,0000000000000000000000000000000001011100000001001011100111010101
33281,32569,31.768731,1C4,8,0000010010100010000111000000000000000000000000000000000010001111
17646,32571,31.769135,226,8,0000000001000001000100000000000000100000000000000000000000000000
39628,21698,31.770644,0BA,5,0100111100000000000000000000000000101110
12347,32572,31.772727,2C1,8,0000100000000001001010011111111111010100110000000000000010010000
4767,32574,31.773314,25,8,0000000000011110000000000000000101100000000101010000000011000001
24974,32575,31.774,0AA,8,0001111100111011000111110010110000011111001101100001111100001111
34784,32576,31.774248,4DF,8,0010000000000000000000000000000100000000000000000000000000000000
15337,32577,31.774703,1C6,8,0000000000000000100000000000001000100010001010111100000000000000
166,32580,31.775981,3B7,8,1000
9488,32581,31.777061,260,8,0000000000000000000000000000000000000000000000011010010000001111
39629,21702,31.778134,0BA,5,1110000000100010101001000000000000011011
4768,32583,31.783305,25,8,0000000000011111000000000000000110010000000101000000000011110001
29824,32584,31.783547,24,8,0000001000001110000000011101000001000010000010001000000011010111
24975,32585,31.783985,0AA,8,0001111100110101000111110010010000011111001011010001111100000100
20180,32586,31.784956,0B4,8,0000000000000000000000000000000001011100000001001010111011001010
39630,32550,31.785623,0BA,5,1100011000000000000000000000000010111110
958,32588,31.786968,320,8,0000000000100000000000000000000000000000000000000000000001001011
21697,32589,31.78842,443,8,0100110100000010000000000010111100000110000000000000000000000000
33282,32590,31.78871,1C4,8,0000010010100010000111000000000000000000000000000000000010001111
11069,32592,31.789199,620,8,0001000000000000000000000000000000000000000000000000000000000000
39631,10862,31.793113,0BA,5,0010100100000000000000000000010000101000
4769,32595,31.794321,25,8,0000000000011111000000000000000110110000000101000000000000010001
24976,32596,31.794944,0AA,8,0001111100110001000111110001011000011111001001110001111100000010
9489,32599,31.796933,260,8,0000000000000000000000000000000000000000000000011000001111101110
17647,32601,31.797952,226,8,0000000000111100000100000000000000100000000000000000000000000000
39632,21723,31.800603,0BA,5,0100111100000000000000000000000000101110
12348,32603,31.802687,2C1,8,0000100000000001001100001111111111110000110000000000000010110011
4770,32605,31.803309,25,8,0000000000011111000000000000000111010000000101000000000000110001
29825,32606,31.803545,24,8,0000001000001110000000011101001101000010000010001000000011011010
24977,32607,31.803937,0AA,8,0001111100101111000111110001000100011111001000100001111011111111
15338,32608,31.804694,1C6,8,0000000000000000100000000000001000000100001010111100000000000000
20181,32609,31.80494,0B4,8,0000000000000000000000000000000001011100000001001010001110111111
39633,21725,31.808092,0BA,5,1110000000100010101001000000000000011011
33283,32613,31.808695,1C4,8,0000010010011000000111000000000000000000000000000000000010000101
4771,32617,31.813272,25,8,0000000000011111000000000000000111100000000100000000000000111101
13734,32618,31.813519,3A5,8,100000000
24978,32619,31.813953,0AA,8,0001111100100000000111110000100100011111000101100001111011110111
39634,32578,31.815582,0BA,5,1100011000000000000000000000000010111110
9490,32620,31.816843,260,8,0000000000000000000000000000000000000000000000011000001111101110
7837,32621,31.819148,610,8,0010000010000000000011000110010011000000000000000010101101000000
39635,10871,31.823071,0BA,5,0010100100000000000000000000011100101011
4772,32624,31.823276,25,8,0000000000011111000000000000000100000000000100000000000001011101
29826,32625,31.823518,24,8,0000001000001111000000011101001101000010000010001000000011011011
24979,32626,31.823947,0AA,8,0001111100011010000111110000010000011111000100010001111011100101
20182,32628,31.824923,0B4,8,0000000000000000000000000000000001100000000001001001001010110010
16472,32632,31.828337,3F9,8,0111010100011000000000100000001010000000000000000000000000010101
33284,32633,31.82868,1C4,8,0000010010011000000111000000000000000000000000000000000010000101
17648,32634,31.828919,226,8,0000000000110110000100000000000000100000000000000000000000000000
39636,21742,31.830561,0BA,5,0100111100000000000000000000000000101110
31342,32636,31.831131,640,8,1010100000000000000000000011011100000001110111110000000000000000
12349,32637,31.832675,2C1,8,0000100000000001001100111111111111110111110000000000000010111101
4773,32639,31.834282,25,8,0000000000011111000000000000000100010000000100000000000001101101
15339,32640,31.834652,1C6,8,0000000000000000100000000000000111101001001010111100000000000000
24980,32641,31.834905,0AA,8,0001111100010110000111101111110100011111000100010001111011100000
9491,32643,31.836896,260,8,0000000000000000000000000000000000000000000000011010010000001111
959,32644,31.837139,320,8,0000000000100000000000000000000000000000000000000000000001001011
39637,21746,31.83805,0BA,5,1110000000100010101001000000000000011011
43745,2172,31.841576,3BB,5,1010010100000000000000000000000000000000
4774,32647,31.843241,25,8,0000000000011111000000000000000100100000000011100000000001111011
29827,32648,31.843482,24,8,0000001000001111000000011101011101000010000010101000000011100001
35028,32649,31.843727,413,8,0000000100000001000000010000100100000000000000000000000000000000
24981,32650,31.843956,0AA,8,0001111100010001000111101110111000011111000010100001111011100010
20183,32651,31.844905,0B4,8,0000000000000000000000000000000001100000000001001000011110100111
39638,32611,31.84554,0BA,5,1100011000000000000000000000000010111110
33285,32654,31.848669,1C4,8,0000010010010010000111000000000000000000000000000000000001111111
39639,10883,31.853029,0BA,5,0010100100000000000000000000010000101000
4775,32657,31.853237,25,8,0000000000011111000000000000000100110000000011000000000010001001
24982,32658,31.853915,0AA,8,0001111100001010000111101110010100011111000000100001111011010111
9492,32661,31.85663,260,8,0000000000000000000000000000000000000000000000010111011111100010
17649,32663,31.857059,226,8,0000000000110100000100000000000000100000000000000000000000000000
39640,21759,31.860519,0BA,5,0100111100000000000000000000000000101110
12350,32665,31.86263,2C1,8,0000100000000001000111000000000000001100110000000000000010111100
4776,32667,31.863251,25,8,0000000000011111000000000000000101010000000011000000000010101001
29828,32668,31.863489,24,8,0000001000001111000000011101101001000010000010101000000011100100
24983,32669,31.863873,0AA,8,0001111100000010000111101110000000011110111110110001111011001101
15340,32670,31.864638,1C6,8,0000000000000000100000000000000111001001001011001100000000000000
20184,32671,31.864882,0B4,8,0000000000000000000000000000000001100000000001000111011010010110
43553,8178,31.867851,423,2,10101000001111
39641,21764,31.868008,0BA,5,1110000000100010101001000000000000011011
33286,32674,31.868639,1C4,8,0000010010010010000111000000000000000000000000000000000001111111
4777,32677,31.873214,25,8,0000000000011111000000000000000101010000000011000000000010101001
24984,32680,31.87389,0AA,8,0001111011111010000111101101110100011110111100110001111011001001
39642,32642,31.875498,0BA,5,1100011000000000000000000000000010111110
9493,32681,31.87667,260,8,0000000000000000000000000000000000000000000000011000111011111001
39643,10889,31.882988,0BA,5,0010100100000000000000000000011100101011
4778,32684,31.883204,25,8,0000000000011111000000000000000101110000000011000000000011001001
29829,32685,31.883444,24,8,0000001000001111000000011101100001000010000010101000000011100010
24985,32686,31.883878,0AA,8,0001111011110100000111101101011000011110111100010001111011001000
20185,32687,31.884862,0B4,8,0000000000000000000000000000000001100100000001000110010110001001
33287,32691,31.888624,1C4,8,0000010010010000000111000000000000000000000000000000000001111101
17650,32692,31.888862,226,8,0000000000110011000100000000000000100000000000000000000000000000
960,32695,31.889861,320,8,0000000000100000000000000000000000000000000000000000000001001011
31476,32696,31.8901,44D,8,0100001000000010000000000000000000000001000000000000000000000000
39644,21781,31.890477,0BA,5,0100111100000000000000000000000000101110
12351,32697,31.892619,2C1,8,0000100000000001000000110000000000100011110000000000000010111010
4779,32699,31.8932,25,8,0000000000100000000000000000000110010000000010110000000011101001
24986,32700,31.893869,0AA,8,0001111011101110000111101100111100011110111010010001111010111111
15341,32701,31.894597,1C6,8,0000000000000000100000000000000110101001001011001100000000000000
9494,32704,31.896568,260,8,0000000000000000000000000000000000000000000000011001100100000100
39645,21783,31.897967,0BA,5,1110000000100010101001000000000000011011
28066,32705,31.900067,6C0,8,1110010000000000000000001110000010000000000000000000000000000000
4780,32707,31.903182,25,8,0000000000100000000000000000000110010000000010110000000011101001
29830,32708,31.903424,24,8,0000001000010000000000011101011101000010000010001000000011100000
24987,32709,31.903858,0AA,8,0001111011101001000111101100100100011110111001100001111010111000
20186,32710,31.904847,0B4,8,0000000000000000000000000000000001100100000001000101101001111110
39646,32673,31.905456,0BA,5,1100011000000000000000000000000010111110
33288,32713,31.908611,1C4,8,0000010010010000000111000000000000000000000000000000000001111101
39647,10906,31.912946,0BA,5,0010100100000000000000000000010000101000
4781,32716,31.914205,25,8,0000000000100000000000000000000110110000000010110000000000001001
24988,32717,31.91482,0AA,8,0001111011100010000111101100000000011110111000000001111010110011
9495,32719,31.916505,260,8,0000000000000000000000000000000000000000000000010110110011010111
17651,32721,31.917829,226,8,0000000000110011000100000000000000100000000000000000000000000000
39648,21801,31.920435,0BA,5,0100111100000000000000000000000000101110
12352,32723,31.922576,2C1,8,0000100000000001000000000000000000100011110000000000000010110111
4782,32725,31.923195,25,8,0000000000100000000000000000000110110000000010110000000000001001
29831,32726,31.923434,24,8,0000001000001111000000011101100001000010000010101000000011100010
24989,32727,31.923808,0AA,8,0001111011011101000111101011110100011110110110000001111010101110
15342,32728,31.924584,1C6,8,0000000000000000100000000000000110001011001011001100000000000000
20187,32729,31.924822,0B4,8,0000000000000000000000000000000001100100000001000100111101110011
27830,32733,31.927828,420,8,0000000000000000000000000000000011111111000000001000000010101011
39649,21805,31.927925,0BA,5,1110000000100010101001000000000000011011
33289,32735,31.928591,1C4,8,0000010010010010000111000000000000000000000000000000000001111111
4783,32738,31.933156,25,8,0000000000100000000000000000000111000000000010110000000000011001
24990,32739,31.933831,0AA,8,0001111011011000000111101011100000011110110100010001111010101001
961,32740,31.934817,320,8,0000000000100000000000000000000000000000000000000000000001001011
39650,32702,31.935414,0BA,5,1100011000000000000000000000000010111110
9496,32741,31.936497,260,8,0000000000000000000000000000000000000000000000010110110011010111
35179,4030,31.937731,3D3,3,011011000000001000000000
39651,10912,31.942904,0BA,5,0010100100000000000000000000011100101011
4784,32746,31.943148,25,8,0000000000100000000000000000000111000000000010100000000000011000
29832,32747,31.943387,24,8,0000001000001111000000011101100001000010000010101000000011100010
24991,32748,31.943822,0AA,8,0001111011010000000111101011000100011110110011000001111010100000
20188,32749,31.944801,0B4,8,0000000000000000000000000000000001101000000001000100001101101011
7624,32753,31.947997,3BC,8,0
33290,32754,31.948571,1C4,8,0000010010010010000111000000000000000000000000000000000001111111
17652,32755,31.948812,226,8,0000000000110010000100000000000000100000000000000000000000000000
39652,21818,31.950393,0BA,5,0100111100000000000000000000000000101110
12353,32758,31.95256,2C1,8,0000100000000010000000110000000101010011110000000000000011101100
4785,32760,31.953141,25,8,0000000000100000000000000000000111010000000010000000000000100110
24992,32761,31.953812,0AA,8,0001111011001011000111101010100100011110110001000001111010011001
15343,32762,31.954542,1C6,8,0000000000000000100000000000000110001011001011001100000000000000
9497,32765,31.956473,260,8,0000000000000000000000000000000000000000000000010110000111001100
43430,308,31.957578,3000000.0,6,000010000000000000000000000000000000000000101000
39653,21822,31.957883,0BA,5,1110000000100010101001000000000000011011
4786,32767,31.963154,25,8,0000000000100000000000000000000111010000000001110000000000100101
29833,32768,31.963394,24,8,0000001000001111000000011101100001000010000010001000000011100000
24993,32769,31.963768,0AA,8,0001111011000101000111101010000100011110101110100001111010010110
20189,32770,31.964784,0B4,8,0000000000000000000000000000000001101000000001000011100001100000
31601,32771,31.965029,633,8,1000000100000000000000000000000000000000000000000000000000000000
39654,32732,31.965373,0BA,5,1100011000000000000000000000000010111110
13862,32773,31.967017,4C6,8,0000011100000000000000110000000000000000000000000000000000000000
33291,32774,31.968592,1C4,8,0000010010010010000111000000000000000000000000000000000001111111
39655,10923,31.972862,0BA,5,0010100100000000000000000000010000101000
27891,32777,31.97317,4DC,8,0001110100000000000000000000000000000000000000000000000000000000
4787,32779,31.974146,25,8,0000000000100000000000000000000111010000000001100000000000100100
24994,32780,31.974773,0AA,8,0001111010111110000111101001110000011110101110000001111010010010
9498,32782,31.976414,260,8,0000000000000000000000000000000000000000000000010010100010010011
17653,32784,31.977773,226,8,0000000000110010000100000000000000100000000000000000000000000000
39656,21840,31.980352,0BA,5,0100111100000000000000000000000000101110
12354,32786,31.982521,2C1,8,0000100000000000101000000000000010100011110000000000000011010110
4788,32788,31.983108,25,8,0000000000100000000000000000000111010000000001010000000000100011
29834,32789,31.983348,24,8,0000001000010000000000011101100001000010000001101000000011011111
24995,32790,31.98378,0AA,8,0001111010111001000111101001011000011110101101010001111010001101
15344,32791,31.984532,1C6,8,0000000000000000100000000000000110111111001010111100000000000000
20190,32792,31.984771,0B4,8,0000000000000000000000000000000001101000000001000010110101010101
962,32795,31.987766,320,8,0000000000100000000000000000000000000000000000000000000001001011
39657,21843,31.987841,0BA,5,1110000000100010101010000000000000011111
33292,32797,31.988525,1C4,8,0000010010100001000111000000000000000000000000000000000010001110
14123,32800,31.98998,442,8,0100001100000010000000000000000000000010000000000000000000000000
4789,32802,31.993096,25,8,0000000000100000000000000000000111010000000001010000000000100011
24996,32803,31.993772,0AA,8,0001111010110011000111101000111100011110101011100001111010000111
1555,32804,31.994258,6F3,8,0010000000000000000000000000000000000000000000000000000000000000
39658,32763,31.995331,0BA,5,1100011000000000000000000000000010111110
9499,32806,31.9964,260,8,0000000000000000000000000000000000000000000000010001000001111011
39659,10933,32.00282,0BA,5,0010100100000000000000000000011100101011
4790,32810,32.003114,25,8,0000000000100000000000000000000111010000000001000000000000100010
29835,32811,32.003353,24,8,0000001000001111000000011101101001000010000001101000000011100000
24997,32812,32.003736,0AA,8,0001111010101100000111101000101000011110101001100001111010000001
20191,32814,32.004745,0B4,8,0000000000000000000000000000000001101100000001000001110001001000
13548,32818,32.007939,399,8,0000000000000000000000000000000000000000111111110000000000000000
33293,32819,32.00851,1C4,8,0000010010100001000111000000000000000000000000000000000010001110
17654,32820,32.008752,226,8,0000000000110010000100000000000000100000000000000000000000000000
39660,21864,32.01031,0BA,5,0100111100000000000000000000000000101110
11196,32822,32.01238,39A,8,0000000000000000000000000000000100000000000000000000000000000000
12355,32823,32.012614,2C1,8,0000100000000000100101100000000010101100110000000000000011010101
4791,32825,32.013197,25,8,0000000000100000000000000000000111010000000001000000000000100010
24998,32826,32.013751,0AA,8,0001111010100111000111101000011000011110101000010001111001111110
15345,32827,32.014486,1C6,8,0000000000000000100000000000000111101111001010101100000000000000
9500,32829,32.016363,260,8,0000000000000000000000000000000000000000000000010000010001101111
39661,21867,32.017799,0BA,5,1110000000100010101001000000000000011011
4792,32832,32.023097,25,8,0000000000100000000000000000000111010000000000110000000000100001
29836,32833,32.023336,24,8,0000001000001111000000011101100001000010000001101000000011011110
24999,32834,32.023715,0AA,8,0001111010011111000111101000000000011110100111010001111001111001
20192,32835,32.024724,0B4,8,0000000000000000000000000000000001101100000001000001000100111101
39662,32794,32.025289,0BA,5,1100011000000000000000000000000010111110
32,32837,32.028301,3B1,8,0000000000000000000000100000101000000000000010000000000000000000
33294,32838,32.028559,1C4,8,0000010010110110000111000000000000000000000000000000000010100011
39663,10944,32.032778,0BA,5,0010100100000000000000000000010000101000
4793,32841,32.033064,25,8,0000000000100000000000000000000111010000000000110000000000100001
25000,32842,32.033731,0AA,8,0001111010011101000111100111100100011110100101010001111001101110
9501,32845,32.03629,260,8,0000000000000000000000000000000000000000000000010000010001101111
13422,32846,32.03644,394,3,0
17655,32847,32.036716,226,8,0000000000110010000100000000000000100000000000000000000000000000
963,32849,32.037718,320,8,0000000000100000000000000000000000000000000000000000000001001011
39664,21879,32.040268,0BA,5,0100111100000000000000000000000000101110
12356,32850,32.042466,2C1,8,0000100000000000010110010000000001010000110000000000000000111100
4794,32852,32.043049,25,8,0000000000100000000000000000000111010000000000110000000000100001
29837,32853,32.043296,24,8,0000001000001111000000011101100001000010000001011000000011011101
25001,32854,32.043721,0AA,8,0001111010010100000111100111000100011110100011100001111001101011
15346,32855,32.04447,1C6,8,0000000000000000100000000000001000011011001010011100000000000000
20193,32856,32.044712,0B4,8,0000000000000000000000000000000001101100000001000000010100110001
39665,21884,32.047758,0BA,5,1110000000100010101001000000000000011011
33295,32860,32.04848,1C4,8,0000010010110110000111000000000000000000000000000000000010100011
4795,32864,32.054068,25,8,0000000000100000000000000000000111010000000000110000000000100001
25002,32866,32.054782,0AA,8,0001111010001100000111100110110000011110100001100001111001101001
39666,32828,32.055247,0BA,5,1100011000000000000000000000000010111110
9502,32867,32.056305,260,8,0000000000000000000000000000000000000000000000010000010001101111
39667,10951,32.062737,0BA,5,0010100100000000000000000000011100101011
4796,32870,32.06303,25,8,0000000000100000000000000000000111010000000000100000000000100000
29838,32871,32.063269,24,8,0000001000001111000000011101100001000010000001011000000011011101
25003,32872,32.063703,0AA,8,0001111010000101000111100110100000011110100000010001111001100100
20194,32873,32.064684,0B4,8,0000000000000000000000000000000001101100000000111111101000100101
33296,32878,32.068457,1C4,8,0000010011010010000111000000000000000000000000000000000010111111
17656,32879,32.068714,226,8,0000000000110010000100000000000000100000000000000000000000000000
39668,21901,32.070226,0BA,5,0100111100000000000000000000000000101110
12357,32882,32.072451,2C1,8,0000100011111111111101110000000000010110110000000000000010011111
4797,32884,32.073035,25,8,0000000000100000000000000000000111010000000000100000000000100000
25004,32885,32.073695,0AA,8,0001111001111111000111100110001100011110011111110001111001010111
15347,32886,32.074432,1C6,8,0000000000000000100000000000001001010000001010001100000000000000
167,32888,32.075683,3B7,8,1000
9503,32889,32.076196,260,8,0000000000000000000000000000000000000000000000010001000001111011
39669,21905,32.077716,0BA,5,1110000000100010100111000000000000010011
16473,32890,32.078509,3F9,8,0111010100011000000000100000001010000000000000000000000000010101
4798,32892,32.083009,25,8,0000000000100000000000000000000111010000000000100000000000100000
29839,32893,32.083247,24,8,0000001000001111000000011101011101000010000000111000000011011010
25005,32894,32.083681,0AA,8,0001111001111010000111100101110100011110011110000001111001010010
20195,32895,32.084673,0B4,8,0000000000000000000000000000000001110000000000111110100100011000
39670,32858,32.085205,0BA,5,1100011000000000000000000000000010111110
964,32898,32.086668,320,8,0000000000100000000000000000000000000000000000000000000001001011
21698,32899,32.088145,443,8,0100110100000010000000000010111100000110000000000000000000000000
33297,32900,32.08844,1C4,8,0000010011010010000111000000000000000000000000000000000010111111
11070,32902,32.088848,620,8,0001000000000000000000000000000000000000000000000000000000000000
39671,10970,32.092695,0BA,5,0010100100000000000000000000010000101000
4799,32904,32.094029,25,8,0000000000100000000000000000000111010000000000100000000000100000
25006,32905,32.094645,0AA,8,0001111001110100000111100101011000011110011011100001111001010000
9504,32907,32.096024,260,8,0000000000000000000000000000000000000000000000010000010001101111
17657,32909,32.097656,226,8,0000000000110010000100000000000000100000000000000000000000000000
39672,21924,32.100184,0BA,5,0100111100000000000000000000000000101110
12358,32912,32.102579,2C1,8,0000100011111111110101111111111111011101110000000000000001000101
4800,32914,32.103161,25,8,0000000000100000000000000000000111010000000000100000000000100000
29840,32915,32.103401,24,8,0000001000001110000000011101100001000010000001011000000011011100
25007,32916,32.103636,0AA,8,0001111001101100000111100100111100011110011010010001111001001011
15348,32917,32.104422,1C6,8,0000000000000000100000000000001010000001001001111100000000000000
20196,32918,32.104669,0B4,8,0000000000000000000000000000000001110000000000111101111000001101
39673,21927,32.107674,0BA,5,1110000000100010101000000000000000010111
33298,32921,32.108416,1C4,8,0000010011101010000111000000000000000000000000000000000011010111
4801,32924,32.114009,25,8,0000000000100000000000000000000111010000000000100000000000100000
25008,32925,32.114622,0AA,8,0001111001100110000111100100100100011110011001100001111001000001
39674,32887,32.115163,0BA,5,1100011000000000000000000000000010111110
9505,32926,32.11595,260,8,0000000000000000000000000000000000000000000000010000010001101111
39675,10977,32.122653,0BA,5,0010100100000000000000000000011100101011
4802,32932,32.122971,25,8,0000000000100000000000000000000111010000000000100000000000100000
29841,32933,32.123211,24,8,0000001000001110000000011101100001000010000001011000000011011100
25009,32934,32.123641,0AA,8,0001111001100001000111100100001100011110011000010001111000111010
20197,32935,32.124632,0B4,8,0000000000000000000000000000000001110000000000111101001100000010
33299,32939,32.128397,1C4,8,0000010011101010000111000000000000000000000000000000000011010111
17658,32940,32.128639,226,8,0000000000110010000100000000000000100000000000000000000000000000
39676,21938,32.130142,0BA,5,0100111100000000000000000000000000101110
12359,32943,32.132395,2C1,8,0000100011111111110111011111111111100100110000000000000001010010
4803,32945,32.132981,25,8,0000000000100000000000000000000111010000000000100000000000100000
25010,32946,32.133635,0AA,8,0001111001011011000111100011111000011110010101110001111000110101
15349,32947,32.134374,1C6,8,0000000000000000100000000000001010101110001001101100000000000000
965,32950,32.13562,320,8,0000000000100000000000000000000000000000000000000000000001001011
9506,32951,32.135985,260,8,0000000000000000000000000000000000000000000000010010100010010011
39677,21943,32.137632,0BA,5,1110000000100010101001000000000000011011
43746,31907,32.139161,3BB,5,0111000000000001000000001010010100000000
4804,32953,32.14295,25,8,0000000000100000000000000000000111010000000000100000000000100000
29842,32954,32.143188,24,8,0000001000001110000000011101011101000010000001011000000011011011
25011,32955,32.143621,0AA,8,0001111001010010000111100011100000011110010011010001111000110001
20198,32956,32.144605,0B4,8,0000000000000000000000000000000001110100000000111100100011111011
39678,32920,32.145122,0BA,5,1100011000000000000000000000000010111110
33300,32959,32.148396,1C4,8,0000010011111010000111000000000000000000000000000000000011100111
34876,32961,32.149047,3C3,8,0100011000011110100101000100111011101110010110010000001110001000
39679,10988,32.152611,0BA,5,0010100100000000000000000000010000101000
4805,32964,32.152944,25,8,0000000000100000000000000000000111010000000000010000000000011111
25012,32965,32.15361,0AA,8,0001111001001011000111100011000100011110010010010001111000101010
9507,32968,32.155895,260,8,0000000000000000000000000000000000000000000000010010100010010011
17659,32969,32.156594,226,8,0000000000110011000100000000000000100000000000000000000000000000
39680,21963,32.160101,0BA,5,0100111100000000000000000000000000101110
12360,32970,32.162356,2C1,8,0000100011111111110000001111111110111101110000000000000000001110
4806,32972,32.162961,25,8,0000000000100000000000000000000111100000000000010000000000101111
29843,32973,32.163198,24,8,0000001000001110000000011101010101000010000001011000000011011001
25013,32974,32.163577,0AA,8,0001111001000101000111100010100100011110010001000001111000100100
15350,32975,32.164362,1C6,8,0000000000000000100000000000001011000000001001011100000000000000
20199,32976,32.164602,0B4,8,0000000000000000000000000000000001110100000000111011110011101111
39681,21965,32.16759,0BA,5,1110000000100010101001000000000000011011
33301,32980,32.168366,1C4,8,0000010011111010000111000000000000000000000000000000000011100111
4807,32983,32.172928,25,8,0000000000100000000000000000000111100000000000010000000000101111
25014,32984,32.173589,0AA,8,0001111000111101000111100010001000011110001111110001111000011100
39682,32948,32.17508,0BA,5,1100011000000000000000000000000010111110
9508,32985,32.175826,260,8,0000000000000000000000000000000000000000000000010011010010011111
39683,10997,32.182569,0BA,5,0010100100000000000000000000011100101011
4808,32989,32.182915,25,8,0000000000100000000000000000000111110000000000010000000000111111
29844,32990,32.183152,24,8,0000001000001110000000011101010101000010000000111000000011010111
25015,32991,32.183579,0AA,8,0001111000110110000111100001101100011110001101110001111000010101
20200,32994,32.184567,0B4,8,0000000000000000000000000000000001110100000000111010101111011110
7685,32998,32.187752,611,8,0010000100000000000000000001000000000000000000000011110101101100
33302,32999,32.188351,1C4,8,0000010011111100000111000000000000000000000000000000000011101001
17660,33000,32.188589,226,8,0000000000110011000100000000000000100000000000000000000000000000
31477,33002,32.189532,44D,8,0100001000000010000000000000000000000001000000000000000000000000
966,33003,32.189777,320,8,0000000000100000000000000000000000000000000000000000000001001011
39684,21985,32.190059,0BA,5,0100111100000000000000000000000000101110
12361,33004,32.192339,2C1,8,0000100011111111110001001111111111001101110000000000000000100010
4809,33006,32.193935,25,8,0000000000100000000000000000000100000000000000010000000001001111
15351,33007,32.194318,1C6,8,0000000000000000100000000000001011000110001001001100000000000000
25016,33008,32.194544,0AA,8,0001111000101111000111100001011000011110001011010001111000010010
9509,33011,32.195809,260,8,0000000000000000000000000000000000000000000000010100101110110110
35180,32785,32.197387,3D3,3,111001010000000011101000
39685,21990,32.197548,0BA,5,1110000000100010101001000000000000011011
28067,33013,32.199273,6C0,8,1110010000000000000000001110000010000000000000000000000000000000
4810,33016,32.202918,25,8,0000000000100000000000000000000100010000000000010000000001011111
29845,33017,32.203157,24,8,0000001000001101000000011101001101000010000000111000000011010100
43554,32272,32.203302,423,2,1000100000000
25017,33018,32.203535,0AA,8,0001111000101010000111100001001000011110001001100001111000001011
20201,33019,32.204546,0B4,8,0000000000000000000000000000000001110100000000111001101111001110
39686,32978,32.205038,0BA,5,1100011000000000000000000000000010111110
33303,33021,32.208332,1C4,8,0000010011111100000111000000000000000000000000000000000011101001
39687,11011,32.212527,0BA,5,0010100100000000000000000000010000101000
4811,33024,32.212883,25,8,0000000000100000000000000000000100100000000000010000000001101111
25018,33025,32.213557,0AA,8,0001111000100100000111100000110100011110001000010001111000000010
9510,33028,32.215791,260,8,0000000000000000000000000000000000000000000000010100101110110110
17661,33029,32.216536,226,8,0000000000110101000100000000000000100000000000000000000000000000
39688,22002,32.220017,0BA,5,0100111100000000000000000000000000101110
12362,33031,32.222303,2C1,8,0000100011111111110000001111111111000100110000000000000000010101
4812,33033,32.2229,25,8,0000000000100000000000000000000101000000000010000000000010010110
29846,33034,32.223135,24,8,0000001000001101000000011101010101000010000001011000000011011000
25019,33035,32.223517,0AA,8,0001111000011101000111100000101100011110000110010001110111111110
15352,33036,32.224305,1C6,8,0000000000000000100000000000001011001100001000111100000000000000
20202,33037,32.224543,0B4,8,0000000000000000000000000000000001111000000000111001010111001100
39689,22006,32.227507,0BA,5,1110000000100010101001000000000000011011
33304,33040,32.228313,1C4,8,0000010100000010000111000000000000000000000000000000000011110000
4813,33043,32.23286,25,8,0000000000100000000000000000000101010000000010000000000010100110
25020,33045,32.233536,0AA,8,0001111000011001000111100000000100011110000100000001110111110111
967,33046,32.234523,320,8,0000000000100000000000000000000000000000000000000000000001001011
39690,33010,32.234996,0BA,5,1100011000000000000000000000000010111110
9511,33047,32.235749,260,8,0000000000000000000000000000000000000000000000010110000111001100
39691,11016,32.242486,0BA,5,0010100100000000000000000000011100101011
4814,33050,32.242854,25,8,0000000000100000000000000000000101100000000010000000000010110110
29847,33051,32.243109,24,8,0000001000001101000000011101011101000010000001011000000011011010
25021,33052,32.243528,0AA,8,0001111000010100000111011111100100011110000011010001110111110010
20203,33053,32.244508,0B4,8,0000000000000000000000000000000001111000000000111000101011000001
33305,33057,32.248312,1C4,8,0000010100000010000111000000000000000000000000000000000011110000
17662,33058,32.248624,226,8,0000000000110101000100000000000000100000000000000000000000000000
39692,22026,32.249975,0BA,5,0100111100000000000000000000000000101110
12363,33063,32.252287,2C1,8,0000100011111111110010101111111111000100110000000000000000011111
4815,33065,32.252864,25,8,0000000000100001000000000000000110010000000011100000000011101101
25022,33066,32.253523,0AA,8,0001111000010000000111011111010000011110000010010001110111101101
15353,33067,32.25426,1C6,8,0000000000000000100000000000001011001100001000111100000000000000
9512,33069,32.255752,260,8,0000000000000000000000000000000000000000000000010110000111001100
39693,22028,32.257465,0BA,5,1110000000100010101001000000000000011011
4816,33072,32.262841,25,8,0000000000100001000000000000000111000000000011100000000000011101
29848,33073,32.263075,24,8,0000001000001100000000011101010101000010000000111000000011010101
25023,33074,32.263506,0AA,8,0001111000001011000111011110111100011110000000010001110111100011
20204,33075,32.264488,0B4,8,0000000000000000000000000000000001111000000000110111100110110000
39694,33039,32.264954,0BA,5,1100011000000000000000000000000010111110
33306,33078,32.268276,1C4,8,0000010100000100000111000000000000000000000000000000000011110010
39695,11032,32.272444,0BA,5,0010100100000000000000000000010000101000
4817,33081,32.272818,25,8,0000000000100001000000000000000111010000000011100000000000101101
25024,33082,32.273502,0AA,8,0001111000000001000111011110100000011101111110000001110111011111
9513,33085,32.275686,260,8,0000000000000000000000000000000000000000000000011000001111101110
17663,33086,32.276482,226,8,0000000000110101000100000000000000100000000000000000000000000000
39696,22047,32.279933,0BA,5,0100111100000000000000000000000000101110
12364,33087,32.282245,2C1,8,0000100011111111110001111111111110111101110000000000000000010101
4818,33090,32.283036,25,8,0000000000100001000000000000000100000000000101000000000001100011
29849,33091,32.28327,24,8,0000001000001100000000011101010101000010000000111000000011010101
25025,33092,32.283502,0AA,8,0001110111111001000111011110010000011101111100000001110111011000
15354,33093,32.284251,1C6,8,0000000000000000100000000000001011000011001000111100000000000000
20205,33094,32.284491,0B4,8,0000000000000000000000000000000001111000000000110110111010100101
39697,22052,32.287423,0BA,5,1110000000100010101010000000000000011111
968,33097,32.287471,320,8,0000000000100000000000000000000000000000000000000000000001001011
33307,33098,32.288256,1C4,8,0000010100000100000111000000000000000000000000000000000011110010
14124,33100,32.289456,442,8,0100001100000010000000000000000000000010000000000000000000000000
31276,33101,32.289724,4A6,8,0000000000000000000000000000000000000000000100000000000000000000
4819,33103,32.292802,25,8,0000000000100001000000000000000100110000000110100000000010011001
25026,33104,32.293478,0AA,8,0001110111110100000111011101110000011101111011010001110111010001
39698,33068,32.294912,0BA,5,1100011000000000000000000000000010111110
9514,33106,32.295628,260,8,0000000000000000000000000000000000000000000000011000001111101110
39699,11038,32.302402,0BA,5,0010100100000000000000000000011100101011
4820,33110,32.302786,25,8,0000000000100001000000000000000101100000000110100000000011001001
29850,33111,32.303034,24,8,0000001000001100000000011101011101000010000000111000000011010111
25027,33112,32.303466,0AA,8,0001110111110011000111011101011000011101111010000001110111001100
20206,33113,32.30445,0B4,8,0000000000000000000000000000000001111100000000110110001010011101
33308,33117,32.308234,1C4,8,0000010011111110000111000000000000000000000000000000000011101011
17664,33118,32.308523,226,8,0000000000110100000100000000000000100000000000000000000000000000
39700,22065,32.309892,0BA,5,0100111100000000000000000000000000101110
12365,33120,32.31223,2C1,8,0000100011111111110001111111111111000100110000000000000000011100
4821,33122,32.312808,25,8,0000000000100010000000000000000110010000000110100000000011111010
25028,33123,32.313453,0AA,8,0001110111101110000111011101010000011101111000110001110111001010
15355,33125,32.314313,1C6,8,0000000000000000100000000000001010111010001000101100000000000000
9515,33128,32.315559,260,8,0000000000000000000000000000000000000000000000011001100100000100
39701,22069,32.317381,0BA,5,1110000000100010101010000000000000011111
7838,33129,32.319417,610,8,0010000000000000000010010110010011000000000000000010101101000000
4822,33131,32.322799,25,8,0000000000100010000000000000000111010000000110100000000000111010
29851,33132,32.323033,24,8,0000001000001101000000011101100001000010000000111000000011011001
25029,33133,32.323416,0AA,8,0001110111100110000111011100110100011101110110010001110111000011
20207,33135,32.324524,0B4,8,0000000000000000000000000000000001111100000000110101011110010010
39702,33096,32.324871,0BA,5,1100011000000000000000000000000010111110
16474,33137,32.327874,3F9,8,0111010100011000000000100000001010000000000000000000000000010101
33309,33138,32.32821,1C4,8,0000010011111110000111000000000000000000000000000000000011101011
39703,11047,32.33236,0BA,5,0010100100000000000000000000010000101000
4823,33142,32.333789,25,8,0000000000100010000000000000000100010000001000110000000010000011
25030,33143,32.334408,0AA,8,0001110111011111000111011100001100011101110101000001110110111001
9516,33145,32.335593,260,8,0000000000000000000000000000000000000000000000011010111100011010
13423,33146,32.335746,394,3,0
17665,33148,32.337419,226,8,0000000000110100000100000000000000100000000000000000000000000000
969,33149,32.33842,320,8,0000000000100000000000000000000000000000000000000000000001001011
39704,22085,32.33985,0BA,5,0100111100000000000000000000000000101110
12366,33150,32.342188,2C1,8,0000100011111111110001111111111111000000110000000000000000011000
4824,33152,32.342764,25,8,0000000000100010000000000000000101000000001000110000000010110011
29852,33153,32.343,24,8,0000001000001101000000011101101001000010000000111000000011011011
25031,33154,32.343426,0AA,8,0001110111011100000111011011101100011101110100010001110110110110
15356,33155,32.344192,1C6,8,0000000000000000100000000000001010110001001000101100000000000000
20208,33156,32.344434,0B4,8,0000000000000000000000000000000001111100000000110101000110001100
39705,22087,32.347339,0BA,5,1110000000100010101010000000000000011111
33310,33161,32.348197,1C4,8,0000010011110111000111000000000000000000000000000000000011100100
4825,33164,32.352742,25,8,0000000000100011000000000000000110010000001010010000000000001010
25032,33165,32.353415,0AA,8,0001110111010100000111011011011100011101110010110001110110110001
39706,33126,32.354829,0BA,5,1100011000000000000000000000000010111110
9517,33166,32.355319,260,8,0000000000000000000000000000000000000000000000011011101000100101
35340,31809,32.356987,386,7,01010100000000000000000000000000000000000000000000000000
13924,33167,32.35837,622,8,0001001000000000000000000000000000000000000000000000000000000000
39707,11057,32.362318,0BA,5,0010100100000000000000000000011100101011
4826,33170,32.362757,25,8,0000000000100011000000000000000111010000001010010000000001001010
29853,33171,32.362998,24,8,0000001000001101000000011101110001000010000001011000000011011111
25033,33172,32.363375,0AA,8,0001110111001111000111011011000100011101110001010001110110101011
20209,33174,32.364482,0B4,8,0000000000000000000000000000000001111100000000110100011010000001
33311,33178,32.368181,1C4,8,0000010011110111000111000000000000000000000000000000000011100100
17666,33179,32.36847,226,8,0000000000110100000100000000000000100000000000000000000000000000
39708,22105,32.369808,0BA,5,0100111100000000000000000000000000101110
12367,33181,32.372178,2C1,8,0000100011111111110001111111111111000000110000000000000000011000
4827,33183,32.372754,25,8,0000000000100011000000000000000100100000001100100000000010100011
25034,33184,32.373393,0AA,8,0001110111001000000111011010101000011101110000110001110110100111
15357,33185,32.374152,1C6,8,0000000000000000100000000000001010011101001000101100000000000000
9518,33187,32.37533,260,8,0000000000000000000000000000000000000000000000011110011101010010
168,33188,32.375578,3B7,8,1000
39709,22109,32.377297,0BA,5,1110000000100010101010000000000000011111
4828,33192,32.382724,25,8,0000000000100100000000000000000110010000001111000000000000011110
29854,33193,32.382962,24,8,0000001000001101000000011101110001000010000001101000000011100000
25035,33194,32.383386,0AA,8,0001110111000011000111011010010100011101101110110001110110100000
20210,33195,32.384371,0B4,8,0000000000000000000000000000000010000000000000110011101101111010
39710,33158,32.384787,0BA,5,1100011000000000000000000000000010111110
970,33197,32.386374,320,8,0000000000100000000000000000000000000000000000000000000001001011
21699,33198,32.387857,443,8,0100110100000010000000000010111100000110000000000000000000000000
33312,33199,32.388196,1C4,8,0000010011110010000111000000000000000000000000000000000011011111
11071,33201,32.38862,620,8,0001000000000000000000000000000000000000000000000000000000000000
39711,11070,32.392277,0BA,5,0010100100000000000000000000010000101000
4829,33204,32.393735,25,8,0000000000100100000000000000000111110000001101100000000001111000
25036,33205,32.394348,0AA,8,0001110110111010000111011001111000011101101101000001110110011011
9519,33206,32.395226,260,8,0000000000000000000000000000000000000000000000011111111001101001
17667,33210,32.397358,226,8,0000000000110100000100000000000000100000000000000000000000000000
39712,22122,32.399766,0BA,5,0100111100000000000000000000000000101110
12368,33212,32.402131,2C1,8,0000100011111111110011011111111111011010110000000000000000111000
4830,33214,32.40271,25,8,0000000000100100000000000000000101000000001101110000000011001001
29855,33215,32.402948,24,8,0000001000001101000000011101101001000010000010001000000011100000
31662,33216,32.403194,389,8,0000000000100000000000000000000000000000000000000000000000000000
25037,33217,32.403424,0AA,8,0001110110110010000111011001100100011101101011110001110110010111
15358,33218,32.404141,1C6,8,0000000000000000100000000000001010001011001000011100000000000000
20211,33219,32.404387,0B4,8,0000000000000000000000000000000010000000000000110011000001101111
39713,22129,32.407256,0BA,5,1110000000100010101010000000000000011111
33313,33222,32.408146,1C4,8,0000010011110010000111000000000000000000000000000000000011011111
4831,33225,32.412685,25,8,0000000000100101000000000000000111000000010001100000000001011001
25038,33226,32.41335,0AA,8,0001110110101111000111011001011000011101101010110001110110010000
39714,33186,32.414745,0BA,5,1100011000000000000000000000000010111110
9520,33228,32.41522,260,8,0000000000000000000000000000000000000000000000100001010010000000
39715,11074,32.422235,0BA,5,0010100100000000000000000000011100101011
4832,33231,32.422666,25,8,0000000000100101000000000000000100110000010001100000000011001001
29856,33232,32.422947,24,8,0000001000001101000000011101110001000010000001101000000011100000
25039,33233,32.423345,0AA,8,0001110110101100000111011001000000011101101000100001110110001100
20212,33234,32.42433,0B4,8,0000000000000000000000000000000010000000000000110001111101011110
33314,33239,32.428125,1C4,8,0000010011101000000111000000000000000000000000000000000011010101
17668,33240,32.428364,226,8,0000000000110100000100000000000000100000000000000000000000000000
39716,22148,32.429724,0BA,5,0100111100000000000000000000000000101110
13669,33243,32.430779,4B7,8,1111001111011111001000101111000000010000111010100000000100001000
12369,33244,32.432116,2C1,8,0000100011111111110001111111111111010100110000000000000000101100
4833,33246,32.432695,25,8,0000000000100110000000000000000110110000010001100000000001001010
25040,33247,32.433333,0AA,8,0001110110100101000111011000110000011101100111100001110110000101
15359,33248,32.434094,1C6,8,0000000000000000100000000000001001111010001000011100000000000000
9521,33250,32.435181,260,8,0000000000000000000000000000000000000000000000100000100101110101
971,33251,32.435427,320,8,0000000000100000000000000000000000000000000000000000000001001011
43747,1105,32.436746,3BB,5,1011101100000000000000000000000000100110
39717,22152,32.437214,0BA,5,1110000000100010101010000000000000011111
4834,33253,32.442678,25,8,0000000000100110000000000000000100110000010100000000000011010100
29857,33254,32.442927,24,8,0000001000001100000000011101101001000010000001101000000011011101
25041,33255,32.443301,0AA,8,0001110110011111000111011000011100011101100110010001110101111101
20213,33257,32.44431,0B4,8,0000000000000000000000000000000010000000000000110001100101011000
39718,33221,32.444703,0BA,5,1100011000000000000000000000000010111110
33315,33261,32.44819,1C4,8,0000010011101000000111000000000000000000000000000000000011010101
39719,11092,32.452193,0BA,5,0010100100000000000000000000010000101000
4835,33265,32.453786,25,8,0000000000100111000000000000000111010000010100010000000001110110
25042,33266,32.454284,0AA,8,0001110110010101000111011000001000011101100100010001110101111001
9522,33267,32.455092,260,8,0000000000000000000000000000000000000000000000100010101010010110
35181,4096,32.457043,3D3,3,011011000000001000000000
17669,33270,32.4573,226,8,0000000000110010000100000000000000100000000000000000000000000000
39720,22170,32.459682,0BA,5,0100111100000000000000000000000000101110
12370,33271,32.462076,2C1,8,0000100011111111110001111111111111000111110000000000000000011111
4836,33274,32.462687,25,8,0000000000100111000000000000000101010000010110000000000011111101
29858,33275,32.462927,24,8,0000001000001101000000011101110001000010000001101000000011100000
293,33276,32.463173,38F,8,0000000100000000000000000000000000000000000000000000000000000000
25043,33277,32.463403,0AA,8,0001110110010001000111010111111000011101100011010001110101110010
15360,33278,32.464078,1C6,8,0000000000000000100000000000001001100111001000011100000000000000
20214,33279,32.464319,0B4,8,0000000000000000000000000000000010000000000000110000111001001101
39721,22176,32.467172,0BA,5,1110000000100010101010000000000000011111
33316,33282,32.468142,1C4,8,0000010011100001000111000000000000000000000000000000000011001110
4837,33285,32.472626,25,8,0000000000101000000000000000000111110000010110100000000010100000
25044,33286,32.473292,0AA,8,0001110110001111000111010111011000011101100010000001110101101110
39722,33249,32.474662,0BA,5,1100011000000000000000000000000010111110
9523,33287,32.475074,260,8,0000000000000000000000000000000000000000000000100100110010111000
39723,11098,32.482151,0BA,5,0010100100000000000000000000011100101011
4838,33291,32.482611,25,8,0000000000101001000000000000000110010000010110100000000001000001
29859,33292,32.482867,24,8,0000001000001101000000011101111001000010000010001000000011100100
25045,33293,32.483286,0AA,8,0001110110000111000111010111000100011101100001110001110101100111
20215,33294,32.484272,0B4,8,0000000000000000000000000000000010000100000000110000001101000110
33317,33298,32.488115,1C4,8,0000010011100001000111000000000000000000000000000000000011001110
17670,33299,32.488303,226,8,0000000000110001000100000000000000100000000000000000000000000000
31478,33302,32.488819,44D,8,0100001000000010000000000000000000000001000000000000000000000000
972,33303,32.489266,320,8,0000000000100000000000000000000000000000000000000000000001001011
39724,22189,32.489641,0BA,5,0100111100000000000000000000000000101110
12371,33304,32.492058,2C1,8,0000100011111111110010101111111111000111110000000000000000100010
4839,33306,32.492638,25,8,0000000000101001000000000000000100100000010110100000000011010001
34726,33307,32.492892,380,8,0
25046,33309,32.493337,0AA,8,0001110110000011000111010110101000011101100000000001110101100010
15361,33310,32.494034,1C6,8,0000000000000000100000000000001001010010001000011100000000000000
9524,33312,32.495118,260,8,0000000000000000000000000000000000000000000000100101011111000011
39725,22193,32.49713,0BA,5,1110000000100010101010000000000000011111
28068,33316,32.498479,6C0,8,1110010000000000000000001110000010000000000000000000000000000000
4840,33318,32.50262,25,8,0000000000101010000000000000000111010000011001000000000010001100
29860,33319,32.502857,24,8,0000001000001100000000011101110001000010000010001000000011100001
25047,33320,32.503237,0AA,8,0001110110000000000111010110101000011101011101100001110101011010
20216,33321,32.504246,0B4,8,0000000000000000000000000000000010000100000000101111011100111001
39726,33281,32.50462,0BA,5,1100011000000000000000000000000010111110
33318,33323,32.508138,1C4,8,0000010011100000000111000000000000000000000000000000000011001101
11257,33326,32.509955,4C8,8,0000100100000000000000000000000000000000000000000000000000000000
39727,11109,32.512109,0BA,5,0010100100000000000000000000010000101000
4841,33329,32.512581,25,8,0000000000101010000000000000000101110000011001000000000000101100
25048,33330,32.513261,0AA,8,0001110110000000000111010110111000011101011101000001110101011000
9525,33332,32.515046,260,8,0000000000000000000000000000000000000000000000100110110111011001
17671,33334,32.516241,226,8,0000000000010011000100000000000000100000000000000000000000000000
39728,22211,32.519599,0BA,5,0100111100000000000000000000000000101110
12372,33336,32.522089,2C1,8,0000100011111111110010101111111111010000110000000000000000101011
4842,33338,32.522597,25,8,0000000000101011000000000000000100100000011001000000000011011101
29861,33339,32.522834,24,8,0000001000001100000000011110000101000010000010001000000011100110
25049,33340,32.523218,0AA,8,0001110110001100000111010111001100011101011100110001110101011000
15362,33341,32.524028,1C6,8,0000000000000000100000000000001001000000001000011100000000000000
20217,33342,32.524284,0B4,8,0000000000000000000000000000000010000100000000101111001000110100
39729,22214,32.527088,0BA,5,1110000000100010101010000000000000011111
16314,33345,32.527365,4C1,8,0000000100000000000000010000000100000000000000000000000000000000
33319,33347,32.528168,1C4,8,0000010011100000000111000000000000000000000000000000000011001101
4843,33350,32.533593,25,8,0000000000101100000000000000000111100000011001000000000010011110
25050,33351,32.534212,0AA,8,0001110110010110000111010111100000011101011100110001110101011000
39730,33311,32.534578,0BA,5,1100011000000000000000000000000010111110
9526,33352,32.534973,260,8,0000000000000000000000000000000000000000000000100110001011001110
973,33353,32.535226,320,8,0000000000100000000000000000000000000000000000000000000001001011
43555,2197,32.538753,423,2,11100000000
39731,11120,32.542067,0BA,5,0010100100000000000000000000011100101011
4844,33356,32.54255,25,8,0000000000101100000000000000000101110000011001000000000000101110
29862,33357,32.542817,24,8,0000001000001100000000011111011001000010000010101000000011111101
25051,33358,32.543224,0AA,8,0001110110010110000111010111001100011101011011000001110101010100
20218,33359,32.544212,0B4,8,0000000000000000000000000000000010000100000000101111110100111111
33320,33364,32.548008,1C4,8,0000010011011110000111000000000000000000000000000000000011001011
17672,33365,32.548253,226,8,0000000000000000000100000000000000100000000000000000000000000000
39732,22234,32.549557,0BA,5,0100111100000000000000000000000000101110
12373,33368,32.552004,2C1,8,0000100011111111110011011111111111010000110000000000000000101110
4845,33370,32.552584,25,8,0000000000101101000000000000000101000000011110000000000000010011
25052,33371,32.553222,0AA,8,0001110110010000000111010110110100011101011010110001110101010001
15363,33372,32.553983,1C6,8,0000000000000000100000000000001000101101001000011100000000000000
9527,33374,32.554999,260,8,0000000000000000000000000000000000000000000000101000111111111011
39733,22237,32.557046,0BA,5,1110000000100010101010000000000000011111
4846,33377,32.562558,25,8,0000000000101110000000000000000100000000011011100000000011001010
29863,33378,32.562802,24,8,0000001000001101000000011111111101000010000010101000000000000111
25053,33379,32.563178,0AA,8,0001110110001010000111010110011100011101011010000001110101001100
20219,33380,32.564193,0B4,8,0000000000000000000000000000000010001000000000101111110101000011
39734,33344,32.564536,0BA,5,1100011000000000000000000000000010111110
33321,33382,32.567988,1C4,8,0000010011011110000111000000000000000000000000000000000011001011
39735,11132,32.572026,0BA,5,0010100100000000000000000000010000101000
4847,33385,32.572524,25,8,0000000000101111000000000000000111010000011110000000000010100101
25054,33386,32.573195,0AA,8,0001110101111101000111010101101100011101011001110001110101001010
9528,33389,32.574847,260,8,0000000000000000000000000000000000000000000000101101001000111110
17673,33391,32.576185,226,8,0000000000000000000100000000000000100000000000000000000000000000
16475,33393,32.578411,3F9,8,0111010100011000000000100000001010000000000000000000000000010101
39736,22252,32.579515,0BA,5,0100111100000000000000000000000000101110
12374,33394,32.58196,2C1,8,0000100011111111110010101111111111001010110000000000000000100101
4848,33397,32.582538,25,8,0000000000110000000000000000000110110000100000100000000010010000
29864,33398,32.582777,24,8,0000001000001110000000011111101101000010000011001000000000000110
25055,33399,32.583182,0AA,8,0001110101110011000111010101011000011101011001010001110101001000
15364,33400,32.583966,1C6,8,0000000000000000100000000000001000011011001000011100000000000000
20220,33401,32.584208,0B4,8,0000000000000000000000000000000010001000000000101111001000111000
39737,22256,32.587005,0BA,5,1110000000100010101010000000000000011111
974,33404,32.587175,320,8,0000000000100000000000000000000000000000000000000000000001001011
33322,33406,32.587968,1C4,8,0000010011011100000111000000000000000000000000000000000011001001
14248,33408,32.588381,60.0,8,1010000100000000000000000000000000000000011100000000000000000000
14125,33409,32.589015,442,8,0100001100000010000000000000000000000010000000000000000000000000
4849,33411,32.592505,25,8,0000000000110000000000000000000101110000011110000000000001000110
25056,33412,32.593175,0AA,8,0001110101110010000111010101011100011101011000100001110101000111
39738,33373,32.594494,0BA,5,1100011000000000000000000000000010111110
9529,33415,32.59482,260,8,0000000000000000000000000000000000000000000000101110100001010100
39739,11136,32.601984,0BA,5,0010100100000000000000000000011100101011
4850,33418,32.602491,25,8,0000000000110001000000000000000101100000100011000000000001001011
29865,33419,32.602761,24,8,0000001000001111000000011111110101000010000010101000000000000111
25057,33420,32.603166,0AA,8,0001110101110010000111010101100000011101011000100001110101000010
20221,33421,32.604151,0B4,8,0000000000000000000000000000000010001000000000101110000100100111
7745,33425,32.607658,435,8,1000000000000101000001011111111111100000001111110000000000000011
33323,33426,32.607954,1C4,8,0000010011011100000111000000000000000000000000000000000011001001
17674,33427,32.6082,226,8,0000000000000000000100000000000000100000000000000000000000000000
39740,22274,32.609473,0BA,5,0100111100000000000000000000000000101110
12375,33430,32.611945,2C1,8,0000100011111111110001111111111111000100110000000000000000011100
4851,33432,32.612526,25,8,0000000000110010000000000000000101010000100011000000000000111100
25058,33433,32.613156,0AA,8,0001110101110011000111010101001100011101011000100001110101000000
15365,33434,32.61393,1C6,8,0000000000000000100000000000001000001001001000010100000000000000
10935,33436,32.614657,436,8,0
9530,33437,32.614901,260,8,0000000000000000000000000000000000000000000000101011000100011101
34967,33438,32.615143,4C3,8,0000001100000000000000000000000100000000000000000000000000000000
39741,22276,32.616963,0BA,5,1110000000100010101010000000000000011111
4852,33440,32.6225,25,8,0000000000110011000000000000000100110000100000100000000000010011
29866,33441,32.622768,24,8,0000001000001111000000100000000101000010000010101000000000001100
25059,33442,32.623123,0AA,8,0001110101110011000111010100111000011101011000000001110100111111
20222,33443,32.624127,0B4,8,0000000000000000000000000000000010001000000000101110000100100111
39742,33403,32.624452,0BA,5,1100011000000000000000000000000010111110
33324,33446,32.62793,1C4,8,0000010011011110000111000000000000000000000000000000000011001011
39743,11151,32.631942,0BA,5,0010100100000000000000000000010000101000
4853,33449,32.632461,25,8,0000000000110100000000000000000100110000100101100000000000101000
25060,33450,32.633136,0AA,8,0001110101110001000111010100101100011101010111010001110100111010
9531,33452,32.634594,260,8,0000000000000000000000000000000000000000000000101101001000111110
13424,33453,32.634767,394,3,0
17675,33455,32.636131,226,8,0000000000000000000100000000000000000000000000000000000000000000
975,33456,32.637126,320,8,0000000000100000000000000000000000000000000000000000000001001011
39744,22293,32.639431,0BA,5,0100111100000000000000000000000000101110
12376,33458,32.641911,2C1,8,0000100011111111110011011111111111001010110000000000000000101000
4854,33460,32.642492,25,8,0000000000110101000000000000000100100000100011000000000000001111
29867,33462,32.642921,24,8,0000001000010000000000011111111101000010000010101000000000001010
25061,33463,32.643176,0AA,8,0001110101101111000111010100100100011101010111000001110100111001
13801,33464,32.643389,434,8,0100001000000000000000000000000000000000000000000000000000000000
15366,33465,32.643915,1C6,8,0000000000000000100000000000000111111001001000010100000000000000
20223,33466,32.644156,0B4,8,0000000000000000000000000000000010001000000000101101101100100001
39745,22296,32.646921,0BA,5,1110000000100010101010000000000000011111
33325,33471,32.647922,1C4,8,0000010011011110000111000000000000000000000000000000000011001011
34877,33474,32.648547,3C3,8,0100011000011110100101000100111011101110010110010000001110001000
28192,33475,32.650626,437,8,1111110011111111111111111111111111111111111111111111111111111111
4855,33477,32.652445,25,8,0000000000110110000000000000000100100000100101100000000000011010
25062,33478,32.653124,0AA,8,0001110101101110000111010100011100011101010110110001110100111000
39746,33435,32.654411,0BA,5,1100011000000000000000000000000010111110
9532,33479,32.654559,260,8,0000000000000000000000000000000000000000000000101110100001010100
39747,11162,32.6619,0BA,5,0010100100000000000000000000011100101011
4856,33483,32.662432,25,8,0000000000110111000000000000000100110000101000000000000000110101
29868,33484,32.662702,24,8,0000001000010001000000011111101101000010000010101000000000000111
25063,33485,32.663106,0AA,8,0001110101101010000111010100010000011101010110110001110100111000
20224,33486,32.66409,0B4,8,0000000000000000000000000000000010001100000000101101011000100000
33326,33490,32.667919,1C4,8,0000010011100000000111000000000000000000000000000000000011001101
17676,33491,32.6682,226,8,0000000000000000000100000000000000000000000000000000000000000000
39748,22310,32.66939,0BA,5,0100111100000000000000000000000000101110
12377,33493,32.671969,2C1,8,0000100011111111110010101111111111001010110000000000000000100101
4857,33495,32.672506,25,8,0000000000111000000000000000000100110000100101100000000000101100
25064,33496,32.673107,0AA,8,0001110101100111000111010100001100011101010110000001110100110110
15367,33497,32.673871,1C6,8,0000000000000000100000000000000111111111001000010100000000000000
9533,33499,32.674547,260,8,0000000000000000000000000000000000000000000000101100011100110011
169,33500,32.675095,3B7,8,1000
39749,22315,32.676879,0BA,5,1110000000100010101010000000000000011111
13609,33502,32.67766,4DD,8,0001111000000000000000000000000000000000000000000000000000000000
4858,33505,32.682411,25,8,0000000000111001000000000000000101010000101010100000000001100001
29869,33506,32.682685,24,8,0000001000010001000000011111110101000010000010101000000000001001
25065,33507,32.683087,0AA,8,0001110101100111000111010100001000011101010101110001110100110100
20225,33508,32.684074,0B4,8,0000000000000000000000000000000010001100000000101101000000011010
39750,33468,32.684369,0BA,5,1100011000000000000000000000000010111110
976,33510,32.686077,320,8,0000000000100000000000000000000000000000000000000000000001001011
21700,33511,32.687575,443,8,0100110100000010000000000010111100000110000000000000000000000000
33327,33512,32.687877,1C4,8,0000010011100000000111000000000000000000000000000000000011001101
11072,33514,32.688296,620,8,0001000000000000000000000000000000000000000000000000000000000000
39751,11174,32.691858,0BA,5,0010100100000000000000000000010000101000
4859,33517,32.693429,25,8,0000000000111011000000000000000110010000101000110000000010011100
25066,33518,32.694052,0AA,8,0001110101100110000111010011111100011101010101100001110100110011
9534,33519,32.694491,260,8,0000000000000000000000000000000000000000000000110010000010001101
17677,33522,32.697077,226,8,0000000000000000000100000000000000000000000000000000000000000000
39752,22334,32.699348,0BA,5,0100111100000000000000000000000000101110
12378,33524,32.701896,2C1,8,0000100011111111110101001111111111010100110000000000000000111001
4860,33526,32.70243,25,8,0000000000111100000000000000000110010000101001100000000010100000
29870,33527,32.702669,24,8,0000001000010010000000100000000001000010000011001000000000010000
25067,33529,32.703041,0AA,8,0001110101100101000111010011111000011101010110000001110100110001
15368,33530,32.703858,1C6,8,0000000000000000100000000000001000000101001000000100000000000000
20226,33531,32.704098,0B4,8,0000000000000000000000000000000010001100000000101101000000011010
39753,22336,32.706837,0BA,5,1110000000100010101010000000000000011111
33328,33534,32.707852,1C4,8,0000010011100011000111000000000000000000000000000000000011010000
4861,33539,32.712381,25,8,0000000000111101000000000000000110110000101010100000000011000101
25068,33540,32.713054,0AA,8,0001110101100101000111010011110100011101010110000001110100110001
39754,33498,32.714327,0BA,5,1100011000000000000000000000000010111110
9535,33541,32.714481,260,8,0000000000000000000000000000000000000000000000110100110110111010
35182,33315,32.7167,3D3,3,111001010000000011010100
39755,11182,32.721816,0BA,5,0010100100000000000000000000011100101011
4862,33544,32.722395,25,8,0000000000111110000000000000000111010000101010100000000011100110
29871,33545,32.722643,24,8,0000001000010010000000100000000101000010000011001000000000010001
25069,33546,32.723016,0AA,8,0001110101100011000111010011110100011101010101110001110100110001
20227,33547,32.724028,0B4,8,0000000000000000000000000000000010001100000000101100101000010100
33329,33552,32.727836,1C4,8,0000010011100011000111000000000000000000000000000000000011010000
17678,33553,32.728129,226,8,0000000000000000000100000000000000000000000000000000000000000000
39756,22353,32.729306,0BA,5,0100111100000000000000000000000000101110
12379,33555,32.731837,2C1,8,0000100011111111110010101111111111000111110000000000000000100010
4863,33557,32.732443,25,8,0000000000111111000000000000000100000000101101000000000000100001
25070,33558,32.733036,0AA,8,0001110101100010000111010011101000011101010101100001110100110001
15369,33559,32.73382,1C6,8,0000000000000000100000000000001000001010001000000100000000000000
43748,2234,32.734331,3BB,5,1010010100000000000000000000000000000000
9536,33561,32.734437,260,8,0000000000000000000000000000000000000000000000110110001111010000
977,33562,32.735026,320,8,0000000000100000000000000000000000000000000000000000000001001011
39757,22357,32.736796,0BA,5,1110000000100010101010000000000000011111
4864,33565,32.742354,25,8,0000000001000000000000000000000100100000101010100000000000111000
29872,33566,32.742629,24,8,0000001000010011000000011111111101000010000011011000000000010000
25071,33567,32.743026,0AA,8,0001110101100010000111010011100100011101010101100001110100101110
20228,33568,32.744012,0B4,8,0000000000000000000000000000000010001100000000101100101000010100
39758,33533,32.744285,0BA,5,1100011000000000000000000000000010111110
33330,33571,32.747815,1C4,8,0000010011101000000111000000000000000000000000000000000011010101
39759,11195,32.751775,0BA,5,0010100100000000000000000000010000101000
4865,33574,32.752344,25,8,0000000001000001000000000000000101010000101101000000000001110011
13990,33575,32.75259,38E,8,0
25072,33576,32.753019,0AA,8,0001110101100000000111010011100000011101010100110001110100101011
9537,33578,32.754419,260,8,0000000000000000000000000000000000000000000000111001000011111101
17679,33580,32.756007,226,8,0000000000000000000100000000000000000000000000000000000000000000
39760,22370,32.759264,0BA,5,0100111100000000000000000000000000101110
12380,33582,32.761793,2C1,8,0000100011111111110001111111111111001101110000000000000000100101
4866,33584,32.762399,25,8,0000000001000011000000000000000110100000101111100000000011001111
29873,33585,32.762637,24,8,0000001000010011000000011111101101000010000011011000000000001100
25073,33586,32.762977,0AA,8,0001110101011110000111010011011000011101010100100001110100101001
15370,33587,32.763803,1C6,8,0000000000000000100000000000001000001101000111110100000000000000
20229,33588,32.764046,0B4,8,0000000000000000000000000000000010010000000000101100101000011000
39761,22374,32.766754,0BA,5,1110000000100010101010000000000000011111
33331,33592,32.767865,1C4,8,0000010011101000000111000000000000000000000000000000000011010101
4867,33595,32.772327,25,8,0000000001000100000000000000000111100000101111100000000000010000
25074,33596,32.773008,0AA,8,0001110101011101000111010011010000011101010100010001110100101001
39762,33560,32.774243,0BA,5,1100011000000000000000000000000010111110
9538,33598,32.774397,260,8,0000000000000000000000000000000000000000000000110110111011011011
39763,11198,32.781733,0BA,5,0010100100000000000000000000011100101011
4868,33602,32.782314,25,8,0000000001000101000000000000000100100000101111100000000001010001
29874,33603,32.78259,24,8,0000001000010011000000100000000001000010000011011000000000010010
25075,33604,32.782985,0AA,8,0001110101011101000111010011001100011101010100010001110100101001
20230,33605,32.783976,0B4,8,0000000000000000000000000000000010010000000000101100010100010011
31479,33609,32.787665,44D,8,0100001000000010000000000000000000000001000000000000000000000000
33332,33610,32.787905,1C4,8,0000010011101000000111000000000000000000000000000000000011010101
17680,33611,32.78816,226,8,0000000000000000000100000000000000000000000000000000000000000000
978,33613,32.78897,320,8,0000000000100000000000000000000000000000000000000000000001001011
39764,22393,32.789222,0BA,5,0100111100000000000000000000000000101110
12381,33615,32.791777,2C1,8,0000100011111111110001001111111111000100110000000000000000011001
4869,33617,32.792387,25,8,0000000001000110000000000000000101100000101111100000000010010010
25076,33618,32.79298,0AA,8,0001110101011011000111010011001100011101010100010001110100101000
15371,33619,32.793762,1C6,8,0000000000000000100000000000001000010000000111110100000000000000
9539,33621,32.794384,260,8,0000000000000000000000000000000000000000000000111101111101001100
39765,22396,32.796712,0BA,5,1110000000100010101010000000000000011111
28069,33623,32.797666,6C0,8,1110010000000000000000001110000010000000000000000000000000000000
4870,33625,32.802348,25,8,0000000001001000000000000000000110110000101111100000000011100100
29875,33626,32.802589,24,8,0000001000010011000000100000000101000010000011111000000000010101
25077,33627,32.80294,0AA,8,0001110101011000000111010011000100011101010011110001110100100111
34785,33628,32.803188,4DF,8,0010000000000000000000000000000100000000000000000000000000000000
20231,33629,32.803955,0B4,8,0000000000000000000000000000000010010000000000101011111100001101
39766,33590,32.804201,0BA,5,1100011000000000000000000000000010111110
33333,33632,32.807768,1C4,8,0000010011101000000111000000000000000000000000000000000011010101
39767,11213,32.811691,0BA,5,0010100100000000000000000000010000101000
13735,33634,32.812471,3A5,8,100000000
4871,33636,32.813339,25,8,0000000001001001000000000000000100010000101111100000000001000101
25078,33637,32.813934,0AA,8,0001110101011000000111010010111100011101010011100001110100100111
9540,33638,32.814217,260,8,0000000000000000000000000000000000000000000000111100100000110101
17681,33641,32.816946,226,8,0000000000000000000100000000000000000000000000000000000000000000
39768,22415,32.819181,0BA,5,0100111100000000000000000000000000101110
7839,33642,32.819682,610,8,0010000000000000000001110110010011000000000000000010101101000000
12382,33643,32.821737,2C1,8,0000100011111111110001111111111111000100110000000000000000011100
4872,33645,32.82234,25,8,0000000001001010000000000000000100110000101111000000000001100100
29876,33646,32.822579,24,8,0000001000010100000000011111111101000010000011111000000000010011
25079,33648,32.822993,0AA,8,0001110101011000000111010010111000011101010011000001110100100101
15372,33649,32.823746,1C6,8,0000000000000000100000000000001000010011000111110100000000000000
20232,33650,32.823989,0B4,8,0000000000000000000000000000000010010000000000101011111100001101
39769,22420,32.82667,0BA,5,1110000000100010101010000000000000011111
16476,33653,32.827422,3F9,8,0111010100011000000000100000001010000000000000000000000000010101
33334,33654,32.827741,1C4,8,0000010011100111000111000000000000000000000000000000000011010100
31343,33656,32.831666,640,8,1010100000000000000000000011011100000001110111110000000000000000
4873,33658,32.832264,25,8,0000000001001011000000000000000101110000101111100000000010100111
25080,33660,32.83294,0AA,8,0001110101011000000111010010110000011101010011100001110100100100
979,33661,32.833928,320,8,0000000000100000000000000000000000000000000000000000000001001011
39770,33620,32.83416,0BA,5,1100011000000000000000000000000010111110
9541,33662,32.834172,260,8,0000000000000000000000000000000000000000000000111011001000011111
39771,11221,32.841649,0BA,5,0010100100000000000000000000011100101011
4874,33667,32.842259,25,8,0000000001001101000000000000000111000000101111100000000011111001
35029,33668,32.842502,413,8,0000000100000001000000010000100100000000000000000000000000000000
29877,33669,32.842739,24,8,0000001000010101000000011111111101000010000100011000000000010110
25081,33670,32.842963,0AA,8,0001110101010110000111010010101000011101010011100001110100100100
20233,33671,32.843916,0B4,8,0000000000000000000000000000000010010000000000101011101000001000
33335,33675,32.847734,1C4,8,0000010011100111000111000000000000000000000000000000000011010100
17682,33676,32.847982,226,8,0000000000000000000100000000000000000000000000000000000000000000
39772,22432,32.849139,0BA,5,0100111100000000000000000000000000101110
12383,33679,32.851726,2C1,8,0000100011111111110000001111111111001101110000000000000000011110
4875,33681,32.852336,25,8,0000000001001110000000000000000111110000101101000000000000100000
25082,33682,32.852918,0AA,8,0001110101010110000111010010100100011101010011100001110100100011
15373,33683,32.853708,1C6,8,0000000000000000100000000000001000010000000111110100000000000000
9542,33685,32.854148,260,8,0000000000000000000000000000000000000000000001000000000001101110
39773,22437,32.856628,0BA,5,1110000000100010101010000000000000011111
4876,33688,32.862288,25,8,0000000001001111000000000000000100110000101111100000000001101011
29878,33689,32.862529,24,8,0000001000010110000000100000000001000010000100011000000000011001
25083,33690,32.86288,0AA,8,0001110101010110000111010010011100011101010011000001110100100010
20234,33691,32.863896,0B4,8,0000000000000000000000000000000010010100000000101011101000001100
39774,33652,32.864118,0BA,5,1100011000000000000000000000000010111110
33336,33693,32.867703,1C4,8,0000010011100111000111000000000000000000000000000000000011010100
39775,11231,32.871607,0BA,5,0010100100000000000000000000010000101000
4877,33697,32.872258,25,8,0000000001010000000000000000000101100000101101000000000010010010
25084,33698,32.8729,0AA,8,0001110101010110000111010010011100011101010010010001110100011111
9543,33700,32.874058,260,8,0000000000000000000000000000000000000000000000111101111101001100
43556,8438,32.874204,423,2,10101000001111
17683,33702,32.875892,226,8,0000000000000000000100000000000000000000000000000000000000000000
39776,22456,32.879097,0BA,5,0100111100000000000000000000000000101110
12384,33703,32.881684,2C1,8,0000000011111111111111011111111110111101110000000000010101001000
4878,33705,32.88229,25,8,0000000001010010000000000000000110100000101101000000000011010100
29879,33706,32.882529,24,8,0000001000010111000000100000000001000010000100011000000000011010
25085,33707,32.882885,0AA,8,0001110101010011000111010010010100011101010010100001110100011100
15374,33708,32.883697,1C6,8,0000000000000000100000000000001000000010000111110100000000000000
20235,33709,32.88394,0B4,8,0000000000000000000000000000000010010100000000101011101000001100
39777,22459,32.886586,0BA,5,1110000000100010101010000000000000011111
980,33712,32.886877,320,8,0000000000100000000000000000000000000000000000000000000001001011
33337,33713,32.887691,1C4,8,0000010011100111000111000000000000000000000000000000000011010100
14126,33716,32.888579,442,8,0100001100000010000000000000000000000010000000000000000000000000
4879,33718,32.893263,25,8,0000000001010011000000000000000111110000101101010000000000100110
25086,33719,32.893854,0AA,8,0001110101010011000111010010010000011101010011000001110100011010
39778,33684,32.894076,0BA,5,1100011000000000000000000000000010111110
9544,33720,32.894101,260,8,0000000000000000000000000000000000000000000001000000000001101110
39779,11240,32.901566,0BA,5,0010100100000000000000000000011100101011
4880,33725,32.902248,25,8,0000000001010100000000000000000100000000101100010000000000110011
29880,33726,32.90249,24,8,0000001000011000000000100000000001000010000100011000000000011011
25087,33727,32.902843,0AA,8,0001110101010011000111010010001000011101010011000001110100011010
20236,33728,32.903858,0B4,8,0000000000000000000000000000000010010100000000101011101000001100
33338,33734,32.907669,1C4,8,0000010011100101000111000000000000000000000000000000000011010010
17684,33735,32.907916,226,8,0000000000000000000100000000000000000000000000000000000000000000
39780,22478,32.909055,0BA,5,0100111100000000000000000000000000101110
12385,33737,32.911675,2C1,8,0000000000000000010010010000000001000000110000000000110100100001
4881,33739,32.91228,25,8,0000000001010101000000000000000100110000101101000000000001100111
25088,33740,32.912863,0AA,8,0001110101010110000111010001111100011101010010100001110100011000
15375,33741,32.913653,1C6,8,0000000000000000100000000000000111110110000111110000000000000000
9545,33743,32.91407,260,8,0000000000000000000000000000000000000000000000111111010101100010
39781,22481,32.916545,0BA,5,1110000000100010101010000000000000011111
4882,33746,32.922232,25,8,0000000001010110000000000000000101100000101101000000000010011000
29881,33747,32.922471,24,8,0000001000011010000000011111111101000010000100111000000000011101
25089,33748,32.922824,0AA,8,0001110101010011000111010001110100011101010010000001110100010101
20237,33749,32.92384,0B4,8,0000000000000000000000000000000010010100000000101011010000000110
39782,33711,32.924034,0BA,5,1100011000000000000000000000000010111110
27831,33751,32.925839,420,8,0000000000000000000000000000000011111111000000001000000010101011
13863,33752,32.926082,4C6,8,0000011100000000000000110000000000000000000000000000000000000000
33339,33754,32.927653,1C4,8,0000010011100101000111000000000000000000000000000000000011010010
39783,11253,32.931524,0BA,5,0010100100000000000000000000010000101000
4883,33757,32.932201,25,8,0000000001011000000000000000000110100000101101000000000011011010
25090,33758,32.93284,0AA,8,0001110101010010000111010001101000011101010001110001110100010011
9546,33760,32.934004,260,8,0000000000000000000000000000000000000000000001000001011010000100
13425,33761,32.934158,394,3,0
17685,33763,32.935834,226,8,0000000000000000000100000000000000000000000000000000000000000000
981,33764,32.936829,320,8,0000000000100000000000000000000000000000000000000000000001001011
39784,22492,32.939013,0BA,5,0100111100000000000000000000000000101110
12386,33766,32.941632,2C1,8,0000000000000000011000000000000000111100110000000001001100111010
4884,33768,32.942236,25,8,0000000001011001000000000000000111010000101101000000000000001011
29882,33769,32.942475,24,8,0000001000011010000000011111110101000010000100111000000000011011
25091,33770,32.942804,0AA,8,0001110101010001000111010001101000011101010001110001110100010000
15376,33771,32.943638,1C6,8,0000000000000000100000000000000111101010000111110000000000000000
20238,33772,32.943882,0B4,8,0000000000000000000000000000000010010100000000101011010000000110
39785,22498,32.946503,0BA,5,1110000000100010101010000000000000011111
7625,33776,32.94709,3BC,8,0
33340,33777,32.947639,1C4,8,0000010011101111000111000000000000000000000000000000000011011100
4885,33780,32.952183,25,8,0000000001011010000000000000000111110000101010100000000000100010
25092,33781,32.952822,0AA,8,0001110101010001000111010001101000011101010001110001110100001111
9547,33783,32.953788,260,8,0000000000000000000000000000000000000000000001000011100010100110
39786,33742,32.953992,0BA,5,1100011000000000000000000000000010111110
35341,31841,32.95619,386,7,11011011000000000000000000000000000001100000000000000011
43431,31869,32.956252,3000000.0,6,101011000000000000000000000000000000000000000000
39787,11259,32.961482,0BA,5,0010100100000000000000000000011100101011
4886,33786,32.962163,25,8,0000000001011011000000000000000100010000101010100000000001000011
29883,33788,32.962518,24,8,0000001000011011000000100000000001000010000100111000000000100000
25093,33789,32.962813,0AA,8,0001110101010001000111010001100000011101010001110001110100001110
20239,33790,32.963803,0B4,8,0000000000000000000000000000000010011000000000101011010000001010
33341,33794,32.967618,1C4,8,0000010011101111000111000000000000000000000000000000000011011100
17686,33795,32.967867,226,8,0000000000000000000100000000000000000000000000000000000000000000
39788,22518,32.968971,0BA,5,0100111100000000000000000000000000101110
12387,33799,32.97162,2C1,8,0000000000000000011000000000000000111100110000000001011100111110
31602,33801,32.972229,633,8,1000000100000000000000000000000000000000000000000000000000000000
4887,33802,32.972472,25,8,0000000001011100000000000000000101000000101101000000000001111110
27892,33803,32.97272,4DC,8,0001110100000000000000000000000000000000000000000000000000000000
25094,33804,32.972946,0AA,8,0001110101010010000111010001100000011101010001110001110100001110
15377,33805,32.973598,1C6,8,0000000000000000100000000000000111100001000111100000000000000000
9548,33807,32.974016,260,8,0000000000000000000000000000000000000000000001000010000110001111
170,33808,32.974798,3B7,8,1000
35183,4164,32.976356,3D3,3,011011000000001000000000
39789,22522,32.976461,0BA,5,1110000000100010101010000000000000011111
4888,33810,32.982174,25,8,0000000001011101000000000000000101110000101101000000000010101111
29884,33811,32.982413,24,8,0000001000011100000000100000000001000010000100011000000000011111
25095,33812,32.982768,0AA,8,0001110101010011000111010001100000011101010001000001110100001100
20240,33813,32.983781,0B4,8,0000000000000000000000000000000010011000000000101010111000000100
39790,33774,32.98395,0BA,5,1100011000000000000000000000000010111110
982,33815,32.985783,320,8,0000000000100000000000000000000000000000000000000000000001001011
21701,33817,32.987295,443,8,0100110100000010000000000010111100000110000000000000000000000000
11073,33818,32.987545,620,8,0001000000000000000000000000000000000000000000000000000000000000
33342,33819,32.987786,1C4,8,0000010011111101000111000000000000000000000000000000000011101010
39791,11275,32.99144,0BA,5,0010100100000000000000000000010000101000
4889,33822,32.992143,25,8,0000000001011111000000000000000110110000101101000000000011110001
25096,33823,32.992783,0AA,8,0001110101010011000111010001010100011101010000110001110100001011
1556,33824,32.993325,6F3,8,0010000000000000000000000000000000000000000000000000000000000000
9549,33826,32.993942,260,8,0000000000000000000000000000000000000000000001000100111010111100
17687,33828,32.995776,226,8,0000000000000000000100000000000000000000000000000000000000000000
39792,22538,32.99893,0BA,5,0100111100000000000000000000000000101110
12388,33830,33.001576,2C1,8,0000000000000000100000000000000001011001110000000001100001111100
4890,33832,33.00218,25,8,0000000001100000000000000000000111010000101010100000000000001000
29885,33833,33.002423,24,8,0000001000011101000000011111111101000010000100011000000000011110
25097,33835,33.002831,0AA,8,0001110101010010000111010001001100011101010000100001110100000110
15378,33836,33.003583,1C6,8,0000000000000000100000000000000111011010000111100000000000000000
20241,33837,33.003824,0B4,8,0000000000000000000000000000000010011000000000101010111000000100
39793,22541,33.006419,0BA,5,1110000000100010101010000000000000011111
13549,33840,33.006934,399,8,0000000000000000000000000000000000000000111111110000000000000000
33343,33841,33.007585,1C4,8,0000010011111101000111000000000000000000000000000000000011101010
11197,33844,33.011934,39A,8,0000000000000000000000000000000100000000000000000000000000000000
4891,33845,33.012175,25,8,0000000001100001000000000000000100000000101101000000000001000011
25098,33846,33.012771,0AA,8,0001110101010001000111010001000100011101010000100001110100000101
9550,33847,33.013698,260,8,0000000000000000000000000000000000000000000001001000011011110100
39794,33806,33.013909,0BA,5,1100011000000000000000000000000010111110
39795,11280,33.021398,0BA,5,0010100100000000000000000000011100101011
4892,33852,33.022107,25,8,0000000001100010000000000000000100110000101101000000000001110100
29886,33853,33.022396,24,8,0000001000011101000000011111111101000010000100011000000000011110
25099,33854,33.022758,0AA,8,0001110101010001000111010001000000011101010001000001110100000100
20242,33855,33.023744,0B4,8,0000000000000000000000000000000010011000000000101010111000000100
33,33860,33.027375,3B1,8,0000000000000000000000100000101000000000000010000000000000000000
33344,33861,33.027619,1C4,8,0000010100001100000111000000000000000000000000000000000011111010
17688,33862,33.027867,226,8,0000000000000000000100000000000000000000000000000000000000000000
39796,22555,33.028888,0BA,5,0100111100000000000000000000000000101110
12389,33864,33.031558,2C1,8,0000000000000000100010010000000001111001110000000001100010100101
43749,32927,33.031915,3BB,5,0111000000000001000000001010010100000000
4893,33866,33.032165,25,8,0000000001100011000000000000000101110000101111100000000010111111
25100,33867,33.032748,0AA,8,0001110101010001000111010000111000011101010000110001110100000100
15379,33869,33.033547,1C6,8,0000000000000000100000000000000111010100000111100000000000000000
9551,33871,33.033964,260,8,0000000000000000000000000000000000000000000001001001000111111111
983,33872,33.034739,320,8,0000000000100000000000000000000000000000000000000000000001001011
39797,22559,33.036377,0BA,5,1110000000100010101001000000000000011011
4894,33875,33.042087,25,8,0000000001100101000000000000000110100000101010100000000011011101
29887,33876,33.04237,24,8,0000001000011110000000100000000001000010000100011000000000100001
25101,33877,33.042736,0AA,8,0001110101001111000111010000111000011101010000100001110100000100
20243,33878,33.043722,0B4,8,0000000000000000000000000000000010011000000000101010111000000100
39798,33839,33.043867,0BA,5,1100011000000000000000000000000010111110
33345,33881,33.047555,1C4,8,0000010100001100000111000000000000000000000000000000000011111010
39799,11294,33.051356,0BA,5,0010100100000000000000000000010000101000
4895,33885,33.052084,25,8,0000000001100110000000000000000111100000101111100000000000110010
25102,33886,33.05273,0AA,8,0001110101001110000111010000111000011101001111110001110100000100
9552,33887,33.053689,260,8,0000000000000000000000000000000000000000000001000111000011011110
17689,33890,33.055718,226,8,0000000000000000000100000000000000000000000000000000000000000000
39800,22581,33.058846,0BA,5,0100111100000000000000000000000000101110
12390,33891,33.06152,2C1,8,0000000000000000110000000000000001111001110000000001100011011100
4896,33893,33.062126,25,8,0000000001100111000000000000000100100000101111100000000001110011
29888,33894,33.062362,24,8,0000001000011110000000100000000001000010000100011000000000100001
25103,33895,33.062691,0AA,8,0001110101001110000111010000111000011101010000000001110011111111
15380,33896,33.063526,1C6,8,0000000000000000100000000000000111001110000111100000000000000000
20244,33897,33.063767,0B4,8,0000000000000000000000000000000010011100000000101010111000001000
39801,22585,33.066335,0BA,5,1110000000100010101001000000000000011011
33346,33900,33.067524,1C4,8,0000010100011001000111000000000000000000000000000000000000000111
4897,33904,33.072058,25,8,0000000001101000000000000000000101010000101101000000000010011010
25104,33905,33.072711,0AA,8,0001110101001110000111010000110000011101010000100001110011111111
9553,33906,33.073541,260,8,0000000000000000000000000000000000000000000001000011100010100110
39802,33870,33.073825,0BA,5,1100011000000000000000000000000010111110
16477,33907,33.07778,3F9,8,0111010100011000000000100000001010000000000000000000000000010101
39803,11302,33.081315,0BA,5,0010100100000000000000000000011100101011
4898,33910,33.082053,25,8,0000000001101010000000000000000110110000110010000000000000010000
29889,33911,33.082316,24,8,0000001000011111000000100000000001000010000100011000000000100010
25105,33912,33.082699,0AA,8,0001110101001110000111010000101100011101010000100001110011111111
20245,33913,33.083685,0B4,8,0000000000000000000000000000000010011100000000101010100100000011
31277,33917,33.086305,4A6,8,0000000000000000000000000000000000000000000100000000000000000000
33347,33919,33.087511,1C4,8,0000010100011001000111000000000000000000000000000000000000000111
17690,33920,33.087757,226,8,0000000000000000000100000000000000000000000000000000000000000000
984,33922,33.088683,320,8,0000000000100000000000000000000000000000000000000000000001001011
39804,22603,33.088804,0BA,5,0100111100000000000000000000000000101110
12391,33923,33.091501,2C1,8,0000000000000000111101100000000011000000110000000001100001011001
31480,33924,33.091906,44D,8,0100001000000010000000000000000000000001000000000000000000000000
4899,33927,33.093069,25,8,0000000001101011000000000000000100010000101111100000000001100111
15381,33928,33.09349,1C6,8,0000000000000000100000000000000111001000000111100000000000000000
25106,33929,33.093717,0AA,8,0001110101001101000111010000100100011101001111110001110011111101
9554,33930,33.093959,260,8,0000000000000000000000000000000000000000000001000101101011001000
39805,22608,33.096294,0BA,5,1110000000100010101001000000000000011011
28070,33936,33.101841,6C0,8,1110010000000000000000001110000010000000000000000000000000000000
4900,33937,33.102081,25,8,0000000001101100000000000000000101000000110010000000000010100010
29890,33938,33.102323,24,8,0000001000011111000000011111111101000010000100011000000000100000
25107,33939,33.102684,0AA,8,0001110101001100000111010000100100011101001111100001110011111101
20246,33940,33.103667,0B4,8,0000000000000000000000000000000010011100000000101010100100000011
39806,33899,33.103783,0BA,5,1100011000000000000000000000000010111110
33348,33942,33.107486,1C4,8,0000010100101101000111000000000000000000000000000000000000011011
39807,11318,33.111273,0BA,5,0010100100000000000000000000010000101000
4901,33945,33.112027,25,8,0000000001101110000000000000000110010000101111100000000011101010
25108,33946,33.112671,0AA,8,0001110101001100000111010000100100011101001111010001110011111101
9555,33947,33.113332,260,8,0000000000000000000000000000000000000000000001000110010111010011
17691,33950,33.115663,226,8,0000000000000000000100000000000000000000000000000000000000000000
39808,22620,33.118762,0BA,5,0100111100000000000000000000000000101110
12392,33952,33.121463,2C1,8,0000000000000001001011000000000100001100110000000001100011011101
4902,33954,33.122071,25,8,0000000001101111000000000000000111110000110100100000000001011111
29891,33955,33.122307,24,8,0000001000100000000000011111111101000010000100011000000000100001
25109,33956,33.122634,0AA,8,0001110101001100000111010000100100011101001110100001110011111010
15382,33957,33.123471,1C6,8,0000000000000000100000000000000111000010000111100000000000000000
20247,33958,33.123715,0B4,8,0000000000000000000000000000000010011100000000101010100100000011
39809,22624,33.126252,0BA,5,1110000000100010101001000000000000011011
33349,33961,33.127478,1C4,8,0000010100101101000111000000000000000000000000000000000000011011
4903,33964,33.132006,25,8,0000000001110000000000000000000101000000110010000000000010100110
25110,33965,33.132651,0AA,8,0001110101001010000111010000011000011101001110100001110011111001
9556,33966,33.133294,260,8,0000000000000000000000000000000000000000000001000111000011011110
39810,33931,33.133741,0BA,5,1100011000000000000000000000000010111110
985,33968,33.133804,320,8,0000000000100000000000000000000000000000000000000000000001001011
39811,11325,33.141231,0BA,5,0010100100000000000000000000011100101011
4904,33971,33.142007,25,8,0000000001110010000000000000000110100000110010000000000000001000
29892,33972,33.142261,24,8,0000001000100001000000100000000001000010000100011000000000100100
25111,33973,33.142646,0AA,8,0001110101001001000111010000010000011101001110100001110011111000
20248,33974,33.143626,0B4,8,0000000000000000000000000000000010011100000000101010001111111101
33350,33978,33.147453,1C4,8,0000010101000111000111000000000000000000000000000000000000110101
17692,33979,33.1477,226,8,0000000000000000000100000000000000000000000000000000000000000000
34878,33981,33.14817,3C3,8,0100011000011110100101000100111011101110010110010000001110001000
39812,22643,33.14872,0BA,5,0100111100000000000000000000000000101110
12393,33984,33.151449,2C1,8,0000000000000001011000000000000100111100110000000001100001000001
4905,33986,33.15206,25,8,0000000001110011000000000000000100000000110100100000000001110011
25112,33987,33.152634,0AA,8,0001110101001001000111010000010000011101001110100001110011110011
9557,33988,33.153347,260,8,0000000000000000000000000000000000000000000001000111000011011110
15383,33989,33.153583,1C6,8,0000000000000000100000000000000110111101000111100000000000000000
39813,22646,33.15621,0BA,5,1110000000100010101001000000000000011011
4906,33993,33.161999,25,8,0000000001110100000000000000000101010000110010000000000010111010
29893,33995,33.162373,24,8,0000001000100001000000100000000001000010000100011000000000100100
25113,33996,33.162601,0AA,8,0001110101001001000111010000001000011101001110100001110011110011
20249,33997,33.163612,0B4,8,0000000000000000000000000000000010100000000000101010001100000001
39814,33960,33.1637,0BA,5,1100011000000000000000000000000010111110
33351,34000,33.16744,1C4,8,0000010101000111000111000000000000000000000000000000000000110101
39815,11339,33.171189,0BA,5,0010100100000000000000000000010000101000
4907,34003,33.171966,25,8,0000000001110110000000000000000111000000110100100000000000110110
25114,34004,33.172614,0AA,8,0001110101001001000111010000000100011101001110010001110011110011
9558,34005,33.173209,260,8,0000000000000000000000000000000000000000000001001101010001000010
17693,34008,33.175604,226,8,0000000000000000000100000000000000000000000000000000000000000000
39816,22665,33.178679,0BA,5,0100111100000000000000000000000000101110
12394,34010,33.181411,2C1,8,0000000000000001100100000000000100111100110000000001100001110001
4908,34012,33.182015,25,8,0000000001110111000000000000000100010000110010000000000001111101
29894,34013,33.182251,24,8,0000001000100010000000011111111101000010000100011000000000100011
25115,34014,33.182578,0AA,8,0001110101001001000111010000000100011101001110000001110011110001
15384,34016,33.183418,1C6,8,0000000000000000100000000000000110111010000111010000000000000000
20250,34017,33.183665,0B4,8,0000000000000000000000000000000010100000000000101001110111111011
39817,22669,33.186168,0BA,5,1110000000100010101001000000000000011011
986,34020,33.186593,320,8,0000000000100000000000000000000000000000000000000000000001001011
33352,34021,33.187419,1C4,8,0000010101100101000111000000000000000000000000000000000001010011
7686,34023,33.188158,611,8,0010000100000000000000000001000000000000000000000011110101101100
4909,34025,33.191945,25,8,0000000001111000000000000000000101110000110100100000000011101000
25116,34026,33.192598,0AA,8,0001110101001001000111010000000000011101001110000001110011110000
9559,34027,33.193157,260,8,0000000000000000000000000000000000000000000001000110010111010011
39818,33990,33.193658,0BA,5,1100011000000000000000000000000010111110
14127,34029,33.197134,442,8,0100001100000010000000000000000000000010000000000000000000000000
39819,11345,33.201147,0BA,5,0010100100000000000000000000011100101011
4910,34033,33.201965,25,8,0000000001111010000000000000000111010000110010000000000001000000
29895,34034,33.2022,24,8,0000001000100010000000100000000001000010000100111000000000100111
25117,34035,33.202557,0AA,8,0001110101001110000111001111111100011101001110000001110011101110
20251,34036,33.203572,0B4,8,0000000000000000000000000000000010100000000000101001110111111011
33353,34040,33.207406,1C4,8,0000010101100101000111000000000000000000000000000000000001010011
17694,34041,33.207653,226,8,0000000000000000000100000000000000000000000000000000000000000000
39820,22682,33.208637,0BA,5,0100111100000000000000000000000000101110
43557,33301,33.209655,423,2,1000100000000
12395,34043,33.211425,2C1,8,0000000000000001101101100000000101110011110000000001100011001110
4911,34045,33.212,25,8,0000000001111011000000000000000100100000110010000000000010010001
25118,34046,33.212572,0AA,8,0001110101010011000111010000100100011101001110000001110011101110
9560,34047,33.213209,260,8,0000000000000000000000000000000000000000000001001000011011110100
15385,34048,33.213446,1C6,8,0000000000000000100000000000000110110111000111010000000000000000
39821,22687,33.216126,0BA,5,1110000000100010101010000000000000011111
4912,34053,33.222,25,8,0000000001111100000000000000000101110000110010000000000011100010
29896,34054,33.222234,24,8,0000001000100100000000100000011001000010000101101000000000110010
25119,34055,33.222537,0AA,8,0001110101100000000111010000101100011101001110000001110011101110
20252,34056,33.22355,0B4,8,0000000000000000000000000000000010100000000000101010001100000001
39822,34019,33.223616,0BA,5,1100011000000000000000000000000010111110
33354,34059,33.227393,1C4,8,0000010110000000000111000000000000000000000000000000000001101110
39823,11357,33.231105,0BA,5,0010100100000000000000000000010000101000
4913,34063,33.232939,25,8,0000000001111110000000000000000111100000101111100000000001001010
9561,34064,33.233183,260,8,0000000000000000000000000000000000000000000001001001110000001010
13426,34065,33.233336,394,3,0
25120,34066,33.233564,0AA,8,0001110101011011000111010000111000011101001110000001110011101011
35184,33848,33.236012,3D3,3,111001010000000010101101
17695,34069,33.236545,226,8,0000000000000000000100000000000000000000000000000000000000000000
987,34070,33.237541,320,8,0000000000100000000000000000000000000000000000000000000001001011
39824,22704,33.238595,0BA,5,0100111100000000000000000000000000101110
12396,34071,33.241355,2C1,8,0000000000000001111000110000000110110110110000000001100000111110
4914,34073,33.241963,25,8,0000000001111111000000000000000100000000101111000000000001101001
29897,34074,33.242203,24,8,0000001000100101000000100000111101000010000110001000000000111110
25121,34075,33.242544,0AA,8,0001110101010001000111001111111100011101001110010001110011101011
15386,34076,33.243363,1C6,8,0000000000000000100000000000000110110111000111010000000000000000
20253,34077,33.243606,0B4,8,0000000000000000000000000000000010100000000000101010111000001100
39825,22707,33.246085,0BA,5,1110000000100010101010000000000000011111
33355,34081,33.247376,1C4,8,0000010110000000000111000000000000000000000000000000000001101110
4915,34085,33.251906,25,8,0000000010000000000000000000000101000000101111100000000010101100
25122,34086,33.252546,0AA,8,0001110101000111000111001111100100011101001111000001110011101011
9562,34087,33.253134,260,8,0000000000000000000000000000000000000000000001001001000111111111
39826,34049,33.253574,0BA,5,1100011000000000000000000000000010111110
39827,11367,33.261064,0BA,5,0010100100000000000000000000011100101011
4916,34090,33.26191,25,8,0000000010000010000000000000000110010000101111100000000011111110
29898,34091,33.262145,24,8,0000001000100110000000100000010101000010000101101000000000110011
25123,34092,33.262498,0AA,8,0001110101000111000111001111001100011101001111110001110011101110
20254,34093,33.263509,0B4,8,0000000000000000000000000000000010100100000000101010001100000101
33356,34098,33.267344,1C4,8,0000010110010001000111000000000000000000000000000000000001111111
17696,34099,33.267592,226,8,0000000000000000000100000000000000000000000000000000000000000000
39828,22726,33.268553,0BA,5,0100111100000000000000000000000000101110
12397,34101,33.271344,2C1,8,0000000000000010000011000000000111110000110000000001100110100011
4917,34103,33.27194,25,8,0000000010000011000000000000000111000000101101000000000000100101
25124,34104,33.272518,0AA,8,0001110101011011000111001111111100011101001110100001110011101011
9563,34105,33.273103,260,8,0000000000000000000000000000000000000000000001001001000111111111
15387,34106,33.273346,1C6,8,0000000000000000000000000000000110110100000111010000000000000000
171,34108,33.27451,3B7,8,1000
39829,22730,33.276043,0BA,5,1110000000100010101010000000000000011111
4918,34111,33.281888,25,8,0000000010000100000000000000000111100000101010100000000000111100
29899,34112,33.282135,24,8,0000001000100111000000100000000001000010000101101000000000101111
25125,34113,33.282475,0AA,8,0001110101011110000111010000010100011101001110010001110011101001
20255,34114,33.283493,0B4,8,0000000000000000000000000000000010100100000000101001110111111111
39830,34079,33.283532,0BA,5,1100011000000000000000000000000010111110
988,34116,33.285496,320,8,0000000000100000000000000000000000000000000000000000000001001011
11074,34118,33.287017,620,8,0001000000000000000000000000000000000000000000000000000000000000
33357,34119,33.287326,1C4,8,0000010110010111000111000000000000000000000000000000000010000101
39831,11380,33.291022,0BA,5,0010100100000000000000000000010000101000
4919,34123,33.291854,25,8,0000000010000101000000000000000100000000101010100000000001011101
25126,34124,33.292497,0AA,8,0001110101100010000111010000101100011101001110000001110011100110
9564,34125,33.293011,260,8,0000000000000000000000000000000000000000000001000111101111101001
17697,34128,33.295487,226,8,0000000000000000000100000000000000000000000000000000000000000000
21702,34130,33.297013,443,8,0100110100000010000000000010111100000110000000000000000000000000
39832,22743,33.298511,0BA,5,0100111100000000000000000000000000101110
12398,34132,33.301304,2C1,8,0000000000000010001101100000001000100011110000000001110000000100
4920,34134,33.301902,25,8,0000000010000110000000000000000100100000101010100000000001111110
29900,34135,33.302136,24,8,0000001000101000000000100001000101000010000110101000000001000101
25127,34136,33.302456,0AA,8,0001110101011011000111010000011000011101001111010001110011101000
15388,34137,33.303311,1C6,8,0000000000000000000000000000000110110001000111010000000000000000
20256,34138,33.303551,0B4,8,0000000000000000000000000000000010100100000000101010111000010000
39833,22747,33.306001,0BA,5,1110000000100010101010000000000000011111
33358,34141,33.307303,1C4,8,0000010110010111000111000000000000000000000000000000000010000101
4921,34144,33.311833,25,8,0000000010000111000000000000000100100000100101100000000001101011
25128,34145,33.31248,0AA,8,0001110101010110000111010000001000011101010000100001110011101011
9565,34146,33.312919,260,8,0000000000000000000000000000000000000000000001001000011011110100
39834,34107,33.31349,0BA,5,1100011000000000000000000000000010111110
7840,34148,33.316969,610,8,0010000000000000000001110110010011000000000000000010101101000000
39835,11383,33.32098,0BA,5,0010100100000000000000000000011100101011
4922,34151,33.321846,25,8,0000000010001000000000000000000100110000101000000000000010000110
29901,34152,33.322095,24,8,0000001000101001000000100001001101000010000101101000000001000100
25129,34153,33.322442,0AA,8,0001110101011000000111001111111100011101010000110001110011101011
20257,34154,33.323452,0B4,8,0000000000000000000000000000000010100100000000101010100100001011
16478,34158,33.326868,3F9,8,0111010100011000000000100000001010000000000000000000000000010101
33359,34159,33.327293,1C4,8,0000010110011100000111000000000000000000000000000000000010001010
17698,34160,33.32754,226,8,0000000000000000000100000000000000000000000000000000000000000000
39836,22766,33.328469,0BA,5,0100111100000000000000000000000000101110
43750,1139,33.3295,3BB,5,1011101100000000000000000000000000100110
12399,34163,33.331284,2C1,8,0000000000000010011011000000001001100011110000000001110101111011
4923,34165,33.331865,25,8,0000000010001001000000000000000101000000101000000000000010010111
25130,34166,33.33246,0AA,8,0001110101011110000111010000000100011101010001000001110011101011
9566,34167,33.333005,260,8,0000000000000000000000000000000000000000000001000010110110011011
15389,34168,33.333275,1C6,8,0000000000000000000000000000000110101110000111000000000000000000
989,34170,33.334447,320,8,0000000000100000000000000000000000000000000000000000000001001011
39837,22770,33.335959,0BA,5,1110000000100010101010000000000000011111
4924,34172,33.341833,25,8,0000000010001010000000000000000101000000100101100000000010001110
29902,34173,33.342081,24,8,0000001000101010000000100000011001000010000101001000000000110110
25131,34174,33.342419,0AA,8,0001110101100010000111010000010100011101010001110001110011101011
20258,34175,33.343434,0B4,8,0000000000000000000000000000000010100100000000101010100100001011
39838,34140,33.343449,0BA,5,1100011000000000000000000000000010111110
33360,34179,33.34727,1C4,8,0000010110011100000111000000000000000000000000000000000010001010
39839,11399,33.350938,0BA,5,0010100100000000000000000000010000101000
4925,34183,33.351794,25,8,0000000010001011000000000000000101000000100101100000000010001111
25132,34184,33.352439,0AA,8,0001110101100101000111010000100100011101010001110001110011101010
9567,34185,33.352707,260,8,0000000000000000000000000000000000000000000001000100001110110001
17699,34188,33.355428,226,8,0000000000000000000100000000000000000000000000000000000000000000
13925,34190,33.35592,622,8,0001001000000000000000000000000000000000000000000000000000000000
39840,22791,33.358428,0BA,5,0100111100000000000000000000000000101110
12400,34191,33.361242,2C1,8,0000000000000010100111000000001001100011110000000001110110101011
4926,34193,33.361829,25,8,0000000010001100000000000000000100110000100011000000000001110110
29903,34194,33.362069,24,8,0000001000101100000000100000101001000010000101101000000000111110
25133,34195,33.362405,0AA,8,0001110101100011000111010000101100011101010010000001110011101001
15390,34197,33.363256,1C6,8,0000000000000000000000000000000110100111000111000000000000000000
20259,34198,33.363495,0B4,8,0000000000000000000000000000000010100100000000101010111000010000
39841,22795,33.365917,0BA,5,1110000000100010101010000000000000011111
33361,34201,33.367327,1C4,8,0000010110100000000111000000000000000000000000000000000010001110
4927,34204,33.371773,25,8,0000000010001101000000000000000100010000100000100000000001001101
25134,34205,33.372416,0AA,8,0001110101100001000111010000011100011101010010010001110011101001
9568,34206,33.372658,260,8,0000000000000000000000000000000000000000000001000100001110110001
39842,34169,33.373407,0BA,5,1100011000000000000000000000000010111110
39843,11407,33.380896,0BA,5,0010100100000000000000000000011100101011
4928,34210,33.381766,25,8,0000000010001110000000000000000111110000100000100000000000101110
29904,34211,33.382026,24,8,0000001000101101000000100001010001000010000101101000000001001001
25135,34212,33.382413,0AA,8,0001110101100000000111010000010000011101010011000001110011101010
20260,34213,33.383393,0B4,8,0000000000000000000000000000000010101000000000101011010000011010
33362,34217,33.387233,1C4,8,0000010110100000000111000000000000000000000000000000000010001110
17700,34218,33.387481,226,8,0000000000000000000100000000000000000000000000000000000000000000
39844,22806,33.388386,0BA,5,0100111100000000000000000000000000101110
990,34220,33.388394,320,8,0000000000100000000000000000000000000000000000000000000001001011
12401,34221,33.391228,2C1,8,0000000000000010110010010000001010000110110000000001111111111101
4929,34223,33.391806,25,8,0000000010001111000000000000000111000000011110000000000011110101
25136,34224,33.392396,0AA,8,0001110101100010000111001111111100011101010011100001110011101011
9569,34225,33.392643,260,8,0000000000000000000000000000000000000000000000111101001101000000
15391,34226,33.393216,1C6,8,0000000000000000000000000000000110011110000111000000000000000000
39845,22810,33.395875,0BA,5,1110000000100010101010000000000000011111
28071,34230,33.39609,6C0,8,1110010000000000000000001110000010000000000000000000000000000000
31481,34231,33.401058,44D,8,0100001000000010000000000000000000000001000000000000000000000000
4930,34233,33.401769,25,8,0000000010010000000000000000000110010000011110000000000011000110
31663,34234,33.402015,389,8,0000000000100000000000000000000000000000000000000000000000000000
29905,34235,33.402251,24,8,0000001000101101000000100000110101000010000100111000000000111111
25137,34236,33.402478,0AA,8,0001110101100110000111010000001000011101010011100001110011101110
39846,34200,33.403365,0BA,5,1100011000000000000000000000000010111110
20261,34237,33.403371,0B4,8,0000000000000000000000000000000010101000000000101010111000010100
33363,34239,33.407213,1C4,8,0000010110110010000111000000000000000000000000000000000010100000
39847,11417,33.410854,0BA,5,0010100100000000000000000000010000101000
4931,34242,33.411738,25,8,0000000010010000000000000000000101000000011011100000000001101100
25138,34244,33.412384,0AA,8,0001110101101101000111010000011000011101010011100001110011101011
9570,34245,33.412627,260,8,0000000000000000000000000000000000000000000000111111010101100010
17701,34248,33.415372,226,8,0000000000000000000100000000000000000000000000000000000000000000
39848,22827,33.418344,0BA,5,0100111100000000000000000000000000101110
13766,34250,33.418828,61C,8,0010011010000000000000000000000000000000000000000000000000011010
12402,34252,33.421194,2C1,8,0000000000000010111111000000001011001001110000000001111101110011
4932,34254,33.421775,25,8,0000000010010001000000000000000100000000011011100000000000101101
29906,34255,33.422031,24,8,0000001000101110000000100000100001000010000100111000000000111011
25139,34256,33.42234,0AA,8,0001110101110001000111010001001100011101010011100001110011101001
15392,34257,33.423205,1C6,8,0000000000000000000000000000000110010101000111000000000000000000
20262,34258,33.423446,0B4,8,0000000000000000000000000000000010101000000000101010111000010100
39849,22830,33.425834,0BA,5,1110000000100010101010000000000000011111
33364,34261,33.427199,1C4,8,0000010110110010000111000000000000000000000000000000000010100000
13670,34265,33.430282,4B7,8,1110001011011111001000001111000000000000111010100000000100001000
28223,34266,33.430809,618,8,0010001000000000000000000001010001000000000000000000000000000000
4933,34268,33.431719,25,8,0000000010010010000000000000000111000000011011100000000011101110
25140,34269,33.43236,0AA,8,0001110101110011000111010001001100011101010100000001110011101001
9571,34270,33.432603,260,8,0000000000000000000000000000000000000000000001000101101011001000
39850,34227,33.433323,0BA,5,1100011000000000000000000000000010111110
991,34271,33.433353,320,8,0000000000100000000000000000000000000000000000000000000001001011
16315,34272,33.436542,4C1,8,0000000100000000000000010000000100000000000000000000000000000000
39851,11430,33.440813,0BA,5,0010100100000000000000000000011100101011
4934,34275,33.441701,25,8,0000000010010010000000000000000101110000011011100000000010011110
29907,34276,33.442,24,8,0000001000101110000000100000111101000010000101101000000001000101
25141,34277,33.442351,0AA,8,0001110101110001000111010001001100011101010101000001110011101011
20263,34278,33.443341,0B4,8,0000000000000000000000000000000010101000000000101011101000100000
33365,34283,33.44719,1C4,8,0000010111001001000111000000000000000000000000000000000010110111
17702,34284,33.447438,226,8,0000000000000000000100000000000000000000000000000000000000000000
39852,22848,33.448302,0BA,5,0100111100000000000000000000000000101110
12403,34287,33.451179,2C1,8,0000000000000011001000110000001100000000110000000001111111010011
4935,34289,33.451761,25,8,0000000010010011000000000000000100100000011001000000000001000101
25142,34290,33.452343,0AA,8,0001110101101111000111010000101100011101010101100001110011101110
9572,34291,33.452589,260,8,0000000000000000000000000000000000000000000001000000000001101110
15393,34292,33.453165,1C6,8,0000000000000000000000000000000110001111000111000000000000000000
39853,22851,33.455792,0BA,5,1110000000100010101010000000000000011111
4936,34296,33.461709,25,8,0000000010010100000000000000000111010000011001000000000011110110
294,34297,33.461957,38F,8,0000000100000000000000000000000000000000000000000000000000000000
29908,34298,33.462194,24,8,0000001000101111000000100001000101000010000101101000000001001000
25143,34299,33.46242,0AA,8,0001110101101110000111010000101000011101010110000001110011101111
39854,34260,33.463281,0BA,5,1100011000000000000000000000000010111110
20264,34300,33.463317,0B4,8,0000000000000000000000000000000010101000000000101011101000100000
33366,34302,33.46716,1C4,8,0000010111100111000111000000000000000000000000000000000011010101
39855,11441,33.470771,0BA,5,0010100100000000000000000000010000101000
4937,34305,33.471678,25,8,0000000010010100000000000000000101110000011001000000000010010110
25144,34306,33.472322,0AA,8,0001110101101110000111010000100100011101010110110001110011110000
9573,34307,33.472569,260,8,0000000000000000000000000000000000000000000001000010000110001111
17703,34310,33.475315,226,8,0000000000000000000100000000000000000000000000000000000000000000
39856,22862,33.47826,0BA,5,0100111100000000000000000000000000101110
12404,34313,33.481143,2C1,8,0000000000000011010010010000001100110110110000000010000000110000
4938,34315,33.481726,25,8,0000000010010101000000000000000100110000011011100000000001100001
29909,34316,33.48196,24,8,0000001000101111000000100000110101000010000101001000000001000010
25145,34317,33.482283,0AA,8,0001110101110001000111010000111000011101010110110001110011110011
15394,34318,33.483153,1C6,8,0000000000000000000000000000000110001111000111000000000000000000
20265,34319,33.483392,0B4,8,0000000000000000000000000000000010101100000000101011101000100100
39857,22866,33.48575,0BA,5,1110000000100010101010000000000000011111
992,34323,33.486303,320,8,0000000000100000000000000000000000000000000000000000000001001011
33367,34324,33.487147,1C4,8,0000010111100111000111000000000000000000000000000000000011010101
11258,34326,33.487563,4C8,8,0000100100000000000000000000000000000000000000000000000000000000
4939,34328,33.491659,25,8,0000000010010110000000000000000111100000011001000000000000001000
34727,34329,33.491915,380,8,0
25146,34331,33.49235,0AA,8,0001110101110110000111010000111100011101010110110001110011110011
9574,34332,33.492598,260,8,0000000000000000000000000000000000000000000001000000000001101110
39858,34293,33.493239,0BA,5,1100011000000000000000000000000010111110
35185,4233,33.495669,3D3,3,011011000000001000000000
39859,11445,33.500729,0BA,5,0010100100000000000000000000011100101011
4940,34338,33.501653,25,8,0000000010010111000000000000000110100000011011100000000011010011
29910,34339,33.501927,24,8,0000001000110000000000100000110001000010000100111000000001000001
25147,34340,33.502296,0AA,8,0001110101111000000111010001000000011101010110110001110011110011
20266,34341,33.503279,0B4,8,0000000000000000000000000000000010101100000000101011101000100100
14128,34344,33.505692,442,8,0100001100000010000000000000000000000010000000000000000000000000
33368,34346,33.507131,1C4,8,0000011000001110000111000000000000000000000000000000000011111101
17704,34347,33.50738,226,8,0000000000000000000100000000000000000000000000000000000000000000
39860,22887,33.508219,0BA,5,0100111100000000000000000000000000101110
12405,34350,33.511125,2C1,8,0000000000000011011010010000001101010110110000000010000001110000
4941,34352,33.511704,25,8,0000000010010111000000000000000101010000011011100000000010000011
25148,34353,33.512284,0AA,8,0001110101111011000111010001010100011101010111010001110011110011
9575,34354,33.512532,260,8,0000000000000000000000000000000000000000000001000001011010000100
15395,34355,33.513111,1C6,8,0000000000000000000000000000000110001111000110110000000000000000
39861,22889,33.515708,0BA,5,1110000000100010101010000000000000011111
4942,34358,33.521636,25,8,0000000010011000000000000000000100100000011110000000000001011110
29911,34359,33.521914,24,8,0000001000110000000000100001001101000010000100111000000001001000
25149,34360,33.522247,0AA,8,0001110101111101000111010001101000011101010111100001110011110100
39862,34322,33.523198,0BA,5,1100011000000000000000000000000010111110
20267,34361,33.523261,0B4,8,0000000000000000000000000000000010101100000000101011111100101001
33369,34364,33.527112,1C4,8,0000011000110111000111000000000000000000000000000000000000100110
39863,11460,33.530687,0BA,5,0010100100000000000000000000010000101000
4943,34367,33.531622,25,8,0000000010011001000000000000000111100000011011100000000000010101
25150,34368,33.532267,0AA,8,0001110101111011000111010001101000011101011000000001110011110101
9576,34369,33.53251,260,8,0000000000000000000000000000000000000000000001000011100010100110
13427,34370,33.532664,394,3,0
17705,34373,33.535261,226,8,0000000000000000000100000000000000000000000000000000000000000000
993,34374,33.536256,320,8,0000000000100000000000000000000000000000000000000000000001001011
39864,22908,33.538177,0BA,5,0100111100000000000000000000000000101110
12406,34376,33.541084,2C1,8,0000000000000011100001100000001110100011110000000010000011011010
4944,34378,33.541658,25,8,0000000010011010000000000000000110100000011011100000000011010110
29912,34379,33.54189,24,8,0000001000110001000000100001001101000010000100111000000001001001
25151,34380,33.542228,0AA,8,0001110101111011000111010001101000011101011000100001110011111010
15396,34382,33.543098,1C6,8,0000000000000000000000000000000110001111000110110000000000000000
20268,34383,33.543339,0B4,8,0000000000000000000000000000000010101100000000101100010100101111
43558,2260,33.545106,423,2,11100000000
39865,22913,33.545666,0BA,5,1110000000100010101010000000000000011111
33370,34388,33.547092,1C4,8,0000011000110111000111000000000000000000000000000000000000100110
34968,34390,33.547503,4C3,8,0000001100000000000000000000000100000000000000000000000000000000
4945,34393,33.551602,25,8,0000000010011010000000000000000101100000011110000000000010100000
25152,34394,33.552268,0AA,8,0001110101111101000111010001100000011101011000100001110011111010
9577,34395,33.552513,260,8,0000000000000000000000000000000000000000000001000001011010000100
39866,34356,33.553156,0BA,5,1100011000000000000000000000000010111110
35342,576,33.555394,386,7,01001110000000000000000000000000000000000000000010110001
39867,11465,33.560645,0BA,5,0010100100000000000000000000011100101011
4946,34399,33.561592,25,8,0000000010011011000000000000000100100000011011100000000001010111
29913,34400,33.561876,24,8,0000001000110001000000100000110001000010000101001000000001000011
25153,34401,33.562212,0AA,8,0001110110000000000111010001101000011101011000100001110011111010
20269,34402,33.563223,0B4,8,0000000000000000000000000000000010101100000000101100010100101111
33371,34406,33.56708,1C4,8,0000011001011111000111000000000000000000000000000000000001001110
17706,34407,33.567328,226,8,0000000000000000000100000000000000000000000000000000000000000000
39868,22925,33.568135,0BA,5,0100111100000000000000000000000000101110
12407,34409,33.57107,2C1,8,0000000000000011100111000000001110110011110000000010000000000000
4947,34411,33.571649,25,8,0000000010011100000000000000000111100000011011100000000000011000
25154,34412,33.572231,0AA,8,0001110110000101000111010001110100011101011001000001110011111000
9578,34413,33.572473,260,8,0000000000000000000000000000000000000000000001000010110110011011
15397,34414,33.573056,1C6,8,0000000000000000000000000000000110010000000110110000000000000000
172,34416,33.574221,3B7,8,1000
39869,22929,33.575624,0BA,5,1110000000100010101010000000000000011111
16479,34419,33.577099,3F9,8,0111010100011000000000100000001010000000000000000000000000010101
4948,34421,33.581563,25,8,0000000010011101000000000000000110100000011011100000000011011001
29914,34422,33.581855,24,8,0000001000110010000000100000111101000010000101101000000001001001
25155,34423,33.582221,0AA,8,0001110110000101000111010001111100011101011001110001110011111001
39870,34385,33.583114,0BA,5,1100011000000000000000000000000010111110
20270,34424,33.58321,0B4,8,0000000000000000000000000000000010110000000000101100101000111000
994,34426,33.585207,320,8,0000000000100000000000000000000000000000000000000000000001001011
14249,34427,33.586204,60.0,8,1010000100000000000000000000000000000000011100000000000000000000
11075,34428,33.586589,620,8,0001000000000000000000000000000000000000000000000000000000000000
33372,34429,33.587373,1C4,8,0000011001011111000111000000000000000000000000000000000001001110
39871,11477,33.590604,0BA,5,0010100100000000000000000000010000101000
9579,34433,33.592398,260,8,0000000000000000000000000000000000000000000001000010000110001111
4949,34434,33.59264,25,8,0000000010011101000000000000000101110000011101100000000010110001
25156,34435,33.593181,0AA,8,0001110110000101000111010001111000011101011001110001110011111010
17707,34438,33.596197,226,8,0000000000000000000100000000000000000000000000000000000000000000
39872,22947,33.598093,0BA,5,0100111100000000000000000000000000101110
12408,34440,33.601028,2C1,8,0000000000000011101101100000001111001100110000000010000000110011
4950,34442,33.601605,25,8,0000000010011110000000000000000100100000011011110000000001011011
29915,34443,33.601839,24,8,0000001000110011000000100001010001000010000101001000000001001101
25157,34444,33.602173,0AA,8,0001110110000111000111010001110100011101011010000001110011111111
15398,34445,33.603045,1C6,8,0000000000000000000000000000000110010000000110110000000000000000
20271,34446,33.603291,0B4,8,0000000000000000000000000000000010110000000000101100101000111000
39873,22949,33.605583,0BA,5,1110000000100010101010000000000000011111
21703,34449,33.60673,443,8,0100110100000010000000000010111100000110000000000000000000000000
7746,34450,33.606974,435,8,1000000000000101000001011111111111100000001111110000000000000011
33373,34451,33.607216,1C4,8,0000011010001010000111000000000000000000000000000000000001111001
4951,34456,33.611533,25,8,0000000010011111000000000000000111010000011001000000000000000001
25158,34457,33.612193,0AA,8,0001110110001010000111010001110100011101011010110001110100000000
9580,34458,33.612436,260,8,0000000000000000000000000000000000000000000001000000101101111001
39874,34415,33.613072,0BA,5,1100011000000000000000000000000010111110
10936,34460,33.61374,436,8,0
39875,11486,33.620562,0BA,5,0010100100000000000000000000011100101011
4952,34463,33.621532,25,8,0000000010100000000000000000000110010000011011100000000011001100
29916,34464,33.621841,24,8,0000001000110011000000100001001101000010000100111000000001001011
25159,34465,33.622156,0AA,8,0001110110001111000111010010001000011101011011000001110100000001
20272,34466,33.623168,0B4,8,0000000000000000000000000000000010110000000000101100101000111000
33374,34471,33.627073,1C4,8,0000011010110010000111000000000000000000000000000000000010100001
43751,2292,33.627085,3BB,5,1010010100000000000000000000000000000000
17708,34472,33.627321,226,8,0000000000000000000100000000000000000000000000000000000000000000
39876,22966,33.628051,0BA,5,0100111100000000000000000000000000101110
12409,34474,33.631052,2C1,8,0000000000000011110100000000001111010011110000000010000001010100
4953,34476,33.631602,25,8,0000000010100000000000000000000100110000011001000000000001100010
9581,34477,33.632083,260,8,0000000000000000000000000000000000000000000001000100111010111100
25160,34478,33.632315,0AA,8,0001110110010100000111010010100100011101011011100001110100000001
15399,34479,33.633005,1C6,8,0000000000000000000000000000000110010000000110100000000000000000
995,34481,33.63416,320,8,0000000000100000000000000000000000000000000000000000000001001011
39877,22972,33.635541,0BA,5,1110000000100010101010000000000000011111
4954,34484,33.641553,25,8,0000000010100001000000000000000111010000010110100000000011111001
13802,34485,33.641799,434,8,0100001000000000000000000000000000000000000000000000000000000000
29917,34486,33.642031,24,8,0000001000110100000000100001000101000010000101001000000001001011
25161,34487,33.642262,0AA,8,0001110110010100000111010010110000011101011100010001110100000001
39878,34448,33.64303,0BA,5,1100011000000000000000000000000010111110
20273,34488,33.643149,0B4,8,0000000000000000000000000000000010110000000000101101000000111110
33375,34491,33.647004,1C4,8,0000011010110010000111000000000000000000000000000000000010100001
34879,34493,33.647686,3C3,8,0100011000011110100101000100111011101110010110010000001110001000
28193,34494,33.648711,437,8,1111110011111111111111111111111111111111111111111111111111111111
39879,11501,33.65052,0BA,5,0010100100000000000000000000010000101000
4955,34496,33.651479,25,8,0000000010100001000000000000000101100000010110100000000010001001
9582,34497,33.651993,260,8,0000000000000000000000000000000000000000000001000001011010000100
25162,34498,33.652238,0AA,8,0001110110010100000111010010110000011101011100100001110100000001
17709,34501,33.655143,226,8,0000000000000000000100000000000000000000000000000000000000000000
39880,22988,33.658009,0BA,5,0100111100000000000000000000000000101110
12410,34503,33.660977,2C1,8,0000000000000011111000000000010000101001110000000010000010111011
4956,34505,33.661555,25,8,0000000010100010000000000000000100000000010110100000000000101010
29918,34506,33.66179,24,8,0000001000110101000000100001001101000010000110001000000001010010
25163,34507,33.662145,0AA,8,0001110110010100000111010010100100011101011100110001110100000100
15400,34508,33.662992,1C6,8,0000000000000000000000000000000110001111000110100000000000000000
20274,34509,33.663235,0B4,8,0000000000000000000000000000000010110000000000101101011001000100
39881,22992,33.665499,0BA,5,1110000000100010101010000000000000011111
33376,34512,33.666981,1C4,8,0000011011010110000111000000000000000000000000000000000011000101
4957,34515,33.671456,25,8,0000000010100011000000000000000110010000010100000000000010110001
9583,34516,33.671944,260,8,0000000000000000000000000000000000000000000001000110010111010011
25164,34517,33.67217,0AA,8,0001110110010100000111010010011100011101011101100001110100000110
39882,34480,33.672989,0BA,5,1100011000000000000000000000000010111110
39883,11507,33.680478,0BA,5,0010100100000000000000000000011100101011
4958,34524,33.681481,25,8,0000000010100011000000000000000100010000010100000000000000110001
29919,34525,33.681761,24,8,0000001000110110000000100001001101000010000110101000000001010101
25165,34526,33.682093,0AA,8,0001110110010110000111010010011100011101011110000001110100001001
20275,34527,33.683106,0B4,8,0000000000000000000000000000000010110100000000101101011001001000
13610,34531,33.686744,4DD,8,0001111000000000000000000000000000000000000000000000000000000000
33377,34532,33.686988,1C4,8,0000011011111100000111000000000000000000000000000000000011101011
17710,34533,33.687236,226,8,0000000000000000000100000000000000000000000000000000000000000000
39884,23009,33.687968,0BA,5,0100111100000000000000000000000000101110
996,34535,33.688189,320,8,0000000000100000000000000000000000000000000000000000000001001011
12411,34537,33.690966,2C1,8,0000000000000011111100110000010001010110110000000010000011111011
4959,34539,33.691544,25,8,0000000010100100000000000000000110100000010100000000000011000010
9584,34540,33.691963,260,8,0000000000000000000000000000000000000000000001000001011010000100
25166,34541,33.692186,0AA,8,0001110110011011000111010010101000011101011110100001110100001011
15401,34542,33.692946,1C6,8,0000000000000000000000000000000110001111000110100000000000000000
28072,34545,33.6953,6C0,8,1110010000000000000000001110000010000000000000000000000000000000
39885,23013,33.695457,0BA,5,1110000000100010101010000000000000011111
4960,34547,33.701457,25,8,0000000010100100000000000000000100010000010001100000000000101000
29920,34548,33.701745,24,8,0000001000110110000000100001000101000010000101101000000001001111
25167,34549,33.702077,0AA,8,0001110110100000000111010011001000011101011111100001110100001011
39886,34511,33.702947,0BA,5,1100011000000000000000000000000010111110
20276,34550,33.703083,0B4,8,0000000000000000000000000000000010110100000000101101101101001101
33378,34553,33.706947,1C4,8,0000011100100010000111000000000000000000000000000000000000010010
31482,34555,33.710286,44D,8,0100001000000010000000000000000000000001000000000000000000000000
39887,11521,33.710436,0BA,5,0010100100000000000000000000010000101000
4961,34557,33.711425,25,8,0000000010100101000000000000000110010000010001100000000010101001
9585,34558,33.711905,260,8,0000000000000000000000000000000000000000000001000010110110011011
25168,34559,33.712134,0AA,8,0001110110100110000111010011011000011101100000000001110100001011
17711,34562,33.715084,226,8,0000000000000000000100000000000000000000000000000000000000000000
39888,23030,33.717926,0BA,5,0100111100000000000000000000000000101110
12412,34563,33.72092,2C1,8,0000000000000100000001100000010001110011110000000010000000101100
4962,34565,33.721503,25,8,0000000010100101000000000000000111110000001111000000000011111111
29921,34566,33.721736,24,8,0000001000110111000000100001011001000010000110001000000001010111
25169,34567,33.722062,0AA,8,0001110110101000000111010011100000011101100000100001110100001011
15402,34569,33.723057,1C6,8,0000000000000000000000000000000110001111000110010000000000000000
20277,34570,33.723296,0B4,8,0000000000000000000000000000000010110100000000101110000101010011
39889,23034,33.725415,0BA,5,1110000000100010101010000000000000011111
33379,34573,33.726936,1C4,8,0000011100100010000111000000000000000000000000000000000000010010
9586,34575,33.731852,260,8,0000000000000000000000000000000000000000000001000001011010000100
4963,34577,33.732431,25,8,0000000010100101000000000000000101100000001111110000000001110010
39890,34543,33.732905,0BA,5,1100011000000000000000000000000010111110
25170,34578,33.733043,0AA,8,0001110110101010000111010011011100011101100001010001110100001101
997,34579,33.734067,320,8,0000000000100000000000000000000000000000000000000000000001001011
39891,11529,33.740394,0BA,5,0010100100000000000000000000011100101011
4964,34584,33.741386,25,8,0000000010100110000000000000000111000000001101110000000011001011
29922,34585,33.741708,24,8,0000001000111000000000100001011001000010000110001000000001011000
25171,34586,33.742063,0AA,8,0001110110100111000111010011011000011101100001110001110100010000
20278,34588,33.743047,0B4,8,0000000000000000000000000000000010110100000000101110110001011110
33380,34592,33.746911,1C4,8,0000011101000111000111000000000000000000000000000000000000110111
17712,34593,33.74716,226,8,0000000000000000000100000000000000000000000000000000000000000000
39892,23049,33.747884,0BA,5,0100111100000000000000000000000000101110
12413,34597,33.750913,2C1,8,0000000000000100000100000000010010000011110000000010000001000110
4965,34599,33.751494,25,8,0000000010100110000000000000000100010000001100100000000000010110
13991,34600,33.751742,38E,8,0
9587,34601,33.75199,260,8,0000000000000000000000000000000000000000000001000000000001101110
25172,34602,33.752231,0AA,8,0001110110101010000111010011011000011101100010110001110100010011
15403,34603,33.752894,1C6,8,0000000000000000000000000000000110001111000110010000000000000000
35186,34375,33.755325,3D3,3,111001010000000101000000
39893,23053,33.755373,0BA,5,1110000000100010101010000000000000011111
4966,34607,33.761397,25,8,0000000010100110000000000000000101100000001100100000000001100110
29923,34608,33.761689,24,8,0000001000111001000000100001000101000010000110001000000001010100
25173,34609,33.762019,0AA,8,0001110110101100000111010011011100011101100011000001110100010011
39894,34572,33.762863,0BA,5,1100011000000000000000000000000010111110
20279,34610,33.76303,0B4,8,0000000000000000000000000000000010111000000000101110110001100010
33381,34612,33.766898,1C4,8,0000011101101010000111000000000000000000000000000000000001011010
39895,11539,33.770353,0BA,5,0010100100000000000000000000010000101000
4967,34615,33.771374,25,8,0000000010100111000000000000000110110000001010010000000010101110
9588,34616,33.771811,260,8,0000000000000000000000000000000000000000000000111101111101001100
25174,34617,33.772038,0AA,8,0001110110110001000111010011101000011101100011000001110100010100
17713,34621,33.775029,226,8,0000000000000000000100000000000000000000000000000000000000000000
39896,23071,33.777842,0BA,5,0100111100000000000000000000000000101110
12414,34622,33.780868,2C1,8,0000000000000100001000000000010010100110110000000010000001111001
4968,34624,33.781446,25,8,0000000010100111000000000000000111110000001010010000000011101110
29924,34625,33.781681,24,8,0000001000111010000000100001010001000010000110101000000001011010
25175,34626,33.782005,0AA,8,0001110110110101000111010011110100011101100011000001110100010101
15404,34627,33.782881,1C6,8,0000000000000000000000000000000110001111000110010000000000000000
20280,34628,33.783121,0B4,8,0000000000000000000000000000000010111000000000101110110001100010
39897,23074,33.785332,0BA,5,1110000000100010101010000000000000011111
998,34631,33.786016,320,8,0000000000100000000000000000000000000000000000000000000001001011
33382,34632,33.786876,1C4,8,0000011110010010000111000000000000000000000000000000000010000010
9589,34635,33.791814,260,8,0000000000000000000000000000000000000000000000111011001000011111
4969,34637,33.792394,25,8,0000000010100111000000000000000100110000001000110000000000101000
39898,34604,33.792821,0BA,5,1100011000000000000000000000000010111110
25176,34638,33.792995,0AA,8,0001110110110110000111010011111100011101100100010001110100011000
39899,11547,33.800311,0BA,5,0010100100000000000000000000011100101011
4970,34642,33.801337,25,8,0000000010100111000000000000000101010000001000110000000001001000
29925,34643,33.801658,24,8,0000001000111010000000100001101101000010000110001000000001011111
25177,34644,33.802007,0AA,8,0001110110111011000111010100000000011101100100110001110100011011
20281,34645,33.802993,0B4,8,0000000000000000000000000000000010111000000000101111001001101000
33383,34652,33.806894,1C4,8,0000011110010010000111000000000000000000000000000000000010000010
17714,34653,33.807143,226,8,0000000000000000000100000000000000000000000000000000000000000000
39900,23095,33.8078,0BA,5,0100111100000000000000000000000000101110
12415,34655,33.810857,2C1,8,0000000000000100001100000000010010111100110000000010000010011111
4971,34657,33.811434,25,8,0000000010101000000000000000000110010000000110100000000010000000
13736,34658,33.811679,3A5,8,100000000
9590,34659,33.811923,260,8,0000000000000000000000000000000000000000000000111101001101000000
25178,34660,33.812157,0AA,8,0001110110111110000111010100001000011101100110000001110100011111
15405,34661,33.812839,1C6,8,0000000000000000000000000000000110001111000110010000000000000000
39901,23098,33.81529,0BA,5,1110000000100010101010000000000000011111
14129,34663,33.817245,442,8,0100001100000010000000000000000000000010000000000000000000000000
7841,34664,33.817503,610,8,0010000010000000000010000110010011000000000000001010001101000000
4972,34667,33.82136,25,8,0000000010101000000000000000000110110000000110100000000010100000
29926,34668,33.821656,24,8,0000001000111010000000100001100001000010000101101000000001011010
25179,34669,33.82196,0AA,8,0001110111000011000111010100011100011101100110110001110100100100
39902,34630,33.822779,0BA,5,1100011000000000000000000000000010111110
20282,34670,33.822974,0B4,8,0000000000000000000000000000000010111000000000101111011101101101
16480,34672,33.826516,3F9,8,0111010100011000000000100000001010000000000000000000000000010101
33384,34673,33.826844,1C4,8,0000011110111010000111000000000000000000000000000000000010101010
31344,34675,33.829235,640,8,1010100000000000000000000011011100000001110111110000000000000000
39903,11562,33.830269,0BA,5,0010100100000000000000000000010000101000
9591,34676,33.831679,260,8,0000000000000000000000000000000000000000000000111000010111110010
13428,34677,33.831834,394,3,0
34786,34679,33.832355,4DF,8,0010000000000000000000000000000100000000000000000000000000000000
4973,34680,33.832592,25,8,0000000010101000000000000000000111010000000101110000000010111101
25180,34681,33.832952,0AA,8,0001110111000100000111010100110000011101100111100001110100100011
17715,34684,33.83597,226,8,0000000000000000000100000000000000000000000000000000000000000000
999,34685,33.836965,320,8,0000000000100000000000000000000000000000000000000000000001001011
39904,23112,33.837758,0BA,5,0100111100000000000000000000000000101110
12416,34687,33.840813,2C1,8,0000000000000100001111000000010000111100110000000010000000101011
4974,34689,33.841388,25,8,0000000010101000000000000000000111100000000100100000000011001000
35030,34690,33.841634,413,8,0000000100000001000000010000100100000000000000000000000000000000
29927,34691,33.841867,24,8,0000001000111011000000100001010001000010000101101000000001010111
25181,34692,33.84209,0AA,8,0001110111000110000111010100110100011101100110110001110100100010
15406,34693,33.842905,1C6,8,0000000000000000000000000000000110001111000110000000000000000000
20283,34694,33.843149,0B4,8,0000000000000000000000000000000010111000000000101111110101110011
39905,23116,33.845248,0BA,5,1110000000100010101010000000000000011111
33385,34698,33.846828,1C4,8,0000011111100010000111000000000000000000000000000000000011010010
4975,34701,33.851291,25,8,0000000010101000000000000000000111110000000100100000000011011000
9592,34702,33.851534,260,8,0000000000000000000000000000000000000000000000111001000011111101
25182,34703,33.851961,0AA,8,0001110111001001000111010100111000011101100111010001110100100100
39906,34662,33.852738,0BA,5,1100011000000000000000000000000010111110
39907,11567,33.860227,0BA,5,0010100100000000000000000000011100101011
4976,34707,33.86128,25,8,0000000010101000000000000000000100000000000100100000000011101000
29928,34708,33.861603,24,8,0000001000111011000000100001101001000010000110001000000001011111
25183,34709,33.86195,0AA,8,0001110111001010000111010100111000011101101001010001110100100110
20284,34710,33.862941,0B4,8,0000000000000000000000000000000010111100000000110000001101111110
33386,34714,33.866866,1C4,8,0000100000000111000111000000000000000000000000000000000011111000
17716,34715,33.867114,226,8,0000000000000000000100000000000000000000000000000000000000000000
39908,23133,33.867717,0BA,5,0100111100000000000000000000000000101110
12417,34719,33.870802,2C1,8,0000000000000100010001100000010001010000110000000010000001001001
4977,34722,33.87138,25,8,0000000010101000000000000000000100000000000011110000000011100101
9593,34723,33.871624,260,8,0000000000000000000000000000000000000000000000110111101011100111
25184,34724,33.871941,0AA,8,0001110111001101000111010100111000011101101010100001110100101011
15407,34725,33.872792,1C6,8,0000000000000000000000000000000110010000000110000000000000000000
173,34727,33.873937,3B7,8,1000
39909,23136,33.875206,0BA,5,1110000000100010101010000000000000011111
43559,8689,33.880557,423,2,10101000001110
4978,34729,33.881285,25,8,0000000010101000000000000000000100010000000010110000000011110001
29929,34730,33.881584,24,8,0000001000111100000000100001101101000010000110101000000001100011
25185,34731,33.881903,0AA,8,0001110111010010000111010101000000011101101010100001110100101110
39910,34696,33.882696,0BA,5,1100011000000000000000000000000010111110
20285,34732,33.882919,0B4,8,0000000000000000000000000000000010111100000000110000100010000011
13864,34734,33.884669,4C6,8,0000011100000000000000110000000000000000000000000000000000000000
1000,34735,33.884925,320,8,0000000000100000000000000000000000000000000000000000000001001011
31278,34736,33.886153,4A6,8,0000000000000000000000000000000000000000000011000000000000000000
11076,34737,33.886421,620,8,0001000000000000000000000000000000000000000000000000000000000000
33387,34739,33.886848,1C4,8,0000100000011110000111000000000000000000000000000000000000001111
39911,11582,33.890185,0BA,5,0010100100000000000000000000010000101000
4979,34742,33.891256,25,8,0000000010101000000000000000000100010000000010010000000011101111
9594,34743,33.891497,260,8,0000000000000000000000000000000000000000000000110110001111010000
25186,34744,33.891927,0AA,8,0001110111010111000111010101001100011101101011000001110100110001
17717,34747,33.894915,226,8,0000000000000000000100000000000000000000000000000000000000000000
39912,23152,33.897675,0BA,5,0100111100000000000000000000000000101110
12418,34749,33.900763,2C1,8,0000000000000100010111000000010001101100110000000010000001111011
4980,34751,33.90134,25,8,0000000010101000000000000000000100010000000001110000000011101101
29930,34752,33.90157,24,8,0000001000111100000000100001100001000010000110001000000001011110
25187,34753,33.901885,0AA,8,0001110111011001000111010101101100011101101100010001110100110001
15408,34754,33.902779,1C6,8,0000000000000000000000000000000110010000000110000000000000000000
20286,34755,33.903023,0B4,8,0000000000000000000000000000000010111100000000110000100010000011
39913,23156,33.905164,0BA,5,1110000000100010101010000000000000011111
33388,34759,33.906777,1C4,8,0000100000011110000111000000000000000000000000000000000000001111
4981,34762,33.911229,25,8,0000000010101000000000000000000100010000000001100000000011101100
9595,34763,33.911473,260,8,0000000000000000000000000000000000000000000000110010110010011001
25188,34764,33.911905,0AA,8,0001110111011010000111010110000000011101101101100001110100110001
39914,34726,33.912654,0BA,5,1100011000000000000000000000000010111110
21704,34766,33.91656,443,8,0100110100000010000000000010111100000110000000000000000000000000
39915,11588,33.920143,0BA,5,0010100100000000000000000000011100101011
4982,34769,33.921219,25,8,0000000010101000000000000000000100010000000001100000000011101100
29931,34770,33.921547,24,8,0000001000111101000000100001100001000010000101101000000001011101
25189,34771,33.921897,0AA,8,0001110111011101000111010110000000011101101101110001110100110011
20287,34772,33.922879,0B4,8,0000000000000000000000000000000010111100000000110000111010001001
43752,33405,33.92467,3BB,5,0111000000000000000000001010010100000000
33389,34777,33.926757,1C4,8,0000100000110101000111000000000000000000000000000000000000100110
17718,34778,33.927012,226,8,0000000000000000000100000000000000000000000000000000000000000000
39916,23171,33.927633,0BA,5,0100111100000000000000000000000000101110
27832,34780,33.927876,420,8,0000000000000000000000000000000011111111000000001000000010101011
12419,34781,33.930753,2C1,8,0000000000000100011010010000010001100011110000000010000001111111
9596,34782,33.931317,260,8,0000000000000000000000000000000000000000000000101111010001100000
4983,34784,33.932238,25,8,0000000010101000000000000000000100010000000001010000000011101011
25190,34785,33.932862,0AA,8,0001110111011111000111010110000000011101101110010001110100110101
15409,34786,33.933104,1C6,8,0000000000000000000000000000000110010000000101110000000000000000
1001,34788,33.934875,320,8,0000000000100000000000000000000000000000000000000000000001001011
39917,23175,33.935123,0BA,5,1110000000100010101010000000000000011111
4984,34793,33.941202,25,8,0000000010101000000000000000000100010000000001000000000011101010
29932,34794,33.941534,24,8,0000001000111101000000100001101001000010000101101000000001011111
25191,34795,33.941877,0AA,8,0001110111100010000111010110000000011101101110100001110100111010
39918,34758,33.942612,0BA,5,1100011000000000000000000000000010111110
20288,34796,33.942862,0B4,8,0000000000000000000000000000000010111100000000110001010010001111
7626,34799,33.946175,3BC,8,0
33390,34800,33.946741,1C4,8,0000100001001110000111000000000000000000000000000000000000111111
39919,11598,33.950102,0BA,5,0010100100000000000000000000010000101000
4985,34803,33.951195,25,8,0000000010101000000000000000000100010000000001000000000011101010
9597,34804,33.951439,260,8,0000000000000000000000000000000000000000000000101111010001100000
25192,34805,33.951866,0AA,8,0001110111100101000111010110010100011101101110110001110100111101
17719,34809,33.954864,226,8,0000000000000000000100000000000000000000000000000000000000000000
43432,189,33.954926,3000000.0,6,110000010000101111110000000000010000000000000000
39920,23195,33.957591,0BA,5,0100111100000000000000000000000000101110
31603,34810,33.959575,633,8,1000000100000000000000000000000000000000000000000000000000000000
12420,34811,33.960709,2C1,8,0000000000000100011101100000010001110110110000000010000010011111
4986,34813,33.961287,25,8,0000000010101000000000000000000100010000000001000000000011101010
29933,34814,33.961521,24,8,0000001000111101000000100001101001000010000110001000000001100001
25193,34815,33.96183,0AA,8,0001110111101010000111010110011100011101110000110001110100111101
15410,34816,33.962723,1C6,8,0000000000000000000000000000000110001111000101110000000000000000
20289,34817,33.962965,0B4,8,0000000000000000000000000000000011000000000000110001100110011000
39921,23198,33.965081,0BA,5,1110000000100010101010000000000000011111
33391,34820,33.966718,1C4,8,0000100001100101000111000000000000000000000000000000000001010110
4987,34824,33.971174,25,8,0000000010101000000000000000000100010000000000110000000011101001
9598,34825,33.971418,260,8,0000000000000000000000000000000000000000000000101111010001100000
27893,34826,33.971666,4DC,8,0001110100000000000000000000000000000000000000000000000000000000
25194,34827,33.971897,0AA,8,0001110111101101000111010110110000011101110010000001110100111110
39922,34787,33.97257,0BA,5,1100011000000000000000000000000010111110
39923,11607,33.98006,0BA,5,0010100100000000000000000000011100101011
4988,34830,33.981162,25,8,0000000010101000000000000000000100010000000000110000000011101001
29934,34831,33.981501,24,8,0000001000111110000000100001101001000010000110101000000001100100
25195,34832,33.981839,0AA,8,0001110111110010000111010110111000011101110010000001110101000011
20290,34833,33.982826,0B4,8,0000000000000000000000000000000011000000000000110001111110011110
33392,34838,33.986705,1C4,8,0000100001111100000111000000000000000000000000000000000001101101
17720,34839,33.986953,226,8,0000000000000000000100000000000000000000000000000000000000000000
39924,23217,33.987549,0BA,5,0100111100000000000000000000000000101110
1002,34841,33.987822,320,8,0000000000100000000000000000000000000000000000000000000001001011
12421,34842,33.990697,2C1,8,0000000000000100100000000000010010000110110000000010000010111001
9599,34844,33.991254,260,8,0000000000000000000000000000000000000000000000101101110101001001
4989,34845,33.991495,25,8,0000000010101000000000000000000100010000000000110000000011101001
1557,34846,33.991743,6F3,8,0010000000000000000000000000000000000000000000000000000000000000
25196,34847,33.991973,0AA,8,0001110111110100000111010111000100011101110010100001110101000111
15411,34848,33.992684,1C6,8,0000000000000000000000000000000110001111000101110000000000000000
28073,34851,33.994515,6C0,8,1110010000000000000000001110000010000000000000000000000000000000
39925,23220,33.995039,0BA,5,1110000000100010101010000000000000011111
4990,34855,34.00133,25,8,0000000010101000000000000000000100010000000000110000000011101001
29935,34856,34.001564,24,8,0000001000111110000000100001101001000010000110001000000001100010
25197,34857,34.001791,0AA,8,0001110111110111000111010111001100011101110011110001110101001001
39926,34819,34.002528,0BA,5,1100011000000000000000000000000010111110
20291,34858,34.002811,0B4,8,0000000000000000000000000000000011000000000000110010101010101001
13550,34861,34.006041,399,8,0000000000000000000000000000000000000000111111110000000000000000
33393,34862,34.006688,1C4,8,0000100010010000000111000000000000000000000000000000000010000001
39927,11620,34.010018,0BA,5,0010100100000000000000000000010000101000
9600,34864,34.011154,260,8,0000000000000000000000000000000000000000000000101101110101001001
11198,34865,34.011399,39A,8,0000000000000000000000000000000100000000000000000000000000000000
4991,34867,34.012167,25,8,0000000010101000000000000000000100010000000000100000000011101000
25198,34868,34.012783,0AA,8,0001110111111001000111010111010100011101110100110001110101001001
35187,4294,34.014981,3D3,3,011011000000001000000000
17721,34871,34.0158,226,8,0000000000000000000100000000000000000000000000000000000000000000
39928,23234,34.017508,0BA,5,0100111100000000000000000000000000101110
31483,34873,34.019426,44D,8,0100001000000010000000000000000000000001000000000000000000000000
12422,34874,34.02066,2C1,8,0000000000000100100011000000010010000000110000000010000010111111
4992,34876,34.021241,25,8,0000000010101000000000000000000100010000000000100000000011101000
29936,34878,34.021686,24,8,0000001000111110000000100001101001000010000110001000000001100010
25199,34879,34.021917,0AA,8,0001110111111010000111010111100100011101110101000001110101001001
15412,34880,34.022666,1C6,8,0000000000000000000000000000000110001111000101110000000000000000
20292,34881,34.02291,0B4,8,0000000000000000000000000000000011000000000000110011000010101111
39929,23239,34.024997,0BA,5,1110000000100010101010000000000000011111
34,34884,34.026479,3B1,8,0000000000000000000000100000101000000000000010000000000000000000
33394,34885,34.026766,1C4,8,0000100010010000000111000000000000000000000000000000000010000001
4993,34888,34.031123,25,8,0000000010101000000000000000000100010000000000100000000011101000
9601,34889,34.031368,260,8,0000000000000000000000000000000000000000000000101110100001010100
25200,34890,34.031793,0AA,8,0001110111111111000111010111101100011101110101110001110101001100
39930,34849,34.032487,0BA,5,1100011000000000000000000000000010111110
1003,34891,34.032785,320,8,0000000000100000000000000000000000000000000000000000000001001011
39931,11626,34.039976,0BA,5,0010100100000000000000000000011100101011
4994,34895,34.041111,25,8,0000000010101000000000000000000100010000000000100000000011101000
29937,34896,34.041465,24,8,0000001000111111000000100001101101000010000110001000000001100100
25201,34897,34.041787,0AA,8,0001111000000101000111010111110100011101110111000001110101010001
20293,34898,34.042767,0B4,8,0000000000000000000000000000000011000100000000110011000010110011
33395,34902,34.046656,1C4,8,0000100010100001000111000000000000000000000000000000000010010010
17722,34903,34.046904,226,8,0000000000000000000100000000000000000000000000000000000000000000
39932,23259,34.047466,0BA,5,0100111100000000000000000000000000101110
12423,34907,34.050642,2C1,8,0000000000000100100101100000010010100011110000000010000011101100
9602,34909,34.051132,260,8,0000000000000000000000000000000000000000000000101101110101001001
4995,34910,34.051375,25,8,0000000010101000000000000000000100010000000000100000000011101000
25202,34912,34.051822,0AA,8,0001111000000111000111011000000000011101110111000001110101010010
15413,34913,34.052629,1C6,8,0000000000000000000000000000000110001111000101110000000000000000
39933,23261,34.054955,0BA,5,1110000000100010101010000000000000011111
4996,34917,34.061121,25,8,0000000010101000000000000000000100010000000000100000000011101000
29938,34918,34.061427,24,8,0000001000111111000000100001101001000010000110101000000001100101
25203,34919,34.061738,0AA,8,0001111000000111000111011000000100011101111000110001110101010011
39934,34883,34.062445,0BA,5,1100011000000000000000000000000010111110
20294,34920,34.062748,0B4,8,0000000000000000000000000000000011000100000000110011010110111000
33396,34925,34.066808,1C4,8,0000100010110010000111000000000000000000000000000000000010100011
39935,11640,34.069934,0BA,5,0010100100000000000000000000010000101000
9603,34927,34.071043,260,8,0000000000000000000000000000000000000000000000101110100001010100
4997,34929,34.072113,25,8,0000000010101000000000000000000100100000000000100000000011111000
25204,34930,34.072738,0AA,8,0001111000001100000111011000010000011101111001000001110101011000
17723,34933,34.075745,226,8,0000000000000000000100000000000000000000000000000000000000000000
16481,34934,34.076754,3F9,8,0111010100011000000000100000001010000000000000000000000000010101
39936,23278,34.077424,0BA,5,0100111100000000000000000000000000101110
12424,34935,34.080605,2C1,8,0000000000000100101000000000010010110110110000000010000000001001
4998,34937,34.081187,25,8,0000000010101000000000000000000100010000000000100000000011101000
29939,34938,34.08142,24,8,0000001001000001000000100001100001000010000110001000000001100011
25205,34940,34.081843,0AA,8,0001111000010000000111011000011100011101111001100001110101011011
15414,34941,34.082616,1C6,8,0000000000000000000000000000000110001111000101100000000000000000
20295,34942,34.082859,0B4,8,0000000000000000000000000000000011000100000000110011101110111110
39937,23282,34.084913,0BA,5,1110000000100010101010000000000000011111
1004,34946,34.085736,320,8,0000000000100000000000000000000000000000000000000000000001001011
33397,34947,34.086616,1C4,8,0000100011000110000111000000000000000000000000000000000010110111
9604,34950,34.090938,260,8,0000000000000000000000000000000000000000000000101110100001010100
4999,34951,34.091181,25,8,0000000010101000000000000000000100100000000000010000000011110111
25206,34952,34.091735,0AA,8,0001111000010010000111011000101000011101111010010001110101011100
39938,34914,34.092403,0BA,5,1100011000000000000000000000000010111110
39939,11645,34.099892,0BA,5,0010100100000000000000000000011100101011
5000,34957,34.101068,25,8,0000000010101000000000000000000100100000000000010000000011110111
29940,34958,34.101396,24,8,0000001001000001000000100001101101000010000101101000000001100100
25207,34959,34.101728,0AA,8,0001111000010100000111011000101000011101111010110001110101011111
20296,34960,34.102712,0B4,8,0000000000000000000000000000000011000100000000110100000111000100
33398,34964,34.106594,1C4,8,0000100011011101000111000000000000000000000000000000000011001110
17724,34965,34.106842,226,8,0000000000000000000100000000000000000000000000000000000000000000
39940,23296,34.107382,0BA,5,0100111100000000000000000000000000101110
12425,34967,34.110594,2C1,8,0000000000000100101011000000010010110110110000000010000000010101
9605,34969,34.111006,260,8,0000000000000000000000000000000000000000000000101101110101001001
5001,34970,34.111249,25,8,0000000010101000000000000000000100100000000000010000000011110111
13300,34971,34.111479,30000000.0,7,0
25208,34972,34.111719,0AA,8,0001111000010100000111011000101100011101111011110001110101100010
15415,34973,34.112577,1C6,8,0000000000000000000000000000000110001111000101100000000000000000
39941,23300,34.114872,0BA,5,1110000000100010101010000000000000011111
5002,34977,34.121063,25,8,0000000010101000000000000000000100010000000000010000000011100111
29941,34978,34.121376,24,8,0000001001000001000000100001101101000010000101101000000001100100
25209,34979,34.121683,0AA,8,0001111000011001000111011000111000011101111100100001110101100101
39942,34945,34.122361,0BA,5,1100011000000000000000000000000010111110
20297,34980,34.122693,0B4,8,0000000000000000000000000000000011001000000000110100011011001101
14130,34982,34.125809,442,8,0100001100000010000000000000000000000010000000000000000000000000
33399,34983,34.126579,1C4,8,0000100011110011000111000000000000000000000000000000000011100100
39943,11658,34.129851,0BA,5,0010100100000000000000000000010000101000
9606,34988,34.130863,260,8,0000000000000000000000000000000000000000000000101101110101001001
5003,34989,34.131105,25,8,0000000010101000000000000000000100100000000000010000000011110111
13429,34990,34.131261,394,3,0
25210,34991,34.131698,0AA,8,0001111000011110000111011001000100011101111110010001110101100111
17725,34995,34.134691,226,8,0000000000000000000100000000000000000000000000000000000000000000
1005,34996,34.135685,320,8,0000000000100000000000000000000000000000000000000000000001001011
39944,23318,34.13734,0BA,5,0100111100000000000000000000000000101110
12426,34997,34.14055,2C1,8,0000000000000100101100110000010010101100110000000010000000010010
5004,34999,34.14113,25,8,0000000010101000000000000000000100100000000000010000000011110111
29942,35000,34.141365,24,8,0000001001000010000000100001101001000010000110001000000001100110
27951,35001,34.141618,300000000.0,8,0
25211,35002,34.141847,0AA,8,0001111000100001000111011001011000011101111111000001110101101011
15416,35003,34.142564,1C6,8,0000000000000000000000000000000110001111000101100000000000000000
20298,35004,34.142803,0B4,8,0000000000000000000000000000000011001000000000110100110011010011
39945,23321,34.14483,0BA,5,1110000000100010101010000000000000011111
33400,35008,34.146563,1C4,8,0000100100001000000111000000000000000000000000000000000011111010
34880,35010,34.147167,3C3,8,0100011000011110100101000100111011101110010110010000001110001000
9607,35013,34.15084,260,8,0000000000000000000000000000000000000000000000101101110101001001
5005,35014,34.151085,25,8,0000000010101000000000000000000100100000000000010000000011110111
25212,35015,34.151684,0AA,8,0001111000100011000111011001100100011101111111000001110101101100
39946,34974,34.152319,0BA,5,1100011000000000000000000000000010111110
35343,11316,34.154597,386,7,10100100000000000000000000000000000000000000000010000000
39947,11667,34.159809,0BA,5,0010100100000000000000000000011100101011
5006,35018,34.161032,25,8,0000000010101000000000000000000100100000000000010000000011110111
29943,35019,34.161339,24,8,0000001001000010000000100001101001000010000110101000000001101000
25213,35020,34.161641,0AA,8,0001111000100110000111011001100100011110000000010001110101101010
20299,35021,34.162653,0B4,8,0000000000000000000000000000000011001000000000110101000111011000
33401,35026,34.166544,1C4,8,0000100100011110000111000000000000000000000000000000000000010000
17726,35027,34.166793,226,8,0000000000000000000100000000000000000000000000000000000000000000
39948,23338,34.167298,0BA,5,0100111100000000000000000000000000101110
12427,35029,34.17054,2C1,8,0000000000000100101111000000010010111001110000000010000000101000
9608,35031,34.170955,260,8,0000000000000000000000000000000000000000000000101110100001010100
5007,35032,34.171199,25,8,0000000010101000000000000000000100100000000000010000000011110111
27931,35033,34.171449,3000000000.0,8,0
25214,35034,34.171676,0AA,8,0001111000101000000111011001101100011110000000110001110101110001
15417,35035,34.172525,1C6,8,0000000000000000000000000000000110001100000101100000000000000000
174,35037,34.173657,3B7,8,1000
39949,23343,34.174788,0BA,5,1110000000100010101010000000000000011111
5008,35040,34.181009,25,8,0000000010101000000000000000000100100000000000010000000011110111
29944,35042,34.181426,24,8,0000001001000010000000100001101001000010000110001000000001100110
25215,35043,34.181654,0AA,8,0001111000101101000111011001111000011110000001100001110101110100
39950,35006,34.182277,0BA,5,1100011000000000000000000000000010111110
20300,35044,34.182637,0B4,8,0000000000000000000000000000000011001000000000110101011111011110
1006,35046,34.184641,320,8,0000000000100000000000000000000000000000000000000000000001001011
7687,35047,34.18573,611,8,0010000100000000000000000001000000000000000000000011110101101100
33402,35048,34.186525,1C4,8,0000100100110010000111000000000000000000000000000000000000100100
39951,11680,34.189767,0BA,5,0010100100000000000000000000010000101000
9609,35050,34.19061,260,8,0000000000000000000000000000000000000000000000101101001000111110
5009,35052,34.191192,25,8,0000000010101000000000000000000100100000000000010000000011110111
25216,35053,34.191648,0AA,8,0001111000110000000111011010001100011110000010000001110101111000
17727,35058,34.194634,226,8,0000000000000000000100000000000000000000000000000000000000000000
39952,23357,34.197257,0BA,5,0100111100000000000000000000000000101110
11077,35061,34.197769,620,8,0001000000000000000000000000000000000000000000000000000000000000
12428,35062,34.200497,2C1,8,0000000000000100110011000000010011011001110000000010000001011000
5010,35064,34.201077,25,8,0000000010101000000000000000000100100000000000010000000011110111
29945,35065,34.20131,24,8,0000001001000010000000100001101001000010000110101000000001101000
25217,35066,34.201603,0AA,8,0001111000110010000111011010011100011110000010100001110101111000
15418,35067,34.202512,1C6,8,0000000000000000000000000000000110001001000101100000000000000000
20301,35068,34.202756,0B4,8,0000000000000000000000000000000011001100000000110101110111101000
39953,23361,34.204746,0BA,5,1110000000100010101010000000000000011111
33403,35071,34.206508,1C4,8,0000100101000111000111000000000000000000000000000000000000111001
9610,35074,34.210789,260,8,0000000000000000000000000000000000000000000000101101001000111110
5011,35075,34.211032,25,8,0000000010101000000000000000000100100000000000010000000011110111
25218,35076,34.211626,0AA,8,0001111000110010000111011010101000011110000011110001110101111011
39954,35036,34.212236,0BA,5,1100011000000000000000000000000010111110
43560,34335,34.216008,423,2,1000100000000
39955,11687,34.219725,0BA,5,0010100100000000000000000000011100101011
5012,35080,34.220943,25,8,0000000010101000000000000000000100100000000000010000000011110111
29946,35081,34.221314,24,8,0000001001000011000000100001101001000010000110101000000001101001
25219,35082,34.221617,0AA,8,0001111000110011000111011010101100011110000100110001110110000000
43753,1169,34.222255,3BB,5,1011101100000000000000000000000000100110
20302,35083,34.2226,0B4,8,0000000000000000000000000000000011001100000000110110001011101101
21705,35087,34.226185,443,8,0100110100000010000000000010111100000110000000000000000000000000
33404,35088,34.226489,1C4,8,0000100101000111000111000000000000000000000000000000000000111001
17728,35089,34.226736,226,8,0000000000000000000100000000000000000000000000000000000000000000
39956,23380,34.227215,0BA,5,0100111100000000000000000000000000101110
12429,35092,34.230496,2C1,8,0000000000000100110100110000010011000000110000000010000001000110
9611,35094,34.230913,260,8,0000000000000000000000000000000000000000000000101100011100110011
5013,35095,34.231157,25,8,0000000010101000000000000000000100100000000000010000000011110111
25220,35096,34.231616,0AA,8,0001111000110111000111011010110000011110000101000001110110000001
15419,35097,34.232472,1C6,8,0000000000000000000000000000000110000110000101100000000000000000
1007,35099,34.233595,320,8,0000000000100000000000000000000000000000000000000000000001001011
39957,23383,34.234704,0BA,5,1110000000100010101010000000000000011111
5014,35101,34.240955,25,8,0000000010101000000000000000000100100000000000010000000011110111
29947,35102,34.241288,24,8,0000001001000011000000100001101001000010000110101000000001101001
25221,35103,34.241575,0AA,8,0001111000111100000111011010111000011110000101010001110110000011
39958,35070,34.242194,0BA,5,1100011000000000000000000000000010111110
20303,35104,34.24258,0B4,8,0000000000000000000000000000000011001100000000110110001011101101
33405,35107,34.246478,1C4,8,0000100101011001000111000000000000000000000000000000000001001011
39959,11703,34.249683,0BA,5,0010100100000000000000000000010000101000
9612,35111,34.250755,260,8,0000000000000000000000000000000000000000000000101100011100110011
5015,35112,34.250997,25,8,0000000010101000000000000000000100100000000000010000000011110111
25222,35113,34.251591,0AA,8,0001111001000001000111011011000100011110000110000001110110000101
17729,35116,34.254574,226,8,0000000000000001000100000000000000000000000000000000000000000000
39960,23402,34.257173,0BA,5,0100111100000000000000000000000000101110
12430,35119,34.26044,2C1,8,0000000000000100110101100000010011101001110000000010000101110011
5016,35121,34.261021,25,8,0000000010101000000000000000000100100000000000010000000011110111
29948,35122,34.261255,24,8,0000001001000011000000100001101001000010000110101000000001101001
25223,35123,34.261549,0AA,8,0001111001000101000111011011011000011110000110110001110110000111
15420,35124,34.262459,1C6,8,0000000000000000000000000000000110000011000101100000000000000000
20304,35125,34.262702,0B4,8,0000000000000000000000000000000011001100000000110110111011111001
39961,23405,34.264662,0BA,5,1110000000100010101010000000000000011111
33406,35129,34.266455,1C4,8,0000100101101001000111000000000000000000000000000000000001011011
9613,35131,34.270525,260,8,0000000000000000000000000000000000000000000000101101001000111110
5017,35133,34.271107,25,8,0000000010101000000000000000000100100000000000010000000011110111
25224,35134,34.271567,0AA,8,0001111001000110000111011011100100011110000111110001110110001010
39962,35098,34.272152,0BA,5,1100011000000000000000000000000010111110
35188,34915,34.274638,3D3,3,111001010000001010001001
39963,11710,34.279642,0BA,5,0010100100000000000000000000011100101011
5018,35138,34.280889,25,8,0000000010101000000000000000000100100000000000010000000011110111
29949,35139,34.281235,24,8,0000001001000100000000100001101001000010000110101000000001101010
25225,35140,34.281559,0AA,8,0001111001000111000111011011101100011110001000100001110110001011
20305,35141,34.282548,0B4,8,0000000000000000000000000000000011010000000000110111001100000010
33407,35145,34.286437,1C4,8,0000100101111010000111000000000000000000000000000000000001101100
17730,35146,34.286686,226,8,0000000000000000000100000000000000000000000000000000000000000000
39964,23418,34.287131,0BA,5,0100111100000000000000000000000000101110
1008,35148,34.28754,320,8,0000000000100000000000000000000000000000000000000000000001001011
12431,35149,34.290432,2C1,8,0000000000000100110111000000010011011100110000000010000101101100
9614,35151,34.290846,260,8,0000000000000000000000000000000000000000000000101110100001010100
5019,35152,34.291089,25,8,0000000010101000000000000000000100100000000000010000000011110111
25226,35153,34.291553,0AA,8,0001111001001010000111011011110000011110001000110001110110001101
15421,35154,34.292425,1C6,8,0000000000000000000000000000000110000000000101100000000000000000
28074,35157,34.293749,6C0,8,1110010000000000000000001110000010000000000000000000000000000000
39965,23423,34.294621,0BA,5,1110000000100010101010000000000000011111
5020,35160,34.300897,25,8,0000000010101000000000000000000100100000000000010000000011110111
29950,35161,34.301216,24,8,0000001001000101000000100001101001000010000110101000000001101011
25227,35162,34.301513,0AA,8,0001111001001101000111011100000000011110001001100001110110001111
39966,35128,34.30211,0BA,5,1100011000000000000000000000000010111110
20306,35163,34.302527,0B4,8,0000000000000000000000000000000011010000000000110111100100001000
33408,35165,34.306417,1C4,8,0000100110001111000111000000000000000000000000000000000010000001
39967,11721,34.3096,0BA,5,0010100100000000000000000000010000101000
9615,35167,34.310372,260,8,0000000000000000000000000000000000000000000000101101110101001001
5021,35169,34.310956,25,8,0000000010101000000000000000000100100000000000010000000011110111
25228,35170,34.311537,0AA,8,0001111001010001000111011100010000011110001010000001110110010001
17731,35174,34.314523,226,8,0000000000000000000100000000000000000000000000000000000000000000
39968,23445,34.317089,0BA,5,0100111100000000000000000000000000101110
7842,35175,34.31754,610,8,0010000000000000000010010110010011000000000000001010001101000000
12432,35176,34.320392,2C1,8,0000000000000100111010010000010011100110110000000010000110000011
5022,35178,34.320971,25,8,0000000010101000000000000000000100100000000000010000000011110111
29951,35179,34.321207,24,8,0000001001000101000000100001100001000010000110111000000001101010
25229,35180,34.321494,0AA,8,0001111001010011000111011100010100011110001010000001110110010001
20307,35182,34.322529,0B4,8,0000000000000000000000000000000011010000000000110111111000001101
15422,35183,34.322771,1C6,8,0000000000000000000000000000000101111101000101010000000000000000
39969,23448,34.324579,0BA,5,1110000000100010101010000000000000011111
16482,35187,34.326096,3F9,8,0111010100011000000000100000001010000000000000000000000000010101
33409,35188,34.326402,1C4,8,0000100110100010000111000000000000000000000000000000000010010100
31484,35191,34.328715,44D,8,0100001000000010000000000000000000000001000000000000000000000000
9616,35192,34.330432,260,8,0000000000000000000000000000000000000000000000101110100001010100
5023,35194,34.331015,25,8,0000000010101000000000000000000100100000000000010000000011110111
25230,35195,34.331512,0AA,8,0001111001010101000111011100001100011110001011010001110110010010
39970,35155,34.332068,0BA,5,1100011000000000000000000000000010111110
1009,35196,34.332501,320,8,0000000000100000000000000000000000000000000000000000000001001011
39971,11732,34.339558,0BA,5,0010100100000000000000000000011100101011
5024,35199,34.340836,25,8,0000000010101000000000000000000100110000000000010000000000000111
29952,35200,34.341182,24,8,0000001001000110000000100001100001000010000110111000000001101011
25231,35201,34.341503,0AA,8,0001111001010110000111011100010100011110001100000001110110010111
20308,35202,34.342489,0B4,8,0000000000000000000000000000000011010000000000111000010000010011
16316,35207,34.345808,4C1,8,0000000100000000000000010000000100000000000000000000000000000000
33410,35208,34.346385,1C4,8,0000100110110101000111000000000000000000000000000000000010100111
17732,35209,34.346634,226,8,0000000000000000000100000000000000000000000000000000000000000000
39972,23464,34.347047,0BA,5,0100111100000000000000000000000000101110
9617,35212,34.350189,260,8,0000000000000000000000000000000000000000000000101101001000111110
12433,35213,34.350423,2C1,8,0000000000000101100110010000010011101001110000000010000100110111
5025,35215,34.351005,25,8,0000000010101000000000000000000100100000000000010000000011110111
25232,35216,34.351491,0AA,8,0001111001011001000111011100110100011110001100100001110110011011
15423,35217,34.352365,1C6,8,0000000000000000000000000000000101111010000101100000000000000000
39973,23467,34.354537,0BA,5,1110000000100010101010000000000000011111
13926,35219,34.356499,622,8,0001001000000000000000000000000000000000000000000000000000000000
5026,35221,34.360842,25,8,0000000010101000000000000000000100100000000000010000000011110111
29953,35222,34.361163,24,8,0000001001000110000000100001101001000010000110101000000001101100
25233,35224,34.361569,0AA,8,0001111001100001000111011100111100011110001101110001110110100000
39974,35186,34.362027,0BA,5,1100011000000000000000000000000010111110
20309,35225,34.362472,0B4,8,0000000000000000000000000000000011010100000000111000010000010111
33411,35227,34.366364,1C4,8,0000100111000111000111000000000000000000000000000000000010111001
39975,11744,34.369516,0BA,5,0010100100000000000000000000010000101000
9618,35229,34.37014,260,8,0000000000000000000000000000000000000000000000101101110101001001
5027,35231,34.370807,25,8,0000000010101000000000000000000100100000000000010000000011110111
25234,35232,34.371477,0AA,8,0001111001100100000111011101001000011110001110100001110110100000
17733,35235,34.374469,226,8,0000000000000000000100000000000000000000000000000000000000000000
39976,23478,34.377006,0BA,5,0100111100000000000000000000000000101110
12434,35237,34.38034,2C1,8,0000000000000101100101100000010110100011110000000010000111101111
5028,35239,34.380922,25,8,0000000010101000000000000000000100110000000000010000000000000111
29954,35240,34.381156,24,8,0000001001000111000000100001101101000010000110001000000001101100
25235,35241,34.381436,0AA,8,0001111001100110000111011101001100011110001110100001110110100011
15424,35242,34.382352,1C6,8,0000000000000000000000000000000101110111000101010000000000000000
20310,35243,34.382593,0B4,8,0000000000000000000000000000000011010100000000111000101000011101
39977,23482,34.384495,0BA,5,1110000000100010101010000000000000011111
1010,35246,34.385452,320,8,0000000000100000000000000000000000000000000000000000000001001011
33412,35247,34.386349,1C4,8,0000100111100010000111000000000000000000000000000000000011010100
9619,35251,34.390069,260,8,0000000000000000000000000000000000000000000000101110100001010100
5029,35253,34.390789,25,8,0000000010101000000000000000000100100000000000010000000011110111
25236,35254,34.391456,0AA,8,0001111001101001000111011101011000011110001111110001110110100100
39978,35218,34.391985,0BA,5,1100011000000000000000000000000010111110
39979,11750,34.399474,0BA,5,0010100100000000000000000000011100101011
5030,35259,34.400803,25,8,0000000010101000000000000000000100110000000000010000000000000111
31664,35260,34.401053,389,8,0000000000100000000000000000000000000000000000000000000000000000
29955,35261,34.401286,24,8,0000001001000111000000100001101101000010000110101000000001101110
25237,35262,34.401513,0AA,8,0001111001101110000111011101100100011110010000010001110110100111
20311,35263,34.402431,0B4,8,0000000000000000000000000000000011010100000000111000111100100010
33413,35267,34.406335,1C4,8,0000100111111111000111000000000000000000000000000000000011110001
17734,35268,34.406582,226,8,0000000000000000000100000000000000000000000000000000000000000000
39980,23502,34.406964,0BA,5,0100111100000000000000000000000000101110
9620,35270,34.410042,260,8,0000000000000000000000000000000000000000000000101101110101001001
12435,35271,34.410325,2C1,8,0000000000000101100101100000010110100110110000000010000111110010
5031,35274,34.410926,25,8,0000000010101000000000000000000100100000000000010000000011110111
25238,35275,34.411437,0AA,8,0001111001110101000111011110000000011110010001100001110110101010
15425,35276,34.412311,1C6,8,0000000000000000000000000000000101110100000101010000000000000000
39981,23504,34.414453,0BA,5,1110000000100010101010000000000000011111
5032,35279,34.420757,25,8,0000000010101000000000000000000100110000000000010000000000000111
29956,35280,34.421138,24,8,0000001001000111000000100001111101000010000110111000000001110011
25239,35281,34.421427,0AA,8,0001111001111010000111011110010100011110010010010001110110101111
39982,35245,34.421943,0BA,5,1100011000000000000000000000000010111110
20312,35282,34.422415,0B4,8,0000000000000000000000000000000011010100000000111001101100101110
33414,35285,34.426319,1C4,8,0000101000011010000111000000000000000000000000000000000000001101
39983,11765,34.429432,0BA,5,0010100100000000000000000000010000101000
13671,35288,34.429816,4B7,8,1110001011011111001000001111000000000000111010100000000100001000
9621,35289,34.430059,260,8,0000000000000000000000000000000000000000000000101110100001010100
13430,35290,34.430213,394,3,0
5033,35292,34.430795,25,8,0000000010101000000000000000000100110000000000010000000000000111
25240,35293,34.431418,0AA,8,0001111001111010000111011110100000011110010010110001110110110001
14131,35296,34.434374,442,8,0100001100000010000000000000000000000010000000000000000000000000
17735,35297,34.434621,226,8,0000000000000000000100000000000000000000000000000000000000000000
1011,35298,34.435406,320,8,0000000000100000000000000000000000000000000000000000000001001011
39984,23522,34.436922,0BA,5,0100111100000000000000000000000000101110
12436,35299,34.44032,2C1,8,0000000000000101100011000000010110100011110000000010000111100101
5034,35301,34.440869,25,8,0000000010101000000000000000000100110000000000010000000000000111
29957,35302,34.441127,24,8,0000001001000111000000100010001001000010000110111000000001110110
25241,35303,34.441381,0AA,8,0001111001111010000111011110100000011110010100000001110110110100
15426,35304,34.442301,1C6,8,0000000000000000000000000000000101110001000101010000000000000000
20313,35305,34.442545,0B4,8,0000000000000000000000000000000011011000000000111010000000110111
39985,23528,34.444412,0BA,5,1110000000100010101010000000000000011111
33415,35310,34.446304,1C4,8,0000101000110101000111000000000000000000000000000000000000101000
9622,35312,34.449949,260,8,0000000000000000000000000000000000000000000000101111010001100000
5035,35314,34.450728,25,8,0000000010101000000000000000000100110000000000010000000000000111
25242,35316,34.451416,0AA,8,0001111001111101000111011110100100011110010101010001110110110101
39986,35277,34.451901,0BA,5,1100011000000000000000000000000010111110
39987,11772,34.459391,0BA,5,0010100100000000000000000000011100101011
5036,35321,34.460722,25,8,0000000010101000000000000000000100110000000000010000000000000111
295,35322,34.461003,38F,8,0000000100000000000000000000000000000000000000000000000000000000
29958,35323,34.461237,24,8,0000001001001000000000100001111101000010000110111000000001110100
25243,35324,34.461468,0AA,8,0001111010000100000111011110110000011110010101110001110110111010
20314,35325,34.462374,0B4,8,0000000000000000000000000000000011011000000000111010011000111101
11259,35328,34.464984,4C8,8,0000100100000000000000000000000000000000000000000000000000000000
33416,35330,34.466288,1C4,8,0000101001001100000111000000000000000000000000000000000000111111
17736,35331,34.466536,226,8,0000000000000000000100000000000000000000000000000000000000000000
39988,23540,34.46688,0BA,5,0100111100000000000000000000000000101110
9623,35333,34.469931,260,8,0000000000000000000000000000000000000000000000101111010001100000
12437,35334,34.47027,2C1,8,0000000000000101100100000000010110010011110000000010000111011001
5037,35336,34.470853,25,8,0000000010101000000000000000000100110000000000010000000000000111
25244,35337,34.471383,0AA,8,0001111010001011000111011111001100011110010101110001110110111111
15427,35338,34.47226,1C6,8,0000000000000000000000000000000101101110000101010000000000000000
175,35340,34.473375,3B7,8,1000
34969,35341,34.474369,4C3,8,0000001100000000000000000000000100000000000000000000000000000000
39989,23545,34.47437,0BA,5,1110000000100010101010000000000000011111
5038,35344,34.480727,25,8,0000000010101000000000000000000100110000000000010000000000000111
29959,35345,34.481062,24,8,0000001001001000000000100001111101000010000110111000000001110100
25245,35346,34.481349,0AA,8,0001111010001111000111011111100000011110010110100001110111000000
39990,35308,34.481859,0BA,5,1100011000000000000000000000000010111110
20315,35347,34.482356,0B4,8,0000000000000000000000000000000011011000000000111010101101000010
1012,35349,34.484361,320,8,0000000000100000000000000000000000000000000000000000000001001011
11078,35350,34.485317,620,8,0001000000000000000000000000000000000000000000000000000000000000
33417,35351,34.486268,1C4,8,0000101001100100000111000000000000000000000000000000000001010111
39991,11782,34.489349,0BA,5,0010100100000000000000000000010000101000
9624,35353,34.489939,260,8,0000000000000000000000000000000000000000000000110000101001110111
34728,35354,34.490929,380,8,0
5039,35357,34.491723,25,8,0000000010101000000000000000000100110000000000010000000000000111
25246,35359,34.492396,0AA,8,0001111010010000000111011111101000011110010111000001110111000000
17737,35362,34.495354,226,8,0000000000000000000100000000000000000000000000000000000000000000
39992,23562,34.496838,0BA,5,0100111100000000000000000000000000101110
12438,35364,34.500267,2C1,8,0000000000000101100010010000010110000000110000000010000110111111
5040,35366,34.500816,25,8,0000000010101000000000000000000100110000000000010000000000000111
29960,35367,34.501049,24,8,0000001001001001000000100010001001000010000110111000000001111000
25247,35368,34.501351,0AA,8,0001111010010010000111011111110100011110011000010001110111001000
15428,35370,34.502244,1C6,8,0000000000000000000000000000000101101011000101010000000000000000
20316,35371,34.502483,0B4,8,0000000000000000000000000000000011011000000000111011011101001110
39993,23564,34.504328,0BA,5,1110000000100010101010000000000000011111
33418,35374,34.506247,1C4,8,0000101001111100000111000000000000000000000000000000000001101111
9625,35377,34.509901,260,8,0000000000000000000000000000000000000000000000110010000010001101
5041,35379,34.510674,25,8,0000000010101000000000000000000100110000000000010000000000000111
25248,35380,34.511344,0AA,8,0001111010010111000111011111111000011110011001100001110111001101
39994,35339,34.511817,0BA,5,1100011000000000000000000000000010111110
39995,11792,34.519307,0BA,5,0010100100000000000000000000011100101011
43754,2353,34.519839,3BB,5,1010010100000000000000000000000000000000
5042,35385,34.520692,25,8,0000000010101000000000000000000100110000000000010000000000000111
29961,35386,34.521024,24,8,0000001001001001000000100001111101000010000110111000000001110101
25249,35387,34.521311,0AA,8,0001111010011100000111100000000100011110011010110001110111001110
20317,35388,34.522319,0B4,8,0000000000000000000000000000000011011100000000111011110001010111
33419,35393,34.526227,1C4,8,0000101010010010000111000000000000000000000000000000000010000101
17738,35394,34.526475,226,8,0000000000000000000100000000000000000000000000000000000000000000
39996,23584,34.526796,0BA,5,0100111100000000000000000000000000101110
9626,35396,34.529872,260,8,0000000000000000000000000000000000000000000000110011011110100100
12439,35397,34.530218,2C1,8,0000000000000101100000000000010101101100110000000010000110100010
5043,35399,34.530802,25,8,0000000010101000000000000000000101000000000000010000000000010111
21706,35400,34.531042,443,8,0100110100000010000000000010111100000110000000000000000000000000
25250,35401,34.531328,0AA,8,0001111010100000000111100000011000011110011010010001110111010000
15429,35402,34.532211,1C6,8,0000000000000000000000000000000101101000000101010000000000000000
1013,35404,34.533314,320,8,0000000000100000000000000000000000000000000000000000000001001011
39997,23588,34.534286,0BA,5,1110000000100010101010000000000000011111
35189,4366,34.534294,3D3,3,011011000000001000000000
5044,35406,34.540676,25,8,0000000010101000000000000000000101000000000000010000000000010111
29962,35407,34.541007,24,8,0000001001001010000000100001110101000010000111011000000001110110
25251,35408,34.541293,0AA,8,0001111010100100000111100000100000011110011011100001110111010011
39998,35373,34.541776,0BA,5,1100011000000000000000000000000010111110
20318,35410,34.5423,0B4,8,0000000000000000000000000000000011011100000000111100001001011101
33420,35413,34.546207,1C4,8,0000101010111100000111000000000000000000000000000000000010101111
39999,11805,34.549265,0BA,5,0010100100000000000000000000010000101000
9627,35415,34.549821,260,8,0000000000000000000000000000000000000000000000110100110110111010
5045,35417,34.550643,25,8,0000000010101000000000000000000101000000000000010000000000010111
25252,35418,34.55131,0AA,8,0001111010100100000111100000110100011110011101100001110111011000
43561,2328,34.551459,423,2,11100000000
17739,35421,34.554298,226,8,0000000000000000000100000000000000000000000000000000000000000000
40000,23602,34.556755,0BA,5,0100111100000000000000000000000000101110
12440,35423,34.56018,2C1,8,0000000000000101011110010000010101011100110000000010000110001011
5046,35425,34.560766,25,8,0000000010101000000000000000000101000000000000010000000000010111
29963,35426,34.560995,24,8,0000001001001010000000100010000101000010000111011000000001111010
25253,35427,34.56127,0AA,8,0001111010101001000111100000110100011110011110010001110111011100
15430,35428,34.562195,1C6,8,0000000000000000000000000000000101100111000101010000000000000000
20319,35429,34.562438,0B4,8,0000000000000000000000000000000011011100000000111100100001100011
40001,23607,34.564244,0BA,5,1110000000100010101010000000000000011111
33421,35432,34.566195,1C4,8,0000101011001110000111000000000000000000000000000000000011000001
9628,35434,34.56971,260,8,0000000000000000000000000000000000000000000000110110111011011011
5047,35436,34.570622,25,8,0000000010101000000000000000000101000000000000010000000000010111
25254,35437,34.571289,0AA,8,0001111010110001000111100001001000011110011111010001110111100000
40002,35403,34.571734,0BA,5,1100011000000000000000000000000010111110
16483,35442,34.57621,3F9,8,0111010100011000000000100000001010000000000000000000000000010101
40003,11809,34.579223,0BA,5,0010100100000000000000000000011100101011
5048,35445,34.580678,25,8,0000000010101000000000000000000101000000000000010000000000010111
29964,35446,34.580977,24,8,0000001001001011000000100010001001000010000111111000000001111110
25255,35447,34.581284,0AA,8,0001111010110101000111100001010000011110100000110001110111100000
20320,35448,34.582262,0B4,8,0000000000000000000000000000000011011100000000111100110101101000
33422,35453,34.58617,1C4,8,0000101011100000000111000000000000000000000000000000000011010011
17740,35454,34.586418,226,8,0000000000000000000100000000000000000000000000000000000000000000
40004,23626,34.586713,0BA,5,0100111100000000000000000000000000101110
1014,35456,34.587261,320,8,0000000000100000000000000000000000000000000000000000000001001011
14250,35457,34.588259,60.0,8,1010000100000000000000000000000000000000011100000000000000000000
9629,35458,34.589653,260,8,0000000000000000000000000000000000000000000000110111101011100111
12441,35459,34.59017,2C1,8,0000000000000101011011000000010101010011110000000010000001110100
5049,35462,34.590774,25,8,0000000010101000000000000000000101000000000000010000000000010111
25256,35463,34.591269,0AA,8,0001111010111010000111100001010100011110100001110001110111100011
15431,35464,34.592154,1C6,8,0000000000000000000000000000000101100111000101010000000000000000
28075,35466,34.592958,6C0,8,1110010000000000000000001110000010000000000000000000000000000000
40005,23629,34.594202,0BA,5,1110000000100010101010000000000000011111
5050,35469,34.600619,25,8,0000000010101000000000000000000101000000000000010000000000010111
29965,35470,34.600959,24,8,0000001001001011000000100001111101000010000111111000000001111011
25257,35471,34.601238,0AA,8,0001111010111110000111100001100100011110100010100001110111101010
40006,35431,34.601692,0BA,5,1100011000000000000000000000000010111110
20321,35472,34.602245,0B4,8,0000000000000000000000000000000011100000000000111101100001110111
7747,35474,34.605857,435,8,1000000000000101000001011111111111100000001111110000000000000011
33423,35475,34.606155,1C4,8,0000101011101111000111000000000000000000000000000000000011100010
40007,11828,34.609181,0BA,5,0010100100000000000000000000010000101000
9630,35478,34.609666,260,8,0000000000000000000000000000000000000000000000111000010111110010
5051,35480,34.610586,25,8,0000000010101000000000000000000101000000000000010000000000010111
25258,35481,34.611253,0AA,8,0001111011000001000111100001111000011110100011000001110111101111
10937,35483,34.612856,436,8,0
17741,35485,34.614241,226,8,0000000000000000000100000000000000000000000000000000000000000000
40008,23648,34.616671,0BA,5,0100111100000000000000000000000000101110
12442,35486,34.620131,2C1,8,0000000000000101011010010000010101000000110000000010000001011110
5052,35488,34.620713,25,8,0000000010101000000000000000000101000000000000010000000000010111
29966,35489,34.620977,24,8,0000001001001100000000100001111101000010001000011000000001111110
25259,35490,34.621219,0AA,8,0001111011000110000111100010010000011110100100000001110111110000
15432,35491,34.622143,1C6,8,0000000000000000000000000000000101100111000101010000000000000000
20322,35492,34.622388,0B4,8,0000000000000000000000000000000011100000000000111101111001111101
40009,23652,34.624161,0BA,5,1110000000100010101010000000000000011111
33424,35496,34.626142,1C4,8,0000101011111100000111000000000000000000000000000000000011101111
9631,35498,34.629458,260,8,0000000000000000000000000000000000000000000000111000010111110010
5053,35500,34.63056,25,8,0000000010101000000000000000000101010000000000010000000000100111
25260,35501,34.63123,0AA,8,0001111011001001000111100010100100011110100101010001110111110011
40010,35465,34.63165,0BA,5,1100011000000000000000000000000010111110
1015,35502,34.632226,320,8,0000000000100000000000000000000000000000000000000000000001001011
31485,35503,34.6328,44D,8,0100001000000010000000000000000000000001000000000000000000000000
40011,11834,34.63914,0BA,5,0010100100000000000000000000011100101011
5054,35507,34.640549,25,8,0000000010101000000000000000000101010000000000010000000000100111
13803,35508,34.640841,434,8,0100001000000000000000000000000000000000000000000000000000000000
29967,35509,34.641074,24,8,0000001001001101000000100010000101000010001000011000000010000001
25261,35510,34.641309,0AA,8,0001111011001100000111100010110000011110100110100001110111110101
20323,35511,34.642208,0B4,8,0000000000000000000000000000000011100000000000111110100110001000
33425,35516,34.646128,1C4,8,0000101100001010000111000000000000000000000000000000000011111110
17742,35517,34.646376,226,8,0000000000000000000100000000000000000000000000000000000000000000
40012,23664,34.646629,0BA,5,0100111100000000000000000000000000101110
34881,35519,34.646766,3C3,8,0100011000011110100101000100111011101110010110010000001110001000
28194,35522,34.647922,437,8,1111110011111111111111111111111111111111111111111111111111111111
9632,35523,34.649423,260,8,0000000000000000000000000000000000000000000000111001000011111101
12443,35524,34.650112,2C1,8,0000000000000101011011000000010100111001110000000010000001011010
5055,35526,34.650693,25,8,0000000010101000000000000000000101010000000000010000000000100111
25262,35527,34.651225,0AA,8,0001111011001100000111100010111000011110100111110001110111111100
15433,35528,34.652101,1C6,8,0000000000000000000000000000000101100110000101010000000000000000
40013,23668,34.654119,0BA,5,1110000000100010101010000000000000011111
5056,35532,34.660682,25,8,0000000010101000000000000000000101010000000000010000000000100111
29968,35533,34.660909,24,8,0000001001001101000000100010000101000010001000011000000010000001
25263,35534,34.66118,0AA,8,0001111011011000000111100011000100011110101000100001111000000010
40014,35495,34.661608,0BA,5,1100011000000000000000000000000010111110
20324,35535,34.662191,0B4,8,0000000000000000000000000000000011100100000000111110111110010010
33426,35537,34.666106,1C4,8,0000101100010100000111000000000000000000000000000000000000001000
40015,11844,34.669098,0BA,5,0010100100000000000000000000010000101000
9633,35539,34.669375,260,8,0000000000000000000000000000000000000000000000110111101011100111
5057,35541,34.670525,25,8,0000000010101000000000000000000101010000000000010000000000100111
25264,35542,34.671206,0AA,8,0001111011011100000111100011010000011110101001110001111000000100
17743,35546,34.674187,226,8,0000000000000000000100000000000000000000000000000000000000000000
40016,23686,34.676587,0BA,5,0100111100000000000000000000000000101110
12444,35548,34.680077,2C1,8,0000000000000101010111000000010100101100110000000010000000111101
5058,35550,34.680656,25,8,0000000010101000000000000000000101010000000000010000000000100111
29969,35551,34.680894,24,8,0000001001001110000000100001111101000010000111111000000001111110
25265,35552,34.68116,0AA,8,0001111011011100000111100011100000011110101011010001111000000110
15434,35553,34.682089,1C6,8,0000000000000000000000000000000101100011000101010000000000000000
20325,35554,34.682334,0B4,8,0000000000000000000000000000000011100100000000111111010110011000
40017,23689,34.684077,0BA,5,1110000000100010101010000000000000011111
1016,35557,34.685173,320,8,0000000000100000000000000000000000000000000000000000000001001011
31279,35558,34.686027,4A6,8,0000000000000000000000000000000000000000000011000000000000000000
33427,35559,34.686264,1C4,8,0000101100011111000111000000000000000000000000000000000000010011
9634,35562,34.689353,260,8,0000000000000000000000000000000000000000000000110111101011100111
5059,35564,34.690507,25,8,0000000010101000000000000000000101010000000000010000000000100111
25266,35565,34.691178,0AA,8,0001111011011111000111100011101100011110101011110001111000001000
40018,35529,34.691566,0BA,5,1100011000000000000000000000000010111110
13611,35568,34.695855,4DD,8,0001111000000000000000000000000000000000000000000000000000000000
40019,11852,34.699056,0BA,5,0010100100000000000000000000011100101011
5060,35570,34.700494,25,8,0000000010101000000000000000000101010000000000010000000000100111
29970,35571,34.70087,24,8,0000001001001110000000100010000101000010000111111000000010000000
25267,35572,34.701176,0AA,8,0001111011100101000111100011111000011110101101000001111000001011
20326,35573,34.702153,0B4,8,0000000000000000000000000000000011100100000000111111101010011101
33428,35578,34.706071,1C4,8,0000101100101001000111000000000000000000000000000000000000011101
17744,35579,34.706318,226,8,0000000000000000000100000000000000000000000000000000000000000000
40020,23709,34.706546,0BA,5,0100111100000000000000000000000000101110
9635,35582,34.709373,260,8,0000000000000000000000000000000000000000000000110110111011011011
12445,35583,34.710063,2C1,8,0000000000000101001110010000010100101001110000000001111100010110
5061,35585,34.710644,25,8,0000000010101000000000000000000101010000000000010000000000100111
25268,35586,34.711158,0AA,8,0001111011101010000111100100001000011110101110010001111000001101
15435,35587,34.712054,1C6,8,0000000000000000000000000000000101100000000101010000000000000000
40021,23713,34.714035,0BA,5,1110000000100010101010000000000000011111
5062,35591,34.720502,25,8,0000000010101000000000000000000101010000000000010000000000100111
29971,35592,34.720849,24,8,0000001001001111000000100010001001000010001000011000000010000100
25269,35593,34.72112,0AA,8,0001111011101100000111100100010100011110101110100001111000010010
40022,35556,34.721525,0BA,5,1100011000000000000000000000000010111110
20327,35595,34.722135,0B4,8,0000000000000000000000000000000011100100000001000000000010100100
33429,35597,34.726053,1C4,8,0000101100110001000111000000000000000000000000000000000000100101
40023,11864,34.729014,0BA,5,0010100100000000000000000000010000101000
9636,35599,34.729278,260,8,0000000000000000000000000000000000000000000000110110001111010000
13431,35600,34.729431,394,3,0
5063,35602,34.730466,25,8,0000000010101000000000000000000101010000000000010000000000100111
25270,35603,34.731142,0AA,8,0001111011110000000111100100011100011110101111110001111000010100
14132,35606,34.733952,442,8,0100001100000010000000000000000000000010000000000000000000000000
17745,35607,34.7342,226,8,0000000000000000000100000000000000000000000000000000000000000000
1017,35608,34.735124,320,8,0000000000100000000000000000000000000000000000000000000001001011
40024,23725,34.736504,0BA,5,0100111100000000000000000000000000101110
12446,35610,34.740056,2C1,8,0000000000000100111011000000010100101100110000000001110011001000
5064,35612,34.740605,25,8,0000000010101000000000000000000101010000000000010000000000100111
29972,35613,34.740841,24,8,0000001001001111000000100010000101000010001000011000000010000011
25271,35614,34.741104,0AA,8,0001111011110100000111100100101000011110110000100001111000010100
15436,35615,34.742033,1C6,8,0000000000000000000000000000000101011101000101010000000000000000
20328,35616,34.742274,0B4,8,0000000000000000000000000000000011101000000001000000101110110011
40025,23729,34.743993,0BA,5,1110000000100010101010000000000000011111
33430,35620,34.746034,1C4,8,0000101101000011000111000000000000000000000000000000000000110111
9637,35622,34.749266,260,8,0000000000000000000000000000000000000000000000110110001111010000
5065,35624,34.750457,25,8,0000000010101000000000000000000101010000000000010000000000100111
13992,35625,34.750746,38E,8,0
25272,35626,34.751116,0AA,8,0001111011110111000111100100110100011110110001110001111000011100
40026,35588,34.751483,0BA,5,1100011000000000000000000000000010111110
35344,13213,34.753801,386,7,11000100000000000000000000000000000000000000000010101011
40027,11870,34.758972,0BA,5,0010100100000000000000000000011100101011
5066,35630,34.760443,25,8,0000000010101000000000000000000101010000000000010000000000100111
29973,35631,34.760823,24,8,0000001001010000000000100001111101000010001000101000000010000011
25273,35632,34.761109,0AA,8,0001111011111101000111100101001000011110110011100001111000011110
20329,35633,34.762095,0B4,8,0000000000000000000000000000000011101000000001000001000110111001
33431,35637,34.766019,1C4,8,0000101101001010000111000000000000000000000000000000000000111110
17746,35638,34.766266,226,8,0000000000000000000100000000000000000000000000000000000000000000
40028,23747,34.766462,0BA,5,0100111100000000000000000000000000101110
9638,35640,34.769238,260,8,0000000000000000000000000000000000000000000000110100110110111010
12447,35641,34.770007,2C1,8,0000000000000100101001100000010100010110110000000001101101101011
5067,35644,34.77068,25,8,0000000010101000000000000000000101010000000000010000000000100111
25274,35645,34.771106,0AA,8,0001111100000000000111100101011000011110110011110001111000011110
15437,35646,34.771995,1C6,8,0000000000000000000000000000000101011101000101010000000000000000
176,35648,34.773097,3B7,8,1000
40029,23750,34.773951,0BA,5,1110000000100010101010000000000000011111
5068,35652,34.780422,25,8,0000000010101000000000000000000101010000000000010000000000100111
29974,35653,34.7808,24,8,0000001001010000000000100010000101000010001001001000000010000111
25275,35654,34.781101,0AA,8,0001111100000001000111100101100000011110110100000001111000011111
40030,35618,34.781441,0BA,5,1100011000000000000000000000000010111110
20330,35655,34.78208,0B4,8,0000000000000000000000000000000011101000000001000001110011000100
1018,35657,34.784081,320,8,0000000000100000000000000000000000000000000000000000000001001011
11079,35658,34.784895,620,8,0001000000000000000000000000000000000000000000000000000000000000
33432,35659,34.786004,1C4,8,0000101101010011000111000000000000000000000000000000000001000111
40031,11886,34.788931,0BA,5,0010100100000000000000000000010000101000
9639,35662,34.789227,260,8,0000000000000000000000000000000000000000000000110011011110100100
5069,35664,34.791437,25,8,0000000010101000000000000000000101010000000000010000000000100111
25276,35665,34.792061,0AA,8,0001111100000011000111100101101100011110110101000001111000100100
35190,35441,34.79395,3D3,3,111001010000001110011100
17747,35668,34.795075,226,8,0000000000000000000100000000000000000000000000000000000000000000
40032,23769,34.79642,0BA,5,0100111100000000000000000000000000101110
12448,35670,34.800007,2C1,8,0000000000000100101010010000010100101001110000000001101110000001
5070,35672,34.800553,25,8,0000000010101000000000000000000101010000000000000000000000100110
29975,35673,34.800789,24,8,0000001001010000000000100010000101000010001001001000000010000111
25277,35674,34.801051,0AA,8,0001111100000111000111100101110100011110110101110001111000101001
15438,35675,34.801983,1C6,8,0000000000000000000000000000000101011101000101010000000000000000
20331,35676,34.802224,0B4,8,0000000000000000000000000000000011101100000001000010001011001110
40033,23772,34.80391,0BA,5,1110000000100010101010000000000000011111
33433,35680,34.805985,1C4,8,0000101101011010000111000000000000000000000000000000000001001110
9640,35682,34.809123,260,8,0000000000000000000000000000000000000000000000110100001010101111
5071,35684,34.810397,25,8,0000000010101000000000000000000101010000000000000000000000100110
13737,35685,34.810692,3A5,8,100000000
25278,35686,34.811082,0AA,8,0001111100001100000111100110000100011110110110110001111000101101
40034,35647,34.811399,0BA,5,1100011000000000000000000000000010111110
7843,35688,34.814845,610,8,0010000000000000000010110110010011000000000000001010001101000000
43755,34418,34.817424,3BB,5,0111000000000000000000001010010100000000
40035,11892,34.818889,0BA,5,0010100100000000000000000000011100101011
5072,35691,34.820411,25,8,0000000010101000000000000000000101010000000000000000000000100110
29976,35692,34.820791,24,8,0000001001010000000000100001111101000010001001001000000010000101
25279,35693,34.821026,0AA,8,0001111100010001000111100110010100011110110111010001111000110001
20332,35694,34.822044,0B4,8,0000000000000000000000000000000011101100000001000010011111010011
16484,35698,34.825603,3F9,8,0111010100011000000000100000001010000000000000000000000000010101
33434,35699,34.82597,1C4,8,0000101101011110000111000000000000000000000000000000000001010010
17748,35700,34.826218,226,8,0000000000000000000100000000000000000000000000000000000000000000
40036,23784,34.826378,0BA,5,0100111100000000000000000000000000101110
31345,35702,34.826826,640,8,1010100000000000000000000011011100000001110111110000000000000000
9641,35703,34.829109,260,8,0000000000000000000000000000000000000000000000110100001010101111
12449,35704,34.829955,2C1,8,0000000000000100101000110000010100010000110000000001101101100010
5073,35706,34.830538,25,8,0000000010101000000000000000000101010000000000000000000000100110
25280,35707,34.831045,0AA,8,0001111100010010000111100110011100011110111001010001111000110010
21707,35708,34.83168,443,8,0100110100000010000000000010111100000110000000000000000000000000
15439,35709,34.831943,1C6,8,0000000000000000000000000000000101011101000101010000000000000000
1019,35711,34.833037,320,8,0000000000100000000000000000000000000000000000000000000001001011
40037,23788,34.833868,0BA,5,1110000000100010101010000000000000011111
5074,35715,34.840366,25,8,0000000010101000000000000000000101010000000000000000000000100110
35031,35716,34.840662,413,8,0000000100000001000000010000100100000000000000000000000000000000
29977,35717,34.840896,24,8,0000001001010001000000100010000101000010001001101000000010001010
25281,35718,34.841127,0AA,8,0001111100010110000111100110101000011110111010110001111000110100
40038,35679,34.841357,0BA,5,1100011000000000000000000000000010111110
20333,35719,34.842024,0B4,8,0000000000000000000000000000000011101100000001000010110111011001
13865,35722,34.843533,4C6,8,0000011100000000000000110000000000000000000000000000000000000000
33435,35724,34.845955,1C4,8,0000101101100000000111000000000000000000000000000000000001010100
40039,11902,34.848847,0BA,5,0010100100000000000000000000010000101000
9642,35727,34.848994,260,8,0000000000000000000000000000000000000000000000110011011110100100
5075,35729,34.851385,25,8,0000000010101000000000000000000101010000000000000000000000100110
25282,35730,34.851999,0AA,8,0001111100011011000111100110110100011110111010110001111000111001
17749,35734,34.855017,226,8,0000000000000000000100000000000000000000000000000000000000000000
40040,23807,34.856336,0BA,5,0100111100000000000000000000000000101110
12450,35735,34.859922,2C1,8,0000000000000100101000000000010011111100110000000001101101001010
5076,35737,34.860516,25,8,0000000010101000000000000000000101010000000000000000000000100110
29978,35738,34.860754,24,8,0000001001010001000000100010000101000010001001101000000010001010
25283,35739,34.860993,0AA,8,0001111100100011000111100111001000011110111010110001111000111101
34787,35740,34.861561,4DF,8,0010000000000000000000000000000100000000000000000000000000000000
15440,35741,34.861933,1C6,8,0000000000000000000000000000000101011101000101010000000000000000
20334,35742,34.862179,0B4,8,0000000000000000000000000000000011110000000001000011001011100010
40041,23810,34.863826,0BA,5,1110000000100010101010000000000000011111
33436,35745,34.865932,1C4,8,0000101101100000000111000000000000000000000000000000000001010100
9643,35748,34.868897,260,8,0000000000000000000000000000000000000000000000110011011110100100
5077,35750,34.870352,25,8,0000000010101000000000000000000101010000000000000000000000100110
25284,35751,34.871012,0AA,8,0001111100100011000111100111011000011110111100110001111001000000
40042,35710,34.871315,0BA,5,1100011000000000000000000000000010111110
40043,11912,34.878805,0BA,5,0010100100000000000000000000011100101011
5078,35754,34.880357,25,8,0000000010101000000000000000000101010000000000000000000000100110
29979,35755,34.880711,24,8,0000001001010010000000100010000101000010001001101000000010001011
25285,35756,34.880975,0AA,8,0001111100100101000111100111100000011110111100110001111001000001
20335,35757,34.88199,0B4,8,0000000000000000000000000000000011110000000001000011100011101000
33437,35762,34.885915,1C4,8,0000101101011100000111000000000000000000000000000000000001010000
17750,35763,34.886163,226,8,0000000000000000000100000000000000000000000000000000000000000000
40044,23828,34.886295,0BA,5,0100111100000000000000000000000000101110
43562,8950,34.88691,423,2,10101000001110
1020,35765,34.886983,320,8,0000000000100000000000000000000000000000000000000000000001001011
9644,35766,34.888852,260,8,0000000000000000000000000000000000000000000000110011011110100100
12451,35767,34.889909,2C1,8,0000000000000100101000000000010011110011110000000001101101000001
5079,35769,34.890493,25,8,0000000010101000000000000000000101010000000000000000000000100110
25286,35770,34.890994,0AA,8,0001111100100111000111100111110100011110111101100001111001000011
15441,35771,34.891894,1C6,8,0000000000000000000000000000000101011101000101010000000000000000
28076,35773,34.892309,6C0,8,1110010000000000000000001110000010000000000000000000000000000000
40045,23831,34.893784,0BA,5,1110000000100010101010000000000000011111
5080,35776,34.900343,25,8,0000000010101000000000000000000101010000000000000000000000100110
29980,35777,34.900696,24,8,0000001001010010000000100001111101000010001001101000000010001001
25287,35778,34.900972,0AA,8,0001111100101011000111101000000100011110111111010001111001001001
40046,35744,34.901274,0BA,5,1100011000000000000000000000000010111110
20336,35780,34.901974,0B4,8,0000000000000000000000000000000011110000000001000100001111110011
33438,35783,34.905894,1C4,8,0000101101011001000111000000000000000000000000000000000001001101
40047,11926,34.908763,0BA,5,0010100100000000000000000000010000101000
9645,35786,34.908767,260,8,0000000000000000000000000000000000000000000000101111111101101011
5081,35788,34.911331,25,8,0000000010101000000000000000000101010000000000000000000000100110
25288,35789,34.911955,0AA,8,0001111100110001000111101000011000011111000000000001111001001101
17751,35792,34.914964,226,8,0000000000000000000100000000000000000000000000000000000000000000
40048,23845,34.916253,0BA,5,0100111100000000000000000000000000101110
12452,35794,34.919874,2C1,8,0000000000000100101000000000010100000000110000000001101101001111
5082,35796,34.920454,25,8,0000000010101000000000000000000101010000000000000000000000100110
29981,35797,34.92069,24,8,0000001001010011000000100001111101000010001010001000000010001100
25289,35798,34.920968,0AA,8,0001111100110101000111101000100100011111000000100001111001001110
15442,35799,34.921882,1C6,8,0000000000000000000000000000000101011101000101010000000000000000
20337,35800,34.922128,0B4,8,0000000000000000000000000000000011110000000001000100100111111001
40049,23849,34.923742,0BA,5,1110000000100010101010000000000000011111
27833,35803,34.92495,420,8,0000000000000000000000000000000011111111000000001000000010101011
33439,35805,34.925884,1C4,8,0000101101010011000111000000000000000000000000000000000001000111
9646,35807,34.928717,260,8,0000000000000000000000000000000000000000000000101101110101001001
5083,35809,34.930288,25,8,0000000010101000000000000000000101010000000000000000000000100110
25290,35810,34.930963,0AA,8,0001111100111000000111101000101100011111000010100001111001010010
40050,35772,34.931232,0BA,5,1100011000000000000000000000000010111110
1021,35811,34.931945,320,8,0000000000100000000000000000000000000000000000000000000001001011
31486,35812,34.93227,44D,8,0100001000000010000000000000000000000001000000000000000000000000
40051,11931,34.938721,0BA,5,0010100100000000000000000000011100101011
5084,35816,34.940275,25,8,0000000010101000000000000000000101010000000000000000000000100110
29982,35817,34.940665,24,8,0000001001010100000000100010000101000010001010001000000010001111
25291,35818,34.94095,0AA,8,0001111100111101000111101000111000011111000001110001111001010110
20338,35819,34.941933,0B4,8,0000000000000000000000000000000011110100000001000100111100000011
7627,35823,34.94528,3BC,8,0
33440,35824,34.945867,1C4,8,0000101101010001000111000000000000000000000000000000000001000101
17752,35825,34.946115,226,8,0000000000000000000100000000000000000000000000000000000000000000
40052,23866,34.946211,0BA,5,0100111100000000000000000000000000101110
9647,35828,34.948671,260,8,0000000000000000000000000000000000000000000000101001101000000110
12453,35829,34.949855,2C1,8,0000000000000100101000110000010011110000110000000001101101000001
5085,35831,34.950438,25,8,0000000010101000000000000000000101010000000000000000000000100110
25292,35833,34.950942,0AA,8,0001111101000011000111101001001100011111000100000001111001011000
15443,35834,34.951842,1C6,8,0000000000000000000000000000000101011101000101010000000000000000
43433,344,34.9536,3000000.0,6,000010000000000000000000000000000000000000101000
40053,23868,34.9537,0BA,5,1110000000100010101010000000000000011111
31604,35836,34.956993,633,8,1000000100000000000000000000000000000000000000000000000000000000
5086,35838,34.960281,25,8,0000000010101000000000000000000101010000000000000000000000100110
29983,35839,34.960662,24,8,0000001001010101000000100010000101000010001010001000000010010000
25293,35840,34.960905,0AA,8,0001111101000101000111101001011000011111000100100001111001011100
40054,35802,34.96119,0BA,5,1100011000000000000000000000000010111110
20339,35841,34.961917,0B4,8,0000000000000000000000000000000011110100000001000101010000001000
33441,35843,34.965844,1C4,8,0000101101001111000111000000000000000000000000000000000001000011
40055,11946,34.96868,0BA,5,0010100100000000000000000000010000101000
9648,35847,34.968684,260,8,0000000000000000000000000000000000000000000000101000111111111011
5087,35849,34.970252,25,8,0000000010101000000000000000000101010000000000000000000000100110
27894,35850,34.970516,4DC,8,0001110100000000000000000000000000000000000000000000000000000000
25294,35851,34.970927,0AA,8,0001111101000110000111101001100100011111000101010001111001100000
17753,35855,34.973911,226,8,0000000000000000000100000000000000000000000000000000000000000000
40056,23884,34.976169,0BA,5,0100111100000000000000000000000000101110
12454,35856,34.979822,2C1,8,0000000000000100011100000000010011100110110000000001101000000011
5088,35858,34.980402,25,8,0000000010101000000000000000000101010000000000000000000000100110
29984,35859,34.980638,24,8,0000001001010101000000100010000101000010001010001000000010010000
25295,35860,34.980911,0AA,8,0001111101001010000111101001101000011111000110110001111001100010
15444,35861,34.981832,1C6,8,0000000000000000000000000000000101011101000101010000000000000000
20340,35862,34.982076,0B4,8,0000000000000000000000000000000011110100000001000101111100010011
40057,23889,34.983659,0BA,5,1110000000100010101010000000000000011111
1022,35866,34.984897,320,8,0000000000100000000000000000000000000000000000000000000001001011
33442,35867,34.985827,1C4,8,0000101101001011000111000000000000000000000000000000000000111111
9649,35869,34.988696,260,8,0000000000000000000000000000000000000000000000101000111111111011
1558,35870,34.990533,6F3,8,0010000000000000000000000000000000000000000000000000000000000000
40058,35835,34.991148,0BA,5,1100011000000000000000000000000010111110
5089,35872,34.991257,25,8,0000000010101000000000000000000101010000000000000000000000100110
25296,35873,34.991874,0AA,8,0001111101010010000111101001101100011111001000000001111001100110
40059,11955,34.998638,0BA,5,0010100100000000000000000000011100101011
5090,35878,35.000229,25,8,0000000010101000000000000000000101010000000000000000000000100110
29985,35879,35.000616,24,8,0000001001010110000000100001111101000010001010001000000010001111
25297,35880,35.000897,0AA,8,0001111101010101000111101010001000011111001000010001111001100111
20341,35881,35.00188,0B4,8,0000000000000000000000000000000011111000000001000110010100011101
13551,35885,35.005126,399,8,0000000000000000000000000000000000000000111111110000000000000000
33443,35886,35.005813,1C4,8,0000101101001010000111000000000000000000000000000000000000111110
17754,35887,35.00606,226,8,0000000000000000000100000000000000000000000000000000000000000000
40060,23904,35.006127,0BA,5,0100111100000000000000000000000000101110
9650,35889,35.008602,260,8,0000000000000000000000000000000000000000000000101000111111111011
12455,35890,35.009803,2C1,8,0000000000000100010011000000010011010011110000000001100111001011
5091,35892,35.010386,25,8,0000000010101000000000000000000101010000000000000000000000100110
25298,35893,35.010901,0AA,8,0001111101011000000111101010100000011111001001010001111001100111
11199,35894,35.011145,39A,8,0000000000000000000000000000000100000000000000000000000000000000
15445,35895,35.011792,1C6,8,0000000000000000000000000000000101011101000101010000000000000000
40061,23908,35.013617,0BA,5,1110000000100010101010000000000000011111
5092,35899,35.020232,25,8,0000000010101000000000000000000101010000000000000000000000100110
29986,35900,35.020617,24,8,0000001001010111000000100010000101000010001010001000000010010010
25299,35901,35.020855,0AA,8,0001111101011010000111101010100100011111001011000001111001101010
40062,35865,35.021106,0BA,5,1100011000000000000000000000000010111110
20342,35902,35.021864,0B4,8,0000000000000000000000000000000011111000000001000110101100100011
35,35904,35.025617,3B1,8,0000000000000000000000100000101000000000000010000000000000000000
33444,35905,35.025858,1C4,8,0000101101000111000111000000000000000000000000000000000000111011
9651,35907,35.028572,260,8,0000000000000000000000000000000000000000000000100111100111100101
40063,11964,35.028596,0BA,5,0010100100000000000000000000010000101000
13432,35908,35.028785,394,3,0
5093,35910,35.030196,25,8,0000000010101000000000000000000101010000000000000000000000100110
25300,35911,35.030872,0AA,8,0001111101100000000111101011000100011111001100010001111001101111
14133,35916,35.033534,442,8,0100001100000010000000000000000000000010000000000000000000000000
17755,35917,35.033857,226,8,0000000000000000000100000000000000000000000000000000000000000000
1023,35918,35.034853,320,8,0000000000100000000000000000000000000000000000000000000001001011
40064,23927,35.036085,0BA,5,0100111100000000000000000000000000101110
12456,35920,35.039771,2C1,8,0000000000000100010101100000010010111100110000000001100110111110
5094,35922,35.040348,25,8,0000000010101000000000000000000101010000000000000000000000100110
29987,35923,35.04061,24,8,0000001001011000000000100010000101000010001010001000000010010011
25301,35924,35.040838,0AA,8,0001111101100110000111101011001100011111001011110001111001110101
15446,35925,35.041783,1C6,8,0000000000000000000000000000000101011101000101010000000000000000
20343,35926,35.042029,0B4,8,0000000000000000000000000000000011111000000001000111000000101000
40065,23930,35.043575,0BA,5,1110000000100010101010000000000000011111
33445,35930,35.045788,1C4,8,0000101100111110000111000000000000000000000000000000000000110010
9652,35932,35.048547,260,8,0000000000000000000000000000000000000000000000100111100111100101
5095,35935,35.050177,25,8,0000000010101000000000000000000101010000000000000000000000100110
25302,35936,35.050849,0AA,8,0001111101101010000111101011001100011111001100100001111001110101
40066,35896,35.051065,0BA,5,1100011000000000000000000000000010111110
35191,4428,35.053607,3D3,3,011011000000001000000000
40067,11975,35.058554,0BA,5,0010100100000000000000000000011100101011
5096,35939,35.060165,25,8,0000000010101000000000000000000101010000000000000000000000100110
29988,35940,35.060559,24,8,0000001001011000000000100010000101000010001001101000000010010001
25303,35941,35.060846,0AA,8,0001111101101111000111101011011000011111001110000001111001111000
20344,35942,35.06183,0B4,8,0000000000000000000000000000000011111100000001000111110000111000
33446,35947,35.065759,1C4,8,0000101100111010000111000000000000000000000000000000000000101110
17756,35948,35.066007,226,8,0000000000000000000100000000000000000000000000000000000000000000
40068,23948,35.066044,0BA,5,0100111100000000000000000000000000101110
9653,35950,35.068486,260,8,0000000000000000000000000000000000000000000000100110001011001110
12457,35951,35.069754,2C1,8,0000000000000100010000000000010010110110110000000001100110100010
5097,35953,35.070336,25,8,0000000010101000000000000000000101010000000000000000000000100110
25304,35954,35.07084,0AA,8,0001111101110110000111101011100000011111001111100001111001111101
15447,35955,35.071743,1C6,8,0000000000000000000000000000000101011101000101010000000000000000
177,35957,35.072823,3B7,8,1000
40069,23952,35.073533,0BA,5,1110000000100010101010000000000000011111
16485,35958,35.075866,3F9,8,0111010100011000000000100000001010000000000000000000000000010101
5098,35960,35.080147,25,8,0000000010101000000000000000000101010000000000000000000000100110
29989,35961,35.080543,24,8,0000001001011000000000100010000101000010001010001000000010010011
25305,35962,35.080827,0AA,8,0001111101111001000111101011110000011111001111110001111010000001
40070,35928,35.081023,0BA,5,1100011000000000000000000000000010111110
20345,35964,35.08181,0B4,8,0000000000000000000000000000000011111100000001001000000100111101
1024,35966,35.083809,320,8,0000000000100000000000000000000000000000000000000000000001001011
11080,35967,35.084479,620,8,0001000000000000000000000000000000000000000000000000000000000000
33447,35968,35.085742,1C4,8,0000101100110011000111000000000000000000000000000000000000100111
9654,35970,35.088384,260,8,0000000000000000000000000000000000000000000000100101011111000011
40071,11989,35.088512,0BA,5,0010100100000000000000000000010000101000
5099,35972,35.091168,25,8,0000000010101000000000000000000101010000000000000000000000100110
25306,35973,35.091793,0AA,8,0001111101111100000111101100000000011111010000010001111010000100
17757,35976,35.094801,226,8,0000000000000000000100000000000000000000000000000000000000000000
40072,23967,35.096002,0BA,5,0100111100000000000000000000000000101110
12458,35981,35.099714,2C1,8,0000000000000100010000000000010010011001110000000001100010000100
5100,35983,35.100293,25,8,0000000010101000000000000000000101010000000000000000000000100110
29990,35984,35.100535,24,8,0000001001011001000000100010000101000010001010001000000010010100
25307,35985,35.100779,0AA,8,0001111101111110000111101100001000011111010001100001111010000110
15448,35987,35.101744,1C6,8,0000000000000000000000000000000101011101000101010000000000000000
20346,35988,35.101989,0B4,8,0000000000000000000000000000000011111100000001001000110001001000
40073,23971,35.103491,0BA,5,1110000000100010101010000000000000011111
33448,35991,35.105727,1C4,8,0000101100101100000111000000000000000000000000000000000000100000
9655,35993,35.108246,260,8,0000000000000000000000000000000000000000000000100100110010111000
5101,35995,35.110128,25,8,0000000010101000000000000000000101010000000000000000000000100110
25308,35996,35.110796,0AA,8,0001111110000011000111101100011100011111010011010001111010001001
40074,35956,35.110981,0BA,5,1100011000000000000000000000000010111110
43756,1203,35.115009,3BB,5,1011101100000000000000000000000000100110
40075,11993,35.11847,0BA,5,0010100100000000000000000000011100101011
5102,36000,35.12011,25,8,0000000010101000000000000000000101010000000000000000000000100110
29991,36001,35.120506,24,8,0000001001011001000000100010000101000010001010001000000010010100
25309,36002,35.120786,0AA,8,0001111110001101000111101100110000011111010011110001111010001110
20347,36003,35.121771,0B4,8,0000000000000000000000000000000000000000000001001001001001010010
33449,36007,35.125712,1C4,8,0000101100100011000111000000000000000000000000000000000000010111
40076,23988,35.12596,0BA,5,0100111100000000000000000000000000101110
17758,36008,35.125961,226,8,0000000000000000000100000000000000000000000000000000000000000000
9656,36010,35.128181,260,8,0000000000000000000000000000000000000000000000100011011010100010
12459,36011,35.1297,2C1,8,0000000000000100001111000000010001111100110000000001100001100011
5103,36013,35.130283,25,8,0000000010101000000000000000000101010000000000000000000000100110
21708,36014,35.130523,443,8,0100110100000010000000000010111100000110000000000000000000000000
25310,36016,35.130937,0AA,8,0001111110010001000111101101000100011111010101000001111010010100
15449,36017,35.131688,1C6,8,0000000000000000000000000000000101011101000101010000000000000000
1025,36019,35.132767,320,8,0000000000100000000000000000000000000000000000000000000001001011
40077,23992,35.13345,0BA,5,1110000000100010101010000000000000011111
5104,36021,35.140093,25,8,0000000010101000000000000000000101010000000000000000000000100110
29992,36022,35.140489,24,8,0000001001011010000000100010000101000010001010001000000010010101
25311,36023,35.14077,0AA,8,0001111110010010000111101101001100011111010111000001111010010101
40078,35990,35.140939,0BA,5,1100011000000000000000000000000010111110
20348,36024,35.14175,0B4,8,0000000000000000000000000000000000000000000001001001100001011000
33450,36027,35.145691,1C4,8,0000101100011000000111000000000000000000000000000000000000001100
34882,36029,35.146153,3C3,8,0100011000011110100101000100111011101110010110010000001110001000
9657,36031,35.148207,260,8,0000000000000000000000000000000000000000000000100010101010010110
40079,12009,35.148429,0BA,5,0010100100000000000000000000010000101000
5105,36033,35.150087,25,8,0000000010101000000000000000000101010000000000000000000000100110
25312,36034,35.150764,0AA,8,0001111110010100000111101101011100011111010111000001111010011001
17759,36037,35.153747,226,8,0000000000000000000100000000000000000000000000000000000000000000
40080,24011,35.155918,0BA,5,0100111100000000000000000000000000101110
12460,36038,35.159664,2C1,8,0000000000000100001101100000010001110000110000000001011101010000
5106,36040,35.160243,25,8,0000000010101000000000000000000101010000000000000000000000100110
29993,36041,35.160478,24,8,0000001001011010000000100010001001000010001010011000000010010111
25313,36043,35.160844,0AA,8,0001111110011001000111101101101000011111011000010001111010011111
15450,36044,35.161682,1C6,8,0000000000000000000000000000000101011111000101010000000000000000
20349,36045,35.161926,0B4,8,0000000000000000000000000000000000000000000001001001110101011101
40081,24014,35.163408,0BA,5,1110000000100010101010000000000000011111
33451,36049,35.16568,1C4,8,0000101100001110000111000000000000000000000000000000000000000010
9658,36052,35.168137,260,8,0000000000000000000000000000000000000000000000011111001001011101
5107,36054,35.170068,25,8,0000000010101000000000000000000101010000000000000000000000100110
25314,36055,35.17075,0AA,8,0001111110011101000111101101111000011111011001100001111010100100
40082,36018,35.170897,0BA,5,1100011000000000000000000000000010111110
40083,12018,35.178387,0BA,5,0010100100000000000000000000011100101011
5108,36060,35.180086,25,8,0000000010101000000000000000000101010000000000000000000000100110
29994,36061,35.180459,24,8,0000001001011011000000100010000101000010001010111000000010011001
25315,36062,35.180734,0AA,8,0001111110100110000111101110001000011111011010000001111010100111
20350,36063,35.181715,0B4,8,0000000000000000000000000000000000000100000001001010100101101101
7688,36065,35.183332,611,8,0010000100000000000000000001000000000000000000000011110101101100
33452,36068,35.18566,1C4,8,0000101100000001000111000000000000000000000000000000000011110101
40084,24030,35.185876,0BA,5,0100111100000000000000000000000000101110
17760,36069,35.185908,226,8,0000000000000000000100000000000000000000000000000000000000000000
1026,36071,35.186711,320,8,0000000000100000000000000000000000000000000000000000000001001011
9659,36072,35.188131,260,8,0000000000000000000000000000000000000000000000011111111001101001
12461,36073,35.189661,2C1,8,0000000000000100001100110000010010000011110000000001011001011111
5109,36075,35.191082,25,8,0000000010101000000000000000000101010000000000000000000000100110
28077,36076,35.191387,6C0,8,1110010000000000000000001110000010000000000000000000000000000000
15451,36077,35.191637,1C6,8,0000000000000000000000000000000101100010000101010000000000000000
25316,36078,35.191867,0AA,8,0001111110100011000111101110011100011111011011110001111010101001
40085,24037,35.193366,0BA,5,1110000000100010101010000000000000011111
5110,36083,35.200075,25,8,0000000010101000000000000000000101010000000000000000000000100110
29995,36084,35.200441,24,8,0000001001011011000000100010000101000010001010011000000010010111
25317,36085,35.200683,0AA,8,0001111110101011000111101110101000011111011100100001111010110001
40086,36048,35.200855,0BA,5,1100011000000000000000000000000010111110
20351,36086,35.201693,0B4,8,0000000000000000000000000000000000000100000001001010111001110010
33453,36088,35.20564,1C4,8,0000101011110111000111000000000000000000000000000000000011101010
9660,36090,35.208124,260,8,0000000000000000000000000000000000000000000000011101110001000111
40087,12029,35.208345,0BA,5,0010100100000000000000000000010000101000
5111,36092,35.210032,25,8,0000000010101000000000000000000101010000000000000000000000100110
25318,36093,35.210703,0AA,8,0001111110110101000111101110111000011111011110010001111010110011
17761,36097,35.213695,226,8,0000000000000000000100000000000000000000000000000000000000000000
40088,24055,35.215835,0BA,5,0100111100000000000000000000000000101110
12462,36098,35.21961,2C1,8,0000000000000100001011000000010001001001110000000001011000011110
5112,36100,35.22019,25,8,0000000010101000000000000000000101010000000000000000000000100110
29996,36101,35.220458,24,8,0000001001011100000000100010000101000010001010011000000010011000
25319,36102,35.220692,0AA,8,0001111110110110000111101111001000011111011111000001111010110011
15452,36103,35.221628,1C6,8,0000000000000000000000000000000101100101000101000000000000000000
20352,36104,35.221872,0B4,8,0000000000000000000000000000000000000100000001001011100101111101
43563,35369,35.222362,423,2,1000100000000
40089,24058,35.223324,0BA,5,1110000000100010101010000000000000011111
33454,36108,35.225625,1C4,8,0000101011101000000111000000000000000000000000000000000011011011
9661,36110,35.228007,260,8,0000000000000000000000000000000000000000000000011100011000110001
5113,36113,35.230013,25,8,0000000010101000000000000000000101010000000000000000000000100110
25320,36114,35.230687,0AA,8,0001111110110110000111101111010000011111011111110001111010111010
40090,36079,35.230814,0BA,5,1100011000000000000000000000000010111110
31487,36115,35.23128,44D,8,0100001000000010000000000000000000000001000000000000000000000000
1027,36117,35.231672,320,8,0000000000100000000000000000000000000000000000000000000001001011
40091,12040,35.238303,0BA,5,0010100100000000000000000000011100101011
5114,36120,35.240001,25,8,0000000010101000000000000000000100110000000000000000000000000110
29997,36121,35.240426,24,8,0000001001011101000000100010000101000010001010001000000010011000
25321,36122,35.240681,0AA,8,0001111110111010000111101111101100011111100001000001111010111111
20353,36123,35.241659,0B4,8,0000000000000000000000000000000000001000000001001011111110000111
33455,36128,35.245611,1C4,8,0000101011100011000111000000000000000000000000000000000011010110
40092,24075,35.245793,0BA,5,0100111100000000000000000000000000101110
17762,36129,35.245858,226,8,0000000000000000000100000000000000000000000000000000000000000000
9662,36132,35.24804,260,8,0000000000000000000000000000000000000000000000011010010000001111
12463,36133,35.249598,2C1,8,0000000000000100001000110000010001001001110000000001011000010101
5115,36135,35.250182,25,8,0000000010101000000000000000000100100000000000000000000011110110
25322,36136,35.250673,0AA,8,0001111111000000000111101111110100011111100001100001111011000011
15453,36137,35.251591,1C6,8,0000000000000000000000000000000101100111000101010000000000000000
40093,24079,35.253282,0BA,5,1110000000100010101010000000000000011111
16317,36139,35.254836,4C1,8,0000000100000000000000010000000100000000000000000000000000000000
5116,36141,35.259983,25,8,0000000010101000000000000000000100010000000000000000000011100110
29998,36142,35.26039,24,8,0000001001011101000000100010000101000010001010011000000010011001
25323,36143,35.260676,0AA,8,0001111111000101000111101111110100011111100010110001111011000100
40094,36106,35.260772,0BA,5,1100011000000000000000000000000010111110
20354,36145,35.261766,0B4,8,0000000000000000000000000000000000001000000001001100010110001101
33456,36147,35.265587,1C4,8,0000101011100000000111000000000000000000000000000000000011010011
9663,36149,35.267972,260,8,0000000000000000000000000000000000000000000000010111011111100010
40095,12052,35.268261,0BA,5,0010100100000000000000000000010000101000
5117,36151,35.271003,25,8,0000000010101000000000000000000100010000000000000000000011100110
25324,36152,35.271621,0AA,8,0001111111001011000111101111111100011111100011010001111011000101
17763,36155,35.274635,226,8,0000000000000000000100000000000000000000000000000000000000000000
40096,24090,35.275751,0BA,5,0100111100000000000000000000000000101110
12464,36157,35.27956,2C1,8,0000000000000100000110010000010000100110110000000001010111100111
5118,36159,35.280142,25,8,0000000010101000000000000000000111110000000000000000000011000110
29999,36160,35.28038,24,8,0000001001011110000000100010000101000010001010111000000010011100
25325,36161,35.280619,0AA,8,0001111111001100000111110000010000011111100110010001111011001100
15454,36162,35.281576,1C6,8,0000000000000000000000000000000101100111000101010000000000000000
20355,36163,35.281818,0B4,8,0000000000000000000000000000000000001000000001001101000010011000
40097,24095,35.28324,0BA,5,1110000000100010101010000000000000011111
1028,36166,35.284627,320,8,0000000000100000000000000000000000000000000000000000000001001011
33457,36167,35.285567,1C4,8,0000101011011110000111000000000000000000000000000000000011010001
9664,36169,35.287922,260,8,0000000000000000000000000000000000000000000000010110000111001100
5119,36172,35.289966,25,8,0000000010101000000000000000000111000000000000000000000010010110
25326,36173,35.290636,0AA,8,0001111111010000000111110000100100011111100110100001111011001110
40098,36138,35.29073,0BA,5,1100011000000000000000000000000010111110
40099,12056,35.298219,0BA,5,0010100100000000000000000000011100101011
5120,36179,35.299946,25,8,0000000010100111000000000000000101111111110110100000000000101110
30000,36180,35.300362,24,8,0000001001011110000000100010000101000010001011111000000010100000
25327,36181,35.300623,0AA,8,0001111111010001000111110001000100011111100110010001111011001100
20356,36182,35.301602,0B4,8,0000000000000000000000000000000000001100000001001101011010100010
33458,36186,35.305553,1C4,8,0000101011011011000111000000000000000000000000000000000011001110
40100,24117,35.305709,0BA,5,0100111100000000000000000000000000101110
17764,36187,35.3058,226,8,0000000000000000000100000000000000000000000000000000000000000000
9665,36189,35.307824,260,8,0000000000000000000000000000000000000000000000010111011111100010
12465,36190,35.30955,2C1,8,0000000000000100000010010000010000010011110000000001010111000100
5121,36192,35.31013,25,8,0000000010100111000000000000000100111111110100110000000011100111
25328,36193,35.310618,0AA,8,0001111111010100000111110001010000011111100111100001111011010000
15455,36195,35.311535,1C6,8,0000000000000000000000000000000101100111000101000000000000000000
40101,24119,35.313199,0BA,5,1110000000100010101010000000000000011111
35192,35977,35.313263,3D3,3,111001010000001111100000
7844,36197,35.315145,610,8,0010000000000000000011000110010011000000000000001010001101000000
5122,36199,35.319956,25,8,0000000010100111000000000000000111101111110011100000000010010010
30001,36200,35.320341,24,8,0000001001011110000000100001111101000010001011011000000010011100
25329,36201,35.320582,0AA,8,0001111111011101000111110001010100011111101000000001111011010101
40102,36165,35.320688,0BA,5,1100011000000000000000000000000010111110
20357,36202,35.321585,0B4,8,0000000000000000000000000000000000001100000001001110000110101101
16486,36204,35.325153,3F9,8,0111010100011000000000100000001010000000000000000000000000010101
33459,36205,35.325538,1C4,8,0000101011010101000111000000000000000000000000000000000011001000
9666,36208,35.327902,260,8,0000000000000000000000000000000000000000000000010110000111001100
13433,36209,35.328123,394,3,0
40103,12069,35.328178,0BA,5,0010100100000000000000000000010000101000
5123,36211,35.330949,25,8,0000000010100110000000000000000101111111110010100000000000011101
25330,36212,35.331573,0AA,8,0001111111100000000111110001011100011111101001010001111011011010
14134,36214,35.333126,442,8,0100001100000010000000000000000000000010000000000000000000000000
17765,36216,35.334579,226,8,0000000000000000000100000000000000000000000000000000000000000000
1029,36217,35.335578,320,8,0000000000100000000000000000000000000000000000000000000001001011
40104,24137,35.335667,0BA,5,0100111100000000000000000000000000101110
12466,36218,35.3396,2C1,8,0000000000000100000001100000010000000011110000000001010110110001
5124,36220,35.340135,25,8,0000000010100110000000000000000100101111110010010000000011001100
30002,36221,35.340372,24,8,0000001001011111000000100001111101000010001011011000000010011101
25331,36222,35.340604,0AA,8,0001111111100100000111110001101100011111101011110001111011011100
15456,36223,35.341523,1C6,8,0000000000000000000000000000000101100111000101000000000000000000
20358,36224,35.341763,0B4,8,0000000000000000000000000000000000001100000001001110011010110010
40105,24140,35.343157,0BA,5,1110000000100010101010000000000000011111
33460,36229,35.345518,1C4,8,0000101011010000000111000000000000000000000000000000000011000011
9667,36231,35.347747,260,8,0000000000000000000000000000000000000000000000010110000111001100
5125,36233,35.349902,25,8,0000000010100110000000000000000111001111110001000000000001100111
25332,36234,35.350581,0AA,8,0001111111100101000111110010000000011111101100110001111011011000
40106,36196,35.350646,0BA,5,1100011000000000000000000000000010111110
35345,34877,35.353004,386,7,01010100000000000000000000000000000000000000000000000000
13927,36237,35.354103,622,8,0001001000000000000000000000000000000000000000000000000000000000
40107,12076,35.358136,0BA,5,0010100100000000000000000000011100101011
5126,36240,35.359983,25,8,0000000010100101000000000000000101011111110001000000000011110110
30003,36241,35.360311,24,8,0000001001011111000000100010000101000010001011011000000010011111
25333,36242,35.360544,0AA,8,0001111111100111000111110010001100011111101100000001111011100010
20359,36244,35.361548,0B4,8,0000000000000000000000000000000000010000000001001110110010111100
33461,36248,35.365507,1C4,8,0000101011001010000111000000000000000000000000000000000010111101
40108,24153,35.365625,0BA,5,0100111100000000000000000000000000101110
17766,36249,35.365755,226,8,0000000000000000000100000000000000000000000000000000000000000000
9668,36251,35.36759,260,8,0000000000000000000000000000000000000000000000010111011111100010
12467,36252,35.369501,2C1,8,0000000000000011111111000000010000000000110000000001010010100010
5127,36254,35.370087,25,8,0000000010100101000000000000000111101111101110100000000001111100
25334,36255,35.370564,0AA,8,0001111111110000000111110010001100011111101101100001111011101010
15457,36256,35.371485,1C6,8,0000000000000000000000000000000101101110000101000000000000000000
178,36258,35.372551,3B7,8,1000
40109,24157,35.373115,0BA,5,1110000000100010101010000000000000011111
5128,36261,35.379902,25,8,0000000010100100000000000000000101101111101110100000000011111011
30004,36262,35.380294,24,8,0000001001011111000000100010000101000010001011011000000010011111
25335,36263,35.380526,0AA,8,0001111111110011000111110010010100011111101111000001111011101000
40110,36227,35.380604,0BA,5,1100011000000000000000000000000010111110
20360,36264,35.381532,0B4,8,0000000000000000000000000000000000010000000001001111001011000010
1030,36266,35.383536,320,8,0000000000100000000000000000000000000000000000000000000001001011
11081,36267,35.384061,620,8,0001000000000000000000000000000000000000000000000000000000000000
33462,36268,35.385484,1C4,8,0000101011000010000111000000000000000000000000000000000010110101
9669,36270,35.387522,260,8,0000000000000000000000000000000000000000000000010110000111001100
40111,12090,35.388094,0BA,5,0010100100000000000000000000010000101000
5129,36272,35.389868,25,8,0000000010100100000000000000000111111111101110100000000010001011
25336,36273,35.390543,0AA,8,0001111111110101000111110010101000011111101111110001111011101011
17767,36277,35.393528,226,8,0000000000000000000100000000000000000000000000000000000000000000
40112,24176,35.395584,0BA,5,0100111100000000000000000000000000101110
12468,36279,35.399493,2C1,8,0000000000000011111110010000001111010110110000000001001101110011
5130,36281,35.400041,25,8,0000000010100011000000000000000101111111101110100000000000001010
31665,36282,35.400287,389,8,0000000000100000000000000000000000000000000000000000000000000000
30005,36283,35.400522,24,8,0000001001100000000000100010000101000010001010111000000010011110
25337,36284,35.400753,0AA,8,0001111111111010000111110011000100011111110000100001111011101110
15458,36285,35.401473,1C6,8,0000000000000000000000000000000101110100000101000000000000000000
20361,36286,35.401716,0B4,8,0000000000000000000000000000000000010100000001001111011111001011
40113,24179,35.403073,0BA,5,1110000000100010101010000000000000011111
34970,36289,35.404514,4C3,8,0000001100000000000000000000000100000000000000000000000000000000
33463,36290,35.405472,1C4,8,0000101010111000000111000000000000000000000000000000000010101011
9670,36292,35.407498,260,8,0000000000000000000000000000000000000000000000010101011011000001
5131,36295,35.409846,25,8,0000000010100011000000000000000100011111110001000000000010110100
25338,36296,35.410526,0AA,8,0001111111111101000111110011010100011111110001100001111011111000
40114,36257,35.410563,0BA,5,1100011000000000000000000000000010111110
43757,2413,35.412594,3BB,5,1010010100000000000000000000000000000000
40115,12099,35.418052,0BA,5,0010100100000000000000000000011100101011
5132,36300,35.419846,25,8,0000000010100011000000000000000110101111101110100000000000111010
30006,36301,35.420283,24,8,0000001001100000000000100010001001000010001010111000000010011111
25339,36302,35.420523,0AA,8,0010000000000001000111110011011100011111110011000001111011111011
20362,36303,35.421496,0B4,8,0000000000000000000000000000000000010100000001001111110111010001
33464,36309,35.425457,1C4,8,0000101010101110000111000000000000000000000000000000000010100001
40116,24196,35.425542,0BA,5,0100111100000000000000000000000000101110
17768,36310,35.425704,226,8,0000000000000000000100000000000000000000000000000000000000000000
9671,36313,35.427494,260,8,0000000000000000000000000000000000000000000000010100101110110110
13672,36314,35.429371,4B7,8,1110001011011111001000001111000000000000111010100000000100001000
12469,36316,35.429778,2C1,8,0000000000000011111011000000001111000110110000000001001001010101
5133,36317,35.430015,25,8,0000000010100010000000000000000100101111101110100000000010111001
21709,36318,35.430258,443,8,0100110100000010000000000010111100000110000000000000000000000000
25340,36319,35.430509,0AA,8,0010000000000010000111110011101100011111110011010001111011111011
15459,36320,35.431437,1C6,8,0000000000000000000000000000000101111010000101000000000000000000
1031,36322,35.432492,320,8,0000000000100000000000000000000000000000000000000000000001001011
40117,24201,35.433031,0BA,5,1110000000100010101010000000000000011111
5134,36324,35.439845,25,8,0000000010100010000000000000000111001111110001000000000001100011
30007,36325,35.440256,24,8,0000001001100001000000100010001001000010001010011000000010011110
25341,36326,35.440492,0AA,8,0010000000000110000111110100000000011111110100100001111100000001
40118,36288,35.440521,0BA,5,1100011000000000000000000000000010111110
20363,36327,35.441476,0B4,8,0000000000000000000000000000000000010100000001010000100011011101
11260,36330,35.442652,4C8,8,0000100100000000000000000000000000000000000000000000000000000000
33465,36332,35.445441,1C4,8,0000101010100001000111000000000000000000000000000000000010010100
9672,36334,35.447421,260,8,0000000000000000000000000000000000000000000000010100101110110110
40119,12112,35.44801,0BA,5,0010100100000000000000000000010000101000
5135,36336,35.449814,25,8,0000000010100001000000000000000101011111110001000000000011110010
25342,36337,35.450492,0AA,8,0010000000001000000111110100100100011111110101110001111100000111
17769,36340,35.453475,226,8,0000000000000000000100000000000000000000000000000000000000000000
40120,24214,35.4555,0BA,5,0100111100000000000000000000000000101110
12470,36342,35.45941,2C1,8,0000000000000011110111000000001110101100110000000001000000101001
5136,36344,35.459991,25,8,0000000010100001000000000000000111101111101110100000000001111000
30008,36345,35.460226,24,8,0000001001100000000000100010001001000010001010001000000010011100
25343,36346,35.460464,0AA,8,0010000000001111000111110100110100011111110101110001111100001011
296,36347,35.460714,38F,8,0000000100000000000000000000000000000000000000000000000000000000
15460,36348,35.461421,1C6,8,0000000000000000000000000000000101111000000101000000000000000000
20364,36349,35.461663,0B4,8,0000000000000000000000000000000000011000000001010001001111101100
40121,24219,35.462989,0BA,5,1110000000100010101010000000000000011111
33466,36352,35.465444,1C4,8,0000101010010011000111000000000000000000000000000000000010000110
9673,36354,35.4674,260,8,0000000000000000000000000000000000000000000000010101011011000001
5137,36356,35.469791,25,8,0000000010100000000000000000000101111111110001000000000000010001
25344,36357,35.470475,0AA,8,0010000000010010000111110100110100011111110111100001111100001010
40122,36321,35.470479,0BA,5,1100011000000000000000000000000010111110
40123,12115,35.477969,0BA,5,0010100100000000000000000000011100101011
5138,36361,35.479781,25,8,0000000010100000000000000000000100011111110001000000000010110001
30009,36362,35.480203,24,8,0000001001100000000000100010001001000010001001101000000010011010
25345,36363,35.480465,0AA,8,0010000000011011000111110100111100011111111000100001111100001111
20365,36364,35.481441,0B4,8,0000000000000000000000000000000000011000000001010001100111110010
31280,36367,35.482918,4A6,8,0000000000000000000000000000000000000000000011000000000000000000
33467,36370,35.485408,1C4,8,0000101010000110000111000000000000000000000000000000000001111001
40124,24239,35.485458,0BA,5,0100111100000000000000000000000000101110
17770,36371,35.485657,226,8,0000000000000000000100000000000000000000000000000000000000000000
1032,36373,35.486439,320,8,0000000000100000000000000000000000000000000000000000000001001011
9674,36374,35.487412,260,8,0000000000000000000000000000000000000000000000010100101110110110
12471,36375,35.489397,2C1,8,0000000000000011110000110000001101110000110000000000111111010011
5139,36377,35.489979,25,8,0000000010100000000000000000000110111111110001000000000001010001
34729,36378,35.490235,380,8,0
25346,36379,35.490471,0AA,8,0010000000011110000111110101010000011111111000010001111100011001
15461,36383,35.491382,1C6,8,0000000000000000000000000000000101110010000101000000000000000000
40125,24241,35.492948,0BA,5,1110000000100010101010000000000000011111
5140,36387,35.499795,25,8,0000000010011111000000000000000101011111110011100000000011111010
30010,36388,35.500186,24,8,0000001001011111000000100010001001000010001010001000000010011011
25347,36389,35.500421,0AA,8,0010000000100010000111110101101000011111111010100001111100011011
40126,36351,35.500437,0BA,5,1100011000000000000000000000000010111110
28078,36390,35.500665,6C0,8,1110010000000000000000001110000010000000000000000000000000000000
20366,36391,35.501427,0B4,8,0000000000000000000000000000000000011000000001010001111111111000
33468,36393,35.505386,1C4,8,0000101001110101000111000000000000000000000000000000000001101000
9675,36396,35.507339,260,8,0000000000000000000000000000000000000000000000010100000010101011
40127,12130,35.507927,0BA,5,0010100100000000000000000000010000101000
5141,36399,35.509759,25,8,0000000010011111000000000000000111111111110001000000000010010000
25348,36400,35.510441,0AA,8,0010000000100100000111110110000000011111111100000001111100011111
17771,36403,35.513419,226,8,0000000000000000000100000000000000000000000000000000000000000000
40128,24259,35.515416,0BA,5,0100111100000000000000000000000000101110
28229,36404,35.515873,619,8,0010001100000000000000000000000000010000000000000111000001000000
12472,36405,35.519456,2C1,8,0000000000000011101011000000001100110110110000000000111110000010
5142,36407,35.519939,25,8,0000000010011111000000000000000110101111110011100000000001001010
30011,36408,35.520181,24,8,0000001001011111000000100010001001000010001001101000000010011001
25349,36409,35.520417,0AA,8,0010000000101100000111110110010100011111111011100001111100100101
15462,36410,35.521368,1C6,8,0000000000000000000000000000000101101100000101000000000000000000
20367,36411,35.521612,0B4,8,0000000000000000000000000000000000011100000001010010101000000111
40129,24264,35.522906,0BA,5,1110000000100010101010000000000000011111
33469,36415,35.525371,1C4,8,0000101001010001000111000000000000000000000000000000000001000100
9676,36417,35.527352,260,8,0000000000000000000000000000000000000000000000010101011011000001
5143,36419,35.529737,25,8,0000000010011110000000000000000101001111110011100000000011101001
40130,36384,35.530395,0BA,5,1100011000000000000000000000000010111110
25350,36420,35.530422,0AA,8,0010000000101110000111110110010000011111111100010001111100101010
31488,36421,35.53066,44D,8,0100001000000010000000000000000000000001000000000000000000000000
1033,36422,35.5314,320,8,0000000000100000000000000000000000000000000000000000000001001011
40131,12137,35.537885,0BA,5,0010100100000000000000000000011100101011
5144,36425,35.539727,25,8,0000000010011110000000000000000100001111110011100000000010101001
30012,36427,35.540151,24,8,0000001001011111000000100010010001000010001001101000000010011011
25351,36428,35.540408,0AA,8,0010000000110001000111110110110100011111111110000001111100101011
20368,36429,35.541387,0B4,8,0000000000000000000000000000000000011100000001010011010100010010
33470,36433,35.545348,1C4,8,0000101000111011000111000000000000000000000000000000000000101110
40132,24279,35.545374,0BA,5,0100111100000000000000000000000000101110
17772,36434,35.545595,226,8,0000000000000000000100000000000000000000000000000000000000000000
9677,36438,35.547287,260,8,0000000000000000000000000000000000000000000000010110000111001100
12473,36439,35.549346,2C1,8,0000000000000011101000110000001011101100110000000000111000101101
5145,36441,35.549924,25,8,0000000010011110000000000000000110111111110011100000000001011001
25352,36442,35.550404,0AA,8,0010000000110100000111110110111100011111111110110001111100101110
15463,36443,35.551332,1C6,8,0000000000000000000000000000000101100110000101000000000000000000
40133,24283,35.552864,0BA,5,1110000000100010101010000000000000011111
43564,2392,35.557813,423,2,11100000000
5146,36448,35.559737,25,8,0000000010011101000000000000000101101111110101110000000000010001
30013,36449,35.560139,24,8,0000001001011111000000100010001001000010001010001000000010011011
40134,36413,35.560354,0BA,5,1100011000000000000000000000000010111110
25353,36450,35.560377,0AA,8,0010000000111000000111110111000000011111111111010001111100110110
20369,36451,35.561372,0B4,8,0000000000000000000000000000000000100000000001010011101100011100
33471,36453,35.565336,1C4,8,0000101000100011000111000000000000000000000000000000000000010110
9678,36455,35.567178,260,8,0000000000000000000000000000000000000000000000010111011111100010
40135,12150,35.567843,0BA,5,0010100100000000000000000000010000101000
5147,36457,35.5697,25,8,0000000010011101000000000000000100101111110101110000000011010001
25354,36458,35.570384,0AA,8,0010000000111111000111110111001100100000000001000001111100111001
35193,4497,35.572919,3D3,3,011011000000001000000000
17773,36462,35.573365,226,8,0000000000000000000100000000000000000000000000000000000000000000
16487,36464,35.575308,3F9,8,0111010100011000000000100000001010000000000000000000000000010101
40136,24303,35.575333,0BA,5,0100111100000000000000000000000000101110
12474,36465,35.57931,2C1,8,0000000000000011100000000000001011000000110000000000111011011110
5148,36467,35.579889,25,8,0000000010011101000000000000000111101111110101110000000010010001
30014,36468,35.580124,24,8,0000001001011111000000100010001001000010001010011000000010011100
25355,36469,35.580371,0AA,8,0010000001000010000111110111100100100000000010010001111100111010
15464,36470,35.581314,1C6,8,0000000000000000000000000000000101100011000101000000000000000000
20370,36471,35.581559,0B4,8,0000000000000000000000000000000000100000000001010100000000100001
40137,24306,35.582822,0BA,5,1110000000100010101010000000000000011111
1034,36474,35.584352,320,8,0000000000100000000000000000000000000000000000000000000001001011
33472,36475,35.585319,1C4,8,0000101000001000000111000000000000000000000000000000000011111011
14251,36477,35.585725,60.0,8,1010000100000000000000000000000000000000011100000000000000000000
9679,36478,35.587125,260,8,0000000000000000000000000000000000000000000000010111011111100010
5149,36481,35.589681,25,8,0000000010011101000000000000000110101111110101110000000001010001
40138,36444,35.590312,0BA,5,1100011000000000000000000000000010111110
25356,36482,35.590366,0AA,8,0010000001001000000111110111110100100000000010110001111100111111
40139,12159,35.597801,0BA,5,0010100100000000000000000000011100101011
5150,36486,35.599699,25,8,0000000010011100000000000000000101101111110110100000000000010011
30015,36487,35.600104,24,8,0000001001011111000000100010001001000010001010111000000010011110
25357,36488,35.600342,0AA,8,0010000001001100000111111000000000100000000100000001111101000101
20371,36489,35.601331,0B4,8,0000000000000000000000000000000000100000000001010100011000100111
7748,36493,35.604994,435,8,1000000000000101000001011111111111100000001111110000000000000011
40140,24325,35.605291,0BA,5,0100111100000000000000000000000000101110
33473,36494,35.605299,1C4,8,0000100111101100000111000000000000000000000000000000000011011110
17774,36496,35.605732,226,8,0000000000000000000100000000000000000000000000000000000000000000
9680,36498,35.607131,260,8,0000000000000000000000000000000000000000000000011000111011111001
12475,36499,35.609291,2C1,8,0000000000000011011101100000001010010000110000000000111010100100
5151,36501,35.609869,25,8,0000000010011100000000000000000100101111110111010000000011010110
25358,36502,35.610345,0AA,8,0010000001001111000111111000011000100000000101000001111101000011
15465,36503,35.611285,1C6,8,0000000000000000000000000000000101100000000101000000000000000000
10938,36506,35.611994,436,8,0
40141,24328,35.61278,0BA,5,1110000000100010101010000000000000011111
5152,36509,35.619659,25,8,0000000010011100000000000000000111111111110111010000000010100110
30016,36510,35.620108,24,8,0000001001011111000000100010010001000010001011011000000010100010
40142,36473,35.62027,0BA,5,1100011000000000000000000000000010111110
25359,36511,35.62034,0AA,8,0010000001010101000111111000100100100000000101100001111101001010
20372,36513,35.621313,0B4,8,0000000000000000000000000000000000100100000001010101000100110110
33474,36516,35.625278,1C4,8,0000100111001010000111000000000000000000000000000000000010111100
9681,36518,35.626916,260,8,0000000000000000000000000000000000000000000000011000001111101110
13434,36519,35.627071,394,3,0
40143,12173,35.627759,0BA,5,0010100100000000000000000000010000101000
5153,36521,35.629652,25,8,0000000010011100000000000000000110111111110111110000000001101000
25360,36522,35.630329,0AA,8,0010000001010100000111111000110100100000000111110001111101010000
14135,36525,35.632701,442,8,0100001100000010000000000000000000000010000000000000000000000000
17775,36526,35.633313,226,8,0000000000000000000100000000000000000000000000000000000000000000
1035,36527,35.634309,320,8,0000000000100000000000000000000000000000000000000000000001001011
40144,24340,35.635249,0BA,5,0100111100000000000000000000000000101110
12476,36529,35.639257,2C1,8,0000000000000011011000000000001001100110110000000000110101100011
5154,36531,35.639834,25,8,0000000010011011000000000000000101111111110111010000000000100101
13804,36532,35.64008,434,8,0100001000000000000000000000000000000000000000000000000000000000
30017,36533,35.640315,24,8,0000001001011111000000100010001001000010001011011000000010100000
25361,36534,35.640549,0AA,8,0010000001010111000111111001001000100000001000110001111101010100
15466,36535,35.641265,1C6,8,0000000000000000000000000000000101011101000101000000000000000000
20373,36536,35.641507,0B4,8,0000000000000000000000000000000000100100000001010101011100111100
40145,24344,35.642738,0BA,5,1110000000100010101010000000000000011111
33475,36540,35.645265,1C4,8,0000100110101000000111000000000000000000000000000000000010011010
34883,36542,35.645925,3C3,8,0100011000011110100101000100111011101110010110010000001110001000
9682,36543,35.646932,260,8,0000000000000000000000000000000000000000000000011000001111101110
28195,36544,35.647179,437,8,1111110011111111111111111111111111111111111111111111111111111111
5155,36546,35.649628,25,8,0000000010011011000000000000000100111111110111110000000011100111
40146,36504,35.650228,0BA,5,1100011000000000000000000000000010111110
25362,36547,35.650307,0AA,8,0010000001011101000111111001011100100000001010000001111101010110
40147,12180,35.657718,0BA,5,0010100100000000000000000000011100101011
5156,36551,35.659619,25,8,0000000010011011000000000000000100001111110111110000000010110111
30018,36552,35.660052,24,8,0000001001011111000000100010001001000010001011111000000010100010
25363,36553,35.660298,0AA,8,0010000001100110000111111001100000100000001010010001111101011010
20374,36554,35.661278,0B4,8,0000000000000000000000000000000000100100000001010101110101000010
40148,24362,35.665207,0BA,5,0100111100000000000000000000000000101110
33476,36558,35.665243,1C4,8,0000100110101000000111000000000000000000000000000000000010011010
17776,36559,35.665491,226,8,0000000000000000000100000000000000000000000000000000000000000000
9683,36561,35.666833,260,8,0000000000000000000000000000000000000000000000011000111011111001
12477,36562,35.669242,2C1,8,0000000000000011010010010000001000011100110000000000110000000001
5157,36564,35.669823,25,8,0000000010011011000000000000000111011111110111010000000010000101
25364,36565,35.670293,0AA,8,0010000001101000000111111001111000100000001100100001111101011111
15467,36568,35.67144,1C6,8,0000000000000000000000000000000101011010000101000000000000000000
179,36569,35.672277,3B7,8,1000
40149,24366,35.672697,0BA,5,1110000000100010101010000000000000011111
5158,36573,35.679601,25,8,0000000010011011000000000000000110011111110111110000000001000111
30019,36574,35.680036,24,8,0000001001011111000000100010001001000010001100001000000010100011
40150,36538,35.680186,0BA,5,1100011000000000000000000000000010111110
25365,36575,35.680285,0AA,8,0010000001101101000111111001111100100000001101000001111101100101
20375,36576,35.681261,0B4,8,0000000000000000000000000000000000101000000001010110100001010001
1036,36578,35.683261,320,8,0000000000100000000000000000000000000000000000000000000001001011
11082,36579,35.683647,620,8,0001000000000000000000000000000000000000000000000000000000000000
33477,36580,35.685233,1C4,8,0000100110000110000111000000000000000000000000000000000001111000
9684,36583,35.686781,260,8,0000000000000000000000000000000000000000000000011000111011111001
40151,12195,35.687676,0BA,5,0010100100000000000000000000010000101000
5159,36586,35.690619,25,8,0000000010011010000000000000000101001111110111110000000011110110
25366,36587,35.69124,0AA,8,0010000001110011000111111010010000100000001110100001111101100110
17777,36590,35.694252,226,8,0000000000000000000100000000000000000000000000000000000000000000
40152,24384,35.695165,0BA,5,0100111100000000000000000000000000101110
12478,36592,35.69921,2C1,8,0000000000000011001110010000000111101100110000000000101010111110
5160,36594,35.69979,25,8,0000000010011010000000000000000100101111110111110000000011010110
30020,36595,35.700026,24,8,0000001001100000000000100010000101000010001100101000000010100101
25367,36596,35.700259,0AA,8,0010000001110111000111111010101100100000001111010001111101101001
15468,36597,35.701214,1C6,8,0000000000000000000000000000000101010111000101000000000000000000
20376,36598,35.701454,0B4,8,0000000000000000000000000000000000101000000001010111001101011100
40153,24387,35.702655,0BA,5,1110000000100010101010000000000000011111
13612,36602,35.704999,4DD,8,0001111000000000000000000000000000000000000000000000000000000000
33478,36603,35.705242,1C4,8,0000100101011100000111000000000000000000000000000000000001001110
9685,36605,35.707012,260,8,0000000000000000000000000000000000000000000000011000111011111001
5161,36607,35.709574,25,8,0000000010011010000000000000000111101111111000010000000010011000
40154,36567,35.710144,0BA,5,1100011000000000000000000000000010111110
43758,35440,35.710179,3BB,5,0111000000000000000000001010010100000000
25368,36608,35.710255,0AA,8,0010000001111011000111111011000000100000010000000001111101110010
40155,12200,35.717634,0BA,5,0010100100000000000000000000011100101011
5162,36611,35.719595,25,8,0000000010011010000000000000000110101111111000010000000001011000
30021,36613,35.720109,24,8,0000001001100000000000100010001001000010001100101000000010100110
25369,36614,35.720346,0AA,8,0010000001111101000111111011000000100000010000110001111101110011
20377,36615,35.72122,0B4,8,0000000000000000000000000000000000101100000001010111100101100110
40156,24398,35.725123,0BA,5,0100111100000000000000000000000000101110
33479,36619,35.725199,1C4,8,0000100100101110000111000000000000000000000000000000000000100000
17778,36620,35.725446,226,8,0000000000000000000100000000000000000000000000000000000000000000
9686,36622,35.726737,260,8,0000000000000000000000000000000000000000000000011001100100000100
12479,36623,35.729192,2C1,8,0000000000000011000111000000000111000000110000000000100101110100
5163,36625,35.729774,25,8,0000000010011001000000000000000101101111110110100000000000010000
21710,36626,35.730014,443,8,0100110100000010000000000010111100000110000000000000000000000000
25370,36627,35.730252,0AA,8,0010000010000001000111111011001000100000010100000001111101110101
15469,36628,35.73118,1C6,8,0000000000000000000000000000000101010100000101010000000000000000
1037,36630,35.732216,320,8,0000000000100000000000000000000000000000000000000000000001001011
40157,24402,35.732613,0BA,5,1110000000100010101010000000000000011111
5164,36633,35.739549,25,8,0000000010011001000000000000000100101111110110100000000011010000
30022,36634,35.739979,24,8,0000001001100001000000100010001001000010001100101000000010100111
40158,36600,35.740103,0BA,5,1100011000000000000000000000000010111110
25371,36635,35.740228,0AA,8,0010000010000011000111111011011000100000010100100001111101111100
20378,36637,35.741206,0B4,8,0000000000000000000000000000000000101100000001010111111001101011
13955,36640,35.74356,614,8,0010100100000000000000000011000000000000000000000000000000000000
33480,36641,35.745178,1C4,8,0000100011111000000111000000000000000000000000000000000011101001
9687,36643,35.746735,260,8,0000000000000000000000000000000000000000000000010111011111100010
40159,12211,35.747592,0BA,5,0010100100000000000000000000010000101000
13993,36644,35.749911,38E,8,0
5165,36647,35.750577,25,8,0000000010011001000000000000000111101111110110100000000010010000
25372,36648,35.751191,0AA,8,0010000010001011000111111011110000100000010101010001111101111110
17779,36652,35.754199,226,8,0000000000000000000100000000000000000000000000000000000000000000
40160,24420,35.755082,0BA,5,0100111100000000000000000000000000101110
12480,36653,35.759183,2C1,8,0000000000000011000001100000000110110011110000000000100001010000
5166,36655,35.759761,25,8,0000000010011001000000000000000110101111110101000000000001001010
30023,36656,35.759996,24,8,0000001001100010000000100010000101000010001100101000000010100111
25373,36657,35.760236,0AA,8,0010000010001100000111111100000000100000010110000001111110000100
20379,36658,35.761185,0B4,8,0000000000000000000000000000000000101100000001011000010001110001
15470,36659,35.761423,1C6,8,0000000000000000000000000000000101010001000101010000000000000000
40161,24422,35.762571,0BA,5,1110000000100010101010000000000000011111
33481,36662,35.765169,1C4,8,0000100011000000000111000000000000000000000000000000000010110001
9688,36664,35.766699,260,8,0000000000000000000000000000000000000000000000011000111011111001
5167,36667,35.769564,25,8,0000000010011000000000000000000101101111110111110000000000010100
40162,36629,35.770061,0BA,5,1100011000000000000000000000000010111110
25374,36668,35.7702,0AA,8,0010000010001111000111111100000100100000010110010001111110001001
40163,12221,35.77755,0BA,5,0010100100000000000000000000011100101011
5168,36671,35.779508,25,8,0000000010011000000000000000000100101111110110100000000011001111
30024,36672,35.779953,24,8,0000001001100010000000100001111101000010001100001000000010100011
25375,36673,35.780194,0AA,8,0010000010010001000111111100000100100000010111100001111110010000
20380,36674,35.781173,0B4,8,0000000000000000000000000000000000110000000001011000111110000000
40164,24444,35.78504,0BA,5,0100111100000000000000000000000000101110
33482,36678,35.785156,1C4,8,0000100010001100000111000000000000000000000000000000000001111101
17780,36679,35.785403,226,8,0000000000000000000100000000000000000000000000000000000000000000
1038,36682,35.786169,320,8,0000000000100000000000000000000000000000000000000000000001001011
9689,36683,35.786712,260,8,0000000000000000000000000000000000000000000000011000111011111001
12481,36684,35.78914,2C1,8,0000000000000010111001100000001000110011110000000000011110101111
5169,36686,35.789718,25,8,0000000010011000000000000000000111101111110110100000000010001111
28079,36687,35.789962,6C0,8,1110010000000000000000001110000010000000000000000000000000000000
25376,36688,35.790199,0AA,8,0010000010010010000111111100001000100000011010100001111110001101
15471,36689,35.791128,1C6,8,0000000000000000000000000000000101001110000101010000000000000000
40165,24448,35.792529,0BA,5,1110000000100010101010000000000000011111
5170,36693,35.799524,25,8,0000000010011000000000000000000110111111110110100000000001011111
30025,36694,35.799928,24,8,0000001001100011000000100001101101000010001011011000000010011101
40166,36661,35.800019,0BA,5,1100011000000000000000000000000010111110
25377,36695,35.800165,0AA,8,0010000010010100000111111100001000100000011001110001111110010000
20381,36696,35.801152,0B4,8,0000000000000000000000000000000000110000000001011000111110000000
13866,36699,35.802431,4C6,8,0000011100000000000000110000000000000000000000000000000000000000
33483,36701,35.805135,1C4,8,0000100001010111000111000000000000000000000000000000000001001000
9690,36703,35.806647,260,8,0000000000000000000000000000000000000000000000010110110011010111
40167,12234,35.807508,0BA,5,0010100100000000000000000000010000101000
5171,36705,35.809488,25,8,0000000010010111000000000000000101101111110111010000000000010001
13738,36706,35.809834,3A5,8,100000000
25378,36707,35.810165,0AA,8,0010000010010010000111111100000100100000011010110001111110011001
17781,36710,35.813147,226,8,0000000000000000000100000000000000000000000000000000000000000000
40168,24463,35.814998,0BA,5,0100111100000000000000000000000000101110
7845,36712,35.815453,610,8,0010000010000000000011100110010011000000000000001101101101000000
12482,36714,35.819105,2C1,8,0000000000000010110010010000001000110000110000000000010110001101
5172,36716,35.81968,25,8,0000000010010111000000000000000100101111110111010000000011010001
30026,36717,35.819947,24,8,0000001001100011000000100001011001000010001011011000000010011000
25379,36718,35.820183,0AA,8,0010000010001111000111111100000000100000011011100001111110010100
15472,36719,35.821113,1C6,8,0000000000000000000000000000000101001011000101010000000000000000
20382,36720,35.821355,0B4,8,0000000000000000000000000000000000110100000001011001010110001010
40169,24467,35.822488,0BA,5,1110000000100010101010000000000000011111
33484,36723,35.825115,1C4,8,0000100001010111000111000000000000000000000000000000000001001000
16488,36725,35.825514,3F9,8,0111010100011000000000100000001010000000000000000000000000010101
9691,36726,35.82662,260,8,0000000000000000000000000000000000000000000000010111011111100010
31346,36727,35.82744,640,8,1010100000000000000000000011011100000001110111110000000000000000
40170,36690,35.829977,0BA,5,1100011000000000000000000000000010111110
5173,36729,35.830495,25,8,0000000010010111000000000000000111111111110111010000000010100001
25380,36730,35.83112,0AA,8,0010000010001111000111111011111100100000011011100001111110010100
1039,36732,35.83213,320,8,0000000000100000000000000000000000000000000000000000000001001011
35194,36507,35.832576,3D3,3,111001010000001100000100
31489,36734,35.834718,44D,8,0100001000000010000000000000000000000001000000000000000000000000
40171,12239,35.837467,0BA,5,0010100100000000000000000000011100101011
5174,36736,35.839456,25,8,0000000010010111000000000000000111001111111000010000000001110101
35032,36737,35.839808,413,8,0000000100000001000000010000100100000000000000000000000000000000
30027,36738,35.840046,24,8,0000001001100011000000100000111101000010001010111000000010001111
25381,36739,35.840278,0AA,8,0010000010001111000111111011110100100000011100010001111110010111
20383,36740,35.841115,0B4,8,0000000000000000000000000000000000110100000001011001010110001010
40172,24485,35.844956,0BA,5,0100111100000000000000000000000000101110
33485,36744,35.845109,1C4,8,0000100000101110000111000000000000000000000000000000000000011111
17782,36745,35.845356,226,8,0000000000000000000100000000000000000000000000000000000000000000
9692,36748,35.846484,260,8,0000000000000000000000000000000000000000000000010110000111001100
12483,36749,35.849098,2C1,8,0000000000000010101011000000001001111100110000000000010110111100
5175,36751,35.849679,25,8,0000000010010111000000000000000110011111110111110000000001000011
25382,36752,35.850128,0AA,8,0010000010010000000111111011101100100000011011100001111110011001
15473,36754,35.851078,1C6,8,0000000000000000000000000000000101001000000101010000000000000000
40173,24487,35.852446,0BA,5,1110000000100010101010000000000000011111
5176,36757,35.859473,25,8,0000000010010110000000000000000101011111110111110000000000000010
30028,36758,35.859882,24,8,0000001001100010000000100000100001000010001010111000000010000111
40174,36722,35.859935,0BA,5,1100011000000000000000000000000010111110
25383,36759,35.860115,0AA,8,0010000010010001000111111011101000100000011011100001111110011000
20384,36760,35.861112,0B4,8,0000000000000000000000000000000000110100000001011000111110000100
33486,36762,35.865083,1C4,8,0000100000100111000111000000000000000000000000000000000000011000
9693,36764,35.866459,260,8,0000000000000000000000000000000000000000000000010100000010101011
40175,12252,35.867425,0BA,5,0010100100000000000000000000010000101000
5177,36768,35.869437,25,8,0000000010010110000000000000000100101111110111110000000011010010
25384,36769,35.870111,0AA,8,0010000010001101000111111011100000100000011011110001111110011100
17783,36772,35.87309,226,8,0000000000000001000100000000000000000000000000000000000000000000
40176,24505,35.874914,0BA,5,0100111100000000000000000000000000101110
12484,36773,35.879055,2C1,8,0000000000000010100000110000001001010011110000000000010001101001
5178,36776,35.879715,25,8,0000000010010110000000000000000111111111111000010000000010100100
30029,36777,35.879951,24,8,0000001001100010000000100000001101000010001010111000000010000010
25385,36778,35.880188,0AA,8,0010000010001100000111111011100000100000011100000001111110011110
15474,36779,35.881064,1C6,8,0000000000000000000000000000000101000101000101010000000000000000
20385,36780,35.881306,0B4,8,0000000000000000000000000000000000111000000001011000111110001000
40177,24509,35.882404,0BA,5,1110000000100010101010000000000000011111
1040,36784,35.884081,320,8,0000000000100000000000000000000000000000000000000000000001001011
33487,36785,35.885068,1C4,8,0000100000110101000111000000000000000000000000000000000000100110
9694,36787,35.886454,260,8,0000000000000000000000000000000000000000000000010100101110110110
40178,36755,35.889893,0BA,5,1100011000000000000000000000000010111110
5179,36789,35.890439,25,8,0000000010010110000000000000000111001111111001010000000001111000
34788,36790,35.8908,4DF,8,0010000000000000000000000000000100000000000000000000000000000000
25386,36791,35.891067,0AA,8,0010000010001010000111111011110000100000011011010001111110011100
43565,9198,35.893264,423,2,10101000001110
40179,12258,35.897383,0BA,5,0010100100000000000000000000011100101011
5180,36795,35.8994,25,8,0000000010010110000000000000000110011111111000110000000001000110
30030,36796,35.899853,24,8,0000001001100000000000100000000001000010001010011000000001111011
25387,36797,35.900088,0AA,8,0010000010001100000111111011110100100000011011100001111110100001
20386,36799,35.901061,0B4,8,0000000000000000000000000000000000111000000001011000111110001000
40180,24521,35.904873,0BA,5,0100111100000000000000000000000000101110
33488,36803,35.905044,1C4,8,0000100001010011000111000000000000000000000000000000000001000100
17784,36804,35.905292,226,8,0000000000000000000100000000000000000000000000000000000000000000
9695,36806,35.906283,260,8,0000000000000000000000000000000000000000000000010100101110110110
12485,36807,35.909045,2C1,8,0000000000000010010111000000001000001001110000000000010011111000
5181,36809,35.909624,25,8,0000000010010101000000000000000101011111111000110000000000000101
25388,36810,35.910075,0AA,8,0010000010001111000111111100000000100000011100010001111110100001
15475,36811,35.911027,1C6,8,0000000000000000000000000000000101000010000101010000000000000000
40181,24525,35.912362,0BA,5,1110000000100010101010000000000000011111
5182,36815,35.919412,25,8,0000000010010101000000000000000100101111111000010000000011010011
30031,36816,35.919836,24,8,0000001001011111000000011111110101000010001010001000000001110101
40182,36782,35.919852,0BA,5,1100011000000000000000000000000010111110
25389,36817,35.920074,0AA,8,0010000010001100000111111100001000100000011011010001111110100001
20387,36818,35.921042,0B4,8,0000000000000000000000000000000000111100000001011000111110001100
27834,36820,35.923046,420,8,0000000000000000000000000000000011111111000000001000000010101011
33489,36822,35.92503,1C4,8,0000100001111010000111000000000000000000000000000000000001101011
9696,36824,35.92622,260,8,0000000000000000000000000000000000000000000000010100000010101011
13435,36825,35.926373,394,3,0
40183,12269,35.927341,0BA,5,0010100100000000000000000000010000101000
5183,36827,35.929379,25,8,0000000010010101000000000000000111101111110111110000000010010001
25390,36828,35.930056,0AA,8,0010000010001101000111111100011000100000011011100001111110011101
14136,36831,35.932291,442,8,0100001100000010000000000000000000000010000000000000000000000000
17785,36833,35.933041,226,8,0000000000000000000100000000000000000000000000000000000000000000
1041,36835,35.934037,320,8,0000000000100000000000000000000000000000000000000000000001001011
40184,24542,35.934831,0BA,5,0100111100000000000000000000000000101110
12486,36836,35.939,2C1,8,0000000000000010001110010000000111101001110000000000010010110100
5184,36838,35.939583,25,8,0000000010010101000000000000000110111111110111110000000001100001
30032,36839,35.939831,24,8,0000001001011111000000011111110101000010001010001000000001110101
25391,36840,35.940066,0AA,8,0010000010010000000111111100011000100000011010110001111110011101
15476,36841,35.941015,1C6,8,0000000000000000000000000000000100111111000101100000000000000000
20388,36842,35.941257,0B4,8,0000000000000000000000000000000000111100000001011000111110001100
40185,24547,35.94232,0BA,5,1110000000100010101010000000000000011111
7628,36847,35.944818,3BC,8,0
33490,36848,35.945061,1C4,8,0000100001111010000111000000000000000000000000000000000001101011
9697,36851,35.946169,260,8,0000000000000000000000000000000000000000000000010101011011000001
5185,36854,35.949378,25,8,0000000010010100000000000000000101101111110111010000000000001110
40186,36812,35.94981,0BA,5,1100011000000000000000000000000010111110
25392,36855,35.950038,0AA,8,0010000010010001000111111100011000100000011010000001111110100011
35346,34911,35.952208,386,7,11011011000000000000000000000000000001100000000000000011
43434,34939,35.952275,3000000.0,6,101011000000000000000000000000000000000000000000
13700,36857,35.95327,615,8,0010101000000000011101100000101000000000000000000000000000000000
31605,36858,35.954421,633,8,1000000100000000000000000000000000000000000000000000000000000000
40187,12281,35.957299,0BA,5,0010100100000000000000000000011100101011
5186,36860,35.959346,25,8,0000000010010100000000000000000100101111110111010000000011001110
30033,36861,35.959799,24,8,0000001001011110000000011111110101000010001010011000000001110101
25393,36862,35.960033,0AA,8,0010000010010001000111111100011000100000011001110001111110011010
20389,36863,35.961006,0B4,8,0000000000000000000000000000000000111100000001011001010110010010
40188,24566,35.964789,0BA,5,0100111100000000000000000000000000101110
33491,36867,35.964995,1C4,8,0000100010100010000111000000000000000000000000000000000010010011
17786,36868,35.965243,226,8,0000000000000000000100000000000000000000000000000000000000000000
9698,36871,35.966176,260,8,0000000000000000000000000000000000000000000000010110000111001100
12487,36872,35.968996,2C1,8,0000000000000010000010010000000111000110110000000000000001011101
5187,36874,35.969602,25,8,0000000010010100000000000000000111101111110101110000000010001000
27895,36875,35.969849,4DC,8,0001110100000000000000000000000000000000000000000000000000000000
25394,36876,35.97008,0AA,8,0010000010010001000111111100010000100000011010100001111110011001
15477,36877,35.970974,1C6,8,0000000000000000100000000000000101000011000101100000000000000000
180,36879,35.972008,3B7,8,1000
40189,24571,35.972278,0BA,5,1110000000100010101010000000000000011111
5188,36881,35.979335,25,8,0000000010010100000000000000000110111111110101110000000001011000
40190,36844,35.979768,0BA,5,1100011000000000000000000000000010111110
30034,36882,35.979782,24,8,0000001001011110000000011111110101000010001010011000000001110101
25395,36883,35.980021,0AA,8,0010000010010001000111111100010100100000011001100001111110100011
20390,36884,35.98099,0B4,8,0000000000000000000000000000000001000000000001011001010110010110
1042,36887,35.982997,320,8,0000000000100000000000000000000000000000000000000000000001001011
11083,36888,35.983246,620,8,0001000000000000000000000000000000000000000000000000000000000000
33492,36889,35.984977,1C4,8,0000100011000101000111000000000000000000000000000000000010110110
9699,36891,35.986215,260,8,0000000000000000000000000000000000000000000000010101011011000001
40191,12295,35.987258,0BA,5,0010100100000000000000000000010000101000
1559,36892,35.989681,6F3,8,0010000000000000000000000000000000000000000000000000000000000000
5189,36894,35.990348,25,8,0000000010010011000000000000000101011111110100110000000011110011
25396,36895,35.990977,0AA,8,0010000010010001000111111100100100100000011001000001111110011010
17787,36898,35.993989,226,8,0000000000000000000100000000000000000000000000000000000000000000
40192,24583,35.994747,0BA,5,0100111100000000000000000000000000101110
12488,36902,35.998956,2C1,8,0000100000000001101100000000000101101100110000000000000010110001
5190,36904,35.99956,25,8,0000000010010011000000000000000100101111110110100000000011001010
30035,36905,35.999795,24,8,0000001001011110000000011111101101000010001010011000000001110011
25397,36906,36.000029,0AA,8,0010000010010001000111111100011100100000011000100001111110011010
15478,36907,36.000963,1C6,8,0000000000000000100000000000000101000110000101010000000000000000
20391,36908,36.001204,0B4,8,0000000000000000000000000000000001000000000001011001010110010110
40193,24587,36.002237,0BA,5,1110000000100010101010000000000000011111
13552,36911,36.004325,399,8,0000000000000000000000000000000000000000111111110000000000000000
33493,36912,36.004968,1C4,8,0000100011100011000111000000000000000000000000000000000011010100
9700,36914,36.006093,260,8,0000000000000000000000000000000000000000000000010111011111100010
43759,1230,36.007764,3BB,5,1011101100000000000000000000000000100110
5191,36917,36.009356,25,8,0000000010010011000000000000000111101111110101110000000010000111
40194,36878,36.009726,0BA,5,1100011000000000000000000000000010111110
25398,36918,36.009984,0AA,8,0010000010010001000111111100100100100000011000110001111110011110
11200,36919,36.010502,39A,8,0000000000000000000000000000000100000000000000000000000000000000
40195,12298,36.017216,0BA,5,0010100100000000000000000000011100101011
5192,36923,36.019294,25,8,0000000010010011000000000000000110101111110101110000000001000111
30036,36924,36.019774,24,8,0000001001011110000000011111110101000010001010001000000001110100
25399,36925,36.02001,0AA,8,0010000010001100000111111100101100100000011001010001111110011010
20392,36926,36.020954,0B4,8,0000000000000000000000000000000001000100000001011001010110011010
40196,24606,36.024705,0BA,5,0100111100000000000000000000000000101110
36,36930,36.024768,3B1,8,0000000000000000000000100000101000000000000010000000000000000000
33494,36931,36.02501,1C4,8,0000100011111011000111000000000000000000000000000000000011101100
17788,36932,36.025258,226,8,0000000000000000000100000000000000000000000000000000000000000000
9701,36934,36.026064,260,8,0000000000000000000000000000000000000000000000010110000111001100
12489,36935,36.028945,2C1,8,0000100000000001011100000000000100110110110000000000000000111011
5193,36937,36.029553,25,8,0000000010010010000000000000000101011111110110100000000011111001
21711,36938,36.029792,443,8,0100110100000010000000000010111100000110000000000000000000000000
25400,36939,36.030024,0AA,8,0010000010010101000111111100011100100000011000100001111110011001
15479,36940,36.030923,1C6,8,0000000000000000100000000000000101001001000101010000000000000000
1043,36943,36.031954,320,8,0000000000100000000000000000000000000000000000000000000001001011
40197,24609,36.032195,0BA,5,1110000000100010101010000000000000011111
13312,36944,36.03416,61A,8,0010010000000000000000000000000000000000000000000011011001000000
5194,36946,36.039275,25,8,0000000010010010000000000000000100011111110101110000000010110110
40198,36910,36.039684,0BA,5,1100011000000000000000000000000010111110
30037,36947,36.039759,24,8,0000001001011110000000011111111101000010001010001000000001110110
25401,36948,36.039994,0AA,8,0010000010010000000111111100101000100000011000000001111110011100
20393,36949,36.040937,0B4,8,0000000000000000000000000000000001000100000001011001010110011010
33495,36952,36.044934,1C4,8,0000100100001101000111000000000000000000000000000000000011111111
9702,36954,36.046043,260,8,0000000000000000000000000000000000000000000000010110000111001100
40199,12317,36.047174,0BA,5,0010100100000000000000000000010000101000
5195,36957,36.049275,25,8,0000000010010010000000000000000111011111110110100000000001111001
25402,36958,36.049949,0AA,8,0010000010010101000111111100111000100000011001010001111110011001
17789,36961,36.052937,226,8,0000000000000000000100000000000000000000000000000000000000000000
40200,24629,36.054663,0BA,5,0100111100000000000000000000000000101110
12490,36962,36.058905,2C1,8,0000100000000001001100110000000100001001110000000000000011010001
5196,36964,36.059515,25,8,0000000010010010000000000000000110011111110111010000000000111100
30038,36965,36.05975,24,8,0000001001011110000000100000000001000010001010111000000001111011
25403,36966,36.059984,0AA,8,0010000010011001000111111101000000100000011000110001111110010101
20394,36967,36.060919,0B4,8,0000000000000000000000000000000001001000000001011001101010100011
15480,36968,36.061163,1C6,8,0000000000000000100000000000000101010000000101010100000000000000
40201,24633,36.062153,0BA,5,1110000000100010101010000000000000011111
33496,36973,36.064913,1C4,8,0000100100010111000111000000000000000000000000000000000000001001
9703,36975,36.065992,260,8,0000000000000000000000000000000000000000000000010110110011010111
5197,36977,36.069261,25,8,0000000010010001000000000000000101001111110111010000000011101011
40202,36941,36.069642,0BA,5,1100011000000000000000000000000010111110
25404,36978,36.069936,0AA,8,0010000010011001000111111101000000100000011000100001111110010100
16489,36981,36.075007,3F9,8,0111010100011000000000100000001010000000000000000000000000010101
40203,12323,36.077132,0BA,5,0010100100000000000000000000011100101011
5198,36983,36.079241,25,8,0000000010010001000000000000000100011111110110100000000010111000
30039,36984,36.079701,24,8,0000001001011110000000100000001101000010001011011000000010000000
25405,36985,36.079936,0AA,8,0010000010011001000111111101000000100000011000110001111110011001
20395,36987,36.0809,0B4,8,0000000000000000000000000000000001001000000001011001101010100011
40204,24648,36.084622,0BA,5,0100111100000000000000000000000000101110
33497,36991,36.084896,1C4,8,0000100100010110000111000000000000000000000000000000000000001000
17790,36992,36.085142,226,8,0000000000000000000100000000000000000000000000000000000000000000
9704,36994,36.085886,260,8,0000000000000000000000000000000000000000000000010111011111100010
1044,36995,36.086132,320,8,0000000000100000000000000000000000000000000000000000000001001011
12491,36996,36.088897,2C1,8,0000100000000000111111000000000010111001110000000000000001001000
28080,36998,36.089311,6C0,8,1110010000000000000000001110000010000000000000000000000000000000
5199,36999,36.089555,25,8,0000000010010001000000000000000111101111110111110000000010001101
25406,37000,36.089916,0AA,8,0010000010011010000111111101000100100000011001010001111110010101
15481,37001,36.090875,1C6,8,0000000000000000100000000000000101011001000101010100000000000000
40205,24653,36.092111,0BA,5,1110000000100010101010000000000000011111
35195,4564,36.092232,3D3,3,011011000000001000000000
5200,37006,36.099241,25,8,0000000010010001000000000000000110111111110111110000000001011101
40206,36971,36.099601,0BA,5,1100011000000000000000000000000010111110
30040,37007,36.099684,24,8,0000001001011110000000100000010101000010001011011000000010000010
25407,37008,36.099918,0AA,8,0010000010011100000111111101010100100000011001100001111110010010
20396,37009,36.10089,0B4,8,0000000000000000000000000000000001001000000001011010000010101001
33498,37011,36.104884,1C4,8,0000100100001011000111000000000000000000000000000000000011111101
9705,37013,36.105859,260,8,0000000000000000000000000000000000000000000000010111011111100010
40207,12335,36.10709,0BA,5,0010100100000000000000000000010000101000
5201,37015,36.109221,25,8,0000000010010000000000000000000101111111110111110000000000011100
25408,37016,36.109893,0AA,8,0010000010011110000111111101010100100000011010100001111110010110
17791,37020,36.112994,226,8,0000000000000000000100000000000000000000000000000000000000000000
40208,24670,36.11458,0BA,5,0100111100000000000000000000000000101110
12492,37021,36.118854,2C1,8,0000100000000000110010010000000010010110110000000000000011110010
5202,37023,36.119458,25,8,0000000010010000000000000000000101001111111000110000000011110000
30041,37024,36.119694,24,8,0000001001011110000000100000101001000010001010111000000010000101
25409,37025,36.119926,0AA,8,0010000010011110000111111101001000100000011001100001111110011001
20397,37026,36.120868,0B4,8,0000000000000000000000000000000001001100000001011010000010101101
15482,37027,36.121103,1C6,8,0000000000000000100000000000000101100010000101010100000000000000
40209,24673,36.122069,0BA,5,1110000000100010101010000000000000011111
33499,37030,36.124868,1C4,8,0000100011110111000111000000000000000000000000000000000011101000
9706,37032,36.125795,260,8,0000000000000000000000000000000000000000000000010111011111100010
5203,37036,36.129355,25,8,0000000010010000000000000000000100011111111001010000000011000010
40210,37002,36.129559,0BA,5,1100011000000000000000000000000010111110
25410,37037,36.129876,0AA,8,0010000010011010000111111101001100100000011001110001111110010111
1045,37039,36.130908,320,8,0000000000100000000000000000000000000000000000000000000001001011
31490,37040,36.133944,44D,8,0100001000000010000000000000000000000001000000000000000000000000
40211,12347,36.137048,0BA,5,0010100100000000000000000000011100101011
5204,37044,36.139188,25,8,0000000010010000000000000000000111111111111001100000000010100011
30042,37045,36.139651,24,8,0000001001011110000000100000110001000010001010111000000010000111
25411,37046,36.139884,0AA,8,0010000010011011000111111101010100100000011011010001111110011010
20398,37047,36.14085,0B4,8,0000000000000000000000000000000001001100000001011010000010101101
40212,24689,36.144538,0BA,5,0100111100000000000000000000000000101110
33500,37051,36.14484,1C4,8,0000100011110111000111000000000000000000000000000000000011101000
17792,37052,36.145088,226,8,0000000000000000000100000000000000000000000000000000000000000000
9707,37055,36.145753,260,8,0000000000000000000000000000000000000000000000010110110011010111
34884,37057,36.14619,3C3,8,0100011000011110100101000100111011101110010110010000001110001000
12493,37059,36.149012,2C1,8,0000100000000000011110010000000001111001110000000000000010000101
5205,37060,36.149251,25,8,0000000010010000000000000000000111101111111011000000000010011001
25412,37061,36.149858,0AA,8,0010000010011011000111111101010100100000011100110001111110011110
15483,37063,36.151008,1C6,8,0000000000000000100000000000000101101000000101010100000000000000
40213,24693,36.152027,0BA,5,1110000000100010101010000000000000011111
5206,37065,36.159198,25,8,0000000010010000000000000000000111001111111011000000000001111001
40214,37029,36.159517,0BA,5,1100011000000000000000000000000010111110
30043,37066,36.159634,24,8,0000001001011110000000100000110001000010001010111000000010000111
25413,37067,36.159867,0AA,8,0010000010011110000111111101011100100000011011100001111110100001
20399,37068,36.16083,0B4,8,0000000000000000000000000000000001010000000001011010000010110001
16318,37071,36.164144,4C1,8,0000000100000000000000010000000100000000000000000000000000000000
33501,37072,36.164828,1C4,8,0000100011011101000111000000000000000000000000000000000011001110
9708,37074,36.165662,260,8,0000000000000000000000000000000000000000000000010110000111001100
40215,12362,36.167007,0BA,5,0010100100000000000000000000010000101000
5207,37076,36.170192,25,8,0000000010010000000000000000000110101111111011010000000001011010
25414,37077,36.170818,0AA,8,0010000010011011000111111101010100100000011011110001111110011111
17793,37080,36.173825,226,8,0000000000000000000100000000000000000000000000000000000000000000
40216,24706,36.174496,0BA,5,0100111100000000000000000000000000101110
12494,37083,36.178804,2C1,8,0000100000000000010000110000000001000000110000000000000000010110
5208,37085,36.179412,25,8,0000000010010000000000000000000110011111111100000000000001001101
30044,37086,36.179646,24,8,0000001001011101000000100000101001000010001010111000000010000100
25415,37087,36.179879,0AA,8,0010000010011011000111111101001000100000011100010001111110100010
20400,37088,36.180812,0B4,8,0000000000000000000000000000000001010000000001011010000010110001
15484,37089,36.181051,1C6,8,0000000000000000100000000000000101101000000101010100000000000000
40217,24710,36.181986,0BA,5,1110000000100010101010000000000000011111
1046,37092,36.183817,320,8,0000000000100000000000000000000000000000000000000000000001001011
7689,37093,36.184057,611,8,0010000100000000000000000001000000000000000000000011110101101100
33502,37094,36.184811,1C4,8,0000100011000000000111000000000000000000000000000000000010110001
9709,37096,36.185553,260,8,0000000000000000000000000000000000000000000000010110110011010111
5209,37098,36.18915,25,8,0000000010001111000000000000000101111111111100000000000000101100
40218,37062,36.189475,0BA,5,1100011000000000000000000000000010111110
25416,37099,36.189829,0AA,8,0010000010011001000111111101000100100000011101000001111110100110
40219,12366,36.196965,0BA,5,0010100100000000000000000000011100101011
5210,37105,36.199167,25,8,0000000010001111000000000000000101101111111100000000000000011100
30045,37106,36.199605,24,8,0000001001011101000000100000100001000010001010111000000010000010
25417,37107,36.199838,0AA,8,0010000010011001000111111101001000100000011110000001111110100110
20401,37108,36.200794,0B4,8,0000000000000000000000000000000001010000000001011010000010110001
40220,24728,36.204454,0BA,5,0100111100000000000000000000000000101110
17794,37113,36.204797,226,8,0000000000000000000100000000000000000000000000000000000000000000
33503,37114,36.205033,1C4,8,0000100010100101000111000000000000000000000000000000000010010110
9710,37116,36.205574,260,8,0000000000000000000000000000000000000000000000010110110011010111
12495,37118,36.20896,2C1,8,0000100000000000001010010000000000101100110000000000000011101000
5211,37119,36.2092,25,8,0000000010001111000000000000000101001111111100100000000011111110
25418,37120,36.209807,0AA,8,0010000010010111000111111101001000100000011100110001111110100110
15485,37121,36.210778,1C6,8,0000000000000000100000000000000101101000000101010100000000000000
40221,24731,36.211944,0BA,5,1110000000100010101010000000000000011111
5212,37125,36.219145,25,8,0000000010001111000000000000000101001111111101010000000000000001
40222,37091,36.219433,0BA,5,1100011000000000000000000000000010111110
30046,37126,36.219613,24,8,0000001001011101000000100000011001000010001010111000000010000000
25419,37127,36.219849,0AA,8,0010000010010100000111111101000000100000011100110001111110101011
20402,37128,36.220776,0B4,8,0000000000000000000000000000000001010100000001011010000010110101
33504,37130,36.224781,1C4,8,0000100010001100000111000000000000000000000000000000000001111101
9711,37132,36.225508,260,8,0000000000000000000000000000000000000000000000010110110011010111
13436,37133,36.225663,394,3,0
40223,12381,36.226923,0BA,5,0010100100000000000000000000010000101000
43566,36397,36.228715,423,2,1000100000000
5213,37136,36.229115,25,8,0000000010001111000000000000000100111111111101100000000011110010
25420,37137,36.229791,0AA,8,0010000010010100000111111101000000100000011100110001111110101000
14137,37140,36.23196,442,8,0100001100000010000000000000000000000010000000000000000000000000
17795,37141,36.232774,226,8,0000000000000000000100000000000000000000000000000000000000000000
1047,37142,36.233769,320,8,0000000000100000000000000000000000000000000000000000000001001011
40224,24749,36.234412,0BA,5,0100111100000000000000000000000000101110
12496,37143,36.238758,2C1,8,0000100000000000000100000000000000010011110000000000000010110110
5214,37145,36.239362,25,8,0000000010001111000000000000000100111111111101100000000011110010
30047,37146,36.239598,24,8,0000001001011100000000100000001101000010001010111000000001111100
25421,37147,36.239833,0AA,8,0010000010010010000111111101000000100000011100110001111110101000
20403,37148,36.240761,0B4,8,0000000000000000000000000000000001010100000001011010000010110101
15486,37149,36.241,1C6,8,0000000000000000100000000000000101101000000101010100000000000000
40225,24752,36.241902,0BA,5,1110000000100010101010000000000000011111
33505,37154,36.244766,1C4,8,0000100001110111000111000000000000000000000000000000000001101000
9712,37156,36.24554,260,8,0000000000000000000000000000000000000000000000010110000111001100
5215,37158,36.249092,25,8,0000000010001111000000000000000100101111111101100000000011100010
40226,37122,36.249392,0BA,5,1100011000000000000000000000000010111110
25422,37159,36.249772,0AA,8,0010000010010001000111111100110100100000011101000001111110101101
40227,12387,36.256881,0BA,5,0010100100000000000000000000011100101011
5216,37163,36.259092,25,8,0000000010001111000000000000000100101111111101100000000011100010
30048,37164,36.259555,24,8,0000001001011100000000100000000001000010001010111000000001111001
25423,37165,36.259789,0AA,8,0010000010010000000111111100110100100000011011110001111110101101
20404,37167,36.26074,0B4,8,0000000000000000000000000000000001011000000001011001101010110011
40228,24766,36.264371,0BA,5,0100111100000000000000000000000000101110
17796,37171,36.264742,226,8,0000000000000000000100000000000000000000000000000000000000000000
33506,37172,36.264984,1C4,8,0000100001101010000111000000000000000000000000000000000001011011
9713,37174,36.2655,260,8,0000000000000000000000000000000000000000000000010110110011010111
12497,37177,36.268906,2C1,8,0000100011111111111101001111111111110000110000000000000001110101
5217,37178,36.269145,25,8,0000000010001111000000000000000100101111111101100000000011100010
25424,37179,36.269755,0AA,8,0010000010001111000111111100110100100000011011110001111110101011
15487,37180,36.270726,1C6,8,0000000000000000100000000000000101100100000101010100000000000000
181,37182,36.271741,3B7,8,1000
40229,24770,36.27186,0BA,5,1110000000100010101010000000000000011111
5218,37185,36.279092,25,8,0000000010001111000000000000000100101111111110000000000011100100
40230,37151,36.27935,0BA,5,1100011000000000000000000000000010111110
30049,37186,36.279538,24,8,0000001001011011000000011111110101000010001010111000000001110100
25425,37187,36.27977,0AA,8,0010000010001100000111111100110100100000011011100001111110101101
20405,37188,36.280723,0B4,8,0000000000000000000000000000000001011000000001011001101010110011
1048,37190,36.282728,320,8,0000000000100000000000000000000000000000000000000000000001001011
31281,37191,36.282973,4A6,8,0000000000000000000000000000000000000000000011000000000000000000
11084,37192,36.283242,620,8,0001000000000000000000000000000000000000000000000000000000000000
33507,37193,36.285046,1C4,8,0000100001101010000111000000000000000000000000000000000001011011
9714,37195,36.285461,260,8,0000000000000000000000000000000000000000000000010111011111100010
40231,12398,36.286839,0BA,5,0010100100000000000000000000010000101000
5219,37197,36.290087,25,8,0000000010001111000000000000000100011111111110010000000011010101
25426,37198,36.290709,0AA,8,0010000010001100000111111100110100100000011011100001111110101100
17797,37202,36.293719,226,8,0000000000000000000100000000000000000000000000000000000000000000
40232,24788,36.294329,0BA,5,0100111100000000000000000000000000101110
12498,37204,36.298743,2C1,8,0000100011111111111000001111111111100100110000000000000001010101
5220,37206,36.299313,25,8,0000000010001111000000000000000100011111111110100000000011010110
30050,37207,36.299549,24,8,0000001001011011000000011111101101000010001010111000000001110010
25427,37208,36.299785,0AA,8,0010000010010001000111111101000000100000011010110001111110100110
20406,37209,36.300705,0B4,8,0000000000000000000000000000000001011000000001011001101010110011
15488,37210,36.30094,1C6,8,0000000000000000100000000000000101100001000101010100000000000000
40233,24790,36.301818,0BA,5,1110000000100010101010000000000000011111
33508,37213,36.304716,1C4,8,0000100001100111000111000000000000000000000000000000000001011000
43760,2475,36.305348,3BB,5,1010010100000000000000000000000000000000
9715,37215,36.305359,260,8,0000000000000000000000000000000000000000000000010111011111100010
5221,37217,36.309038,25,8,0000000010001111000000000000000100001111111110110000000011000111
40234,37181,36.309308,0BA,5,1100011000000000000000000000000010111110
25428,37219,36.309718,0AA,8,0010000010010101000111111101001000100000011010100001111110100111
7846,37221,36.312774,610,8,0010000000000000000011100110010011000000000000001101101101000000
40235,12406,36.316797,0BA,5,0010100100000000000000000000011100101011
5222,37223,36.319024,25,8,0000000010001111000000000000000100001111111110110000000011000111
30051,37224,36.3195,24,8,0000001001011011000000011111101001000010001010111000000001110001
25429,37225,36.319739,0AA,8,0010000010010101000111111101000100100000011011100001111110100111
20407,37227,36.320688,0B4,8,0000000000000000000000000000000001011100000001011001101010110111
16490,37231,36.324249,3F9,8,0111010100011000000000100000001010000000000000000000000000010101
40236,24808,36.324287,0BA,5,0100111100000000000000000000000000101110
17798,37232,36.324689,226,8,0000000000000000000100000000000000000000000000000000000000000000
33509,37233,36.324931,1C4,8,0000100001100110000111000000000000000000000000000000000001010111
9716,37235,36.325344,260,8,0000000000000000000000000000000000000000000000011000001111101110
12499,37238,36.328859,2C1,8,0000100011111111110100001111111111010111110000000000000000111000
5223,37239,36.329104,25,8,0000000010001111000000000000000111111111111111000000000010111000
21712,37240,36.329386,443,8,0100110100000010000000000010111100000110000000000000000000000000
25430,37241,36.329699,0AA,8,0010000010010001000111111100111000100000011010100001111110100011
15489,37242,36.330673,1C6,8,0000000000000000100000000000000101011110000101010100000000000000
1049,37244,36.331684,320,8,0000000000100000000000000000000000000000000000000000000001001011
40237,24812,36.331777,0BA,5,1110000000100010101010000000000000011111
34971,37245,36.332683,4C3,8,0000001100000000000000000000000100000000000000000000000000000000
5224,37248,36.33902,25,8,0000000010001111000000000000000111101111111111000000000010101000
40238,37212,36.339266,0BA,5,1100011000000000000000000000000010111110
30052,37249,36.339487,24,8,0000001001011011000000011111110101000010001010111000000001110100
25431,37250,36.339719,0AA,8,0010000010001111000111111100101100100000011010100001111110100010
20408,37251,36.340671,0B4,8,0000000000000000000000000000000001011100000001011001101010110111
33510,37255,36.344682,1C4,8,0000100001100111000111000000000000000000000000000000000001011000
9717,37257,36.34525,260,8,0000000000000000000000000000000000000000000000010111011111100010
40239,12421,36.346756,0BA,5,0010100100000000000000000000010000101000
5225,37259,36.349007,25,8,0000000010001111000000000000000111011111111111000000000010011000
25432,37260,36.349684,0AA,8,0010000010010001000111111100011000100000011011000001111110100100
13928,37263,36.351857,622,8,0001001000000000000000000000000000000000000000000000000000000000
35196,37041,36.351889,3D3,3,111001010000000110001111
17799,37264,36.352667,226,8,0000000000000000000100000000000000000000000000000000000000000000
40240,24828,36.354245,0BA,5,0100111100000000000000000000000000101110
12500,37266,36.358658,2C1,8,0000100011111111110000001111111111000111110000000000000000011000
5226,37268,36.359268,25,8,0000000010001111000000000000000111001111111111000000000010001000
30053,37269,36.359502,24,8,0000001001011011000000011111101001000010001010111000000001110001
25433,37270,36.359738,0AA,8,0010000010010001000111111100011100100000011001110001111110100011
20409,37271,36.360652,0B4,8,0000000000000000000000000000000001100000000001011001101010111011
15490,37272,36.360889,1C6,8,0000000000000000100000000000000101011101000101100100000000000000
40241,24832,36.361735,0BA,5,1110000000100010101010000000000000011111
33511,37275,36.364744,1C4,8,0000100001100100000111000000000000000000000000000000000001010101
9718,37277,36.365156,260,8,0000000000000000000000000000000000000000000000010111011111100010
5227,37279,36.368992,25,8,0000000010001111000000000000000110111111111111000000000001111000
40242,37243,36.369224,0BA,5,1100011000000000000000000000000010111110
25434,37280,36.369671,0AA,8,0010000010010001000111111100101000100000011001010001111110011110
40243,12426,36.376714,0BA,5,0010100100000000000000000000011100101011
5228,37284,36.378976,25,8,0000000010001111000000000000000110101111111111000000000001101000
30054,37285,36.379454,24,8,0000001001011011000000011111100001000010001010111000000001101111
25435,37286,36.379691,0AA,8,0010000010010000000111111100101100100000011001010001111110011110
20410,37287,36.380638,0B4,8,0000000000000000000000000000000001100000000001011001101010111011
40244,24849,36.384203,0BA,5,0100111100000000000000000000000000101110
17800,37291,36.384637,226,8,0000000000000000000100000000000000000000000000000000000000000000
33512,37292,36.384877,1C4,8,0000100001011101000111000000000000000000000000000000000001001110
9719,37294,36.385285,260,8,0000000000000000000000000000000000000000000000011000111011111001
1050,37296,36.385662,320,8,0000000000100000000000000000000000000000000000000000000001001011
28081,37297,36.388297,6C0,8,1110010000000000000000001110000010000000000000000000000000000000
12501,37299,36.388799,2C1,8,0000100011111111101101001111111110110111110000000000000011111100
5229,37300,36.389037,25,8,0000000010001111000000000000000110011111111101110000000001010011
25436,37301,36.389649,0AA,8,0010000010001111000111111100101100100000011001000001111110100001
15491,37303,36.390794,1C6,8,0000000000000000100000000000000101011101000101100100000000000000
40245,24851,36.391693,0BA,5,1110000000100010101010000000000000011111
5230,37308,36.398991,25,8,0000000010001110000000000000000101111111111101110000000000110010
40246,37274,36.399182,0BA,5,1100011000000000000000000000000010111110
31666,37309,36.399342,389,8,0000000000100000000000000000000000000000000000000000000000000000
30055,37310,36.399576,24,8,0000001001011100000000011111101001000010001010111000000001110010
25437,37311,36.399807,0AA,8,0010000010001111000111111100101100100000011000010001111110011101
20411,37312,36.400616,0B4,8,0000000000000000000000000000000001100000000001011001101010111011
33513,37314,36.404632,1C4,8,0000100001011101000111000000000000000000000000000000000001001110
9720,37316,36.405043,260,8,0000000000000000000000000000000000000000000000010111011111100010
40247,12440,36.406672,0BA,5,0010100100000000000000000000010000101000
5231,37319,36.408952,25,8,0000000010001110000000000000000101101111111101110000000000100010
25438,37320,36.409631,0AA,8,0010000010001111000111111100100000100000011000100001111110011100
17801,37323,36.412614,226,8,0000000000000000000100000000000000000000000000000000000000000000
40248,24868,36.414161,0BA,5,0100111100000000000000000000000000101110
12502,37324,36.418608,2C1,8,0000100011111111101000001111111110100111110000000000000011011000
5232,37326,36.419216,25,8,0000000010001110000000000000000101001111111101110000000000000010
30056,37327,36.41945,24,8,0000001001011011000000011111101001000010001010111000000001110001
25439,37328,36.419684,0AA,8,0010000010001010000111111100010100100000011000000001111110011001
11261,37329,36.420064,4C8,8,0000100100000000000000000000000000000000000000000000000000000000
20412,37330,36.420596,0B4,8,0000000000000000000000000000000001100100000001011001010110111010
15492,37331,36.420832,1C6,8,0000000000000000100000000000000101011101000101010100000000000000
40249,24872,36.421651,0BA,5,1110000000100010101010000000000000011111
33514,37336,36.424609,1C4,8,0000100001011010000111000000000000000000000000000000000001001011
9721,37338,36.42502,260,8,0000000000000000000000000000000000000000000000010111011111100010
5233,37340,36.428936,25,8,0000000010001110000000000000000100111111111100110000000011101110
40250,37302,36.429141,0BA,5,1100011000000000000000000000000010111110
13673,37341,36.429166,4B7,8,1110001111011111001000101111000000000000111010100000000100001000
25440,37342,36.429614,0AA,8,0010000010000110000111111100000100100000011001010001111110011100
1051,37344,36.430594,320,8,0000000000100000000000000000000000000000000000000000000001001011
31491,37345,36.433233,44D,8,0100001000000010000000000000000000000001000000000000000000000000
40251,12447,36.43663,0BA,5,0010100100000000000000000000011100101011
5234,37347,36.438924,25,8,0000000010001110000000000000000100011111111100110000000011001110
30057,37348,36.439425,24,8,0000001001011011000000011111011001000010001010011000000001101011
25441,37349,36.439664,0AA,8,0010000010000001000111111011110100100000011000000001111110011001
20413,37351,36.440583,0B4,8,0000000000000000000000000000000001100100000001011000111110110100
40252,24886,36.44412,0BA,5,0100111100000000000000000000000000101110
17802,37355,36.444584,226,8,0000000000000000000100000000000000000000000000000000000000000000
33515,37356,36.444829,1C4,8,0000100001011100000111000000000000000000000000000000000001001101
9722,37358,36.445235,260,8,0000000000000000000000000000000000000000000000010110110011010111
12503,37361,36.448742,2C1,8,0000100011111111100101001111111110100000110000000000000011000101
5235,37362,36.448982,25,8,0000000010001110000000000000000111111111111100110000000010101110
25442,37364,36.449596,0AA,8,0010000001111010000111111011110100100000010110010001111110010111
15493,37366,36.450748,1C6,8,0000000000000000100000000000000101011110000101100100000000000000
40253,24891,36.451609,0BA,5,1110000000100010101010000000000000011111
5236,37369,36.458904,25,8,0000000010001110000000000000000111011111111100000000000010001011
40254,37333,36.459099,0BA,5,1100011000000000000000000000000010111110
297,37370,36.459281,38F,8,0000000100000000000000000000000000000000000000000000000000000000
30058,37371,36.459513,24,8,0000001001011011000000011110111101000010001010001000000001100011
25443,37372,36.459749,0AA,8,0010000001111011000111111011110000100000010110110001111110010110
20414,37373,36.460564,0B4,8,0000000000000000000000000000000001101000000001011000111110111000
33516,37376,36.464584,1C4,8,0000100001100001000111000000000000000000000000000000000001010010
9723,37378,36.46499,260,8,0000000000000000000000000000000000000000000000010110110011010111
40255,12456,36.466588,0BA,5,0010100100000000000000000000010000101000
5237,37380,36.468899,25,8,0000000010001110000000000000000110111111111100000000000001101011
25444,37381,36.469578,0AA,8,0010000001111001000111111011111000100000010110100001111110010010
17803,37384,36.472563,226,8,0000000000000000000100000000000000000000000000000000000000000000
40256,24908,36.474078,0BA,5,0100111100000000000000000000000000101110
12504,37386,36.47855,2C1,8,0000100011111111011110101111111110001010110000000000000010010101
5238,37388,36.479153,25,8,0000000010001110000000000000000110011111111010110000000001000110
30059,37389,36.479385,24,8,0000001001011011000000011110111101000010001010001000000001100011
25445,37390,36.47962,0AA,8,0010000001110011000111111011110000100000010101100001111110010010
20415,37391,36.480546,0B4,8,0000000000000000000000000000000001101000000001011000101010110011
15494,37392,36.480783,1C6,8,0000000000000000100000000000000101100001000101100100000000000000
40257,24912,36.481567,0BA,5,1110000000100010101010000000000000011111
1052,37395,36.483548,320,8,0000000000100000000000000000000000000000000000000000000001001011
33517,37396,36.484566,1C4,8,0000100001110001000111000000000000000000000000000000000001100010
9724,37398,36.484976,260,8,0000000000000000000000000000000000000000000000010111011111100010
5239,37400,36.48888,25,8,0000000010001101000000000000000101101111111010110000000000010101
40258,37365,36.489057,0BA,5,1100011000000000000000000000000010111110
34730,37401,36.489262,380,8,0
25446,37403,36.489687,0AA,8,0010000001110100000111111011001000100000010101000001111110010101
40259,12465,36.496546,0BA,5,0010100100000000000000000000011100101011
5240,37408,36.498869,25,8,0000000010001101000000000000000100111111111010010000000011100011
30060,37409,36.499355,24,8,0000001001011010000000011111000101000010001001001000000001100000
25447,37410,36.49959,0AA,8,0010000001110011000111111011001000100000010100110001111110010000
20416,37411,36.500529,0B4,8,0000000000000000000000000000000001101000000001011000010010101101
40260,24933,36.504036,0BA,5,0100111100000000000000000000000000101110
17804,37415,36.504531,226,8,0000000000000000000100000000000000000000000000000000000000000000
33518,37416,36.504771,1C4,8,0000100010000101000111000000000000000000000000000000000001110110
9725,37418,36.50518,260,8,0000000000000000000000000000000000000000000000010110000111001100
12505,37421,36.508691,2C1,8,0000100011111111010110101111111101100100110000000000000001001111
5241,37422,36.50893,25,8,0000000010001101000000000000000100011111111010010000000011000011
25448,37423,36.509539,0AA,8,0010000001110011000111111011010100100000010011100001111110001101
15495,37425,36.510691,1C6,8,0000000000000000100000000000000101100100000101100100000000000000
40261,24936,36.511526,0BA,5,1110000000100010101010000000000000011111
5242,37429,36.518881,25,8,0000000010001101000000000000000111101111111001110000000010010001
40262,37394,36.519015,0BA,5,1100011000000000000000000000000010111110
30061,37430,36.519332,24,8,0000001001011001000000011110110001000010001000101000000001011000
25449,37431,36.51957,0AA,8,0010000001101100000111111011011000100000010011100001111110001101
20417,37432,36.520513,0B4,8,0000000000000000000000000000000001101100000001010111111010101011
33519,37435,36.524529,1C4,8,0000100010010111000111000000000000000000000000000000000010001000
9726,37437,36.524943,260,8,0000000000000000000000000000000000000000000000010111011111100010
13437,37438,36.525096,394,3,0
40263,12478,36.526505,0BA,5,0010100100000000000000000000010000101000
5243,37441,36.529869,25,8,0000000010001101000000000000000110101111111001110000000001010001
25450,37442,36.530496,0AA,8,0010000001101000000111111011001100100000010010000001111110001010
14138,37443,36.531473,442,8,0100001100000010000000000000000000000010000000000000000000000000
17805,37446,36.533506,226,8,0000000000000000000100000000000000000000000000000000000000000000
40264,24950,36.533994,0BA,5,0100111100000000000000000000000000101110
1053,37447,36.534502,320,8,0000000000100000000000000000000000000000000000000000000001001011
12506,37450,36.538772,2C1,8,0000100011111111001110101111111101001010110000000000000000010101
5244,37451,36.539012,25,8,0000000010001100000000000000000101111111111000110000000000011100
30062,37452,36.539336,24,8,0000001001011000000000011110101001000010001000011000000001010100
25451,37453,36.539572,0AA,8,0010000001100110000111111011001000100000010001000001111110000001
20418,37454,36.540493,0B4,8,0000000000000000000000000000000001101100000001010111111010101011
15496,37455,36.540727,1C6,8,0000000000000000100000000000000101100111000101100100000000000000
40265,24955,36.541484,0BA,5,1110000000100010101010000000000000011111
33520,37459,36.54451,1C4,8,0000100010010111000111000000000000000000000000000000000010001000
9727,37461,36.54492,260,8,0000000000000000000000000000000000000000000000010110110011010111
5245,37463,36.548827,25,8,0000000010001100000000000000000100111111110111110000000011011000
40266,37424,36.548973,0BA,5,1100011000000000000000000000000010111110
25452,37464,36.549511,0AA,8,0010000001100110000111111010110100100000001111110001111110000000
35347,628,36.551411,386,7,01001110000000000000000000000000000000000000000010110001
40267,12483,36.556463,0BA,5,0010100100000000000000000000011100101011
5246,37468,36.558846,25,8,0000000010001100000000000000000111111111110111110000000010011000
30063,37469,36.559308,24,8,0000001001011000000000011110110001000010001000101000000001010111
25453,37470,36.559545,0AA,8,0010000001101000000111111010101100100000010001110001111110000000
20419,37471,36.560472,0B4,8,0000000000000000000000000000000001110000000001010111100110101010
40268,24974,36.563952,0BA,5,0100111100000000000000000000000000101110
43567,2454,36.564166,423,2,11100000000
17806,37475,36.564478,226,8,0000000000000000000100000000000000000000000000000000000000000000
33521,37476,36.564715,1C4,8,0000100010100101000111000000000000000000000000000000000010010110
9728,37478,36.565122,260,8,0000000000000000000000000000000000000000000000010110110011010111
12507,37480,36.568636,2C1,8,0000100011111111001001111111111100111010110000000000000011110010
5247,37481,36.568877,25,8,0000000010001100000000000000000111001111110110100000000001100011
25454,37482,36.569489,0AA,8,0010000001100111000111111010101100100000010000100001111101111011
15497,37484,36.570638,1C6,8,0000000000000000100000000000000101101000000101100100000000000000
40269,24977,36.571442,0BA,5,1110000000100010101010000000000000011111
182,37486,36.571473,3B7,8,1000
16491,37488,36.574469,3F9,8,0111010100011000000000100000001010000000000000000000000000010101
5248,37491,36.5788,25,8,0000000010001011000000000000000101111111110111010000000000010101
40270,37457,36.578931,0BA,5,1100011000000000000000000000000010111110
30064,37492,36.579286,24,8,0000001001010111000000011110111101000010001001001000000001011011
25455,37493,36.579521,0AA,8,0010000001100010000111111010100000100000001110100001111101110111
20420,37494,36.580456,0B4,8,0000000000000000000000000000000001110000000001010111001110100100
11085,37496,36.582417,620,8,0001000000000000000000000000000000000000000000000000000000000000
1054,37497,36.582664,320,8,0000000000100000000000000000000000000000000000000000000001001011
14252,37498,36.583455,60.0,8,1010000100000000000000000000000000000000011100000000000000000000
33522,37499,36.584478,1C4,8,0000100010101110000111000000000000000000000000000000000010011111
9729,37501,36.584885,260,8,0000000000000000000000000000000000000000000000010110000111001100
40271,12500,36.586421,0BA,5,0010100100000000000000000000010000101000
5249,37504,36.589819,25,8,0000000010001011000000000000000100111111110110100000000011010010
25456,37505,36.590443,0AA,8,0010000001011101000111111010100000100000001110100001111101111010
17807,37509,36.593452,226,8,0000000000000000000100000000000000000000000000000000000000000000
40272,24994,36.593911,0BA,5,0100111100000000000000000000000000101110
12508,37511,36.598456,2C1,8,0000100011111111000100001111111100010111110000000000000010111000
5250,37513,36.599046,25,8,0000000010001011000000000000000111111111110101000000000010001100
30065,37514,36.599282,24,8,0000001001010111000000011111000101000010001001001000000001011101
25457,37515,36.599515,0AA,8,0010000001011101000111111010100000100000001110100001111101111001
20421,37516,36.600437,0B4,8,0000000000000000000000000000000001110000000001010110110110011110
15498,37517,36.600675,1C6,8,0000000000000000100000000000000101101000000101010100000000000000
40273,24997,36.6014,0BA,5,1110000000100010101010000000000000011111
43761,36463,36.602933,3BB,5,0111000000000000000000001010010100000000
7749,37521,36.604166,435,8,1000000000000101000001011111111111100000001111110000000000000011
33523,37522,36.604463,1C4,8,0000100010101101000111000000000000000000000000000000000010011110
9730,37524,36.604876,260,8,0000000000000000000000000000000000000000000000010101011011000001
5251,37526,36.608772,25,8,0000000010001011000000000000000110111111110110100000000001010010
40274,37483,36.60889,0BA,5,1100011000000000000000000000000010111110
25458,37527,36.609449,0AA,8,0010000001011101000111111010010000100000001110010001111101110010
10939,37529,36.611157,436,8,0
35197,4631,36.611545,3D3,3,011011000000001000000000
40275,12507,36.616379,0BA,5,0010100100000000000000000000011100101011
5252,37531,36.618762,25,8,0000000010001010000000000000000101101111110100110000000011111010
30066,37532,36.619276,24,8,0000001001010110000000011111000101000010001001001000000001011100
25459,37533,36.619509,0AA,8,0010000001011001000111111010001100100000001110100001111101110000
20422,37535,36.620458,0B4,8,0000000000000000000000000000000001110100000001010110110110100010
40276,25009,36.623869,0BA,5,0100111100000000000000000000000000101110
17808,37539,36.624424,226,8,0000000000000000000100000000000000000000000000000000000000000000
33524,37540,36.62466,1C4,8,0000100010100111000111000000000000000000000000000000000010011000
9731,37542,36.625075,260,8,0000000000000000000000000000000000000000000000010110000111001100
12509,37544,36.628582,2C1,8,0000100011111111000001001111111100001101110000000000000010100010
5253,37545,36.628825,25,8,0000000010001010000000000000000100101111110110100000000011000001
21713,37546,36.629136,443,8,0100110100000010000000000010111100000110000000000000000000000000
25460,37547,36.629434,0AA,8,0010000001010111000111111010000100100000001100110001111101110000
15499,37549,36.630581,1C6,8,0000000000000000100000000000000101101000000101010100000000000000
40277,25013,36.631358,0BA,5,1110000000100010101010000000000000011111
1055,37550,36.631417,320,8,0000000000100000000000000000000000000000000000000000000001001011
5254,37553,36.638772,25,8,0000000010001010000000000000000111101111110110100000000010000001
40278,37519,36.638848,0BA,5,1100011000000000000000000000000010111110
13805,37554,36.639134,434,8,0100001000000000000000000000000000000000000000000000000000000000
30067,37555,36.639369,24,8,0000001001010101000000011111010001000010001001101000000001100000
25461,37556,36.639606,0AA,8,0010000001010110000111111001111100100000001100010001111101110100
20423,37557,36.640404,0B4,8,0000000000000000000000000000000001110100000001010110110110100010
9732,37561,36.644349,260,8,0000000000000000000000000000000000000000000000010100101110110110
33525,37562,36.644589,1C4,8,0000100010100101000111000000000000000000000000000000000010010110
34885,37564,36.644981,3C3,8,0100011000011110100101000100111011101110010110010000001110001000
28196,37565,36.646126,437,8,1111110011111111111111111111111111111111111111111111111111111111
40279,12517,36.646337,0BA,5,0010100100000000000000000000010000101000
5255,37567,36.648742,25,8,0000000010001010000000000000000110101111110110100000000001000001
25462,37568,36.649414,0AA,8,0010000001010110000111111001111000100000001100100001111101101111
17809,37571,36.652401,226,8,0000000000000000000100000000000000000000000000000000000000000000
40280,25034,36.653827,0BA,5,0100111100000000000000000000000000101110
12510,37576,36.658562,2C1,8,0000100011111110111001001111111011110111110000000000000001101010
5256,37577,36.658799,25,8,0000000010001001000000000000000101011111110101110000000011101101
30068,37578,36.659236,24,8,0000001001010101000000011111100001000010001010001000000001100110
25463,37579,36.659474,0AA,8,0010000001010100000111111001111000100000001011000001111101101111
20424,37580,36.660387,0B4,8,0000000000000000000000000000000001111000000001010110100010100001
15500,37581,36.660625,1C6,8,0000000000000000100000000000000101101000000101010100000000000000
40281,25036,36.661316,0BA,5,1110000000100010101010000000000000011111
9733,37584,36.664313,260,8,0000000000000000000000000000000000000000000000010100101110110110
33526,37585,36.664548,1C4,8,0000100010010101000111000000000000000000000000000000000010000110
5257,37588,36.668719,25,8,0000000010001001000000000000000100011111110101110000000010101101
40282,37548,36.668806,0BA,5,1100011000000000000000000000000010111110
25464,37590,36.66956,0AA,8,0010000001010010000111111001110100100000001011010001111101101111
40283,12527,36.676296,0BA,5,0010100100000000000000000000011100101011
5258,37594,36.678709,25,8,0000000010001001000000000000000111011111110110100000000001110000
30069,37595,36.679207,24,8,0000001001010101000000011111100001000010001001101000000001100100
25465,37596,36.679439,0AA,8,0010000001001111000111111001110000100000001011100001111101101101
20425,37597,36.680365,0B4,8,0000000000000000000000000000000001111000000001010110100010100001
40284,25054,36.683785,0BA,5,0100111100000000000000000000000000101110
9734,37601,36.68426,260,8,0000000000000000000000000000000000000000000000010100000010101011
17810,37602,36.684508,226,8,0000000000000000000100000000000000000000000000000000000000000000
33527,37603,36.684747,1C4,8,0000100010010101000111000000000000000000000000000000000010000110
1056,37605,36.685368,320,8,0000000000100000000000000000000000000000000000000000000001001011
28082,37607,36.68755,6C0,8,1110010000000000000000001110000010000000000000000000000000000000
12511,37609,36.688531,2C1,8,0000100011111110110100001111111011110000110000000000000001001111
5259,37610,36.688773,25,8,0000000010001001000000000000000110011111110110100000000000110000
25466,37611,36.689386,0AA,8,0010000001001100000111111001101000100000001010000001111101101110
15501,37613,36.690528,1C6,8,0000000000000000100000000000000101101000000101010100000000000000
40285,25060,36.691275,0BA,5,1110000000100010101010000000000000011111
5260,37616,36.698723,25,8,0000000010001000000000000000000101001111110110100000000011011111
40286,37583,36.698764,0BA,5,1100011000000000000000000000000010111110
30070,37617,36.69919,24,8,0000001001010101000000011111011001000010001001001000000001100000
25467,37618,36.699428,0AA,8,0010000001001101000111111001100100100000001001000001111101101101
20426,37619,36.700348,0B4,8,0000000000000000000000000000000001111000000001010110001010011011
9735,37622,36.704317,260,8,0000000000000000000000000000000000000000000000010011010010011111
33528,37623,36.704559,1C4,8,0000100001111010000111000000000000000000000000000000000001101011
40287,12539,36.706254,0BA,5,0010100100000000000000000000010000101000
5261,37627,36.708686,25,8,0000000010001000000000000000000100011111110110100000000010101111
25468,37628,36.709365,0AA,8,0010000001001101000111111001100100100000001010010001111101101010
17811,37631,36.712347,226,8,0000000000000000000100000000000000000000000000000000000000000000
40288,25072,36.713743,0BA,5,0100111100000000000000000000000000101110
13613,37632,36.714159,4DD,8,0001111000000000000000000000000000000000000000000000000000000000
12512,37633,36.718354,2C1,8,0000100011111110110101001111111011100111110000000000000001001010
5262,37636,36.718952,25,8,0000000010001000000000000000000111011111110110100000000001101111
30071,37637,36.719188,24,8,0000001001010101000000011111100001000010001000101000000001100000
25469,37638,36.719422,0AA,8,0010000001001010000111111001100100100000001001110001111101101010
20427,37639,36.720331,0B4,8,0000000000000000000000000000000001111100000001010101110110011010
15502,37640,36.72057,1C6,8,0000000000000000100000000000000101101000000101010100000000000000
40289,25076,36.721233,0BA,5,1110000000100010101010000000000000011111
9736,37644,36.724216,260,8,0000000000000000000000000000000000000000000000010010100010010011
33529,37645,36.724459,1C4,8,0000100001100111000111000000000000000000000000000000000001011000
40290,37612,36.728722,0BA,5,1100011000000000000000000000000010111110
5263,37649,36.729693,25,8,0000000010001000000000000000000110011111110111010000000000110010
25470,37650,36.730325,0AA,8,0010000001000101000111111001100000100000001000000001111101101110
1057,37651,36.731333,320,8,0000000000100000000000000000000000000000000000000000000001001011
31492,37652,36.732393,44D,8,0100001000000010000000000000000000000001000000000000000000000000
40291,12548,36.736212,0BA,5,0010100100000000000000000000011100101011
5264,37655,36.738659,25,8,0000000010000111000000000000000101001111110101000000000011011000
30072,37656,36.739154,24,8,0000001001010101000000011111101001000010001000011000000001100001
25471,37657,36.739394,0AA,8,0010000001000100000111111001010000100000001001110001111101101111
20428,37658,36.740313,0B4,8,0000000000000000000000000000000001111100000001010101110110011010
40292,25096,36.743701,0BA,5,0100111100000000000000000000000000101110
9737,37662,36.744222,260,8,0000000000000000000000000000000000000000000000010010100010010011
33530,37663,36.744461,1C4,8,0000100001010101000111000000000000000000000000000000000001000110
17812,37664,36.744709,226,8,0000000000000000000100000000000000000000000000000000000000000000
12513,37668,36.748479,2C1,8,0000100011111110110001001111111011011010110000000000000000101101
5265,37669,36.748717,25,8,0000000010000111000000000000000100001111110110100000000010011110
13994,37670,36.749053,38E,8,0
25472,37671,36.749328,0AA,8,0010000001000111000111111001000100100000001000010001111101101000
15503,37673,36.750474,1C6,8,0000000000000000100000000000000101100110000101010100000000000000
40293,25099,36.751191,0BA,5,1110000000100010101010000000000000011111
40294,37642,36.758681,0BA,5,1100011000000000000000000000000010111110
5266,37676,36.758695,25,8,0000000010000111000000000000000111001111110110100000000001011110
30073,37677,36.759138,24,8,0000001001010100000000011111100001000010000111111000000001011100
25473,37678,36.759378,0AA,8,0010000001000101000111111001000000100000000111110001111101101001
20429,37679,36.760298,0B4,8,0000000000000000000000000000000010000000000001010101011110011000
13867,37681,36.761469,4C6,8,0000011100000000000000110000000000000000000000000000000000000000
9738,37682,36.764366,260,8,0000000000000000000000000000000000000000000000010010100010010011
33531,37683,36.764428,1C4,8,0000100001000101000111000000000000000000000000000000000000110110
40295,12562,36.76617,0BA,5,0010100100000000000000000000010000101000
5267,37687,36.768631,25,8,0000000010000111000000000000000110011111110110100000000000101110
25474,37688,36.769313,0AA,8,0010000001000000000111111000111000100000001000000001111101101011
17813,37692,36.772295,226,8,0000000000000000000100000000000000000000000000000000000000000000
40296,25115,36.77366,0BA,5,0100111100000000000000000000000000101110
12514,37694,36.778455,2C1,8,0000100011111110101101001111111011000000110000000000000000000011
5268,37695,36.778692,25,8,0000000010000110000000000000000101001111110110100000000011011101
30074,37696,36.779141,24,8,0000001001010011000000011111011001000010000111111000000001011001
25475,37697,36.779381,0AA,8,0010000000111110000111111000110100100000000111110001111101100101
20430,37698,36.780282,0B4,8,0000000000000000000000000000000010000000000001010101011110011000
15504,37699,36.780521,1C6,8,0000000000000000100000000000000101100011000101100100000000000000
40297,25119,36.781149,0BA,5,1110000000100010101010000000000000011111
1058,37702,36.783281,320,8,0000000000100000000000000000000000000000000000000000000001001011
9739,37704,36.784157,260,8,0000000000000000000000000000000000000000000000010001110010000111
33532,37705,36.784401,1C4,8,0000100000111000000111000000000000000000000000000000000000101001
5269,37709,36.788614,25,8,0000000010000110000000000000000100001111110110100000000010011101
40298,37672,36.788639,0BA,5,1100011000000000000000000000000010111110
25476,37711,36.789292,0AA,8,0010000000111011000111111000100100100000000110000001111101100001
40299,12568,36.796128,0BA,5,0010100100000000000000000000011100101011
5270,37714,36.798603,25,8,0000000010000110000000000000000111001111110111010000000001100000
30075,37715,36.799106,24,8,0000001001010011000000011111010001000010001000011000000001011001
25477,37716,36.79934,0AA,8,0010000000111010000111111000011100100000000110000001111101100001
20431,37717,36.800266,0B4,8,0000000000000000000000000000000010000000000001010101000110010010
40300,25133,36.803618,0BA,5,0100111100000000000000000000000000101110
9740,37722,36.804098,260,8,0000000000000000000000000000000000000000000000010001110010000111
33533,37723,36.804341,1C4,8,0000100000111000000111000000000000000000000000000000000000101001
17814,37724,36.804591,226,8,0000000000000000000100000000000000000000000000000000000000000000
12515,37727,36.808432,2C1,8,0000100011111110101001111111111010110111110000000000000011101101
5271,37728,36.808674,25,8,0000000010000110000000000000000110011111110110100000000000101101
13739,37729,36.809001,3A5,8,100000000
25478,37730,36.80928,0AA,8,0010000000111010000111111000001100100000000110010001111101100011
15505,37732,36.810429,1C6,8,0000000000000000100000000000000101100000000101100100000000000000
40301,25137,36.811107,0BA,5,1110000000100010101010000000000000011111
7847,37733,36.813093,610,8,0010000000000000000011100110010011000000000000001101101101000000
40302,37701,36.818597,0BA,5,1100011000000000000000000000000010111110
5272,37736,36.818641,25,8,0000000010000101000000000000000101001111110110100000000011011100
30076,37737,36.819117,24,8,0000001001010010000000011111011001000010001000011000000001011010
25479,37738,36.819356,0AA,8,0010000000111000000111111000001100100000000101000001111101100000
20432,37739,36.820242,0B4,8,0000000000000000000000000000000010000100000001010100110010010001
16492,37741,36.823974,3F9,8,0111010100011000000000100000001010000000000000000000000000010101
9741,37742,36.824222,260,8,0000000000000000000000000000000000000000000000010000010001101111
33534,37743,36.824466,1C4,8,0000100000101000000111000000000000000000000000000000000000011001
13438,37745,36.824787,394,3,0
31347,37746,36.825082,640,8,1010100000000000000000000011011100000001111000000000000000000000
40303,12578,36.826086,0BA,5,0010100100000000000000000000010000101000
5273,37748,36.82858,25,8,0000000010000101000000000000000100011111110110100000000010101100
25480,37749,36.829263,0AA,8,0010000000110010000111111000001100100000000100000001111101011101
14139,37751,36.831069,442,8,0100001100000010000000000000000000000010000000000000000000000000
17815,37753,36.832243,226,8,0000000000000000000100000000000000000000000000000000000000000000
1059,37755,36.833269,320,8,0000000000100000000000000000000000000000000000000000000001001011
40304,25155,36.833576,0BA,5,0100111100000000000000000000000000101110
12516,37758,36.838422,2C1,8,0000100011111110100111011111111010101010110000000000000011010110
5274,37759,36.838661,25,8,0000000010000101000000000000000111001111110011100000000001010000
35033,37760,36.838975,413,8,0000000100000001000000010000100100000000000000000000000000000000
30077,37761,36.839207,24,8,0000001001010001000000011111010001000010001000011000000001010111
25481,37762,36.839446,0AA,8,0010000000101110000111111000000100100000000100010001111101011111
20433,37763,36.840226,0B4,8,0000000000000000000000000000000010000100000001010100110010010001
15506,37764,36.840464,1C6,8,0000000000000000100000000000000101011101000101100100000000000000
40305,25158,36.841065,0BA,5,1110000000100010101010000000000000011111
9742,37768,36.843843,260,8,0000000000000000000000000000000000000000000000010001110010000111
33535,37769,36.844275,1C4,8,0000100000100001000111000000000000000000000000000000000000010010
40306,37731,36.848555,0BA,5,1100011000000000000000000000000010111110
5275,37772,36.84859,25,8,0000000010000100000000000000000101111111110110100000000000001011
25482,37774,36.849243,0AA,8,0010000000110001000111110111111000100000000010110001111101011100
40307,12587,36.856045,0BA,5,0010100100000000000000000000011100101011
5276,37778,36.858578,25,8,0000000010000100000000000000000101001111110110100000000011011011
30078,37779,36.859061,24,8,0000001001010000000000011111000101000010001000011000000001010011
25483,37780,36.859296,0AA,8,0010000000101010000111110111111000100000000010110001111101011001
20434,37781,36.860208,0B4,8,0000000000000000000000000000000010000100000001010100011010001011
40308,25175,36.863534,0BA,5,0100111100000000000000000000000000101110
9743,37785,36.8638,260,8,0000000000000000000000000000000000000000000000010001110010000111
17816,37786,36.864226,226,8,0000000000000000000100000000000000000000000000000000000000000000
33536,37787,36.864467,1C4,8,0000100000011100000111000000000000000000000000000000000000001101
12517,37791,36.86837,2C1,8,0000100011111110100101001111111010110100110000000000000011010111
5277,37792,36.868607,25,8,0000000010000100000000000000000100001111110110100000000010011011
25484,37793,36.86923,0AA,8,0010000000100101000111111000000100100000000001100001111101010111
15507,37795,36.870373,1C6,8,0000000000000000100000000000000101011010000101100100000000000000
40309,25179,36.871024,0BA,5,1110000000100010101010000000000000011111
35198,37573,36.871201,3D3,3,111001010000000011000111
183,37796,36.871214,3B7,8,1000
40310,37766,36.878513,0BA,5,1100011000000000000000000000000010111110
5278,37798,36.878559,25,8,0000000010000100000000000000000111001111110111010000000001011110
30079,37799,36.879042,24,8,0000001001010000000000011110111101000010001000011000000001010001
25485,37800,36.879279,0AA,8,0010000000100100000111110111100100100000000000100001111101011000
20435,37801,36.880195,0B4,8,0000000000000000000000000000000010001000000001010100000010001001
11086,37803,36.882014,620,8,0001000000000000000000000000000000000000000000000000000000000000
1060,37805,36.882441,320,8,0000000000100000000000000000000000000000000000000000000001001011
9744,37806,36.883793,260,8,0000000000000000000000000000000000000000000000010001110010000111
33537,37807,36.884239,1C4,8,0000100000011000000111000000000000000000000000000000000000001001
40311,12600,36.886003,0BA,5,0010100100000000000000000000010000101000
5279,37810,36.889585,25,8,0000000010000011000000000000000101111111110110100000000000001010
25486,37811,36.89018,0AA,8,0010000000100000000111110111010100100000000000100001111101010111
17817,37814,36.893192,226,8,0000000000000000000100000000000000000000000000000000000000000000
40312,25193,36.893492,0BA,5,0100111100000000000000000000000000101110
12518,37817,36.898377,2C1,8,0000100011111110100001111111111010100111110000000000000010111101
5280,37818,36.898616,25,8,0000000010000011000000000000000101001111110110100000000011011010
30080,37820,36.899039,24,8,0000001001001111000000011111000101000010001000011000000001010010
25487,37821,36.899275,0AA,8,0010000000011100000111110111010000100000000000010001111101010000
43568,9459,36.899617,423,2,10101000001110
20436,37822,36.900175,0B4,8,0000000000000000000000000000000010001000000001010100000010001001
15508,37823,36.900413,1C6,8,0000000000000000100000000000000101010111000101100100000000000000
43762,1265,36.900518,3BB,5,1011101100000000000000000000000000100110
40313,25197,36.900982,0BA,5,1110000000100010101010000000000000011111
9745,37827,36.903805,260,8,0000000000000000000000000000000000000000000000010011010010011111
33538,37828,36.904222,1C4,8,0000100000011000000111000000000000000000000000000000000000001001
40314,37794,36.908471,0BA,5,1100011000000000000000000000000010111110
5281,37831,36.908544,25,8,0000000010000011000000000000000100001111110111010000000010011101
25488,37833,36.909191,0AA,8,0010000000011010000111110111001000011111111111100001111101001111
40315,12605,36.915961,0BA,5,0010100100000000000000000000011100101011
5282,37837,36.918558,25,8,0000000010000011000000000000000111011111110110100000000001101010
30081,37838,36.919005,24,8,0000001001001110000000011110111101000010000111011000000001001011
25489,37839,36.919242,0AA,8,0010000000011010000111110111010000011111111111010001111101010000
34789,37840,36.92006,4DF,8,0010000000000000000000000000000100000000000000000000000000000000
20437,37841,36.920305,0B4,8,0000000000000000000000000000000010001100000001010011010110000010
40316,25216,36.92345,0BA,5,0100111100000000000000000000000000101110
9746,37845,36.923664,260,8,0000000000000000000000000000000000000000000000010100000010101011
17818,37847,36.924161,226,8,0000000000000000000100000000000000000000000000000000000000000000
33539,37848,36.924409,1C4,8,0000100000011010000111000000000000000000000000000000000000001011
27835,37850,36.925155,420,8,0000000000000000000000000000000011111111000000001000000010101011
12519,37852,36.928476,2C1,8,0000100011111110011101111111111010100100110000000000000010101010
5283,37853,36.928722,25,8,0000000010000011000000000000000110101111110111110000000000111111
21714,37854,36.928961,443,8,0100110100000010000000000010111100000110000000000000000000000000
25490,37855,36.929199,0AA,8,0010000000011010000111110111010000011111111110010001111101001111
15509,37857,36.930321,1C6,8,0000000000000000100000000000000101010100000101100100000000000000
40317,25220,36.93094,0BA,5,1110000000100010101010000000000000011111
1061,37858,36.931154,320,8,0000000000100000000000000000000000000000000000000000000001001011
40318,37826,36.93843,0BA,5,1100011000000000000000000000000010111110
5284,37861,36.938517,25,8,0000000010000010000000000000000101011111111000010000000011110000
30082,37862,36.93899,24,8,0000001001001110000000011110111101000010000111011000000001001011
25491,37863,36.93923,0AA,8,0010000000010110000111110110111100011111111110000001111101001010
20438,37864,36.940146,0B4,8,0000000000000000000000000000000010001100000001010011010110000010
7629,37867,36.943601,3BC,8,0
9747,37868,36.943845,260,8,0000000000000000000000000000000000000000000000010100101110110110
33540,37869,36.944187,1C4,8,0000100000011111000111000000000000000000000000000000000000010000
40319,12621,36.945919,0BA,5,0010100100000000000000000000010000101000
5285,37873,36.949535,25,8,0000000010000010000000000000000100101111110111110000000010111110
25492,37874,36.950128,0AA,8,0010000000010011000111110110110000011111111101010001111101001111
43435,210,36.950949,3000000.0,6,110000010000101111110000000000010000000000000000
31606,37876,36.951834,633,8,1000000100000000000000000000000000000000000000000000000000000000
17819,37878,36.953137,226,8,0000000000000000000100000000000000000000000000000000000000000000
40320,25240,36.953409,0BA,5,0100111100000000000000000000000000101110
12520,37880,36.958324,2C1,8,0000100011111110011011011111111001110100110000000000000001110000
5286,37881,36.958567,25,8,0000000010000010000000000000000111111111110111110000000010001110
30083,37882,36.958992,24,8,0000001001001110000000011111000101000010000111011000000001001101
25493,37883,36.959226,0AA,8,0010000000010000000111110110111100011111111101100001111101001110
20439,37884,36.960126,0B4,8,0000000000000000000000000000000010001100000001010011000001111101
15510,37885,36.960361,1C6,8,0000000000000000100000000000000101010011000101100100000000000000
40321,25244,36.960898,0BA,5,1110000000100010101010000000000000011111
9748,37888,36.96363,260,8,0000000000000000000000000000000000000000000000010100101110110110
33541,37890,36.964252,1C4,8,0000100000011010000111000000000000000000000000000000000000001011
40322,37856,36.968388,0BA,5,1100011000000000000000000000000010111110
5287,37894,36.968489,25,8,0000000010000010000000000000000111001111110111110000000001011110
27896,37896,36.968908,4DC,8,0001110100000000000000000000000000000000000000000000000000000000
25494,37897,36.96914,0AA,8,0010000000001011000111110110101000011111111100010001111101000101
40323,12628,36.975877,0BA,5,0010100100000000000000000000011100101011
5288,37899,36.978479,25,8,0000000010000010000000000000000110011111111001100000000000110101
30084,37900,36.978959,24,8,0000001001001110000000011111000101000010000111011000000001001101
25495,37901,36.979191,0AA,8,0010000000001011000111110110011100011111111011110001111101000101
20440,37902,36.980104,0B4,8,0000000000000000000000000000000010010000000001010011000010000001
40324,25256,36.983367,0BA,5,0100111100000000000000000000000000101110
9749,37908,36.983641,260,8,0000000000000000000000000000000000000000000000010101011011000001
17820,37909,36.984106,226,8,0000000000000000000100000000000000000000000000000000000000000000
33542,37910,36.984348,1C4,8,0000100000011011000111000000000000000000000000000000000000001100
1062,37912,36.985102,320,8,0000000000100000000000000000000000000000000000000000000001001011
12521,37914,36.988268,2C1,8,0000100011111110011001001111111001101010110000000000000001011101
5289,37915,36.988507,25,8,0000000010000001000000000000000101101111111001100000000000000100
1560,37916,36.98886,6F3,8,0010000000000000000000000000000000000000000000000000000000000000
25496,37917,36.989122,0AA,8,0010000000001010000111110110010100011111111011100001111101000100
15511,37919,36.990266,1C6,8,0000000000000000100000000000000101010011000101100100000000000000
40325,25261,36.990856,0BA,5,1110000000100010101010000000000000011111
28083,37921,36.991714,6C0,8,1110010000000000000000001110000010000000000000000000000000000000
40326,37887,36.998346,0BA,5,1100011000000000000000000000000010111110
5290,37924,36.998491,25,8,0000000010000001000000000000000101001111111001110000000011100101
30085,37925,36.998943,24,8,0000001001001101000000011111000101000010000111011000000001001100
25497,37926,36.99918,0AA,8,0010000000001010000111110110010100011111111011110001111101000001
20441,37927,37.000088,0B4,8,0000000000000000000000000000000010010000000001010010101001111011
9750,37929,37.003545,260,8,0000000000000000000000000000000000000000000000010101011011000001
13553,37930,37.003793,399,8,0000000000000000000000000000000000000000111111110000000000000000
33543,37931,37.004138,1C4,8,0000100000011001000111000000000000000000000000000000000000001010
40327,12638,37.005835,0BA,5,0010100100000000000000000000010000101000
5291,37934,37.008455,25,8,0000000010000001000000000000000100101111111010010000000011000111
25498,37935,37.009102,0AA,8,0010000000000111000111110110001100011111111010010001111100111011
11201,37937,37.010259,39A,8,0000000000000000000000000000000100000000000000000000000000000000
17821,37939,37.012087,226,8,0000000000000000000100000000000000000000000000000000000000000000
40328,25279,37.013325,0BA,5,0100111100000000000000000000000000101110
12522,37942,37.018239,2C1,8,0000100011111110010110101111111001101101110000000000000001010110
5292,37943,37.018478,25,8,0000000010000001000000000000000100001111111010010000000010100111
30086,37945,37.019032,24,8,0000001001001100000000011111000101000010000111111000000001001101
25499,37946,37.019269,0AA,8,0010000000000100000111110110001100011111111001010001111100111011
20442,37947,37.020073,0B4,8,0000000000000000000000000000000010010100000001010010101001111111
15512,37948,37.020309,1C6,8,0000000000000000100000000000000101010011000101100100000000000000
40329,25284,37.020815,0BA,5,1110000000100010101010000000000000011111
9751,37951,37.023547,260,8,0000000000000000000000000000000000000000000000010110110011010111
37,37952,37.023946,3B1,8,0000000000000000000000100000101000000000000010000000000000000000
33544,37953,37.024189,1C4,8,0000100000011001000111000000000000000000000000000000000000001010
40330,37918,37.028304,0BA,5,1100011000000000000000000000000010111110
5293,37957,37.02856,25,8,0000000010000001000000000000000111101111111011010000000010001011
25500,37958,37.029089,0AA,8,0010000000000000000111110110001100011111111000010001111100110111
1063,37961,37.030067,320,8,0000000000100000000000000000000000000000000000000000000001001011
31493,37962,37.031642,44D,8,0100001000000010000000000000000000000001000000000000000000000000
40331,12650,37.035794,0BA,5,0010100100000000000000000000011100101011
5294,37964,37.038422,25,8,0000000010000001000000000000000111011111111011010000000001111011
30087,37965,37.038934,24,8,0000001001001100000000011111000101000010000111111000000001001101
25501,37966,37.039174,0AA,8,0001111111111111000111110110000000011111110111000001111100110001
20443,37967,37.040054,0B4,8,0000000000000000000000000000000010010100000001010010010001111001
40332,25303,37.043283,0BA,5,0100111100000000000000000000000000101110
9752,37971,37.043493,260,8,0000000000000000000000000000000000000000000000010111011111100010
17822,37972,37.044055,226,8,0000000000000000000100000000000000000000000000000000000000000000
33545,37973,37.0443,1C4,8,0000100000010010000111000000000000000000000000000000000000000011
12523,37980,37.04822,2C1,8,0000100011111110010011011111111001101010110000000000000001000110
5295,37981,37.048458,25,8,0000000010000001000000000000000110111111111011010000000001011011
25502,37982,37.049072,0AA,8,0001111111111011000111110101111000011111110111010001111100101111
15513,37985,37.050218,1C6,8,0000000000000000100000000000000101010100000101100100000000000000
40333,25306,37.050773,0BA,5,1110000000100010101010000000000000011111
40334,37950,37.058262,0BA,5,1100011000000000000000000000000010111110
5296,37987,37.058435,25,8,0000000010000001000000000000000110111111111100010000000001011111
30088,37988,37.058894,24,8,0000001001001100000000011111001101000010000111011000000001001101
25503,37989,37.059134,0AA,8,0001111111111000000111110101101000011111111000010001111100101111
20444,37990,37.060039,0B4,8,0000000000000000000000000000000010010100000001010001111101110100
9753,37993,37.063436,260,8,0000000000000000000000000000000000000000000000011000001111101110
33546,37994,37.064088,1C4,8,0000100000010111000111000000000000000000000000000000000000001000
40335,12662,37.065752,0BA,5,0010100100000000000000000000010000101000
5297,37997,37.068404,25,8,0000000010000001000000000000000110101111111101010000000001010011
25504,37998,37.069056,0AA,8,0001111111111000000111110101100000011111110110000001111100101011
17823,38001,37.072034,226,8,0000000000000000000100000000000000000000000000000000000000000000
40336,25319,37.073241,0BA,5,0100111100000000000000000000000000101110
16319,38002,37.07334,4C1,8,0000000100000000000000010000000100000000000000000000000000000000
16493,38003,37.074182,3F9,8,0111010100011000000000100000001010000000000000000000000000010101
12524,38005,37.078263,2C1,8,0000100011111110010001001111111001001101110000000000000000100000
5298,38006,37.078429,25,8,0000000010000001000000000000000110101111111101110000000001010101
30089,38009,37.079045,24,8,0000001001001011000000011111010001000010000110111000000001001011
25505,38010,37.079279,0AA,8,0001111111110110000111110101011100011111110100110001111100101010
20445,38011,37.080021,0B4,8,0000000000000000000000000000000010011000000001010001100101110010
15514,38012,37.080259,1C6,8,0000000000000000100000000000000101010111000101100100000000000000
40337,25323,37.080731,0BA,5,1110000000100010101010000000000000011111
31282,38015,37.082732,4A6,8,0000000000000000000000000000000000000000000011000000000000000000
1064,38016,37.083019,320,8,0000000000100000000000000000000000000000000000000000000001001011
9754,38017,37.083417,260,8,0000000000000000000000000000000000000000000000011000111011111001
33547,38018,37.084083,1C4,8,0000100000001111000111000000000000000000000000000000000000000000
40338,37984,37.08822,0BA,5,1100011000000000000000000000000010111110
5299,38022,37.089407,25,8,0000000010000001000000000000000110101111111110010000000001010111
25506,38023,37.090007,0AA,8,0001111111110100000111110101001100011111110100000001111100101010
40339,12665,37.09571,0BA,5,0010100100000000000000000000011100101011
5300,38028,37.098375,25,8,0000000010000001000000000000000110101111111110100000000001011000
30090,38029,37.098862,24,8,0000001001001100000000011111010001000010000110111000000001001100
25507,38030,37.099099,0AA,8,0001111111110001000111110101000000011111110011100001111100101100
20446,38031,37.100002,0B4,8,0000000000000000000000000000000010011000000001010001001101101100
9755,38035,37.103195,260,8,0000000000000000000000000000000000000000000000011101110001000111
40340,25342,37.1032,0BA,5,0100111100000000000000000000000000101110
17824,38036,37.104003,226,8,0000000000000000000100000000000000000000000000000000000000000000
33548,38037,37.104245,1C4,8,0000011111110111000111000000000000000000000000000000000011100111
12525,38040,37.108173,2C1,8,0000100011111110001111011111111001000000110000000000000000001100
5301,38041,37.108409,25,8,0000000010000001000000000000000110101111111110100000000001011000
13301,38042,37.10874,30000000.0,7,0
25508,38043,37.109017,0AA,8,0001111111101110000111110100111000011111110010110001111100100101
15515,38045,37.11016,1C6,8,0000000000000000100000000000000101011010000101100100000000000000
40341,25344,37.110689,0BA,5,1110000000100010101010000000000000011111
40342,38014,37.118179,0BA,5,1100011000000000000000000000000010111110
5302,38049,37.118415,25,8,0000000010000001000000000000000110101111111110110000000001011001
30091,38050,37.118846,24,8,0000001001001011000000011111011001000010000110111000000001001101
25509,38051,37.119077,0AA,8,0001111111100111000111110100110100011111110010100001111100100011
20447,38052,37.119983,0B4,8,0000000000000000000000000000000010011000000001010000111001100111
9756,38054,37.123132,260,8,0000000000000000000000000000000000000000000000100010101010010110
13439,38055,37.123288,394,3,0
33549,38056,37.124039,1C4,8,0000011111110111000111000000000000000000000000000000000011100111
40343,12684,37.125668,0BA,5,0010100100000000000000000000010000101000
5303,38060,37.128351,25,8,0000000010000001000000000000000110101111111111000000000001011010
25510,38061,37.128995,0AA,8,0001111111100101000111110100100100011111110001110001111100100011
14140,38063,37.130665,442,8,0100001100000010000000000000000000000010000000000000000000000000
35199,4694,37.130858,3D3,3,011011000000001000000000
17825,38065,37.131981,226,8,0000000000000000000100000000000000000000000000000000000000000000
1065,38066,37.132978,320,8,0000000000100000000000000000000000000000000000000000000001001011
40344,25363,37.133158,0BA,5,0100111100000000000000000000000000101110
12526,38068,37.138172,2C1,8,0000100011111110001101111111111000111010110000000000000000000000
5304,38069,37.13841,25,8,0000000010000001000000000000000110101111111111000000000001011010
27952,38070,37.138738,300000000.0,8,0
30092,38071,37.138972,24,8,0000001001001011000000011111011001000010000110111000000001001101
25511,38072,37.139206,0AA,8,0001111111100100000111110100011000011111110001100001111100100011
20448,38073,37.139966,0B4,8,0000000000000000000000000000000010011100000001010000100001100101
15516,38074,37.140204,1C6,8,0000000000000000100000000000000101011101000101100100000000000000
40345,25366,37.140647,0BA,5,1110000000100010101010000000000000011111
9757,38078,37.143175,260,8,0000000000000000000000000000000000000000000000100110110111011001
33550,38079,37.144019,1C4,8,0000011111101001000111000000000000000000000000000000000011011001
34886,38082,37.144596,3C3,8,0100011000011110100101000100111011101110010110010000001110001000
40346,38044,37.148137,0BA,5,1100011000000000000000000000000010111110
5305,38085,37.149359,25,8,0000000010000001000000000000000110101111111111000000000001011010
25512,38086,37.14996,0AA,8,0001111111100100000111110100010000011111110001100001111100100000
35348,12333,37.150615,386,7,10100100000000000000000000000000000000000000000010000000
40347,12690,37.155626,0BA,5,0010100100000000000000000000011100101011
5306,38088,37.15835,25,8,0000000010000001000000000000000110101111111111010000000001011011
30093,38090,37.158813,24,8,0000001001001010000000011111011001000010000110101000000001001011
25513,38091,37.159049,0AA,8,0001111111100001000111110100000000011111110001010001111100011101
20449,38092,37.159953,0B4,8,0000000000000000000000000000000010011100000001010000001101100000
40348,25379,37.163116,0BA,5,0100111100000000000000000000000000101110
9758,38097,37.163136,260,8,0000000000000000000000000000000000000000000000100110110111011001
17826,38098,37.163953,226,8,0000000000000000000100000000000000000000000000000000000000000000
33551,38099,37.164207,1C4,8,0000011111011011000111000000000000000000000000000000000011001011
12527,38102,37.168179,2C1,8,0000100011111110001011011111111000101101110000000000000011101001
5307,38103,37.168354,25,8,0000000010000001000000000000000110101111111111010000000001011011
27932,38104,37.16871,3000000000.0,8,0
25514,38105,37.168966,0AA,8,0001111111011110000111110100000000011111101111110001111100100000
15517,38107,37.170109,1C6,8,0000000000000000100000000000000101011101000101100100000000000000
40349,25384,37.170605,0BA,5,1110000000100010101010000000000000011111
184,38108,37.170949,3B7,8,1000
40350,38076,37.178095,0BA,5,1100011000000000000000000000000010111110
5308,38114,37.178331,25,8,0000000010000001000000000000000110101111111111010000000001011011
30094,38115,37.178798,24,8,0000001001001010000000011111011001000010000110111000000001001100
25515,38116,37.17904,0AA,8,0001111111011100000111110011111100011111101111000001111100011111
20450,38117,37.179936,0B4,8,0000000000000000000000000000000010011100000001010000001101100000
7690,38119,37.1816,611,8,0010000100000000000000000001000000000000000000000011110101101100
1066,38120,37.181936,320,8,0000000000100000000000000000000000000000000000000000000001001011
9759,38121,37.183007,260,8,0000000000000000000000000000000000000000000000101010010100010001
33552,38122,37.183994,1C4,8,0000011111000000000111000000000000000000000000000000000010110000
40351,12701,37.185585,0BA,5,0010100100000000000000000000010000101000
5309,38125,37.188297,25,8,0000000010000001000000000000000110101111111111010000000001011011
25516,38126,37.188952,0AA,8,0001111111011000000111110011110000011111101111000001111100011011
17827,38129,37.19193,226,8,0000000000000000000100000000000000000000000000000000000000000000
40352,25402,37.193074,0BA,5,0100111100000000000000000000000000101110
11087,38132,37.193592,620,8,0001000000000000000000000000000000000000000000000000000000000000
43763,2539,37.198103,3BB,5,1010010100000000000000000000000000000000
12528,38134,37.198166,2C1,8,0000100011111110001001111111111000110000110000000000000011100110
5310,38135,37.198355,25,8,0000000010000001000000000000000110101111111111100000000001011100
30095,38136,37.198797,24,8,0000001001001010000000011111010001000010000110111000000001001010
25517,38137,37.19903,0AA,8,0001111111010110000111110011100100011111101110010001111100011001
20451,38138,37.199917,0B4,8,0000000000000000000000000000000010100000000001001111110101011101
15518,38139,37.200154,1C6,8,0000000000000000100000000000000101011101000101100100000000000000
40353,25404,37.200564,0BA,5,1110000000100010101010000000000000011111
9760,38142,37.203061,260,8,0000000000000000000000000000000000000000000000101000010011110000
33553,38143,37.204253,1C4,8,0000011111000000000111000000000000000000000000000000000010110000
40354,38106,37.208053,0BA,5,1100011000000000000000000000000010111110
5311,38147,37.208286,25,8,0000000010000001000000000000000110101111111111100000000001011100
25518,38148,37.208929,0AA,8,0001111111010010000111110011011000011111101101110001111100011001
40355,12711,37.215543,0BA,5,0010100100000000000000000000011100101011
5312,38151,37.218268,25,8,0000000010000001000000000000000110101111111111100000000001011100
30096,38152,37.218789,24,8,0000001001001001000000011111010001000010000110111000000001001001
25519,38153,37.21902,0AA,8,0001111111010010000111110011011000011111101101010001111100010111
20452,38154,37.2199,0B4,8,0000000000000000000000000000000010100000000001001111011101010111
40356,25421,37.223032,0BA,5,0100111100000000000000000000000000101110
9761,38159,37.223216,260,8,0000000000000000000000000000000000000000000000101000010011110000
17828,38160,37.223901,226,8,0000000000000000000100000000000000000000000000000000000000000000
33554,38161,37.22414,1C4,8,0000011110110011000111000000000000000000000000000000000010100011
12529,38165,37.228111,2C1,8,0000100011111110001001001111111000110000110000000000000011100011
5313,38166,37.228305,25,8,0000000010000001000000000000000110101111111111100000000001011100
21715,38167,37.228644,443,8,0100110100000010000000000010111100000110000000000000000000000000
25520,38168,37.228909,0AA,8,0001111111010010000111110011010100011111101100010001111100010101
15519,38170,37.230057,1C6,8,0000000000000000100000000000000101011101000101100100000000000000
40357,25426,37.230522,0BA,5,1110000000100010101010000000000000011111
1067,38171,37.230895,320,8,0000000000100000000000000000000000000000000000000000000001001011
43569,37427,37.235068,423,2,1000100000000
40358,38141,37.238011,0BA,5,1100011000000000000000000000000010111110
5314,38173,37.23828,25,8,0000000010000001000000000000000110101111111111100000000001011100
30097,38174,37.238768,24,8,0000001001001010000000011111010001000010000110111000000001001010
25521,38175,37.239,0AA,8,0001111111001101000111110011000100011111101011010001111100010100
20453,38176,37.239878,0B4,8,0000000000000000000000000000000010100100000001001111001001010110
9762,38181,37.242988,260,8,0000000000000000000000000000000000000000000000100100000110101101
33555,38182,37.24395,1C4,8,0000011110101000000111000000000000000000000000000000000010011000
40359,12724,37.245501,0BA,5,0010100100000000000000000000010000101000
5315,38185,37.248245,25,8,0000000010000001000000000000000110101111111111100000000001011100
25522,38186,37.248897,0AA,8,0001111111001100000111110010111100011111101010000001111100010110
17829,38189,37.251876,226,8,0000000000000000000100000000000000000000000000000000000000000000
40360,25438,37.25299,0BA,5,0100111100000000000000000000000000101110
12530,38191,37.25811,2C1,8,0000100011111110000111011111111000110000110000000000000011011100
5316,38192,37.258303,25,8,0000000010000001000000000000000110101111111111100000000001011100
30098,38194,37.258883,24,8,0000001001001001000000011111001101000010000110111000000001001000
25523,38195,37.259121,0AA,8,0001111111001001000111110010110000011111101010010001111100010010
20454,38196,37.259862,0B4,8,0000000000000000000000000000000010100100000001001110110001010000
15520,38197,37.2601,1C6,8,0000000000000000100000000000000101011101000101110100000000000000
40361,25442,37.26048,0BA,5,1110000000100010101010000000000000011111
34972,38200,37.262863,4C3,8,0000001100000000000000000000000100000000000000000000000000000000
9763,38201,37.263107,260,8,0000000000000000000000000000000000000000000000100000100101110101
33556,38202,37.263981,1C4,8,0000011110010011000110110000000000000000000000000000000010000010
40362,38169,37.267969,0BA,5,1100011000000000000000000000000010111110
5317,38206,37.268296,25,8,0000000010000001000000000000000110101111111111100000000001011100
25524,38207,37.26888,0AA,8,0001111111000111000111110010110000011111101001110001111100001101
40363,12728,37.275459,0BA,5,0010100100000000000000000000011100101011
5318,38210,37.278221,25,8,0000000010000001000000000000000110101111111111110000000001011101
30099,38211,37.278719,24,8,0000001001001000000000011111000101000010000110111000000001000101
25525,38212,37.278955,0AA,8,0001111111000011000111110010101100011111101000110001111100001101
20455,38213,37.279847,0B4,8,0000000000000000000000000000000010100100000001001110110001010000
40364,25460,37.282949,0BA,5,0100111100000000000000000000000000101110
9764,38217,37.28304,260,8,0000000000000000000000000000000000000000000000011110011101010010
17830,38218,37.283849,226,8,0000000000000000000100000000000000000000000000000000000000000000
33557,38219,37.28409,1C4,8,0000011110010011000110110000000000000000000000000000000010000010
1068,38221,37.284844,320,8,0000000000100000000000000000000000000000000000000000000001001011
28084,38222,37.28601,6C0,8,1110010000000000000000001110000010000000000000000000000000000000
12531,38225,37.288016,2C1,8,0000100011111101111100001111110111110000110000000000000001101101
5319,38226,37.288264,25,8,0000000010000001000000000000000110101111111111110000000001011101
25526,38227,37.288859,0AA,8,0001111110111010000111110010010100011111101000100001111100001100
15521,38229,37.290007,1C6,8,0000000000000000100000000000000101011101000101110100000000000000
40365,25463,37.290438,0BA,5,1110000000100010101010000000000000011111
40366,38199,37.297928,0BA,5,1100011000000000000000000000000010111110
5320,38233,37.29823,25,8,0000000010000001000000000000000110101111111111110000000001011101
30100,38234,37.298702,24,8,0000001001001000000000011111000101000010000111011000000001000111
25527,38235,37.298942,0AA,8,0001111110111101000111110010000100011111101000000001111100000111
20456,38236,37.299827,0B4,8,0000000000000000000000000000000010101000000001001110011001001110
9765,38238,37.302781,260,8,0000000000000000000000000000000000000000000000011101000100111100
33558,38239,37.303892,1C4,8,0000011110001110000110110000000000000000000000000000000001111101
40367,12746,37.305417,0BA,5,0010100100000000000000000000010000101000
5321,38244,37.308344,25,8,0000000010000001000000000000000110101111111111110000000001011101
25528,38245,37.308842,0AA,8,0001111110111011000111110001111100011111100110010001111100000010
17831,38248,37.311828,226,8,0000000000000000000100000000000000000000000000000000000000000000
40368,25485,37.312907,0BA,5,0100111100000000000000000000000000101110
7848,38249,37.313418,610,8,0010000000000000000011010110010011000000000000001101101101000000
12532,38251,37.318007,2C1,8,0000100011111101111010101111110111101010110000000000000001100001
5322,38252,37.318254,25,8,0000000010000001000000000000000110101111111111110000000001011101
30101,38253,37.318694,24,8,0000001001001000000000011110111101000010000111011000000001000101
25529,38254,37.318932,0AA,8,0001111110111000000111110001111000011111100110100001111100000000
20457,38255,37.31981,0B4,8,0000000000000000000000000000000010101000000001001110000101001001
15522,38256,37.320046,1C6,8,0000000000000000100000000000000101011101000101110100000000000000
40369,25489,37.320396,0BA,5,1110000000100010101010000000000000011111
9766,38259,37.322842,260,8,0000000000000000000000000000000000000000000000011010111100011010
16494,38260,37.323542,3F9,8,0111010100011000000000100000001010000000000000000000000000010101
33559,38261,37.323875,1C4,8,0000011110001110000110110000000000000000000000000000000001111101
40370,38228,37.327886,0BA,5,1100011000000000000000000000000010111110
5323,38266,37.329202,25,8,0000000010000001000000000000000110101111111111110000000001011101
25530,38267,37.3298,0AA,8,0001111110111000000111110001101100011111100101100001111100000000
1069,38268,37.330806,320,8,0000000000100000000000000000000000000000000000000000000001001011
31494,38269,37.331045,44D,8,0100001000000010000000000000000000000001000000000000000000000000
40371,12752,37.335375,0BA,5,0010100100000000000000000000011100101011
5324,38271,37.338241,25,8,0000000010000001000000000000000110101111111111110000000001011101
30102,38272,37.33867,24,8,0000001001001000000000011110111101000010000111011000000001000101
25531,38273,37.338902,0AA,8,0001111110110101000111110001100100011111100100100001111011111011
20458,38274,37.339796,0B4,8,0000000000000000000000000000000010101000000001001101101101000011
9767,38278,37.342708,260,8,0000000000000000000000000000000000000000000000011001100100000100
40372,25502,37.342865,0BA,5,0100111100000000000000000000000000101110
17832,38280,37.343794,226,8,0000000000000000000100000000000000000000000000000000000000000000
33560,38281,37.344036,1C4,8,0000011110000001000110110000000000000000000000000000000001110000
12533,38285,37.347959,2C1,8,0000100011111101111010101111110111101010110000000000000001100001
5325,38286,37.348205,25,8,0000000010000001000000000000000110101111111111110000000001011101
25532,38287,37.348802,0AA,8,0001111110101110000111110001011000011111100100110001111011110110
15523,38289,37.349952,1C6,8,0000000000000000100000000000000101011110000101110100000000000000
40373,25507,37.350354,0BA,5,1110000000100010101010000000000000011111
13929,38291,37.35238,622,8,0001001000000000000000000000000000000000000000000000000000000000
40374,38258,37.357844,0BA,5,1100011000000000000000000000000010111110
5326,38294,37.358148,25,8,0000000010000001000000000000000110101111111111110000000001011101
30103,38295,37.358651,24,8,0000001001000111000000011110110101000010000111011000000001000010
25533,38296,37.358886,0AA,8,0001111110101010000111110001011000011111100100100001111011110110
20459,38297,37.359776,0B4,8,0000000000000000000000000000000010101100000001001101011001000010
9768,38299,37.362556,260,8,0000000000000000000000000000000000000000000000011001100100000100
33561,38300,37.363846,1C4,8,0000011110000001000110110000000000000000000000000000000001110000
40375,12762,37.365334,0BA,5,0010100100000000000000000000010000101000
5327,38303,37.369168,25,8,0000000010000001000000000000000110101111111111110000000001011101
25534,38304,37.369759,0AA,8,0001111110100110000111110001011000011111100011010001111011110011
17833,38308,37.372771,226,8,0000000000000000000100000000000000000000000000000000000000000000
40376,25523,37.372823,0BA,5,0100111100000000000000000000000000101110
12534,38311,37.377956,2C1,8,0000100011111101111010101111110111101010110000000000000001100001
5328,38312,37.378205,25,8,0000000010000001000000000000000110101111111111110000000001011101
30104,38313,37.378645,24,8,0000001001000111000000011110110001000010000110111000000000111111
25535,38314,37.378879,0AA,8,0001111110100011000111110001010000011111100010000001111011101111
20460,38315,37.379759,0B4,8,0000000000000000000000000000000010101100000001001101000000111100
15524,38316,37.379994,1C6,8,0000000000000000100000000000000101100001000101110100000000000000
40377,25527,37.380313,0BA,5,1110000000100010101010000000000000011111
9769,38319,37.382537,260,8,0000000000000000000000000000000000000000000000011000111011111001
1070,38320,37.382784,320,8,0000000000100000000000000000000000000000000000000000000001001011
33562,38321,37.383824,1C4,8,0000011101110111000110110000000000000000000000000000000001100110
40378,38288,37.387802,0BA,5,1100011000000000000000000000000010111110
5329,38325,37.388154,25,8,0000000010000001000000000000000110011111111111110000000001001101
25536,38326,37.388775,0AA,8,0001111110100010000111110000111100011111100001110001111011101110
35200,38109,37.390514,3D3,3,111001010000000010001011
40379,12771,37.395292,0BA,5,0010100100000000000000000000011100101011
11262,38329,37.397535,4C8,8,0000100100000000000000000000000000000000000000000000000000000000
5330,38331,37.39815,25,8,0000000010000000000000000000000101111111111111110000000000101100
31667,38332,37.398508,389,8,0000000000100000000000000000000000000000000000000000000000000000
30105,38333,37.398741,24,8,0000001001000111000000011110110001000010000110111000000000111111
25537,38334,37.398978,0AA,8,0001111110100001000111110000100000011111100001100001111011101010
20461,38335,37.39974,0B4,8,0000000000000000000000000000000010101100000001001100101000110110
9770,38338,37.402464,260,8,0000000000000000000000000000000000000000000000011000001111101110
40380,25545,37.402781,0BA,5,0100111100000000000000000000000000101110
17834,38340,37.403743,226,8,0000000000000000000100000000000000000000000000000000000000000000
33563,38341,37.403981,1C4,8,0000011101101111000110110000000000000000000000000000000001011110
12535,38345,37.407906,2C1,8,0000100011111101111010101111110111101010110000000000000001100001
5331,38346,37.408155,25,8,0000000010000000000000000000000101111111111111110000000000101100
25538,38347,37.408763,0AA,8,0001111110011101000111110000011000011111100000100001111011101010
15525,38349,37.409904,1C6,8,0000000000000000100000000000000101100100000101110100000000000000
40381,25549,37.410271,0BA,5,1110000000100010101010000000000000011111
40382,38318,37.41776,0BA,5,1100011000000000000000000000000010111110
5332,38352,37.4182,25,8,0000000010000000000000000000000101101111111111110000000000011100
30106,38353,37.418629,24,8,0000001001000111000000011110110101000010000110111000000001000000
25539,38354,37.418864,0AA,8,0001111110011010000111110000001100011111100000010001111011100111
20462,38355,37.419722,0B4,8,0000000000000000000000000000000010110000000001001100010100110101
9771,38358,37.422599,260,8,0000000000000000000000000000000000000000000000010111011111100010
13440,38359,37.422752,394,3,0
33564,38361,37.423794,1C4,8,0000011101100111000110110000000000000000000000000000000001010110
40383,12785,37.42525,0BA,5,0010100100000000000000000000010000101000
13674,38363,37.428541,4B7,8,1110001111011111001000101111000000000000111010100000000100001000
5333,38365,37.429126,25,8,0000000010000000000000000000000101011111111111110000000000001100
25540,38366,37.42971,0AA,8,0001111110010111000111110000000100011111011111100001111011100001
14141,38367,37.430261,442,8,0100001100000010000000000000000000000010000000000000000000000000
17835,38370,37.43272,226,8,0000000000000000000100000000000000000000000000000000000000000000
40384,25560,37.432739,0BA,5,0100111100000000000000000000000000101110
1071,38371,37.433715,320,8,0000000000100000000000000000000000000000000000000000000001001011
12536,38374,37.437903,2C1,8,0000100011111101111010101111110111101010110000000000000001100001
5334,38375,37.438157,25,8,0000000010000000000000000000000101001111111111110000000011111100
30107,38376,37.438618,24,8,0000001001000111000000011110110001000010000110111000000000111111
25541,38377,37.438849,0AA,8,0001111110010011000111101111110100011111011110010001111011011110
20463,38379,37.439708,0B4,8,0000000000000000000000000000000010110000000001001011111100101111
15526,38380,37.439944,1C6,8,0000000000000000100000000000000101100111000101110100000000000000
40385,25567,37.440229,0BA,5,1110000000100010101010000000000000011111
9772,38383,37.442443,260,8,0000000000000000000000000000000000000000000000010101011011000001
33565,38385,37.44395,1C4,8,0000011101100111000110110000000000000000000000000000000001010110
40386,38348,37.447719,0BA,5,1100011000000000000000000000000010111110
5335,38389,37.448146,25,8,0000000010000000000000000000000100111111111110000000000011100101
25542,38390,37.44872,0AA,8,0001111110010001000111101111110100011111011101010001111011011100
40387,12790,37.455208,0BA,5,0010100100000000000000000000011100101011
5336,38393,37.458118,25,8,0000000010000000000000000000000100011111111110000000000011000101
298,38394,37.458462,38F,8,0000000100000000000000000000000000000000000000000000000000000000
30108,38395,37.458695,24,8,0000001001000110000000011110110001000010000110111000000000111110
25543,38396,37.458931,0AA,8,0001111110010000000111101111011100011111011101010001111011011011
20464,38397,37.459688,0B4,8,0000000000000000000000000000000010110000000001001011100100101001
9773,38400,37.462349,260,8,0000000000000000000000000000000000000000000000010101011011000001
40388,25585,37.462698,0BA,5,0100111100000000000000000000000000101110
17836,38402,37.463693,226,8,0000000000000000000100000000000000000000000000000000000000000000
33566,38403,37.463932,1C4,8,0000011101100001000110110000000000000000000000000000000001010000
12537,38406,37.467852,2C1,8,0000100011111101111010101111110111101010110000000000000001100001
5337,38407,37.468148,25,8,0000000010000000000000000000000100001111111110000000000010110101
25544,38408,37.468702,0AA,8,0001111110001100000111101111011100011111011101110001111011010011
15527,38410,37.469853,1C6,8,0000000000000000100000000000000101101000000101110100000000000000
40389,25590,37.470187,0BA,5,1110000000100010101010000000000000011111
185,38411,37.470688,3B7,8,1000
40390,38382,37.477677,0BA,5,1100011000000000000000000000000010111110
5338,38414,37.478109,25,8,0000000010000000000000000000000111111111111110000000000010100101
30109,38415,37.478555,24,8,0000001001000110000000011110110001000010000110101000000000111101
25545,38416,37.478788,0AA,8,0001111110001000000111101111011100011111011011110001111011010011
20465,38417,37.479674,0B4,8,0000000000000000000000000000000010110100000001001011010000101000
11088,38420,37.481207,620,8,0001000000000000000000000000000000000000000000000000000000000000
1072,38421,37.481676,320,8,0000000000100000000000000000000000000000000000000000000001001011
9774,38422,37.482363,260,8,0000000000000000000000000000000000000000000000010101011011000001
33567,38423,37.483746,1C4,8,0000011101011100000110110000000000000000000000000000000001001011
40391,12804,37.485166,0BA,5,0010100100000000000000000000010000101000
5339,38427,37.488129,25,8,0000000010000000000000000000000111101111111101010000000010010010
34731,38428,37.488464,380,8,0
25546,38429,37.488693,0AA,8,0001111110000001000111101111000100011111011010100001111011010011
17837,38433,37.491671,226,8,0000000000000000000100000000000000000000000000000000000000000000
40392,25606,37.492656,0BA,5,0100111100000000000000000000000000101110
43764,37487,37.495688,3BB,5,0111000000000000000000001010010100000000
12538,38436,37.497823,2C1,8,0000100011111101111010101111110111101010110000000000000001100001
5340,38437,37.498117,25,8,0000000010000000000000000000000111001111111101010000000001110010
30110,38438,37.49854,24,8,0000001001000110000000011110110101000010000110111000000000111111
25547,38439,37.498772,0AA,8,0001111101111110000111101111000100011111011010100001111011001111
20466,38440,37.499657,0B4,8,0000000000000000000000000000000010110100000001001010111000100010
15528,38441,37.499895,1C6,8,0000000000000000100000000000000101101000000101110100000000000000
40393,25610,37.500145,0BA,5,1110000000100010101010000000000000011111
9775,38445,37.502327,260,8,0000000000000000000000000000000000000000000000010110000111001100
33568,38446,37.503728,1C4,8,0000011101010101000110110000000000000000000000000000000001000100
40394,38409,37.507635,0BA,5,1100011000000000000000000000000010111110
5341,38451,37.508021,25,8,0000000010000000000000000000000110111111111101010000000001100010
25548,38452,37.508666,0AA,8,0001111101111101000111101110111000011111011001010001111011001101
40395,12813,37.515124,0BA,5,0010100100000000000000000000011100101011
5342,38454,37.518013,25,8,0000000010000000000000000000000110101111111101010000000001010010
30111,38455,37.518522,24,8,0000001001000101000000011110110101000010000110101000000000111101
25549,38456,37.518762,0AA,8,0001111101111100000111101110110000011111011000000001111011001100
20467,38457,37.519637,0B4,8,0000000000000000000000000000000010110100000001001010100100011101
9776,38461,37.5223,260,8,0000000000000000000000000000000000000000000000010110000111001100
40396,25623,37.522614,0BA,5,0100111100000000000000000000000000101110
17838,38464,37.523641,226,8,0000000000000000000100000000000000000000000000000000000000000000
33569,38465,37.523883,1C4,8,0000011101010101000110110000000000000000000000000000000001000100
12539,38468,37.527799,2C1,8,0000100011111101111010101111110111101010110000000000000001100001
5343,38469,37.528042,25,8,0000000010000000000000000000000110011111111100110000000001000000
21716,38470,37.528394,443,8,0100110100000010000000000010111100000110000000000000000000000000
25550,38471,37.528649,0AA,8,0001111101110111000111101110101100011111011000000001111011001010
15529,38473,37.5298,1C6,8,0000000000000000100000000000000101101000000101110100000000000000
40397,25629,37.530104,0BA,5,1110000000100010101010000000000000011111
1073,38474,37.530634,320,8,0000000000100000000000000000000000000000000000000000000001001011
40398,38444,37.537593,0BA,5,1100011000000000000000000000000010111110
5344,38477,37.537993,25,8,0000000001111111000000000000000101101111111100110000000000001111
30112,38478,37.538506,24,8,0000001001000101000000011110111101000010000110001000000000111101
25551,38479,37.538739,0AA,8,0001111101110100000111101110100000011111011000110001111011001000
20468,38480,37.53962,0B4,8,0000000000000000000000000000000010111000000001001010001100011011
9777,38483,37.542273,260,8,0000000000000000000000000000000000000000000000010110000111001100
33570,38484,37.543698,1C4,8,0000011101001110000110110000000000000000000000000000000000111101
40399,12823,37.545083,0BA,5,0010100100000000000000000000010000101000
5345,38488,37.547981,25,8,0000000001111111000000000000000101101111111100110000000000001111
25552,38489,37.548628,0AA,8,0001111101110011000111101110011000011111010110100001111011000010
17839,38492,37.551618,226,8,0000000000000000000100000000000000000000000000000000000000000000
40400,25647,37.552572,0BA,5,0100111100000000000000000000000000101110
12540,38495,37.557799,2C1,8,0000100011111101111011011111110111101101110000000000000001100111
5346,38496,37.55804,25,8,0000000001111111000000000000000101001111111100110000000011101111
30113,38497,37.558498,24,8,0000001001000101000000011110111101000010000101101000000000111011
25553,38498,37.558731,0AA,8,0001111101101111000111101110001000011111010101000001111011000010
20469,38499,37.5596,0B4,8,0000000000000000000000000000000010111000000001001001110100010101
15530,38500,37.559841,1C6,8,0000000000000000100000000000000101101000000101110100000000000000
40401,25652,37.560062,0BA,5,1110000000100010101010000000000000011111
9778,38503,37.562196,260,8,0000000000000000000000000000000000000000000000010101011011000001
33571,38504,37.563677,1C4,8,0000011101000011000110110000000000000000000000000000000000110010
40402,38472,37.567551,0BA,5,1100011000000000000000000000000010111110
5347,38509,37.567954,25,8,0000000001111111000000000000000101001111111101100000000011110010
25554,38510,37.56862,0AA,8,0001111101101011000111101110000000011111010101000001111010111111
43570,2523,37.570519,423,2,11100000000
16495,38513,37.573574,3F9,8,0111010100011000000000100000001010000000000000000000000000010101
40403,12833,37.575041,0BA,5,0010100100000000000000000000011100101011
5348,38515,37.577948,25,8,0000000001111111000000000000000100111111111110000000000011100100
30114,38516,37.578474,24,8,0000001001000100000000011110111101000010000101001000000000111000
25555,38517,37.578706,0AA,8,0001111101101001000111101101110100011111010101000001111010111101
20470,38518,37.579587,0B4,8,0000000000000000000000000000000010111000000001001001100000010000
9779,38521,37.582081,260,8,0000000000000000000000000000000000000000000000010110000111001100
40404,25670,37.58253,0BA,5,0100111100000000000000000000000000101110
17840,38523,37.583588,226,8,0000000000000000000100000000000000000000000000000000000000000000
33572,38524,37.583827,1C4,8,0000011100111000000110110000000000000000000000000000000000100111
1074,38526,37.584583,320,8,0000000000100000000000000000000000000000000000000000000001001011
28085,38527,37.585236,6C0,8,1110010000000000000000001110000010000000000000000000000000000000
14253,38528,37.585579,60.0,8,1010000100000000000000000000000000000000011100000000000000000000
12541,38531,37.587748,2C1,8,0000100011111101111011011111110111101101110000000000000001100111
5349,38532,37.587991,25,8,0000000001111111000000000000000100111111111110000000000011100100
25556,38533,37.588598,0AA,8,0001111101100101000111101101100100011111010011000001111010110101
15531,38535,37.589747,1C6,8,0000000000000000100000000000000101101000000101110100000000000000
40405,25675,37.59002,0BA,5,1110000000100010101010000000000000011111
40406,38502,37.597509,0BA,5,1100011000000000000000000000000010111110
5350,38538,37.59794,25,8,0000000001111111000000000000000100111111111110000000000011100100
30115,38539,37.598457,24,8,0000001001000100000000011110111101000010000101001000000000111000
25557,38540,37.598684,0AA,8,0001111101100101000111101101011100011111010010100001111010110011
20471,38541,37.599568,0B4,8,0000000000000000000000000000000010111100000001001001100000010100
9780,38543,37.601944,260,8,0000000000000000000000000000000000000000000000010110110011010111
7750,38545,37.603337,435,8,1000000000000101000001011111111111100000001111110000000000000011
33573,38546,37.603648,1C4,8,0000011100111000000110110000000000000000000000000000000000100111
40407,12847,37.604999,0BA,5,0010100100000000000000000000010000101000
5351,38549,37.607913,25,8,0000000001111111000000000000000100111111111110000000000011100100
25558,38550,37.60858,0AA,8,0001111101100001000111101101010000011111010010000001111010110011
10940,38553,37.610339,436,8,0
17841,38555,37.611562,226,8,0000000000000001000100000000000000000000000000000000000000000000
40408,25688,37.612488,0BA,5,0100111100000000000000000000000000101110
12542,38557,37.617749,2C1,8,0000100011111101111011011111110111101101110000000000000001100111
5352,38558,37.617993,25,8,0000000001111111000000000000000100111111111110000000000011100100
30116,38559,37.61847,24,8,0000001001000011000000011111000101000010000101001000000000111001
25559,38560,37.618701,0AA,8,0001111101011111000111101101001000011111010000110001111010110000
20472,38562,37.619551,0B4,8,0000000000000000000000000000000010111100000001001001001000001110
15532,38563,37.619791,1C6,8,0000000000000000100000000000000101101000000101110100000000000000
40409,25694,37.619978,0BA,5,1110000000100010101010000000000000011111
9781,38566,37.622055,260,8,0000000000000000000000000000000000000000000000011000111011111001
33574,38567,37.62363,1C4,8,0000011100101011000110110000000000000000000000000000000000011010
40410,38534,37.627468,0BA,5,1100011000000000000000000000000010111110
5353,38571,37.627891,25,8,0000000001111111000000000000000100111111111110000000000011100100
25560,38572,37.628566,0AA,8,0001111101011100000111101100111000011111001111110001111010101101
1075,38573,37.629547,320,8,0000000000100000000000000000000000000000000000000000000001001011
31495,38574,37.630129,44D,8,0100001000000010000000000000000000000001000000000000000000000000
40411,12851,37.634957,0BA,5,0010100100000000000000000000011100101011
5354,38578,37.637878,25,8,0000000001111111000000000000000100111111111110000000000011100100
13806,38579,37.638315,434,8,0100001000000000000000000000000000000000000000000000000000000000
30117,38580,37.638548,24,8,0000001001000011000000011111000101000010000101001000000000111001
25561,38581,37.638784,0AA,8,0001111101011000000111101100110000011111001111110001111010101100
20473,38582,37.639538,0B4,8,0000000000000000000000000000000010111100000001001000011100000011
9782,38585,37.641849,260,8,0000000000000000000000000000000000000000000000011101000100111100
40412,25711,37.642447,0BA,5,0100111100000000000000000000000000101110
17842,38587,37.643535,226,8,0000000000000000000100000000000000000000000000000000000000000000
33575,38588,37.643778,1C4,8,0000011100011011000110110000000000000000000000000000000000001010
34887,38590,37.64417,3C3,8,0100011000011110100101000100111011101110010110010000001110001000
28197,38592,37.64531,437,8,1111110011111111111111111111111111111111111111111111111111111111
12543,38594,37.647694,2C1,8,0000100011111101111001001111110111100100110000000000000001010101
5355,38595,37.647937,25,8,0000000001111111000000000000000100111111111110010000000011100101
25562,38596,37.648556,0AA,8,0001111101010100000111101100110000011111001111100001111010101001
15533,38598,37.649696,1C6,8,0000000000000000100000000000000101101000000101110100000000000000
40413,25714,37.649936,0BA,5,1110000000100010101010000000000000011111
35201,4757,37.65017,3D3,3,011011000000001000000000
40414,38565,37.657426,0BA,5,1100011000000000000000000000000010111110
5356,38601,37.657894,25,8,0000000001111111000000000000000100111111111110100000000011100110
30118,38602,37.658412,24,8,0000001001000010000000011111000101000010000101001000000000111000
25563,38603,37.65864,0AA,8,0001111101010010000111101100011000011111001110010001111010101001
20474,38604,37.659522,0B4,8,0000000000000000000000000000000011000000000001001000011100000111
9783,38606,37.661806,260,8,0000000000000000000000000000000000000000000000011111001001011101
33576,38607,37.663604,1C4,8,0000011100011011000110110000000000000000000000000000000000001010
40415,12866,37.664915,0BA,5,0010100100000000000000000000010000101000
5357,38610,37.66786,25,8,0000000001111111000000000000000100111111111110110000000011100111
25564,38612,37.668526,0AA,8,0001111101010010000111101100001100011111001101100001111010100111
17843,38615,37.671514,226,8,0000000000000000000100000000000000000000000000000000000000000000
40416,25731,37.672405,0BA,5,0100111100000000000000000000000000101110
12544,38619,37.677694,2C1,8,0000100011111101111001001111110111100100110000000000000001010101
5358,38620,37.677941,25,8,0000000001111111000000000000000100111111111111000000000011101000
30119,38621,37.678395,24,8,0000001001000010000000011111000101000010000100111000000000110111
25565,38622,37.678624,0AA,8,0001111101010000000111101100000000011111001101100001111010100100
20475,38623,37.679506,0B4,8,0000000000000000000000000000000011000000000001001000000100000001
15534,38624,37.679743,1C6,8,0000000000000000100000000000000101101000000101110100000000000000
40417,25736,37.679894,0BA,5,1110000000100010101010000000000000011111
9784,38627,37.681787,260,8,0000000000000000000000000000000000000000000000100010101010010110
1076,38628,37.682503,320,8,0000000000100000000000000000000000000000000000000000000001001011
33577,38629,37.683589,1C4,8,0000011100001010000110110000000000000000000000000000000011111001
40418,38597,37.687384,0BA,5,1100011000000000000000000000000010111110
5359,38634,37.687842,25,8,0000000001111111000000000000000100111111111111000000000011101000
25566,38635,37.688515,0AA,8,0001111101001110000111101011111100011111001101000001111010100010
40419,12873,37.694873,0BA,5,0010100100000000000000000000011100101011
5360,38640,37.69783,25,8,0000000001111111000000000000000100111111111111000000000011101000
30120,38641,37.698379,24,8,0000001001000010000000011111001101000010000101001000000000111010
25567,38642,37.698613,0AA,8,0001111101001000000111101011111000011111001011110001111010100010
20476,38643,37.699486,0B4,8,0000000000000000000000000000000011000000000001000111110011111100
9785,38647,37.701804,260,8,0000000000000000000000000000000000000000000000100101011111000011
40420,25749,37.702363,0BA,5,0100111100000000000000000000000000101110
17844,38649,37.703486,226,8,0000000000000000000100000000000000000000000000000000000000000000
33578,38650,37.703729,1C4,8,0000011011111001000110110000000000000000000000000000000011100111
12545,38653,37.707642,2C1,8,0000100011111101111001111111110111100111110000000000000001011011
5361,38654,37.707884,25,8,0000000001111111000000000000000100111111111111010000000011101001
25568,38655,37.708491,0AA,8,0001111101000101000111101011101000011111001011110001111010011110
15535,38657,37.709647,1C6,8,0000000000000000100000000000000101101000000101110100000000000000
40421,25755,37.709853,0BA,5,1110000000100010101010000000000000011111
40422,38626,37.717342,0BA,5,1100011000000000000000000000000010111110
5362,38660,37.717834,25,8,0000000001111111000000000000000100111111111111010000000011101001
30121,38661,37.718365,24,8,0000001001000001000000011111000101000010000101001000000000110111
25569,38662,37.718595,0AA,8,0001111101000101000111101011100000011111001011010001111010011001
20477,38663,37.719466,0B4,8,0000000000000000000000000000000011000100000001000111011011111010
13868,38664,37.720262,4C6,8,0000011100000000000000110000000000000000000000000000000000000000
9786,38666,37.721743,260,8,0000000000000000000000000000000000000000000000100101011111000011
13441,38667,37.721898,394,3,0
13614,38668,37.723345,4DD,8,0001111000000000000000000000000000000000000000000000000000000000
33579,38669,37.723588,1C4,8,0000011011111001000110110000000000000000000000000000000011100111
40423,12884,37.724832,0BA,5,0010100100000000000000000000010000101000
5363,38672,37.727802,25,8,0000000001111111000000000000000100111111111111010000000011101001
25570,38673,37.72848,0AA,8,0001111101000101000111101011100000011111001010000001111010011000
14142,38675,37.729858,442,8,0100001100000010000000000000000000000010000000000000000000000000
17845,38677,37.731465,226,8,0000000000000000000100000000000000000000000000000000000000000000
40424,25772,37.732321,0BA,5,0100111100000000000000000000000000101110
1077,38678,37.732462,320,8,0000000000100000000000000000000000000000000000000000000001001011
12546,38681,37.737614,2C1,8,0000100011111101111001111111110111100111110000000000000001011011
5364,38682,37.737856,25,8,0000000001111111000000000000000100111111111111010000000011101001
30122,38683,37.738349,24,8,0000001001000001000000011111000101000010000101101000000000111001
25571,38684,37.738579,0AA,8,0001111101000000000111101011011000011111001000110001111010010110
20478,38686,37.739449,0B4,8,0000000000000000000000000000000011000100000001000111000011110100
15536,38687,37.739688,1C6,8,0000000000000000100000000000000101101000000110000100000000000000
40425,25775,37.739811,0BA,5,1110000000100010101010000000000000011111
9787,38690,37.741744,260,8,0000000000000000000000000000000000000000000000100110110111011001
33580,38692,37.743533,1C4,8,0000011011101000000110110000000000000000000000000000000011010110
40426,38656,37.7473,0BA,5,1100011000000000000000000000000010111110
5365,38696,37.747781,25,8,0000000001111111000000000000000100111111111111100000000011101010
13995,38697,37.748225,38E,8,0
25572,38698,37.748456,0AA,8,0001111100111011000111101011001100011111001000110001111010010101
35349,14340,37.749818,386,7,11000100000000000000000000000000000000000000000010101011
40427,12893,37.75479,0BA,5,0010100100000000000000000000011100101011
5366,38701,37.7578,25,8,0000000001111111000000000000000100111111111111100000000011101010
30123,38702,37.758331,24,8,0000001001000001000000011110111101000010000101101000000000110111
25573,38703,37.758562,0AA,8,0001111100111001000111101011000100011111001000000001111010010000
20479,38704,37.759429,0B4,8,0000000000000000000000000000000011000100000001000111000011110100
9788,38708,37.761681,260,8,0000000000000000000000000000000000000000000000101000111111111011
40428,25793,37.762279,0BA,5,0100111100000000000000000000000000101110
17846,38710,37.763431,226,8,0000000000000000000100000000000000000000000000000000000000000000
33581,38711,37.763675,1C4,8,0000011011011010000110110000000000000000000000000000000011001000
12547,38715,37.767603,2C1,8,0000100011111101111000001111110111100000110000000000000001001101
5367,38716,37.767841,25,8,0000000001111111000000000000000100111111111111100000000011101010
25574,38717,37.768445,0AA,8,0001111100110111000111101010111100011111000111010001111010001110
15537,38719,37.769588,1C6,8,0000000000000000100000000000000101100111000110000100000000000000
40429,25799,37.769769,0BA,5,1110000000100010101010000000000000011111
186,38720,37.770432,3B7,8,1000
40430,38689,37.777258,0BA,5,1100011000000000000000000000000010111110
5368,38722,37.777763,25,8,0000000001111111000000000000000100111111111111100000000011101010
30124,38723,37.778315,24,8,0000001001000001000000011110111101000010000101001000000000110101
25575,38724,37.778543,0AA,8,0001111100110011000111101010110100011111000110000001111010001110
20480,38725,37.779417,0B4,8,0000000000000000000000000000000011001000000001000110101111110011
11089,38727,37.780804,620,8,0001000000000000000000000000000000000000000000000000000000000000
1078,38728,37.781415,320,8,0000000000100000000000000000000000000000000000000000000001001011
9789,38729,37.781661,260,8,0000000000000000000000000000000000000000000000101001101000000110
33582,38731,37.7835,1C4,8,0000011011001110000110110000000000000000000000000000000010111100
40431,12905,37.784748,0BA,5,0010100100000000000000000000010000101000
5369,38734,37.788774,25,8,0000000001111111000000000000000100111111111111100000000011101010
25576,38735,37.789392,0AA,8,0001111100110001000111101010100100011111000101100001111010001011
40432,25811,37.792238,0BA,5,0100111100000000000000000000000000101110
17847,38738,37.792407,226,8,0000000000000000000100000000000000000000000000000000000000000000
43765,1295,37.793273,3BB,5,1011101100000000000000000000000000100110
12548,38741,37.797598,2C1,8,0000100011111101111000001111110111100000110000000000000001001101
5370,38742,37.79784,25,8,0000000001111111000000000000000100111111111111100000000011101010
30125,38743,37.7983,24,8,0000001001000000000000011110110101000010000101101000000000110100
25577,38744,37.798527,0AA,8,0001111100101111000111101010010100011111000110010001111010001001
20481,38746,37.799394,0B4,8,0000000000000000000000000000000011001000000001000110010111101101
15538,38747,37.799629,1C6,8,0000000000000000100000000000000101100111000110000100000000000000
40433,25816,37.799727,0BA,5,1110000000100010101010000000000000011111
9790,38750,37.801629,260,8,0000000000000000000000000000000000000000000000101011000100011101
33583,38752,37.803486,1C4,8,0000011011001110000110110000000000000000000000000000000010111100
40434,38718,37.807217,0BA,5,1100011000000000000000000000000010111110
5371,38756,37.807731,25,8,0000000001111111000000000000000100111111111111100000000011101010
13740,38757,37.808177,3A5,8,100000000
25578,38758,37.808405,0AA,8,0001111100101010000111101010001000011111000100000001111010001001
7849,38759,37.810758,610,8,0010000010000000000010110110010011000000000000000000001101000000
40435,12909,37.814706,0BA,5,0010100100000000000000000000011100101011
5372,38762,37.81773,25,8,0000000001111111000000000000000100111111111111100000000011101010
30126,38763,37.818308,24,8,0000001000111111000000011110110101000010000101101000000000110011
25579,38764,37.818543,0AA,8,0001111100101010000111101010001000011111000011000001111010000110
20482,38765,37.819379,0B4,8,0000000000000000000000000000000011001000000001000101111111100111
9791,38768,37.821551,260,8,0000000000000000000000000000000000000000000000101011110000101000
40436,25836,37.822196,0BA,5,0100111100000000000000000000000000101110
31348,38770,37.822744,640,8,1010100000000000000000000011011100000001111000000000000000000000
16496,38771,37.823221,3F9,8,0111010100011000000000100000001010000000000000000000000000010101
17848,38772,37.823469,226,8,0000000000000000000100000000000000000000000000000000000000000000
33584,38773,37.823711,1C4,8,0000011011000100000110110000000000000000000000000000000010110010
12549,38777,37.827546,2C1,8,0000100011111101111000001111110111100000110000000000000001001101
5373,38778,37.827788,25,8,0000000001111111000000000000000100111111111111110000000011101011
25580,38779,37.828395,0AA,8,0001111100100101000111101001111100011111000011000001111010000100
21717,38780,37.8292,443,8,0100110100000010000000000010111100000110000000000000000000000000
15539,38782,37.829608,1C6,8,0000000000000000100000000000000101100111000110000100000000000000
40437,25841,37.829685,0BA,5,1110000000100010101010000000000000011111
1079,38783,37.830377,320,8,0000000000100000000000000000000000000000000000000000000001001011
40438,38749,37.837175,0BA,5,1100011000000000000000000000000010111110
5374,38786,37.837732,25,8,0000000001111111000000000000000100111111111111110000000011101011
35034,38787,37.838152,413,8,0000000100000001000000010000100100000000000000000000000000000000
30127,38788,37.838383,24,8,0000001000111111000000011110111101000010000101101000000000110101
25581,38789,37.83862,0AA,8,0001111100100011000111101001101000011111000011000001111001111111
20483,38790,37.839359,0B4,8,0000000000000000000000000000000011001100000001000101101011100110
9792,38792,37.841349,260,8,0000000000000000000000000000000000000000000000101101001000111110
33585,38794,37.84346,1C4,8,0000011010111010000110110000000000000000000000000000000010101000
40439,12925,37.844664,0BA,5,0010100100000000000000000000010000101000
5375,38797,37.847696,25,8,0000000001111111000000000000000100111111111111110000000011101011
25582,38799,37.848376,0AA,8,0001111100100000000111101001010100011111000001110001111001111101
17849,38802,37.85136,226,8,0000000000000000000100000000000000000000000000000000000000000000
40440,25859,37.852154,0BA,5,0100111100000000000000000000000000101110
12550,38804,37.857513,2C1,8,0000100011111101111001001111110111100100110000000000000001010101
5376,38805,37.857754,25,8,0000000001111111000000000000000100111111111111110000000011101011
30128,38806,37.858254,24,8,0000001000111111000000011110110101000010000101001000000000110001
25583,38807,37.858487,0AA,8,0001111100011111000111101001001100011111000000100001111001111011
20484,38808,37.859344,0B4,8,0000000000000000000000000000000011001100000001000101010011100000
15540,38809,37.859581,1C6,8,0000000000000000100000000000000101100111000110000100000000000000
40441,25863,37.859643,0BA,5,1110000000100010101010000000000000011111
9793,38812,37.861519,260,8,0000000000000000000000000000000000000000000000101101001000111110
33586,38813,37.863438,1C4,8,0000011010111010000110110000000000000000000000000000000010101000
40442,38781,37.867133,0BA,5,1100011000000000000000000000000010111110
5377,38819,37.867682,25,8,0000000001111111000000000000000100111111111111110000000011101011
25584,38820,37.868368,0AA,8,0001111100011011000111101001000000011111000000100001111001111001
40443,12932,37.874623,0BA,5,0010100100000000000000000000011100101011
5378,38822,37.877669,25,8,0000000001111111000000000000000100111111111111110000000011101011
30129,38823,37.878237,24,8,0000001000111111000000011110110101000010000101101000000000110011
25585,38824,37.878467,0AA,8,0001111100010110000111101000110000011110111111110001111001110101
20485,38825,37.879332,0B4,8,0000000000000000000000000000000011001100000001000100100111010101
31283,38826,37.879666,4A6,8,0000000000000000000000000000000000000000000011000000000000000000
9794,38829,37.881289,260,8,0000000000000000000000000000000000000000000000101111010001100000
40444,25874,37.882112,0BA,5,0100111100000000000000000000000000101110
17850,38832,37.883334,226,8,0000000000000000000100000000000000000000000000000000000000000000
33587,38833,37.88357,1C4,8,0000011010110011000110110000000000000000000000000000000010100001
1080,38835,37.884328,320,8,0000000000100000000000000000000000000000000000000000000001001011
28086,38836,37.884574,6C0,8,1110010000000000000000001110000010000000000000000000000000000000
12551,38838,37.887492,2C1,8,0000000011111101111001001111110111100100110000000000000001001101
5379,38839,37.887735,25,8,0000000001111111000000000000000100111111111111110000000011101011
25586,38840,37.888343,0AA,8,0001111100010100000111101000101000011110111110110001111001110000
15541,38842,37.889488,1C6,8,0000000000000000100000000000000101100111000110000100000000000000
40445,25879,37.889602,0BA,5,1110000000100010101010000000000000011111
40446,38811,37.897091,0BA,5,1100011000000000000000000000000010111110
5380,38847,37.897681,25,8,0000000001111111000000000000000100111111111111110000000011101011
30130,38848,37.898222,24,8,0000001000111111000000011110110101000010000101001000000000110001
25587,38849,37.898455,0AA,8,0001111100010010000111101000100100011110111110000001111001101100
20486,38850,37.899313,0B4,8,0000000000000000000000000000000011010000000001000100001111010011
9795,38852,37.90124,260,8,0000000000000000000000000000000000000000000000101111111101101011
33588,38853,37.903406,1C4,8,0000011010101010000110110000000000000000000000000000000010011000
40447,12947,37.904581,0BA,5,0010100100000000000000000000010000101000
43571,9714,37.90597,423,2,10101000001110
5381,38856,37.907653,25,8,0000000001111111000000000000000100111111111111110000000011101011
25588,38857,37.908323,0AA,8,0001111100010000000111101000011100011110111101100001111001101011
35202,38637,37.909827,3D3,3,111001010000000000001011
17851,38860,37.911308,226,8,0000000000000000000100000000000000000000000000000000000000000000
40448,25897,37.91207,0BA,5,0100111100000000000000000000000000101110
12552,38863,37.917465,2C1,8,0000000011111110011011011111110111100100110000000000001011011001
5382,38864,37.917707,25,8,0000000001111111000000000000000100111111111111110000000011101011
30131,38865,37.918209,24,8,0000001000111111000000011110111101000010000101101000000000110101
25589,38866,37.918439,0AA,8,0001111100001100000111101000011000011110111100100001111001101011
20487,38867,37.919298,0B4,8,0000000000000000000000000000000011010000000001000100001111010011
15542,38868,37.919533,1C6,8,0000000000000000100000000000000101100111000110000100000000000000
40449,25903,37.91956,0BA,5,1110000000100010101010000000000000011111
9796,38870,37.921201,260,8,0000000000000000000000000000000000000000000000101111111101101011
27836,38872,37.922297,420,8,0000000000000000000000000000000011111111000000001000000010101011
33589,38874,37.923397,1C4,8,0000011010101010000110110000000000000000000000000000000010011000
40450,38841,37.927049,0BA,5,1100011000000000000000000000000010111110
5383,38878,37.928657,25,8,0000000001111111000000000000000100111111111111110000000011101011
25590,38879,37.929277,0AA,8,0001111100000101000111101000001100011110111011110001111001100111
31496,38880,37.929517,44D,8,0100001000000010000000000000000000000001000000000000000000000000
1081,38882,37.930292,320,8,0000000000100000000000000000000000000000000000000000000001001011
40451,12956,37.934539,0BA,5,0010100100000000000000000000011100101011
5384,38885,37.937624,25,8,0000000001111111000000000000000100111111111111110000000011101011
30132,38886,37.93819,24,8,0000001000111110000000011110110101000010000100111000000000101111
25591,38887,37.938418,0AA,8,0001111100000010000111101000000100011110111011010001111001100010
20488,38888,37.939279,0B4,8,0000000000000000000000000000000011010000000001000011111011001110
9797,38890,37.941112,260,8,0000000000000000000000000000000000000000000000110000101001110111
40452,25919,37.942028,0BA,5,0100111100000000000000000000000000101110
7630,38893,37.942807,3BC,8,0
17852,38894,37.943282,226,8,0000000000000000000100000000000000000000000000000000000000000000
33590,38895,37.943522,1C4,8,0000011010100001000110110000000000000000000000000000000010001111
12553,38900,37.947437,2C1,8,0000000011111110101111011111111010001101110000000000010011010101
5385,38901,37.947679,25,8,0000000001111111000000000000000100111111111111110000000011101011
25592,38902,37.948294,0AA,8,0001111100000001000111101000000100011110111010100001111001100001
15543,38904,37.949435,1C6,8,0000000000000000100000000000000101100111000110000100000000000000
40453,25923,37.949518,0BA,5,1110000000100010101010000000000000011111
43436,371,37.949623,3000000.0,6,000010000000000000000000000000000000000000101000
34790,38905,37.949682,4DF,8,0010000000000000000000000000000100000000000000000000000000000000
31607,38906,37.949929,633,8,1000000100000000000000000000000000000000000000000000000000000000
40454,38871,37.957008,0BA,5,1100011000000000000000000000000010111110
5386,38908,37.957629,25,8,0000000001111111000000000000000100111111111111110000000011101011
30133,38909,37.958174,24,8,0000001000111110000000011110110101000010000100111000000000101111
25593,38910,37.958403,0AA,8,0001111011111110000111100111111100011110111001110001111001100000
20489,38911,37.959261,0B4,8,0000000000000000000000000000000011010000000001000011001011000010
9798,38914,37.961098,260,8,0000000000000000000000000000000000000000000000110001010110000010
33591,38916,37.96336,1C4,8,0000011010100111000110110000000000000000000000000000000010010101
40455,12969,37.964497,0BA,5,0010100100000000000000000000010000101000
5387,38919,37.967597,25,8,0000000001111111000000000000000100111111111111110000000011101011
27897,38920,37.968151,4DC,8,0001110100000000000000000000000000000000000000000000000000000000
25594,38921,37.968307,0AA,8,0001111011111110000111100111101000011110111000100001111001011100
17853,38924,37.971259,226,8,0000000000000000000100000000000000000000000000000000000000000000
40456,25933,37.971987,0BA,5,0100111100000000000000000000000000101110
12554,38926,37.977439,2C1,8,0000000011111111000010101111111011011101110000000000010101110100
5388,38927,37.977681,25,8,0000000001111111000000000000000100111111111111110000000011101011
30134,38928,37.978173,24,8,0000001000111110000000011110111101000010000100011000000000101111
25595,38929,37.978393,0AA,8,0001111100000000000111100111100000011110111000010001111001011000
20490,38931,37.979241,0B4,8,0000000000000000000000000000000011010100000001000011001011000110
40457,25939,37.979476,0BA,5,1110000000100010101010000000000000011111
15544,38932,37.979478,1C6,8,0000000000000000100000000000000101100111000110010100000000000000
9799,38934,37.981196,260,8,0000000000000000000000000000000000000000000000110000101001110111
1082,38936,37.982246,320,8,0000000000100000000000000000000000000000000000000000000001001011
16320,38937,37.982783,4C1,8,0000000100000000000000010000000100000000000000000000000000000000
33592,38938,37.983342,1C4,8,0000011010100111000110110000000000000000000000000000000010010101
40458,38903,37.986966,0BA,5,1100011000000000000000000000000010111110
1561,38941,37.988038,6F3,8,0010000000000000000000000000000000000000000000000000000000000000
5389,38943,37.988621,25,8,0000000001111111000000000000000100111111111111110000000011101011
25596,38944,37.989228,0AA,8,0001111011111101000111100111100000011110111000010001111001010110
40459,12974,37.994455,0BA,5,0010100100000000000000000000011100101011
5390,38949,37.997566,25,8,0000000001111111000000000000000100111111111111110000000011101011
30135,38950,37.998173,24,8,0000001000111110000000011111001101000010000101001000000000110110
25597,38951,37.998369,0AA,8,0001111011111011000111100111100000011110111000010001111001010101
20491,38952,37.99923,0B4,8,0000000000000000000000000000000011010100000001000010110111000001
9800,38954,38.001051,260,8,0000000000000000000000000000000000000000000000110001010110000010
40460,25958,38.001945,0BA,5,0100111100000000000000000000000000101110
13554,38957,38.002628,399,8,0000000000000000000000000000000000000000111111110000000000000000
17854,38958,38.003232,226,8,0000000000000000000100000000000000000000000000000000000000000000
33593,38959,38.003473,1C4,8,0000011010111110000110110000000000000000000000000000000010101100
12555,38962,38.007392,2C1,8,0000000011111111001111011111111100100000110000000000011011101100
5391,38963,38.007637,25,8,0000000001111111000000000000000101001111111111110000000011111011
25598,38964,38.008239,0AA,8,0001111011111001000111100111100000011110110111010001111001010011
15545,38966,38.009386,1C6,8,0000000000000000100000000000000101100111000110000000000000000000
40461,25962,38.009434,0BA,5,1110000000100010101010000000000000011111
11202,38967,38.00972,39A,8,0000000000000000000000000000000100000000000000000000000000000000
40462,38935,38.016924,0BA,5,1100011000000000000000000000000010111110
5392,38970,38.017587,25,8,0000000001111111000000000000000101001111111111110000000011111011
30136,38971,38.018154,24,8,0000001000111101000000011111010001000010000101001000000000110110
25599,38972,38.018378,0AA,8,0001111011111011000111100111100000011110110110110001111001001111
20492,38974,38.01926,0B4,8,0000000000000000000000000000000011010100000001000010110111000001
9801,38976,38.021017,260,8,0000000000000000000000000000000000000000000000110000101001110111
13442,38977,38.021171,394,3,0
38,38978,38.023144,3B1,8,0000000000000000000000100000101000000000000010000000000000000000
33594,38979,38.023382,1C4,8,0000011011001111000110110000000000000000000000000000000010111101
40463,12987,38.024413,0BA,5,0010100100000000000000000000010000101000
5393,38982,38.027548,25,8,0000000001111111000000000000000101011111111111110000000000001011
25600,38984,38.028287,0AA,8,0001111011111011000111100111010100011110110110000001111001001100
14143,38986,38.029475,442,8,0100001100000010000000000000000000000010000000000000000000000000
17855,38988,38.031208,226,8,0000000000000000000100000000000000000000000000000000000000000000
40464,25979,38.031903,0BA,5,0100111100000000000000000000000000101110
1083,38989,38.032205,320,8,0000000000100000000000000000000000000000000000000000000001001011
12556,38991,38.03739,2C1,8,0000000011111111011000001111111101001101110000000000011000111100
5394,38992,38.037635,25,8,0000000001111111000000000000000101101111111111110000000000011011
30137,38993,38.038136,24,8,0000001000111101000000011111100001000010000100111000000000111001
25601,38994,38.038358,0AA,8,0001111011110110000111100111001100011110110101100001111001001100
20493,38995,38.039191,0B4,8,0000000000000000000000000000000011011000000001000010110111000101
40465,25984,38.039392,0BA,5,1110000000100010101010000000000000011111
15546,38996,38.039429,1C6,8,0000000000000000100000000000000101100111000110000000000000000000
9802,38998,38.041033,260,8,0000000000000000000000000000000000000000000000110000101001110111
33595,39001,38.043303,1C4,8,0000011011001111000110110000000000000000000000000000000010111101
40466,38965,38.046882,0BA,5,1100011000000000000000000000000010111110
5395,39006,38.047532,25,8,0000000001111111000000000000000101101111111111110000000000011011
25602,39007,38.048205,0AA,8,0001111011110011000111100111000000011110110101000001111001001101
40467,12995,38.054372,0BA,5,0010100100000000000000000000011100101011
5396,39009,38.05752,25,8,0000000001111111000000000000000101111111111111110000000000101011
30138,39010,38.058153,24,8,0000001000111101000000011111101101000010000101101000000000111111
25603,39011,38.058321,0AA,8,0001111011110011000111100111010100011110110101110001111001001100
20494,39012,38.05918,0B4,8,0000000000000000000000000000000011011000000001000010011110111111
9803,39015,38.061044,260,8,0000000000000000000000000000000000000000000000110001010110000010
40468,25995,38.061861,0BA,5,0100111100000000000000000000000000101110
17856,39019,38.06318,226,8,0000000000000000000100000000000000000000000000000000000000000000
33596,39020,38.063418,1C4,8,0000011011010111000110110000000000000000000000000000000011000101
12557,39023,38.06735,2C1,8,0000000011111111011011011111111101010000110000000000011001001100
5397,39024,38.067601,25,8,0000000010000000000000000000000110010000000000000000000000111110
25604,39025,38.068191,0AA,8,0001111011110110000111100111001100011110110110000001111001000111
15547,39027,38.069339,1C6,8,0000000000000000100000000000000101101011000110000000000000000000
40469,26000,38.069351,0BA,5,1110000000100010101010000000000000011111
187,39028,38.07018,3B7,8,1000
16497,39029,38.073372,3F9,8,0111010100011000000000100000001010000000000000000000000000010101
40470,38999,38.07684,0BA,5,1100011000000000000000000000000010111110
5398,39032,38.077554,25,8,0000000010000000000000000000000110010000000000010000000000111111
30139,39033,38.078139,24,8,0000001000111110000000011111110101000010000101101000000001000010
25605,39034,38.078306,0AA,8,0001111011110011000111100110101100011110110101010001111001000100
20495,39035,38.079158,0B4,8,0000000000000000000000000000000011011000000001000010011110111111
11090,39037,38.080407,620,8,0001000000000000000000000000000000000000000000000000000000000000
9804,39038,38.080872,260,8,0000000000000000000000000000000000000000000000101111010001100000
1084,39039,38.081167,320,8,0000000000100000000000000000000000000000000000000000000001001011
33597,39040,38.083269,1C4,8,0000011011010010000110110000000000000000000000000000000011000000
40471,13009,38.08433,0BA,5,0010100100000000000000000000010000101000
5399,39044,38.088525,25,8,0000000010000000000000000000000110110000000000010000000001011111
25606,39045,38.089135,0AA,8,0001111011101110000111100110101100011110110100010001111001000110
43766,2599,38.090857,3BB,5,1010010100000000000000000000000000000000
40472,26019,38.091819,0BA,5,0100111100000000000000000000000000101110
17857,39048,38.092155,226,8,0000000000000000000100000000000000000000000000000000000000000000
12558,39052,38.097342,2C1,8,0000000011111111100001111111111101100000110000000000011001110110
5400,39053,38.097588,25,8,0000000010000000000000000000000110110000000000010000000001011111
30140,39054,38.098117,24,8,0000001000111110000000011111111101000010000110001000000001000110
25607,39055,38.098294,0AA,8,0001111011101100000111100110101000011110110100010001111001000111
20496,39056,38.099142,0B4,8,0000000000000000000000000000000011011100000001000010001010111110
40473,26022,38.099309,0BA,5,1110000000100010101010000000000000011111
15548,39057,38.099382,1C6,8,0000000000000000100000000000000101101110000110000000000000000000
9805,39059,38.100853,260,8,0000000000000000000000000000000000000000000000101111010001100000
33598,39061,38.103253,1C4,8,0000011011010010000110110000000000000000000000000000000011000000
40474,39026,38.106798,0BA,5,1100011000000000000000000000000010111110
5401,39065,38.107476,25,8,0000000010000000000000000000000111000000000000010000000001101111
25608,39066,38.108158,0AA,8,0001111011101100000111100110101000011110110100010001111001000011
40475,13018,38.114288,0BA,5,0010100100000000000000000000011100101011
5402,39069,38.117492,25,8,0000000010000000000000000000000111100000000010100000000010011000
30141,39070,38.11805,24,8,0000001000111110000000011111101101000010000101001000000000111110
25609,39071,38.118284,0AA,8,0001111011101100000111100110011100011110110011100001111001000001
20497,39072,38.119127,0B4,8,0000000000000000000000000000000011011100000001000001110010111000
9806,39074,38.120639,260,8,0000000000000000000000000000000000000000000000101111010001100000
40476,26039,38.121777,0BA,5,0100111100000000000000000000000000101110
17858,39077,38.123129,226,8,0000000000000000000100000000000000000000000000000000000000000000
33599,39078,38.123371,1C4,8,0000011011001010000110110000000000000000000000000000000010111000
12559,39083,38.127292,2C1,8,0000000011111111100101111111111101101010110000000000011010010000
5403,39084,38.127535,25,8,0000000010000000000000000000000111110000000010100000000010101000
21718,39085,38.127905,443,8,0100110100000010000000000010111100000110000000000000000000000000
25610,39086,38.128135,0AA,8,0001111011100111000111100110011000011110110010100001111001000010
40477,26044,38.129267,0BA,5,1110000000100010101010000000000000011111
15549,39088,38.129291,1C6,8,0000000000000000100000000000000101110001000110000000000000000000
1085,39089,38.130126,320,8,0000000000100000000000000000000000000000000000000000000001001011
40478,39060,38.136757,0BA,5,1100011000000000000000000000000010111110
5404,39091,38.13745,25,8,0000000010000000000000000000000100000000000010100000000010111000
30142,39092,38.138034,24,8,0000001000111110000000011111110101000010000101001000000001000000
25611,39093,38.138259,0AA,8,0001111011100101000111100110010100011110110010100001111001000101
20498,39094,38.13911,0B4,8,0000000000000000000000000000000011011100000001000001110010111000
9807,39096,38.140606,260,8,0000000000000000000000000000000000000000000000110000101001110111
33600,39099,38.143215,1C4,8,0000011011000010000110110000000000000000000000000000000010110000
34888,39101,38.143696,3C3,8,0100011000011110100101000100111011101110010110010000001110001000
40479,13031,38.144246,0BA,5,0010100100000000000000000000010000101000
5405,39104,38.147445,25,8,0000000010000000000000000000000100100000000010100000000011011000
25612,39105,38.148123,0AA,8,0001111011100110000111100110001000011110110011000001111001000011
17859,39109,38.151111,226,8,0000000000000000000100000000000000000000000000000000000000000000
40480,26056,38.151736,0BA,5,0100111100000000000000000000000000101110
12560,39111,38.157292,2C1,8,0000000011111111101001111111111101110100110000000000011010101010
5406,39112,38.157534,25,8,0000000010000000000000000000000100110000000011000000000011101010
30143,39113,38.158022,24,8,0000001000111110000000011111110101000010000100111000000000111111
25613,39114,38.158252,0AA,8,0001111011101000000111100110000100011110110010010001111001000000
40481,26061,38.159225,0BA,5,1110000000100010101010000000000000011111
20499,39116,38.159265,0B4,8,0000000000000000000000000000000011100000000001000001011010110110
15550,39117,38.159505,1C6,8,0000000000000000100000000000000101110010000110000000000000000000
9808,39119,38.160657,260,8,0000000000000000000000000000000000000000000000101111010001100000
33601,39121,38.163205,1C4,8,0000011011000010000110110000000000000000000000000000000010110000
40482,39087,38.166715,0BA,5,1100011000000000000000000000000010111110
5407,39125,38.167441,25,8,0000000010000000000000000000000101010000000011000000000000001010
25614,39126,38.168143,0AA,8,0001111011100111000111100110000100011110110001110001111001000000
35203,4828,38.169483,3D3,3,011011000000001000000000
40483,13035,38.174204,0BA,5,0010100100000000000000000000011100101011
5408,39130,38.177415,25,8,0000000010000000000000000000000101100000000011000000000000011010
30144,39131,38.178005,24,8,0000001000111110000000011111111101000010000100111000000001000001
25615,39132,38.178233,0AA,8,0001111011100101000111100110001000011110110001110001111001000010
20500,39133,38.17908,0B4,8,0000000000000000000000000000000011100000000001000001011010110110
7691,39134,38.179321,611,8,0010000100000000000000000001000000000000000000000011110101101100
9809,39136,38.180545,260,8,0000000000000000000000000000000000000000000000101111111101101011
40484,26077,38.181694,0BA,5,0100111100000000000000000000000000101110
17860,39139,38.183079,226,8,0000000000000000000100000000000000000000000000000000000000000000
33602,39140,38.183319,1C4,8,0000011010111000000110110000000000000000000000000000000010100110
28087,39142,38.18373,6C0,8,1110010000000000000000001110000010000000000000000000000000000000
1086,39143,38.184073,320,8,0000000000100000000000000000000000000000000000000000000001001011
12561,39145,38.187238,2C1,8,0000000011111111101110101111111101110100110000000000011010111101
5409,39146,38.187482,25,8,0000000010000001000000000000000110010000000100000000000001001111
25616,39147,38.188146,0AA,8,0001111011100110000111100110010000011110110011000001111001000001
40485,26082,38.189183,0BA,5,1110000000100010101010000000000000011111
15551,39149,38.189237,1C6,8,0000000000000000100000000000000101110010000110000000000000000000
34973,39152,38.191069,4C3,8,0000001100000000000000000000000100000000000000000000000000000000
40486,39120,38.196673,0BA,5,1100011000000000000000000000000010111110
5410,39155,38.197426,25,8,0000000010000001000000000000000110110000000100000000000001101111
30145,39156,38.197989,24,8,0000001000111110000000011111111101000010000100111000000001000001
25617,39157,38.198219,0AA,8,0001111011101000000111100110001000011110110010000001111000111100
20501,39158,38.199066,0B4,8,0000000000000000000000000000000011100000000001000001011010110110
9810,39160,38.200539,260,8,0000000000000000000000000000000000000000000000101110100001010100
33603,39161,38.203172,1C4,8,0000011010101110000110110000000000000000000000000000000010011100
40487,13051,38.204162,0BA,5,0010100100000000000000000000010000101000
5411,39165,38.20844,25,8,0000000010000001000000000000000111010000000100000000000010001111
25618,39166,38.209036,0AA,8,0001111011101000000111100110000000011110110000110001111000111011
40488,26100,38.211652,0BA,5,0100111100000000000000000000000000101110
17861,39169,38.212053,226,8,0000000000000000000100000000000000000000000000000000000000000000
12562,39173,38.217241,2C1,8,0000000011111111110001001111111101111101110000000000011011010000
5412,39174,38.217485,25,8,0000000010000001000000000000000111110000000100110000000010110010
30146,39175,38.217999,24,8,0000001000111110000000100000000001000010000100111000000001000011
25619,39176,38.218229,0AA,8,0001111011100100000111100101111100011110110000100001111000111101
20502,39177,38.219045,0B4,8,0000000000000000000000000000000011100000000001000001011010110110
40489,26107,38.219142,0BA,5,1110000000100010101010000000000000011111
15552,39178,38.219284,1C6,8,0000000000000000100000000000000101110010000110000000000000000000
9811,39180,38.220505,260,8,0000000000000000000000000000000000000000000000101111111101101011
33604,39182,38.223155,1C4,8,0000011010101110000110110000000000000000000000000000000010011100
40490,39148,38.226631,0BA,5,1100011000000000000000000000000010111110
5413,39187,38.227373,25,8,0000000010000001000000000000000100010000000100110000000011010010
25620,39188,38.228052,0AA,8,0001111011100010000111100110000000011110110001000001111000111111
31497,39189,38.228614,44D,8,0100001000000010000000000000000000000001000000000000000000000000
1087,39190,38.229038,320,8,0000000000100000000000000000000000000000000000000000000001001011
40491,13056,38.234121,0BA,5,0010100100000000000000000000011100101011
5414,39192,38.237366,25,8,0000000010000001000000000000000100110000000101000000000011110011
30147,39193,38.237978,24,8,0000001000111110000000100000000001000010000100011000000001000001
25621,39194,38.238203,0AA,8,0001111011100111000111100110001000011110110001110001111000111011
20503,39195,38.239025,0B4,8,0000000000000000000000000000000011100100000001000001011010111010
9812,39197,38.240466,260,8,0000000000000000000000000000000000000000000000101111010001100000
43572,38462,38.241421,423,2,1000100000000
40492,26118,38.24161,0BA,5,0100111100000000000000000000000000101110
17862,39201,38.243027,226,8,0000000000000000000100000000000000000000000000000000000000000000
33605,39202,38.243266,1C4,8,0000011010100010000110110000000000000000000000000000000010010000
12563,39206,38.247191,2C1,8,0000000011111111110100001111111110000000110000000000011011011111
5415,39207,38.247433,25,8,0000000010000001000000000000000101010000000101000000000000010011
25622,39208,38.248035,0AA,8,0001111011101100000111100110010100011110110000100001111000110111
40493,26124,38.2491,0BA,5,1110000000100010101010000000000000011111
15553,39210,38.249187,1C6,8,0000000000000000100000000000000101110001000110000000000000000000
40494,39181,38.256589,0BA,5,1100011000000000000000000000000010111110
5416,39214,38.257486,25,8,0000000010000001000000000000000101110000000101000000000000110011
30148,39215,38.257944,24,8,0000001000111110000000100000000101000010000011111000000001000000
25623,39216,38.258175,0AA,8,0001111011101000000111100110010100011110101111110001111000111001
20504,39217,38.259006,0B4,8,0000000000000000000000000000000011100100000001000001011010111010
9813,39219,38.260467,260,8,0000000000000000000000000000000000000000000000101111111101101011
33606,39220,38.263127,1C4,8,0000011010010000000110110000000000000000000000000000000001111110
40495,13067,38.264079,0BA,5,0010100100000000000000000000010000101000
5417,39223,38.267341,25,8,0000000010000010000000000000000110110000000101010000000001110101
25624,39224,38.268012,0AA,8,0001111011100111000111100110001000011110110000100001111000111101
17863,39227,38.271005,226,8,0000000000000000000100000000000000000000000000000000000000000000
40496,26140,38.271568,0BA,5,0100111100000000000000000000000000101110
12564,39230,38.277159,2C1,8,0000000011111111110101111111111110000100110000000000011011101010
5418,39231,38.277403,25,8,0000000010000010000000000000000111010000000101010000000010010101
30149,39232,38.277927,24,8,0000001000111110000000100000001101000010000011111000000001000010
25625,39233,38.278156,0AA,8,0001111011100111000111100110000000011110110000100001111000111100
20505,39235,38.278992,0B4,8,0000000000000000000000000000000011100100000001000001110011000000
40497,26145,38.279058,0BA,5,1110000000100010101010000000000000011111
15554,39236,38.279232,1C6,8,0000000000000000100000000000000101101110000110000000000000000000
9814,39238,38.280426,260,8,0000000000000000000000000000000000000000000000101110100001010100
1088,39240,38.281992,320,8,0000000000100000000000000000000000000000000000000000000001001011
33607,39241,38.283116,1C4,8,0000011010010000000110110000000000000000000000000000000001111110
40498,39209,38.286547,0BA,5,1100011000000000000000000000000010111110
5419,39245,38.287323,25,8,0000000010000010000000000000000111110000000101100000000010110110
25626,39246,38.288003,0AA,8,0001111011101000000111100101111100011110110000000001111000111000
40499,13077,38.294037,0BA,5,0010100100000000000000000000011100101011
5420,39250,38.297326,25,8,0000000010000010000000000000000100100000000101100000000011100110
30150,39251,38.297912,24,8,0000001000111110000000100000000101000010000011111000000001000000
25627,39252,38.298146,0AA,8,0001111011101010000111100101111100011110101111100001111000111000
20506,39253,38.298979,0B4,8,0000000000000000000000000000000011101000000001000001011010111110
9815,39255,38.300291,260,8,0000000000000000000000000000000000000000000000101111111101101011
40500,26165,38.301527,0BA,5,0100111100000000000000000000000000101110
17864,39258,38.302975,226,8,0000000000000000000100000000000000000000000000000000000000000000
33608,39259,38.303213,1C4,8,0000011001110111000110110000000000000000000000000000000001100101
12565,39263,38.307143,2C1,8,0000000011111111111000001111111110000111110000000000011011110110
5421,39264,38.307387,25,8,0000000010000010000000000000000101000000000110010000000000001001
25628,39265,38.307982,0AA,8,0001111011100111000111100101110100011110101111100001111000111011
40501,26169,38.309016,0BA,5,1110000000100010101010000000000000011111
15555,39267,38.309134,1C6,8,0000000000000000100000000000000101101011000110010000000000000000
7850,39268,38.311095,610,8,0010000000000000000010100110010011000000000000000000001101000000
40502,39239,38.316506,0BA,5,1100011000000000000000000000000010111110
5422,39270,38.317326,25,8,0000000010000010000000000000000101110000000110010000000000111001
30151,39271,38.31789,24,8,0000001000111110000000100000001101000010000100111000000001000110
25629,39272,38.318127,0AA,8,0001111011100001000111100101110000011110110000000001111000111100
20507,39274,38.318963,0B4,8,0000000000000000000000000000000011101000000001000001011010111110
9816,39276,38.320315,260,8,0000000000000000000000000000000000000000000000101111010001100000
13443,39277,38.320469,394,3,0
16498,39278,38.322627,3F9,8,0111010100011000000000100000001010000000000000000000000000010101
33609,39280,38.323079,1C4,8,0000011001011100000110110000000000000000000000000000000001001010
40503,13089,38.323995,0BA,5,0010100100000000000000000000010000101000
5423,39283,38.328319,25,8,0000000010000011000000000000000110110000000110010000000001111010
25630,39284,38.328938,0AA,8,0001111011100010000111100101110000011110110000100001111000111100
14144,39285,38.329182,442,8,0100001100000010000000000000000000000010000000000000000000000000
40504,26180,38.331485,0BA,5,0100111100000000000000000000000000101110
17865,39288,38.331951,226,8,0000000000000000000100000000000000000000000000000000000000000000
1089,39289,38.332948,320,8,0000000000100000000000000000000000000000000000000000000001001011
12566,39291,38.337109,2C1,8,0000000011111111111100001111111110010100110000000000011000010011
5424,39292,38.337347,25,8,0000000010000011000000000000000111010000000110010000000010011010
30152,39293,38.337878,24,8,0000001000111110000000100000001101000010000100011000000001000100
25631,39294,38.338115,0AA,8,0001111011100111000111100101110000011110101111110001111000111001
20508,39295,38.338947,0B4,8,0000000000000000000000000000000011101000000001000001011010111110
40505,26185,38.338974,0BA,5,1110000000100010101010000000000000011111
15556,39297,38.339375,1C6,8,0000000000000000100000000000000101101000000110010000000000000000
9817,39299,38.340254,260,8,0000000000000000000000000000000000000000000000110000101001110111
33610,39302,38.343065,1C4,8,0000011001011100000110110000000000000000000000000000000001001010
40506,39266,38.346464,0BA,5,1100011000000000000000000000000010111110
5425,39307,38.347273,25,8,0000000010000011000000000000000100000000000110110000000011001100
25632,39308,38.347952,0AA,8,0001111011100110000111100101110000011110101111010001111000110111
35350,37944,38.349022,386,7,01010100000000000000000000000000000000000000000000000000
13930,39309,38.350053,622,8,0001001000000000000000000000000000000000000000000000000000000000
40507,13095,38.353953,0BA,5,0010100100000000000000000000011100101011
5426,39312,38.35729,25,8,0000000010000011000000000000000100110000000111010000000011111110
30153,39313,38.357859,24,8,0000001000111110000000100000001101000010000100111000000001000110
25633,39314,38.358153,0AA,8,0001111011100000000111100101101000011110110001000001111000111100
20509,39315,38.358922,0B4,8,0000000000000000000000000000000011101000000001000001000110111001
9818,39317,38.360187,260,8,0000000000000000000000000000000000000000000000101111010001100000
40508,26201,38.361443,0BA,5,0100111100000000000000000000000000101110
17866,39320,38.362925,226,8,0000000000000000000100000000000000000000000000000000000000000000
33611,39321,38.363167,1C4,8,0000011001000100000110110000000000000000000000000000000000110010
12567,39324,38.367087,2C1,8,0000000011111111111111011111111110010111110000000000011000100011
5427,39325,38.367332,25,8,0000000010000011000000000000000101100000000111010000000000101110
25634,39326,38.367934,0AA,8,0001111011100010000111100101101000011110110000010001111000111111
40509,26205,38.368932,0BA,5,1110000000100010101010000000000000011111
15557,39328,38.369083,1C6,8,0000000000000000100000000000000101100111000110010000000000000000
188,39329,38.369922,3B7,8,1000
11263,39331,38.375325,4C8,8,0000100100000000000000000000000000000000000000000000000000000000
40510,39300,38.376422,0BA,5,1100011000000000000000000000000010111110
5428,39333,38.377242,25,8,0000000010000100000000000000000110110000001000010000000010000011
30154,39334,38.377842,24,8,0000001000111110000000100000000001000010000100111000000001000011
25635,39335,38.378156,0AA,8,0001111011100010000111100101101000011110110000000001111000111111
20510,39336,38.378907,0B4,8,0000000000000000000000000000000011101100000001000001000110111101
9819,39338,38.380067,260,8,0000000000000000000000000000000000000000000000110000101001110111
11091,39339,38.380317,620,8,0001000000000000000000000000000000000000000000000000000000000000
1090,39340,38.380905,320,8,0000000000100000000000000000000000000000000000000000000001001011
33612,39341,38.383029,1C4,8,0000011001000100000110110000000000000000000000000000000000110010
40511,13111,38.383911,0BA,5,0010100100000000000000000000010000101000
5429,39345,38.387233,25,8,0000000010000100000000000000000111100000001000010000000010110011
25636,39346,38.38791,0AA,8,0001111011011111000111100101101000011110110000100001111000111010
43767,38512,38.388442,3BB,5,0111000000000000000000001010010100000000
17867,39350,38.3909,226,8,0000000000000000000100000000000000000000000000000000000000000000
40512,26224,38.391401,0BA,5,0100111100000000000000000000000000101110
12568,39353,38.397089,2C1,8,0000000000000000000000111111111110100000110000000000011100110100
5430,39354,38.397326,25,8,0000000010000100000000000000000100100000001000010000000011110011
31668,39355,38.397702,389,8,0000000000100000000000000000000000000000000000000000000000000000
30155,39356,38.39794,24,8,0000001000111110000000011111111101000010000101001000000001000010
25637,39357,38.398179,0AA,8,0001111011011100000111100101101000011110110000000001111000111010
20511,39358,38.398885,0B4,8,0000000000000000000000000000000011101100000001000001000110111101
40513,26228,38.398891,0BA,5,1110000000100010101010000000000000011111
15558,39359,38.399122,1C6,8,0000000000000000100000000000000101100111000110010000000000000000
9820,39361,38.400053,260,8,0000000000000000000000000000000000000000000000110001010110000010
33613,39363,38.403017,1C4,8,0000011000110000000110110000000000000000000000000000000000011110
40514,39327,38.40638,0BA,5,1100011000000000000000000000000010111110
5431,39368,38.407215,25,8,0000000010000100000000000000000101010000001000110000000000100101
25638,39369,38.40789,0AA,8,0001111011011011000111100101011100011110101111110001111000111100
40515,13116,38.41387,0BA,5,0010100100000000000000000000011100101011
5432,39372,38.417209,25,8,0000000010000101000000000000000110100000001000110000000001110110
30156,39373,38.417835,24,8,0000001000111110000000011111110101000010000101101000000001000010
25639,39374,38.418117,0AA,8,0001111011011101000111100101011100011110101111110001111000111111
20512,39375,38.418875,0B4,8,0000000000000000000000000000000011101100000001000001000110111101
9821,39377,38.420043,260,8,0000000000000000000000000000000000000000000000110001010110000010
40516,26239,38.421359,0BA,5,0100111100000000000000000000000000101110
17868,39382,38.422873,226,8,0000000000000000000100000000000000000000000000000000000000000000
33614,39383,38.423117,1C4,8,0000011000100101000110110000000000000000000000000000000000010011
12569,39386,38.427036,2C1,8,0000000011111111111001111111111110101101110000000000011100100100
5433,39387,38.427275,25,8,0000000010000101000000000000000111100000001001100000000010111001
21719,39388,38.427668,443,8,0100110100000010000000000010111100000110000000000000000000000000
25640,39389,38.427895,0AA,8,0001111011100010000111100101011100011110101111010001111000111010
13675,39390,38.428188,4B7,8,1110001111011111001000001111000000000000111010100000000100001000
40517,26244,38.428849,0BA,5,1110000000100010101010000000000000011111
15559,39392,38.429032,1C6,8,0000000000000000100000000000000101100111000110010000000000000000
35204,39170,38.429139,3D3,3,111001010000000001001101
1091,39393,38.429867,320,8,0000000000100000000000000000000000000000000000000000000001001011
40518,39362,38.436338,0BA,5,1100011000000000000000000000000010111110
5434,39395,38.437222,25,8,0000000010000101000000000000000100100000001001100000000011111001
30157,39397,38.43782,24,8,0000001000111111000000011111110101000010000101001000000001000001
25641,39398,38.438047,0AA,8,0001111011100000000111100101011100011110101111010001111000110111
20513,39399,38.438865,0B4,8,0000000000000000000000000000000011110000000001000001000111000001
9822,39401,38.440023,260,8,0000000000000000000000000000000000000000000000110010110010011001
33615,39403,38.442988,1C4,8,0000011000100101000110110000000000000000000000000000000000010011
40519,13128,38.443828,0BA,5,0010100100000000000000000000010000101000
5435,39406,38.44719,25,8,0000000010000101000000000000000101110000001100100000000001010101
25642,39408,38.447859,0AA,8,0001111011011101000111100101010100011110101111010001111000111010
17869,39411,38.450853,226,8,0000000000000000000100000000000000000000000000000000000000000000
40520,26263,38.451317,0BA,5,0100111100000000000000000000000000101110
12570,39414,38.457035,2C1,8,0000000011111111111010101111111110110100110000000000100100110000
5436,39415,38.457273,25,8,0000000010000110000000000000000111000000001011010000000010100001
299,39416,38.457659,38F,8,0000000100000000000000000000000000000000000000000000000000000000
30158,39417,38.457895,24,8,0000001000111111000000011111111101000010000101101000000001000101
25643,39418,38.458126,0AA,8,0001111011011001000111100101001000011110101111110001111000111100
40521,26268,38.458807,0BA,5,1110000000100010101010000000000000011111
20514,39419,38.458845,0B4,8,0000000000000000000000000000000011110000000001000001000111000001
15560,39420,38.459084,1C6,8,0000000000000000100000000000000101100101000110010000000000000000
9823,39422,38.460006,260,8,0000000000000000000000000000000000000000000000110100001010101111
33616,39424,38.462966,1C4,8,0000011000011110000110110000000000000000000000000000000000001100
40522,39391,38.466296,0BA,5,1100011000000000000000000000000010111110
5437,39428,38.46718,25,8,0000000010000110000000000000000100010000001100100000000011110110
25644,39429,38.467868,0AA,8,0001111011011100000111100101001000011110101111100001111000111010
40523,13138,38.473786,0BA,5,0010100100000000000000000000011100101011
5438,39433,38.477159,25,8,0000000010000110000000000000000101010000001011010000000000110001
30159,39434,38.477769,24,8,0000001000111111000000011111101101000010000101101000000001000001
25645,39435,38.477994,0AA,8,0001111011011101000111100101001000011110101110110001111000110111
20515,39436,38.478832,0B4,8,0000000000000000000000000000000011110000000001000000101110111011
9824,39438,38.479991,260,8,0000000000000000000000000000000000000000000000110101100011000101
40524,26286,38.481276,0BA,5,0100111100000000000000000000000000101110
17870,39441,38.482823,226,8,0000000000000000000100000000000000000000000000000000000000000000
33617,39442,38.483064,1C4,8,0000011000011110000110110000000000000000000000000000000000001100
28088,39444,38.483472,6C0,8,1110010000000000000000001110000010000000000000000000000000000000
1092,39445,38.483818,320,8,0000000000100000000000000000000000000000000000000000000001001011
12571,39448,38.486989,2C1,8,0000000011111111111100001111111111000000110000000000101001000011
5439,39449,38.48723,25,8,0000000010000111000000000000000111000000001111000000000010110001
34732,39450,38.487684,380,8,0
25646,39451,38.487914,0AA,8,0001111011011100000111100101001000011110101110100001111000110101
40525,26290,38.488765,0BA,5,1110000000100010101010000000000000011111
15561,39454,38.488983,1C6,8,0000000000000000100000000000000101100010000110010000000000000000
40526,39423,38.496255,0BA,5,1100011000000000000000000000000010111110
5440,39457,38.497171,25,8,0000000010000111000000000000000100000000001100100000000011100111
30160,39458,38.49775,24,8,0000001000111110000000011111110101000010000110001000000001000100
25647,39459,38.497975,0AA,8,0001111011010110000111100101001000011110101110010001111000110111
20516,39460,38.49881,0B4,8,0000000000000000000000000000000011110100000001000000101110111111
9825,39462,38.499971,260,8,0000000000000000000000000000000000000000000000110110001111010000
33618,39464,38.503041,1C4,8,0000011000010111000110110000000000000000000000000000000000000101
40527,13151,38.503744,0BA,5,0010100100000000000000000000010000101000
5441,39467,38.507134,25,8,0000000010000111000000000000000101100000001111000000000001010001
25648,39468,38.507811,0AA,8,0001111011010011000111100101001000011110101111010001111000110111
17871,39471,38.510801,226,8,0000000000000000000100000000000000000000000000000000000000000000
40528,26303,38.511234,0BA,5,0100111100000000000000000000000000101110
12572,39474,38.516989,2C1,8,0000000011111111111011011111111111000000110000000000101001000000
5442,39475,38.517227,25,8,0000000010001000000000000000000111000000001100100000000010101000
30161,39476,38.517736,24,8,0000001000111111000000011111110101000010000110001000000001000101
25649,39477,38.517963,0AA,8,0001111011011000000111100101000000011110101111010001111000110010
40529,26309,38.518723,0BA,5,1110000000100010101010000000000000011111
20517,39478,38.518791,0B4,8,0000000000000000000000000000000011110100000001000000010110111001
15562,39479,38.519031,1C6,8,0000000000000000100000000000000101011111000110100000000000000000
9826,39482,38.519958,260,8,0000000000000000000000000000000000000000000000111000010111110010
33619,39484,38.522922,1C4,8,0000011000010011000110110000000000000000000000000000000000000001
40530,39453,38.526213,0BA,5,1100011000000000000000000000000010111110
5443,39488,38.52712,25,8,0000000010001000000000000000000100100000001111000000000000010010
25650,39489,38.527797,0AA,8,0001111011011011000111100101000000011110101110000001111000110000
31498,39490,38.528036,44D,8,0100001000000010000000000000000000000001000000000000000000000000
1093,39491,38.528785,320,8,0000000000100000000000000000000000000000000000000000000001001011
40531,13156,38.533702,0BA,5,0010100100000000000000000000011100101011
5444,39495,38.537113,25,8,0000000010001001000000000000000110010000001111000000000010000011
30162,39496,38.537719,24,8,0000001000111111000000011111110101000010000110001000000001000101
25651,39497,38.537946,0AA,8,0001111011011000000111100100110100011110101100110001111000110000
20518,39499,38.538779,0B4,8,0000000000000000000000000000000011110100000001000000101110111111
9827,39501,38.539942,260,8,0000000000000000000000000000000000000000000000111000010111110010
40532,26329,38.541192,0BA,5,0100111100000000000000000000000000101110
17872,39504,38.542773,226,8,0000000000000000000100000000000000000000000000000000000000000000
33620,39505,38.543013,1C4,8,0000011000010011000110110000000000000000000000000000000000000001
12573,39509,38.546937,2C1,8,0000000011111111111101111111111111001101110000000000101101011000
5445,39510,38.547179,25,8,0000000010001001000000000000000111110000001111000000000011100011
25652,39511,38.547782,0AA,8,0001111011010100000111100100110100011110101101010001111000110000
40533,26332,38.548681,0BA,5,1110000000100010101010000000000000011111
15563,39513,38.548936,1C6,8,0000000000000000100000000000000101011101000110100000000000000000
40534,39483,38.556171,0BA,5,1100011000000000000000000000000010111110
5446,39516,38.557118,25,8,0000000010001001000000000000000101000000001100100000000000101001
30163,39517,38.557702,24,8,0000001000111111000000011111110101000010000110001000000001000101
25653,39518,38.557928,0AA,8,0001111011010010000111100100110100011110101110100001111000110010
20519,39519,38.558758,0B4,8,0000000000000000000000000000000011110100000001000000010110111001
9828,39520,38.559644,260,8,0000000000000000000000000000000000000000000000110110001111010000
33621,39522,38.562891,1C4,8,0000011000001111000110110000000000000000000000000000000011111101
40535,13171,38.563661,0BA,5,0010100100000000000000000000010000101000
5447,39525,38.567084,25,8,0000000010001010000000000000000110110000001111000000000010100100
25654,39526,38.567757,0AA,8,0001111011010110000111100101000000011110101110110001111000101101
17873,39530,38.570753,226,8,0000000000000000000100000000000000000000000000000000000000000000
40536,26349,38.57115,0BA,5,0100111100000000000000000000000000101110
16499,39532,38.572878,3F9,8,0111010100011000000000100000001010000000000000000000000000010101
43573,2592,38.576872,423,2,11100000000
12574,39535,38.576919,2C1,8,0000000000000000000100001111111111110000110000000000110010010110
5448,39536,38.577163,25,8,0000000010001010000000000000000100010000001111000000000000000100
30164,39537,38.577689,24,8,0000001001000000000000011111101101000010000101001000000001000000
25655,39538,38.577913,0AA,8,0001111011010110000111100100110100011110101101100001111000101010
40537,26354,38.57864,0BA,5,1110000000100010101010000000000000011111
20520,39539,38.578741,0B4,8,0000000000000000000000000000000011111000000001000000010110111101
15564,39540,38.578978,1C6,8,0000000000000000100000000000000101011101000110100000000000000000
9829,39541,38.579633,260,8,0000000000000000000000000000000000000000000000110011011110100100
1094,39544,38.581738,320,8,0000000000100000000000000000000000000000000000000000000001001011
14254,39545,38.582735,60.0,8,1010000100000000000000000000000000000000011100000000000000000000
33622,39546,38.582976,1C4,8,0000011000001110000110110000000000000000000000000000000011111100
40538,39512,38.586129,0BA,5,1100011000000000000000000000000010111110
5449,39551,38.587068,25,8,0000000010001010000000000000000101110000001111000000000001100100
25656,39552,38.587745,0AA,8,0001111011010011000111100100101100011110101101000001111000101001
40539,13176,38.593619,0BA,5,0010100100000000000000000000011100101011
5450,39555,38.597086,25,8,0000000010001011000000000000000111110000010001100000000011101111
30165,39556,38.59767,24,8,0000001001000001000000011111111101000010000101101000000001000111
25657,39557,38.597897,0AA,8,0001111011001010000111100100011000011110101110000001111000101100
20521,39558,38.598724,0B4,8,0000000000000000000000000000000011111000000001000000010110111101
9830,39559,38.599461,260,8,0000000000000000000000000000000000000000000000110110111011011011
40540,26366,38.601108,0BA,5,0100111100000000000000000000000000101110
7751,39564,38.602543,435,8,1000000000000101000001011111111111100000001111110000000000000011
17874,39565,38.602791,226,8,0000000000000000000100000000000000000000000000000000000000000000
33623,39566,38.603033,1C4,8,0000011000001110000110110000000000000000000000000000000011111100
12575,39570,38.606885,2C1,8,0000000000000000001000110000000000001100110000000000110011000110
5451,39571,38.607126,25,8,0000000010001011000000000000000101010000001111000000000001000101
25658,39572,38.607727,0AA,8,0001111011001001000111100100011000011110101101100001111000101100
40541,26371,38.608598,0BA,5,1110000000100010101010000000000000011111
15565,39574,38.60888,1C6,8,0000000000000000100000000000000101011101000110100000000000000000
10941,39575,38.609539,436,8,0
40542,39543,38.616087,0BA,5,1100011000000000000000000000000010111110
5452,39577,38.617077,25,8,0000000010001100000000000000000110110000001100100000000010011100
30166,39579,38.617679,24,8,0000001001000001000000011111101101000010000101101000000001000011
25659,39580,38.617911,0AA,8,0001111011001010000111100100010000011110101101100001111000101000
20522,39581,38.618711,0B4,8,0000000000000000000000000000000011111000000001000000000010111000
9831,39582,38.619456,260,8,0000000000000000000000000000000000000000000000110101100011000101
13444,39583,38.619609,394,3,0
33624,39585,38.622839,1C4,8,0000011000010101000110110000000000000000000000000000000000000011
40543,13188,38.623577,0BA,5,0010100100000000000000000000010000101000
5453,39588,38.628129,25,8,0000000010001100000000000000000100100000001111110000000000011001
14145,39589,38.62867,442,8,0100001100000010000000000000000000000010000000000000000000000000
25660,39590,38.628894,0AA,8,0001111011001101000111100100000100011110101100110001111000100100
40544,26386,38.631066,0BA,5,0100111100000000000000000000000000101110
17875,39593,38.631698,226,8,0000000000000000000100000000000000000000000000000000000000000000
1095,39594,38.632696,320,8,0000000000100000000000000000000000000000000000000000000001001011
12576,39597,38.636888,2C1,8,0000000000000000001101100000000000100000110000000000110011101101
5454,39598,38.637127,25,8,0000000010001100000000000000000101110000001101110000000001100001
13807,39599,38.637517,434,8,0100001000000000000000000000000000000000000000000000000000000000
30167,39600,38.637757,24,8,0000001001000001000000011111100001000010000101001000000000111110
25661,39601,38.637982,0AA,8,0001111011001011000111100011111100011110101100010001111000100011
40545,26389,38.638556,0BA,5,1110000000100010101010000000000000011111
20523,39602,38.638686,0B4,8,0000000000000000000000000000000011111100000000111111101010110101
15566,39603,38.638925,1C6,8,0000000000000000100000000000000101011101000110100000000000000000
9832,39604,38.639428,260,8,0000000000000000000000000000000000000000000000110011011110100100
33625,39609,38.64283,1C4,8,0000011000010101000110110000000000000000000000000000000000000011
34889,39611,38.643223,3C3,8,0100011000011110100101000100111011101110010110010000001110001000
28198,39613,38.644656,437,8,1111110011111111111111111111111111111111111111111111111111111111
40546,39573,38.646046,0BA,5,1100011000000000000000000000000010111110
5455,39615,38.647017,25,8,0000000010001101000000000000000111010000001100100000000010111101
25662,39616,38.64771,0AA,8,0001111011000100000111100011111100011110101101000001111000100011
40547,13200,38.653535,0BA,5,0010100100000000000000000000011100101011
5456,39619,38.657006,25,8,0000000010001101000000000000000100100000001100100000000000001101
30168,39620,38.657622,24,8,0000001001000001000000011111101001000010000110001000000001000100
25663,39621,38.657853,0AA,8,0001111011000100000111100100000100011110101011110001111000100011
20524,39622,38.65867,0B4,8,0000000000000000000000000000000011111100000000111111101010110101
9833,39623,38.659323,260,8,0000000000000000000000000000000000000000000000110100110110111010
40548,26408,38.661025,0BA,5,0100111100000000000000000000000000101110
17876,39627,38.662671,226,8,0000000000000000000100000000000000000000000000000000000000000000
33626,39628,38.662911,1C4,8,0000011000100100000110110000000000000000000000000000000000010010
12577,39632,38.666919,2C1,8,0000000000000000010011000000000000110110110000000000110000011001
5457,39633,38.667155,25,8,0000000010001101000000000000000101110000001011010000000001011000
25664,39635,38.667676,0AA,8,0001111011000111000111100011111100011110101010100001111000100000
40549,26415,38.668514,0BA,5,1110000000100010101010000000000000011111
15567,39637,38.668833,1C6,8,0000000000000000100000000000000101100000000110100000000000000000
189,39638,38.66967,3B7,8,1000
40550,39606,38.676004,0BA,5,1100011000000000000000000000000010111110
5458,39641,38.677017,25,8,0000000010001110000000000000000111000000001011000000000010101000
30169,39642,38.677607,24,8,0000001001000010000000011111100001000010000101001000000000111111
25665,39643,38.677833,0AA,8,0001111011000111000111100011101000011110101010100001111000011101
20525,39644,38.678657,0B4,8,0000000000000000000000000000000011111100000000111111010110110000
13869,39645,38.679199,4C6,8,0000011100000000000000110000000000000000000000000000000000000000
9834,39646,38.679441,260,8,0000000000000000000000000000000000000000000000110011011110100100
31284,39648,38.679857,4A6,8,0000000000000000000000000000000000000000000011000000000000000000
11092,39649,38.680124,620,8,0001000000000000000000000000000000000000000000000000000000000000
1096,39650,38.680655,320,8,0000000000100000000000000000000000000000000000000000000001001011
33627,39651,38.682794,1C4,8,0000011000111010000110110000000000000000000000000000000000101000
40551,13215,38.683493,0BA,5,0010100100000000000000000000010000101000
43768,1328,38.686027,3BB,5,1011101100000000000000000000000000100110
5459,39655,38.688011,25,8,0000000010001110000000000000000100000000001010010000000011100101
25666,39656,38.688634,0AA,8,0001111011000101000111100011111100011110101010100001111000011100
35205,4891,38.688796,3D3,3,011011000000001000000000
40552,26428,38.690983,0BA,5,0100111100000000000000000000000000101110
17877,39659,38.691649,226,8,0000000000000000000100000000000000000000000000000000000000000000
12578,39662,38.696805,2C1,8,0000000000000000011001100000000001011100110000000000110001011001
5460,39663,38.697047,25,8,0000000010001110000000000000000100110000001001100000000000010010
30170,39664,38.697593,24,8,0000001001000010000000011111101001000010000101001000000001000001
25667,39665,38.697821,0AA,8,0001111011000011000111100100000100011110101010000001111000011100
40553,26433,38.698472,0BA,5,1110000000100010101010000000000000011111
20526,39666,38.698639,0B4,8,0000000000000000000000000000000011111100000000111111010110110000
15568,39667,38.698877,1C6,8,0000000000000000100000000000000101100011000110100000000000000000
9835,39669,38.699487,260,8,0000000000000000000000000000000000000000000000110011011110100100
33628,39672,38.702772,1C4,8,0000011000111010000110110000000000000000000000000000000000101000
40554,39636,38.705962,0BA,5,1100011000000000000000000000000010111110
5461,39677,38.706967,25,8,0000000010001110000000000000000101100000001001100000000001000010
25668,39678,38.707645,0AA,8,0001111011000011000111100011110000011110101001000001111000011100
40555,13218,38.713451,0BA,5,0010100100000000000000000000011100101011
5462,39681,38.716982,25,8,0000000010001111000000000000000110010000000111010000000001101010
30171,39682,38.717577,24,8,0000001001000010000000011111100001000010000100111000000000111110
25669,39683,38.717811,0AA,8,0001111011000101000111100011110000011110101001000001111000011001
20527,39684,38.71862,0B4,8,0000000000000000000000000000000000000000000000111111010110110100
9836,39685,38.719265,260,8,0000000000000000000000000000000000000000000000110011011110100100
40556,26449,38.720941,0BA,5,0100111100000000000000000000000000101110
17878,39689,38.72262,226,8,0000000000000000000100000000000000000000000000000000000000000000
33629,39690,38.722858,1C4,8,0000011001010011000110110000000000000000000000000000000001000001
12579,39693,38.726781,2C1,8,0000000000000000011100110000000001110011110000000000110001111101
5463,39694,38.727021,25,8,0000000010001111000000000000000111000000000111010000000010011010
21720,39695,38.727429,443,8,0100110100000010000000000010111100000110000000000000000000000000
25670,39696,38.727654,0AA,8,0001111011000111000111100011101100011110101000100001111000010100
40557,26453,38.728431,0BA,5,1110000000100010101010000000000000011111
15569,39698,38.728779,1C6,8,0000000000000000100000000000000101100110000110100000000000000000
1097,39699,38.729613,320,8,0000000000100000000000000000000000000000000000000000000001001011
13615,39703,38.732594,4DD,8,0001111000000000000000000000000000000000000000000000000000000000
40558,39671,38.73592,0BA,5,1100011000000000000000000000000010111110
5464,39705,38.736973,25,8,0000000010001111000000000000000111100000000101000000000010110001
30172,39706,38.737561,24,8,0000001001000010000000011111101001000010000101001000000001000001
25671,39707,38.73779,0AA,8,0001111011000100000111100011101000011110100111110001111000010100
20528,39708,38.738605,0B4,8,0000000000000000000000000000000000000000000000111111010110110100
9837,39709,38.739222,260,8,0000000000000000000000000000000000000000000000110100001010101111
33630,39712,38.742747,1C4,8,0000011001101000000110110000000000000000000000000000000001010110
40559,13233,38.74341,0BA,5,0010100100000000000000000000010000101000
5465,39715,38.746942,25,8,0000000010001111000000000000000111110000000101000000000011000001
13996,39716,38.747429,38E,8,0
25672,39717,38.747657,0AA,8,0001111011000100000111100011101100011110100111010001111000010111
17879,39721,38.750599,226,8,0000000000000000000100000000000000000000000000000000000000000000
40560,26470,38.750899,0BA,5,0100111100000000000000000000000000101110
12580,39723,38.756783,2C1,8,0000000000000000100000110000000010000110110000000000110010100000
5466,39724,38.757025,25,8,0000000010001111000000000000000100000000000101000000000011010001
30173,39725,38.757545,24,8,0000001001000010000000011111110101000010000101001000000001000100
25673,39726,38.757772,0AA,8,0001111011000111000111100011110000011110100111100001111000010111
40561,26474,38.758389,0BA,5,1110000000100010101010000000000000011111
20529,39727,38.758591,0B4,8,0000000000000000000000000000000000000000000000111111010110110100
15570,39728,38.758828,1C6,8,0000000000000000100000000000000101101100000110100000000000000000
9838,39729,38.75923,260,8,0000000000000000000000000000000000000000000000110001010110000010
33631,39732,38.762736,1C4,8,0000011001101000000110110000000000000000000000000000000001010110
40562,39697,38.765878,0BA,5,1100011000000000000000000000000010111110
5467,39737,38.766916,25,8,0000000010001111000000000000000100000000000100000000000011001101
25674,39738,38.767596,0AA,8,0001111011000101000111100011101100011110100111000001111000010010
40563,13240,38.773368,0BA,5,0010100100000000000000000000011100101011
5468,39741,38.776905,25,8,0000000010001111000000000000000100010000000011000000000011011001
30174,39742,38.777527,24,8,0000001001000010000000011111110101000010000100111000000001000011
25675,39743,38.777753,0AA,8,0001111011000001000111100011011100011110100110010001111000010010
20530,39744,38.778569,0B4,8,0000000000000000000000000000000000000100000000111111010110111000
9839,39745,38.779154,260,8,0000000000000000000000000000000000000000000000101101110101001001
40564,26488,38.780857,0BA,5,0100111100000000000000000000000000101110
28089,39750,38.782201,6C0,8,1110010000000000000000001110000010000000000000000000000000000000
17880,39751,38.782571,226,8,0000000000000000000100000000000000000000000000000000000000000000
33632,39752,38.782812,1C4,8,0000011001110111000110110000000000000000000000000000000001100101
1098,39754,38.783564,320,8,0000000000100000000000000000000000000000000000000000000001001011
12581,39756,38.786731,2C1,8,0000000000000000100100000000000010011100110000000000110011000011
5469,39757,38.786973,25,8,0000000010001111000000000000000100010000000010100000000011010111
25676,39758,38.787583,0AA,8,0001111010111100000111100011001100011110100110010001111000010010
40565,26495,38.788347,0BA,5,1110000000100010101010000000000000011111
15571,39760,38.788728,1C6,8,0000000000000000100000000000000101110010000110010000000000000000
40566,39731,38.795836,0BA,5,1100011000000000000000000000000010111110
5470,39763,38.796918,25,8,0000000010001111000000000000000100010000000010000000000011010101
30175,39765,38.797543,24,8,0000001001000010000000011111111101000010000100111000000001000101
25677,39766,38.797766,0AA,8,0001111010111011000111100011001100011110100110110001111000010011
20531,39768,38.798556,0B4,8,0000000000000000000000000000000000000100000000111110111110110010
9840,39769,38.79912,260,8,0000000000000000000000000000000000000000000000101110100001010100
33633,39771,38.802697,1C4,8,0000011001110111000110110000000000000000000000000000000001100101
40567,13252,38.803326,0BA,5,0010100100000000000000000000010000101000
5471,39774,38.806881,25,8,0000000010001111000000000000000100010000000001110000000011010100
13741,39775,38.807381,3A5,8,100000000
25678,39776,38.807605,0AA,8,0001111011000010000111100011011000011110100111100001111000010011
17881,39779,38.810548,226,8,0000000000000000000100000000000000000000000000000000000000000000
40568,26513,38.810815,0BA,5,0100111100000000000000000000000000101110
7851,39780,38.811434,610,8,0010000000000000000010100110010011000000000000000000001101000000
12582,39783,38.816729,2C1,8,0000000000000000100110010000000010101001110000000000110011011001
5472,39784,38.816969,25,8,0000000010001111000000000000000100010000000001100000000011010011
30176,39785,38.817525,24,8,0000001001000010000000011111101101000010000100111000000001000001
25679,39786,38.817754,0AA,8,0001111011000010000111100011011000011110100111000001111000001111
40569,26517,38.818305,0BA,5,1110000000100010101010000000000000011111
20532,39787,38.818537,0B4,8,0000000000000000000000000000000000000100000000111110100110101100
15572,39788,38.818776,1C6,8,0000000000000000100000000000000101111000000110010000000000000000
9841,39789,38.819114,260,8,0000000000000000000000000000000000000000000000101100011100110011
16500,39792,38.822364,3F9,8,0111010100011000000000100000001010000000000000000000000000010101
33634,39793,38.822679,1C4,8,0000011010000110000110110000000000000000000000000000000001110100
31349,39795,38.823421,640,8,1010100000000000000000000011011100000001111000000000000000000000
40570,39759,38.825795,0BA,5,1100011000000000000000000000000010111110
5473,39798,38.827891,25,8,0000000010001111000000000000000100010000000001010000000011010010
25680,39799,38.828516,0AA,8,0001111010111111000111100011001000011110100101010001111000001101
1099,39800,38.829531,320,8,0000000000100000000000000000000000000000000000000000000001001011
31499,39802,38.83207,44D,8,0100001000000010000000000000000000000001000000000000000000000000
40571,13262,38.833284,0BA,5,0010100100000000000000000000011100101011
5474,39805,38.836852,25,8,0000000010001111000000000000000100010000000001010000000011010010
35035,39806,38.837356,413,8,0000000100000001000000010000100100000000000000000000000000000000
30177,39807,38.837592,24,8,0000001001000011000000011111111101000010000100111000000001000110
25681,39808,38.837824,0AA,8,0001111010111010000111100010111000011110100110100001111000001110
20533,39809,38.838524,0B4,8,0000000000000000000000000000000000000100000000111110111110110010
9842,39810,38.838817,260,8,0000000000000000000000000000000000000000000000101011000100011101
40572,26533,38.840774,0BA,5,0100111100000000000000000000000000101110
17882,39814,38.84252,226,8,0000000000000000000100000000000000000000000000000000000000000000
33635,39815,38.842759,1C4,8,0000011010010110000110110000000000000000000000000000000010000100
12583,39820,38.84686,2C1,8,0000000000000000101010010000000010101100110000000000110011101100
5475,39821,38.847099,25,8,0000000010001111000000000000000100010000000001000000000011010001
25682,39822,38.847536,0AA,8,0001111010111100000111100010111100011110100111010001111000010000
40573,26537,38.848263,0BA,5,1110000000100010101010000000000000011111
15573,39824,38.848682,1C6,8,0000000000000000100000000000000101111101000110010000000000000000
40574,39791,38.855753,0BA,5,1100011000000000000000000000000010111110
5476,39826,38.85687,25,8,0000000010001111000000000000000100010000000001000000000011010001
30178,39827,38.857468,24,8,0000001001000010000000011111111101000010000100111000000001000101
25683,39828,38.857694,0AA,8,0001111011000011000111100011001000011110100111010001111000001101
20534,39829,38.858501,0B4,8,0000000000000000000000000000000000001000000000111110100110110000
9843,39830,38.858772,260,8,0000000000000000000000000000000000000000000000101010010100010001
33636,39833,38.862832,1C4,8,0000011010010110000110110000000000000000000000000000000010000100
40575,13275,38.863242,0BA,5,0010100100000000000000000000010000101000
5477,39837,38.866832,25,8,0000000010001111000000000000000100010000000000110000000011010000
25684,39838,38.86751,0AA,8,0001111011000101000111100011001000011110100110000001111000001011
17883,39841,38.870499,226,8,0000000000000000000100000000000000000000000000000000000000000000
40576,26548,38.870732,0BA,5,0100111100000000000000000000000000101110
12584,39843,38.876684,2C1,8,0000000000000000101100000000000010110011110000000000110011111010
5478,39844,38.876925,25,8,0000000010001111000000000000000100010000000000110000000011010000
30179,39845,38.877453,24,8,0000001001000010000000011111111101000010000100111000000001000101
25685,39846,38.877686,0AA,8,0001111011000001000111100011000100011110100110000001111000001000
40577,26553,38.878221,0BA,5,1110000000100010101010000000000000011111
20535,39847,38.878485,0B4,8,0000000000000000000000000000000000001000000000111110100110110000
15574,39848,38.878726,1C6,8,0000000000000000100000000000000110000000000110010000000000000000
9844,39849,38.878969,260,8,0000000000000000000000000000000000000000000000101010010100010001
1100,39853,38.881486,320,8,0000000000100000000000000000000000000000000000000000000001001011
33637,39854,38.882641,1C4,8,0000011010100111000110110000000000000000000000000000000010010101
40578,39823,38.885711,0BA,5,1100011000000000000000000000000010111110
5479,39858,38.886819,25,8,0000000010001111000000000000000100010000000000110000000011010000
25686,39859,38.887494,0AA,8,0001111010111100000111100011001100011110100110010001111000001101
16321,39861,38.89184,4C1,8,0000000100000000000000010000000100000000000000000000000000000000
40579,13279,38.8932,0BA,5,0010100100000000000000000000011100101011
5480,39864,38.896805,25,8,0000000010001111000000000000000100010000000000110000000011010000
30180,39865,38.897434,24,8,0000001001000011000000100000000101000010000101001000000001001010
25687,39866,38.897664,0AA,8,0001111011000100000111100011101100011110100110100001111000010000
20536,39867,38.898473,0B4,8,0000000000000000000000000000000000001000000000111110111110110110
9845,39868,38.898726,260,8,0000000000000000000000000000000000000000000000101001101000000110
40580,26572,38.90069,0BA,5,0100111100000000000000000000000000101110
17884,39873,38.902466,226,8,0000000000000001000100000000000000000000000000000000000000000000
33638,39874,38.902704,1C4,8,0000011010110011000110110000000000000000000000000000000010100001
12585,39877,38.90663,2C1,8,0000000000000000101110010000000010111001110000000000110000001001
5481,39878,38.906872,25,8,0000000010001111000000000000000100010000000000100000000011001111
25688,39879,38.90748,0AA,8,0001111011001110000111100100000000011110100110010001111000001011
40581,26575,38.90818,0BA,5,1110000000100010101010000000000000011111
15575,39881,38.908632,1C6,8,0000000000000000100000000000000110000011000110010000000000000000
43574,9968,38.912323,423,2,10101000001110
40582,39852,38.915669,0BA,5,1100011000000000000000000000000010111110
5482,39884,38.916821,25,8,0000000010001111000000000000000100010000000000100000000011001111
30181,39885,38.917422,24,8,0000001001000010000000100000011001000010000100111000000001001101
25689,39886,38.917654,0AA,8,0001111011001100000111100100000000011110100101100001111000001000
20537,39887,38.918459,0B4,8,0000000000000000000000000000000000001100000000111110111110111010
9846,39888,38.918702,260,8,0000000000000000000000000000000000000000000000101001101000000110
13445,39889,38.918856,394,3,0
27837,39891,38.920455,420,8,0000000000000000000000000000000011111111000000001000000010101011
33639,39893,38.922602,1C4,8,0000011010110011000110110000000000000000000000000000000010100001
40583,13295,38.923159,0BA,5,0010100100000000000000000000010000101000
5483,39896,38.926785,25,8,0000000010001111000000000000000100010000000000100000000011001111
25690,39898,38.927463,0AA,8,0001111011001100000111100011110100011110100101100001111000001101
17885,39902,38.93045,226,8,0000000000000000000100000000000000000000000000000000000000000000
40584,26592,38.930648,0BA,5,0100111100000000000000000000000000101110
1101,39903,38.931445,320,8,0000000000100000000000000000000000000000000000000000000001001011
12586,39905,38.936633,2C1,8,0000000000000000110000110000000010111100110000000000110000010110
5484,39906,38.936875,25,8,0000000010001111000000000000000100010000000000100000000011001111
30182,39907,38.937407,24,8,0000001001000011000000100000111101000010000101001000000001011000
25691,39908,38.937635,0AA,8,0001111011001100000111100011110100011110100111010001111000010100
40585,26598,38.938138,0BA,5,1110000000100010101010000000000000011111
20538,39909,38.938434,0B4,8,0000000000000000000000000000000000001100000000111111101011000101
15576,39910,38.938671,1C6,8,0000000000000000100000000000000110000110000110010000000000000000
9847,39911,38.938914,260,8,0000000000000000000000000000000000000000000000101011000100011101
14146,39913,38.94026,442,8,0100001100000010000000000000000000000010000000000000000000000000
7631,39916,38.942043,3BC,8,0
33640,39917,38.942586,1C4,8,0000011010101101000110110000000000000000000000000000000010011011
40586,39880,38.945627,0BA,5,1100011000000000000000000000000010111110
5485,39922,38.946768,25,8,0000000010001111000000000000000100010000000000100000000011001111
31608,39923,38.947014,633,8,1000000100000000000000000000000000000000000000000000000000000000
25692,39924,38.947443,0AA,8,0001111011001110000111100100000100011110101000100001111000010100
35351,37983,38.948225,386,7,11011011000000000000000000000000000001100000000000000011
43437,38008,38.948298,3000000.0,6,101011000000000000000000000000000000000000000000
35206,39702,38.948452,3D3,3,111001010000000010100101
40587,13302,38.953117,0BA,5,0010100100000000000000000000011100101011
5486,39926,38.956787,25,8,0000000010001111000000000000000100100000000000100000000011011111
30183,39927,38.957388,24,8,0000001001000011000000100001000101000010000101001000000001011010
25693,39928,38.957616,0AA,8,0001111011010010000111100100011000011110100111010001111000010010
20539,39929,38.958419,0B4,8,0000000000000000000000000000000000001100000000111111101011000101
9848,39930,38.958663,260,8,0000000000000000000000000000000000000000000000101110100001010100
40588,26610,38.960606,0BA,5,0100111100000000000000000000000000101110
17886,39935,38.96242,226,8,0000000000000000000100000000000000000000000000000000000000000000
33641,39936,38.96266,1C4,8,0000011010010010000110110000000000000000000000000000000010000000
12587,39940,38.966582,2C1,8,0000000000000000110011000000000011000000110000000000110000100011
5487,39941,38.966825,25,8,0000000010001111000000000000000100100000000000100000000011011111
27898,39942,38.96731,4DC,8,0001110100000000000000000000000000000000000000000000000000000000
25694,39943,38.967537,0AA,8,0001111011010100000111100100101000011110101000100001111000010001
40589,26616,38.968096,0BA,5,1110000000100010101010000000000000011111
15577,39945,38.968609,1C6,8,0000000000000000100000000000000110000110000110000000000000000000
190,39946,38.969422,3B7,8,1000
40590,39914,38.975585,0BA,5,1100011000000000000000000000000010111110
5488,39948,38.976755,25,8,0000000010001111000000000000000100110000000000100000000011101111
30184,39949,38.977371,24,8,0000001001000011000000100001001101000010000101101000000001011110
25695,39950,38.977605,0AA,8,0001111011011000000111100100101000011110101001000001111000010100
20540,39952,38.978403,0B4,8,0000000000000000000000000000000000001100000000111111101011000101
9849,39953,38.978647,260,8,0000000000000000000000000000000000000000000000101111111101101011
34791,39954,38.978894,4DF,8,0010000000000000000000000000000100000000000000000000000000000000
11093,39955,38.979222,620,8,0001000000000000000000000000000000000000000000000000000000000000
1102,39957,38.980405,320,8,0000000000100000000000000000000000000000000000000000000001001011
33642,39958,38.982555,1C4,8,0000011010010010000110110000000000000000000000000000000010000000
40591,13315,38.983075,0BA,5,0010100100000000000000000000010000101000
43769,2659,38.983612,3BB,5,1010010100000000000000000000000000000000
1562,39960,38.987248,6F3,8,0010000000000000000000000000000000000000000000000000000000000000
5489,39962,38.987839,25,8,0000000010001111000000000000000101000000000000100000000011111111
25696,39963,38.98838,0AA,8,0001111011011000000111100100100100011110101010010001111000011001
40592,26635,38.990565,0BA,5,0100111100000000000000000000000000101110
17887,39966,38.991399,226,8,0000000000000000000100000000000000000000000000000000000000000000
12588,39971,38.996582,2C1,8,0000000000000000110110010000000011000011110000000000110000110011
5490,39972,38.996827,25,8,0000000010001111000000000000000101010000000000100000000000001111
30185,39973,38.99736,24,8,0000001001000011000000100001010001000010000101101000000001011111
25697,39974,38.997585,0AA,8,0001111011011011000111100100100100011110101010010001111000011100
40593,26638,38.998054,0BA,5,1110000000100010101010000000000000011111
20541,39975,38.998388,0B4,8,0000000000000000000000000000000000010000000001000000000011010000
15578,39976,38.998625,1C6,8,0000000000000000100000000000000110000110000110000000000000000000
9850,39977,38.998867,260,8,0000000000000000000000000000000000000000000000101101110101001001
13555,39980,39.001894,399,8,0000000000000000000000000000000000000000111111110000000000000000
33643,39981,39.002549,1C4,8,0000011001101001000110110000000000000000000000000000000001010111
40594,39944,39.005544,0BA,5,1100011000000000000000000000000010111110
5491,39985,39.006721,25,8,0000000010001111000000000000000101110000000000100000000000101111
25698,39986,39.007388,0AA,8,0001111011011011000111100100100100011110101010100001111000011100
11203,39987,39.009337,39A,8,0000000000000000000000000000000100000000000000000000000000000000
40595,13322,39.013033,0BA,5,0010100100000000000000000000011100101011
5492,39990,39.016706,25,8,0000000010010000000000000000000110100000000011000000000001101010
30186,39991,39.017369,24,8,0000001001000011000000100001010001000010000101001000000001011101
25699,39992,39.017594,0AA,8,0001111011011011000111100100100100011110101011100001111000011101
20542,39993,39.018371,0B4,8,0000000000000000000000000000000000010000000001000000010111010101
9851,39994,39.018613,260,8,0000000000000000000000000000000000000000000000101110100001010100
40596,26655,39.020523,0BA,5,0100111100000000000000000000000000101110
39,39998,39.022364,3B1,8,0000000000000000000000100000101000000000000010000000000000000000
33644,39999,39.0226,1C4,8,0000011000111001000110110000000000000000000000000000000000100111
17888,40000,39.022849,226,8,0000000000000000000100000000000000000000000000000000000000000000
12589,40003,39.026535,2C1,8,0000000000000000111010010000000011010000110000000000101101001111
5493,40004,39.026779,25,8,0000000010010000000000000000000111000000000011000000000010001010
25700,40006,39.027372,0AA,8,0001111011011011000111100100101100011110101100010001111000011111
40597,26660,39.028012,0BA,5,1110000000100010101010000000000000011111
15579,40009,39.028528,1C6,8,0000000000000000100000000000000110000110000110000000000000000000
1103,40010,39.029365,320,8,0000000000100000000000000000000000000000000000000000000001001011
40598,39979,39.035502,0BA,5,1100011000000000000000000000000010111110
5494,40012,39.036689,25,8,0000000010010000000000000000000111100000000101100000000010110100
21721,40013,39.037188,443,8,0100110100000010000000000010111100000110000000000000000000000000
30187,40014,39.037419,24,8,0000001001000011000000100001000101000010000101001000000001011010
25701,40015,39.037644,0AA,8,0001111011011011000111100100110100011110101100100001111000100001
20543,40016,39.038356,0B4,8,0000000000000000000000000000000000010000000001000000010111010101
9852,40017,39.038597,260,8,0000000000000000000000000000000000000000000000101111010001100000
33645,40020,39.042518,1C4,8,0000011000111001000110110000000000000000000000000000000000100111
40599,13336,39.042991,0BA,5,0010100100000000000000000000010000101000
5495,40024,39.047709,25,8,0000000010010000000000000000000100100000000101100000000011110100
25702,40025,39.04833,0AA,8,0001111011011011000111100100101100011110101100110001111000100001
40600,26673,39.050481,0BA,5,0100111100000000000000000000000000101110
17889,40028,39.051348,226,8,0000000000000000000100000000000000000000000000000000000000000000
12590,40030,39.056536,2C1,8,0000000000000000111101100000000011010011110000000000101101011111
5496,40031,39.056778,25,8,0000000010010000000000000000000101010000000111010000000000101011
30188,40033,39.057315,24,8,0000001001000100000000100000110101000010000101001000000001010111
25703,40034,39.057541,0AA,8,0001111011011011000111100100100100011110101101100001111000100011
40601,26680,39.05797,0BA,5,1110000000100010101010000000000000011111
20544,40035,39.058337,0B4,8,0000000000000000000000000000000000010100000001000000010111011001
15580,40036,39.058574,1C6,8,0000000000000000100000000000000110000010000110010000000000000000
9853,40037,39.058819,260,8,0000000000000000000000000000000000000000000000110001010110000010
33646,40041,39.062505,1C4,8,0000011000001111000110110000000000000000000000000000000011111101
40602,40008,39.06546,0BA,5,1100011000000000000000000000000010111110
5497,40045,39.066668,25,8,0000000010010001000000000000000110110000001100100000000010100001
25704,40046,39.06734,0AA,8,0001111011011011000111100100100100011110101110100001111000100110
16501,40047,39.072742,3F9,8,0111010100011000000000100000001010000000000000000000000000010101
40603,13342,39.07295,0BA,5,0010100100000000000000000000011100101011
5498,40050,39.076656,25,8,0000000010010001000000000000000111110000001011010000000011011100
30189,40051,39.077297,24,8,0000001001000100000000100000110001000010000101001000000001010110
25705,40052,39.077524,0AA,8,0001111011011000000111100100100100011110101111010001111000101000
20545,40053,39.078321,0B4,8,0000000000000000000000000000000000010100000001000000010111011001
9854,40054,39.078562,260,8,0000000000000000000000000000000000000000000000110100001010101111
40604,26697,39.080439,0BA,5,0100111100000000000000000000000000101110
28090,40058,39.081508,6C0,8,1110010000000000000000001110000010000000000000000000000000000000
17890,40059,39.082323,226,8,0000000000000000000100000000000000000000000000000000000000000000
33647,40060,39.082783,1C4,8,0000011000001111000110110000000000000000000000000000000011111101
1104,40062,39.083317,320,8,0000000000100000000000000000000000000000000000000000000001001011
12591,40064,39.086484,2C1,8,0000000000000000111110010000000011010011110000000000101101100010
5499,40065,39.086724,25,8,0000000010010001000000000000000101010000001111000000000001001011
25706,40066,39.087323,0AA,8,0001111011011001000111100100101100011110101111010001111000101000
40605,26701,39.087929,0BA,5,1110000000100010101010000000000000011111
15581,40068,39.088483,1C6,8,0000000000000000100000000000000101111100000110010000000000000000
40606,40040,39.095418,0BA,5,1100011000000000000000000000000010111110
5500,40073,39.096669,25,8,0000000010010010000000000000000111000000001111000000000010111100
30190,40074,39.097285,24,8,0000001001000100000000100000011001000010000100111000000001001111
25707,40075,39.097516,0AA,8,0001111011011011000111100100101100011110101111100001111000101000
9855,40076,39.098185,260,8,0000000000000000000000000000000000000000000000110101100011000101
20546,40077,39.098422,0B4,8,0000000000000000000000000000000000010100000001000000010111011001
33648,40079,39.102467,1C4,8,0000010111110101000110110000000000000000000000000000000011100010
40607,13358,39.102908,0BA,5,0010100100000000000000000000010000101000
5501,40082,39.106637,25,8,0000000010010010000000000000000100110000010001100000000000110110
25708,40083,39.107305,0AA,8,0001111011011001000111100100100100011110101110110001111000101011
17891,40087,39.110301,226,8,0000000000000000000100000000000000000000000000000000000000000000
40608,26718,39.110397,0BA,5,0100111100000000000000000000000000101110
12592,40089,39.116482,2C1,8,0000000000000001000011000000000011011100110000000000101101111111
5502,40090,39.116722,25,8,0000000010010011000000000000000110110000010001100000000010110111
30191,40091,39.117266,24,8,0000001001000100000000100000001101000010000100111000000001001100
25709,40092,39.117496,0AA,8,0001111011011000000111100100011000011110101111000001111000101101
40609,26725,39.117887,0BA,5,1110000000100010101010000000000000011111
9856,40093,39.118175,260,8,0000000000000000000000000000000000000000000000110110111011011011
20547,40094,39.118413,0B4,8,0000000000000000000000000000000000010100000001000000010111011001
15582,40095,39.118651,1C6,8,0000000000000000100000000000000101110110000110010000000000000000
34974,40098,39.121285,4C3,8,0000001100000000000000000000000100000000000000000000000000000000
33649,40100,39.122457,1C4,8,0000010111110000000110110000000000000000000000000000000011011101
40610,40067,39.125376,0BA,5,1100011000000000000000000000000010111110
5503,40105,39.12662,25,8,0000000010010011000000000000000100100000010001100000000000100111
25710,40106,39.127297,0AA,8,0001111011011000000111100100010000011110101111110001111000110000
1105,40107,39.128283,320,8,0000000000100000000000000000000000000000000000000000000001001011
40611,13366,39.132866,0BA,5,0010100100000000000000000000011100101011
5504,40109,39.136614,25,8,0000000010010100000000000000000110100000010001100000000010101000
30192,40110,39.137252,24,8,0000001001000011000000011111111101000010000101001000000001000111
25711,40111,39.137479,0AA,8,0001111011011000000111100100011000011110101111110001111000110000
9857,40112,39.138172,260,8,0000000000000000000000000000000000000000000000110110001111010000
20548,40113,39.138344,0B4,8,0000000000000000000000000000000000011000000001000000010111011101
40612,26736,39.140355,0BA,5,0100111100000000000000000000000000101110
31500,40118,39.141634,44D,8,0100001000000010000000000000000000000001000000000000000000000000
17892,40119,39.142273,226,8,0000000000000000000100000000000000000000000000000000000000000000
33650,40120,39.142513,1C4,8,0000010111110000000110110000000000000000000000000000000011011101
34890,40122,39.142904,3C3,8,0100011000011110100101000100111011101110010110010000001110001000
12593,40125,39.14644,2C1,8,0000000000000001000100000000000011100110110000000000101110001101
5505,40126,39.146682,25,8,0000000010010100000000000000000100100000010100000000000000110010
25712,40127,39.147278,0AA,8,0001111011010111000111100100011000011110101111110001111000101101
40613,26742,39.147845,0BA,5,1110000000100010101010000000000000011111
15583,40129,39.148434,1C6,8,0000000000000000100000000000000101101001000110010000000000000000
40614,40097,39.155334,0BA,5,1100011000000000000000000000000010111110
5506,40131,39.156618,25,8,0000000010010101000000000000000111000000010110100000000011011101
30193,40133,39.157238,24,8,0000001001000011000000011111110101000010000101101000000001000111
25713,40134,39.157468,0AA,8,0001111011010100000111100100011000011110101111110001111000101011
9858,40136,39.158142,260,8,0000000000000000000000000000000000000000000000111001101100001000
20549,40137,39.158333,0B4,8,0000000000000000000000000000000000011000000001000000010111011101
33651,40139,39.16242,1C4,8,0000010111111110000110110000000000000000000000000000000011101011
40615,13378,39.162824,0BA,5,0010100100000000000000000000010000101000
5507,40142,39.166591,25,8,0000000010010101000000000000000101010000010110100000000001101101
25714,40143,39.167261,0AA,8,0001111011010100000111100100011000011110101111010001111000101101
17893,40146,39.17025,226,8,0000000000000000000100000000000000000000000000000000000000000000
40616,26760,39.170314,0BA,5,0100111100000000000000000000000000101110
12594,40150,39.176412,2C1,8,0000000000000001000101100000000011101100110000000000110010011010
5508,40151,39.176654,25,8,0000000010010110000000000000000111110000010110100000000000001110
30194,40152,39.177221,24,8,0000001001000011000000011111111101000010000110001000000001001011
25715,40153,39.177446,0AA,8,0001111011010111000111100100100100011110101111010001111000101101
40617,26764,39.177803,0BA,5,1110000000100010101010000000000000011111
9859,40154,39.178135,260,8,0000000000000000000000000000000000000000000000111100100000110101
20550,40155,39.178329,0B4,8,0000000000000000000000000000000000011000000001000000000011011000
15584,40156,39.178569,1C6,8,0000000000000000100000000000000101010000000110010000000000000000
7692,40158,39.179952,611,8,0010000100000000000000000001000000000000000000000011110101101100
1106,40160,39.181237,320,8,0000000000100000000000000000000000000000000000000000000001001011
33652,40161,39.182573,1C4,8,0000010111111110000110110000000000000000000000000000000011101011
40618,40128,39.185293,0BA,5,1100011000000000000000000000000010111110
5509,40166,39.187596,25,8,0000000010010111000000000000000110100000010110100000000010111111
25716,40167,39.188212,0AA,8,0001111011011011000111100100101100011110101110110001111000101011
40619,13387,39.192782,0BA,5,0010100100000000000000000000011100101011
5510,40171,39.196557,25,8,0000000010010111000000000000000100110000011001000000000001011001
30195,40172,39.197206,24,8,0000001001000100000000011111110101000010000110101000000001001100
25717,40173,39.197433,0AA,8,0001111011011011000111100100101100011110101110100001111000101011
9860,40174,39.198035,260,8,0000000000000000000000000000000000000000000000111101111101001100
20551,40175,39.198284,0B4,8,0000000000000000000000000000000000011100000001000000000011011100
40620,26781,39.200272,0BA,5,0100111100000000000000000000000000101110
17894,40179,39.202223,226,8,0000000000000000000100000000000000000000000000000000000000000000
33653,40180,39.202462,1C4,8,0000011000010111000110110000000000000000000000000000000000000101
12595,40183,39.206388,2C1,8,0000000000000001000111000000000011110000110000000000110010100100
5511,40184,39.206628,25,8,0000000010011000000000000000000111100000011001000000000000001010
25718,40186,39.207225,0AA,8,0001111011010110000111100100100100011110101110100001111000101001
40621,26787,39.207761,0BA,5,1110000000100010101010000000000000011111
35207,4956,39.208108,3D3,3,011011000000001000000000
15585,40188,39.208383,1C6,8,0000000000000000100000000000000100111000000110010000000000000000
40622,40159,39.215251,0BA,5,1100011000000000000000000000000010111110
5512,40190,39.216568,25,8,0000000010011001000000000000000110100000011011100000000011010101
25719,40191,39.217189,0AA,8,0001111011010110000111100100100100011110101110110001111000101000
30196,40192,39.217425,24,8,0000001001000100000000011111110101000010000110101000000001001100
9861,40193,39.217973,260,8,0000000000000000000000000000000000000000000001000000000001101110
20552,40194,39.21822,0B4,8,0000000000000000000000000000000000011100000001000000010111100001
13446,40195,39.218375,394,3,0
33654,40198,39.222377,1C4,8,0000011000110000000110110000000000000000000000000000000000011110
40623,13401,39.22274,0BA,5,0010100100000000000000000000010000101000
5513,40202,39.226537,25,8,0000000010011001000000000000000101000000011001000000000001101011
25720,40203,39.227213,0AA,8,0001111011010111000111100100101100011110101111100001111000101001
17895,40206,39.230202,226,8,0000000000000000000100000000000000000000000000000000000000000000
40624,26797,39.23023,0BA,5,0100111100000000000000000000000000101110
1107,40207,39.231196,320,8,0000000000100000000000000000000000000000000000000000000001001011
12596,40209,39.236388,2C1,8,0000000000000001000111000000000011110000110000000000110010100100
5514,40210,39.236629,25,8,0000000010011010000000000000000100000000011011100000000000110110
25721,40211,39.237174,0AA,8,0001111011011000000111100100101100011110101110100001111000101001
30197,40212,39.23741,24,8,0000001001000101000000011111101101000010000110111000000001001100
40625,26802,39.237719,0BA,5,1110000000100010101010000000000000011111
9862,40213,39.238001,260,8,0000000000000000000000000000000000000000000001000010000110001111
20553,40214,39.238248,0B4,8,0000000000000000000000000000000000011100000001000000000011011100
15586,40215,39.238484,1C6,8,0000000000000000100000000000000100100011000110010000000000000000
33655,40220,39.242369,1C4,8,0000011000110000000110110000000000000000000000000000000000011110
40626,40187,39.245209,0BA,5,1100011000000000000000000000000010111110
5515,40225,39.247547,25,8,0000000010011011000000000000000111010000011011010000000000000110
43575,39492,39.247774,423,2,1000100000000
25722,40226,39.248172,0AA,8,0001111011010111000111100100100100011110101110000001111000100101
14147,40227,39.248859,442,8,0100001100000010000000000000000000000010000000000000000000000000
40627,13407,39.252699,0BA,5,0010100100000000000000000000011100101011
5516,40232,39.256521,25,8,0000000010011011000000000000000101100000011001000000000010001101
30198,40233,39.257158,24,8,0000001001000101000000011111110101000010000110111000000001001110
25723,40234,39.257386,0AA,8,0001111011010110000111100100011000011110101101100001111000100100
9863,40235,39.257965,260,8,0000000000000000000000000000000000000000000001000100111010111100
20554,40236,39.25822,0B4,8,0000000000000000000000000000000000100000000001000000000011100000
40628,26819,39.260188,0BA,5,0100111100000000000000000000000000101110
17896,40240,39.262172,226,8,0000000000000000000100000000000000000000000000000000000000000000
33656,40241,39.262412,1C4,8,0000011001000101000110110000000000000000000000000000000000110011
12597,40244,39.26634,2C1,8,0000000000000001000110010000000011100000110000000000110010010001
5517,40245,39.266582,25,8,0000000010011100000000000000000100100000011011100000000001011000
25724,40246,39.267178,0AA,8,0001111011010110000111100100010000011110101110100001111000100110
40629,26823,39.267678,0BA,5,1110000000100010101010000000000000011111
15587,40248,39.268332,1C6,8,0000000000000000100000000000000100010111000110100000000000000000
191,40249,39.269171,3B7,8,1000
40630,40218,39.275167,0BA,5,1100011000000000000000000000000010111110
5518,40252,39.276528,25,8,0000000010011101000000000000000111100000011011100000000000011001
30199,40253,39.277149,24,8,0000001001000110000000011111110101000010000110111000000001001111
25725,40254,39.277378,0AA,8,0001111011011000000111100100010000011110101110010001111000100011
9864,40255,39.277884,260,8,0000000000000000000000000000000000000000000001000100001110110001
20555,40256,39.278166,0B4,8,0000000000000000000000000000000000100000000001000000000011100000
11094,40257,39.278832,620,8,0001000000000000000000000000000000000000000000000000000000000000
1108,40259,39.280156,320,8,0000000000100000000000000000000000000000000000000000000001001011
43770,39531,39.281197,3BB,5,0111000000000000000000001010010100000000
33657,40260,39.28233,1C4,8,0000011001011100000110110000000000000000000000000000000001001010
40631,13423,39.282657,0BA,5,0010100100000000000000000000010000101000
5519,40264,39.286485,25,8,0000000010011110000000000000000110100000011011100000000011011010
25726,40265,39.287159,0AA,8,0001111011011101000111100100011000011110101101110001111000011111
40632,26842,39.290146,0BA,5,0100111100000000000000000000000000101110
17897,40269,39.290151,226,8,0000000000000000000100000000000000000000000000000000000000000000
12598,40272,39.296331,2C1,8,0000000000000001000110010000000011011100110000000000110010001101
5520,40273,39.296571,25,8,0000000010011110000000000000000101100000011110000000000010100100
30200,40274,39.297133,24,8,0000001001000111000000011111101001000010000110111000000001001101
25727,40275,39.297366,0AA,8,0001111011011100000111100100010000011110101101110001111000011110
40633,26846,39.297636,0BA,5,1110000000100010101010000000000000011111
9865,40276,39.297818,260,8,0000000000000000000000000000000000000000000001000101101011001000
20556,40277,39.298148,0B4,8,0000000000000000000000000000000000100000000001000000000011100000
15588,40278,39.29838,1C6,8,0000000000000000100000000000000100001110000110100000000000000000
33658,40281,39.302317,1C4,8,0000011001011100000110110000000000000000000000000000000001001010
40634,40247,39.305125,0BA,5,1100011000000000000000000000000010111110
5521,40286,39.306472,25,8,0000000010011111000000000000000100100000011011100000000001011011
25728,40287,39.307146,0AA,8,0001111011011000000111100100000100011110101110000001111000011101
7852,40288,39.308785,610,8,0010000000000000000010100110010011000000000000000000001101000000
40635,13428,39.312615,0BA,5,0010100100000000000000000000011100101011
5522,40291,39.316462,25,8,0000000010100000000000000000000111100000011011100000000000011100
30201,40292,39.317114,24,8,0000001001001001000000011111101101000010000111011000000001010010
25729,40293,39.317342,0AA,8,0001111011010111000111100011111100011110101110000001111000011100
9866,40294,39.317656,260,8,0000000000000000000000000000000000000000000001000111101111101001
20557,40295,39.318138,0B4,8,0000000000000000000000000000000000100000000001000000000011100000
40636,26857,39.320104,0BA,5,0100111100000000000000000000000000101110
16502,40300,39.321853,3F9,8,0111010100011000000000100000001010000000000000000000000000010101
17898,40301,39.322122,226,8,0000000000000000000100000000000000000000000000000000000000000000
33659,40302,39.322362,1C4,8,0000011001110010000110110000000000000000000000000000000001100000
12599,40304,39.326291,2C1,8,0000000000000001000110010000000011010011110000000000110010000100
5523,40306,39.32748,25,8,0000000010100001000000000000000110100000011001000000000011010011
40637,26863,39.327594,0BA,5,1110000000100010101010000000000000011111
25730,40307,39.328154,0AA,8,0001111011011011000111100011111100011110101101100001111000011100
15589,40308,39.328337,1C6,8,0000000000000000100000000000000100000101000110100000000000000000
1109,40310,39.330116,320,8,0000000000100000000000000000000000000000000000000000000001001011
40638,40280,39.335084,0BA,5,1100011000000000000000000000000010111110
5524,40312,39.336471,25,8,0000000010100001000000000000000100110000011001000000000001100011
30202,40313,39.337099,24,8,0000001001001001000000011111101001000010000111111000000001010011
25731,40314,39.337327,0AA,8,0001111011011101000111100100010000011110101100110001111000011001
9867,40315,39.337583,260,8,0000000000000000000000000000000000000000000001000110010111010011
20558,40317,39.338161,0B4,8,0000000000000000000000000000000000100100000001000000000011100100
33660,40320,39.342282,1C4,8,0000011010000111000110110000000000000000000000000000000001110101
40639,13439,39.342573,0BA,5,0010100100000000000000000000010000101000
5525,40323,39.34644,25,8,0000000010100010000000000000000111110000011011100000000000101110
21722,40324,39.346947,443,8,0100110100000010000000000010111100000110000000000000000000000000
25732,40325,39.347177,0AA,8,0001111011011011000111100100000100011110101101100001111000010111
13931,40326,39.347741,622,8,0001001000000000000000000000000000000000000000000000000000000000
40640,26882,39.350063,0BA,5,0100111100000000000000000000000000101110
17899,40330,39.350181,226,8,0000000000000000000100000000000000000000000000000000000000000000
11264,40331,39.352686,4C8,8,0000100100000000000000000000000000000000000000000000000000000000
12600,40334,39.356284,2C1,8,0000000000000001000111000000000011010011110000000000110010000111
5526,40335,39.356524,25,8,0000000010100011000000000000000110100000011001000000000011010101
30203,40336,39.357081,24,8,0000001001001010000000011111110101000010001000011000000001011001
25733,40337,39.357311,0AA,8,0001111011011000000111100011111100011110101101100001111000010100
40641,26885,39.357552,0BA,5,1110000000100010101010000000000000011111
9868,40338,39.357732,260,8,0000000000000000000000000000000000000000000001000111101111101001
20559,40339,39.358142,0B4,8,0000000000000000000000000000000000100100000001000000000011100100
15590,40340,39.358327,1C6,8,0000000000000000100000000000000100001110000110100000000000000000
33661,40343,39.362268,1C4,8,0000011010000111000110110000000000000000000000000000000001110101
40642,40309,39.365042,0BA,5,1100011000000000000000000000000010111110
5527,40347,39.366419,25,8,0000000010100011000000000000000101000000011001000000000001110101
25734,40348,39.367095,0AA,8,0001111011011010000111100011111100011110101101100001111000010111
40643,13450,39.372531,0BA,5,0010100100000000000000000000011100101011
5528,40351,39.376415,25,8,0000000010100100000000000000000100010000011110000000000001011010
30204,40352,39.377067,24,8,0000001001001010000000011111110101000010001000011000000001011001
25735,40353,39.377304,0AA,8,0001111011011111000111100100010000011110101101000001111000010100
9869,40354,39.377546,260,8,0000000000000000000000000000000000000000000001001000011011110100
20560,40355,39.378126,0B4,8,0000000000000000000000000000000000100100000001000000000011100100
40644,26903,39.380021,0BA,5,0100111100000000000000000000000000101110
17900,40360,39.382072,226,8,0000000000000000000100000000000000000000000000000000000000000000
33662,40361,39.382313,1C4,8,0000011010011010000110110000000000000000000000000000000010001000
1110,40363,39.383068,320,8,0000000000100000000000000000000000000000000000000000000001001011
12601,40365,39.386246,2C1,8,0000000000000001000101100000000011000011110000000000110001110001
5529,40366,39.386486,25,8,0000000010100101000000000000000111010000011011100000000000010001
25736,40368,39.387085,0AA,8,0001111011100100000111100100011000011110101101000001111000010010
40645,26907,39.38751,0BA,5,1110000000100010101010000000000000011111
15591,40370,39.388243,1C6,8,0000000000000000100000000000000100011111000110100000000000000000
28091,40372,39.390653,6C0,8,1110010000000000000000001110000010000000000000000000000000000000
40646,40342,39.395,0BA,5,1100011000000000000000000000000010111110
5530,40374,39.396422,25,8,0000000010100110000000000000000110100000011110000000000011101100
31669,40375,39.396924,389,8,0000000000100000000000000000000000000000000000000000000000000000
30205,40376,39.397158,24,8,0000001001001011000000011111111101000010001000101000000001011101
25737,40377,39.397388,0AA,8,0001111011100101000111100100010000011110101101100001111000001101
9870,40378,39.397632,260,8,0000000000000000000000000000000000000000000001001100100100110111
20561,40379,39.398053,0B4,8,0000000000000000000000000000000000101000000001000000010111101101
33663,40381,39.402236,1C4,8,0000011010100101000110110000000000000000000000000000000010010011
40647,13463,39.402489,0BA,5,0010100100000000000000000000010000101000
5531,40385,39.406383,25,8,0000000010100110000000000000000101010000011011100000000010010010
25738,40386,39.407066,0AA,8,0001111011100010000111100100010000011110101101100001111000001111
40648,26918,39.409979,0BA,5,0100111100000000000000000000000000101110
17901,40389,39.410053,226,8,0000000000000000000100000000000000000000000000000000000000000000
12602,40392,39.416234,2C1,8,0000000000000001001000110000000011010110110000000000110010010001
5532,40393,39.416474,25,8,0000000010100111000000000000000100010000011011100000000001010011
25739,40394,39.417024,0AA,8,0001111011100111000111100100011000011110101110000001111000010011
30206,40395,39.417258,24,8,0000001001001100000000100000001101000010001001001000000001100101
40649,26923,39.417469,0BA,5,1110000000100010101010000000000000011111
9871,40396,39.417505,260,8,0000000000000000000000000000000000000000000001001011111000101100
20562,40397,39.418038,0B4,8,0000000000000000000000000000000000101000000001000000010111101101
15592,40398,39.418277,1C6,8,0000000000000000100000000000000100101110000110100000000000000000
33664,40403,39.422215,1C4,8,0000011010100101000110110000000000000000000000000000000010010011
40650,40369,39.424958,0BA,5,1100011000000000000000000000000010111110
5533,40407,39.426368,25,8,0000000010101000000000000000000111100000011110000000000000101110
25740,40408,39.427049,0AA,8,0001111011101100000111100100100100011110101110000001111000010011
13676,40409,39.427803,4B7,8,1110001111011111001000001111000000000000111010000000000100001000
1111,40410,39.42805,320,8,0000000000100000000000000000000000000000000000000000000001001011
40651,13470,39.432448,0BA,5,0010100100000000000000000000011100101011
5534,40413,39.436511,25,8,0000000010101001000000000000000110100000011011100000000011100101
30207,40414,39.437043,24,8,0000001001001101000000100000010101000010001000101000000001100110
25741,40415,39.437273,0AA,8,0001111011101110000111100100101100011110101110000001111000010010
9872,40416,39.437519,260,8,0000000000000000000000000000000000000000000001001011111000101100
20563,40417,39.43802,0B4,8,0000000000000000000000000000000000101000000001000000101111110011
40652,26942,39.439937,0BA,5,0100111100000000000000000000000000101110
17902,40421,39.442023,226,8,0000000000000000000100000000000000000000000000000000000000000000
33665,40422,39.442264,1C4,8,0000011010100000000110110000000000000000000000000000000010001110
12603,40427,39.446199,2C1,8,0000000000000001001000110000000011011100110000000000110010010111
5535,40428,39.446439,25,8,0000000010101001000000000000000101100000011110000000000010101111
25742,40429,39.447033,0AA,8,0001111011101100000111100100101100011110101101100001111000010011
40653,26945,39.447427,0BA,5,1110000000100010101010000000000000011111
15593,40431,39.448192,1C6,8,0000000000000000100000000000000100111111000110100000000000000000
31501,40432,39.450488,44D,8,0100001000000010000000000000000000000001000000000000000000000000
40654,40401,39.454916,0BA,5,1100011000000000000000000000000010111110
5536,40435,39.456341,25,8,0000000010101010000000000000000100100000011011100000000001100110
300,40436,39.456879,38F,8,0000000100000000000000000000000000000000000000000000000000000000
30208,40437,39.457113,24,8,0000001001001110000000100000100001000010001000101000000001101010
25743,40438,39.457341,0AA,8,0001111011101110000111100100101100011110101110100001111000010101
9873,40439,39.457582,260,8,0000000000000000000000000000000000000000000001010000110001111011
20564,40440,39.458007,0B4,8,0000000000000000000000000000000000101000000001000000101111110011
33666,40442,39.46219,1C4,8,0000011010100000000110110000000000000000000000000000000010001110
40655,13485,39.462406,0BA,5,0010100100000000000000000000010000101000
5537,40445,39.466342,25,8,0000000010101011000000000000000111100000011011100000000000100111
25744,40446,39.467016,0AA,8,0001111011110011000111100100101100011110101111100001111000010111
35208,40229,39.467765,3D3,3,111001010000000011110011
40656,26961,39.469895,0BA,5,0100111100000000000000000000000000101110
17903,40450,39.470002,226,8,0000000000000000000100000000000000000000000000000000000000000000
12604,40452,39.476183,2C1,8,0000000000000001001010010000000011101001110000000000110010101010
5538,40453,39.476428,25,8,0000000010101100000000000000000110110000011110000000000000000010
25745,40454,39.476978,0AA,8,0001111011110100000111100100110100011110101111110001111000010101
30209,40455,39.477213,24,8,0000001001001111000000100000101001000010001000011000000001101100
40657,26967,39.477385,0BA,5,1110000000100010101010000000000000011111
9874,40456,39.477457,260,8,0000000000000000000000000000000000000000000001001110000001001110
20565,40457,39.477988,0B4,8,0000000000000000000000000000000000101100000001000001000111111101
15594,40458,39.478228,1C6,8,0000000000000000100000000000000101010010000110100000000000000000
31285,40461,39.479563,4A6,8,0000000000000000000000000000000000000000000011000000000000000000
1112,40463,39.480993,320,8,0000000000100000000000000000000000000000000000000000000001001011
33667,40464,39.482182,1C4,8,0000011010010000000110110000000000000000000000000000000001111110
40658,40430,39.484874,0BA,5,1100011000000000000000000000000010111110
5539,40469,39.486325,25,8,0000000010101100000000000000000101110000011110000000000011000010
34733,40470,39.486923,380,8,0
25746,40471,39.487154,0AA,8,0001111011111000000111100100110100011110110000000001111000010100
40659,13491,39.492364,0BA,5,0010100100000000000000000000011100101011
5540,40475,39.496313,25,8,0000000010101101000000000000000100110000011011100000000001111001
30210,40476,39.496973,24,8,0000001001010001000000100000110001000010001000101000000001110001
25747,40477,39.497198,0AA,8,0001111011111011000111100100110100011110110000110001111000010111
9875,40478,39.497443,260,8,0000000000000000000000000000000000000000000001001001110000001010
20566,40479,39.49797,0B4,8,0000000000000000000000000000000000101100000001000001011000000010
40660,26979,39.499854,0BA,5,0100111100000000000000000000000000101110
17904,40484,39.501972,226,8,0000000000000000000100000000000000000000000000000000000000000000
33668,40485,39.502212,1C4,8,0000011001110110000110110000000000000000000000000000000001100100
12605,40488,39.506154,2C1,8,0000000000000001001100110000000011110011110000000000110010111110
5541,40489,39.506397,25,8,0000000010101110000000000000000100010000100000100000000001101110
25748,40490,39.506975,0AA,8,0001111011111011000111100100110100011110110001110001111000011001
40661,26984,39.507343,0BA,5,1110000000100010101010000000000000011111
15595,40492,39.508144,1C6,8,0000000000000000100000000000000101100100000110100000000000000000
40662,40462,39.514833,0BA,5,1100011000000000000000000000000010111110
5542,40495,39.516324,25,8,0000000010101111000000000000000111100000011110000000000000110101
25749,40496,39.516948,0AA,8,0001111011111011000111100100110100011110110011000001111000011100
30211,40497,39.517182,24,8,0000001001010010000000100000110001000010001001001000000001110100
9876,40498,39.517428,260,8,0000000000000000000000000000000000000000000001001011111000101100
13447,40499,39.517583,394,3,0
20567,40501,39.518032,0B4,8,0000000000000000000000000000000000101100000001000001011000000010
33669,40503,39.522144,1C4,8,0000011001110110000110110000000000000000000000000000000001100100
40663,13502,39.522322,0BA,5,0010100100000000000000000000010000101000
5543,40506,39.527315,25,8,0000000010110000000000000000000111010000011111110000000000101101
25750,40507,39.527941,0AA,8,0001111011111011000111100100110100011110110011000001111000011001
40664,27002,39.529812,0BA,5,0100111100000000000000000000000000101110
17905,40510,39.530949,226,8,0000000000000000000100000000000000000000000000000000000000000000
1113,40511,39.531947,320,8,0000000000100000000000000000000000000000000000000000000001001011
12606,40514,39.536116,2C1,8,0000000000000001010000000000000100010000110000000000110011101001
5544,40515,39.536358,25,8,0000000010110001000000000000000110100000100001010000000000000100
30212,40517,39.536945,24,8,0000001001010010000000100000101001000010001000101000000001110000
25751,40518,39.53717,0AA,8,0001111011111101000111100100110100011110110010110001111000010111
40665,27005,39.537301,0BA,5,1110000000100010101010000000000000011111
9877,40519,39.537415,260,8,0000000000000000000000000000000000000000000001001110000001001110
20568,40520,39.537941,0B4,8,0000000000000000000000000000000000110000000001000001011000000110
15596,40521,39.538184,1C6,8,0000000000000000100000000000000101110100000110100000000000000000
33670,40525,39.542126,1C4,8,0000011001011010000110110000000000000000000000000000000001001000
40666,40491,39.544791,0BA,5,1100011000000000000000000000000010111110
5545,40530,39.546271,25,8,0000000010110001000000000000000101110000100000100000000011010001
25752,40531,39.546942,0AA,8,0001111011111101000111100100101100011110110011110001111000010111
35352,678,39.547429,386,7,01001110000000000000000000000000000000000000000010110001
40667,13511,39.55228,0BA,5,0010100100000000000000000000011100101011
5546,40534,39.556287,25,8,0000000010110010000000000000000101010000100000100000000010110010
25753,40535,39.556909,0AA,8,0001111011111110000111100100101100011110110100100001111000011100
30213,40536,39.557145,24,8,0000001001010011000000100000100001000010001000101000000001101111
9878,40537,39.557387,260,8,0000000000000000000000000000000000000000000001001011111000101100
14148,40538,39.557632,442,8,0100001100000010000000000000000000000010000000000000000000000000
20569,40539,39.557925,0B4,8,0000000000000000000000000000000000110000000001000001011000000110
40668,27022,39.55977,0BA,5,0100111100000000000000000000000000101110
17906,40543,39.561922,226,8,0000000000000000000100000000000000000000000000000000000000000000
33671,40544,39.56216,1C4,8,0000011001000011000110110000000000000000000000000000000000110001
12607,40547,39.566108,2C1,8,0000000000000001010010010000000100011100110000000000110011111110
5547,40548,39.566348,25,8,0000000010110011000000000000000101000000100011000000000010101101
25754,40549,39.566931,0AA,8,0001111100000010000111100100110100011110110100110001111000011100
40669,27029,39.567259,0BA,5,1110000000100010101010000000000000011111
15597,40552,39.568158,1C6,8,0000000000000000100000000000000101110111000110100000000000000000
192,40553,39.568922,3B7,8,1000
16503,40555,39.57212,3F9,8,0111010100011000000000100000001010000000000000000000000000010101
40670,40523,39.574749,0BA,5,1100011000000000000000000000000010111110
5548,40558,39.57626,25,8,0000000010110100000000000000000100110000100011000000000010011110
30214,40559,39.576912,24,8,0000001001010100000000100000010101000010001000101000000001101101
25755,40560,39.57714,0AA,8,0001111100000010000111100100110100011110110100110001111000011001
9879,40561,39.577385,260,8,0000000000000000000000000000000000000000000001001010100000010110
20570,40562,39.577908,0B4,8,0000000000000000000000000000000000110000000001000001011000000110
11095,40563,39.578442,620,8,0001000000000000000000000000000000000000000000000000000000000000
43771,1358,39.578781,3BB,5,1011101100000000000000000000000000100110
1114,40565,39.579908,320,8,0000000000100000000000000000000000000000000000000000000001001011
14255,40566,39.580904,60.0,8,1010000100000000000000000000000000000000011100000000000000000000
33672,40567,39.582092,1C4,8,0000011001000011000110110000000000000000000000000000000000110001
40671,13525,39.582238,0BA,5,0010100100000000000000000000010000101000
43576,2658,39.583225,423,2,11100000000
5549,40571,39.587261,25,8,0000000010110101000000000000000100110000100010000000000010011011
25756,40572,39.587887,0AA,8,0001111100000010000111100100110100011110110101100001111000011001
40672,27041,39.589728,0BA,5,0100111100000000000000000000000000101110
17907,40575,39.590899,226,8,0000000000000000000100000000000000000000000000000000000000000000
12608,40578,39.596091,2C1,8,0000000000000001010100110000000100101001110000000000110000010101
5550,40579,39.596331,25,8,0000000010110110000000000000000100010000100100000000000010000100
25757,40580,39.596878,0AA,8,0001111100000010000111100100110100011110110110000001111000011010
30215,40581,39.597114,24,8,0000001001010101000000100000010101000010001000101000000001101110
40673,27046,39.597218,0BA,5,1110000000100010101010000000000000011111
9880,40582,39.597357,260,8,0000000000000000000000000000000000000000000001001110000001001110
20571,40583,39.597893,0B4,8,0000000000000000000000000000000000110100000001000001110000010000
15598,40584,39.598135,1C6,8,0000000000000000100000000000000101111010000110100000000000000000
7752,40588,39.601761,435,8,1000000000000101000001011111111111100000001111110000000000000011
33673,40589,39.602089,1C4,8,0000011000111000000110110000000000000000000000000000000000100110
40674,40551,39.604707,0BA,5,1100011000000000000000000000000010111110
5551,40593,39.60622,25,8,0000000010110111000000000000000100000000100011000000000001110001
25758,40594,39.606897,0AA,8,0001111100000010000111100100110100011110110110000001111000011110
10942,40596,39.608762,436,8,0
40675,13529,39.612197,0BA,5,0010100100000000000000000000011100101011
5552,40599,39.616253,25,8,0000000010111000000000000000000111110000100011000000000001100010
25759,40600,39.616893,0AA,8,0001111100000010000111100101000000011110110101110001111000011110
30216,40601,39.617129,24,8,0000001001010101000000100000000001000010001000011000000001101000
9881,40602,39.617371,260,8,0000000000000000000000000000000000000000000001010000110001111011
20572,40603,39.617873,0B4,8,0000000000000000000000000000000000110100000001000001110000010000
40676,27063,39.619686,0BA,5,0100111100000000000000000000000000101110
17908,40607,39.621872,226,8,0000000000000000000100000000000000000000000000000000000000000000
33674,40608,39.622114,1C4,8,0000011000111000000110110000000000000000000000000000000000100110
12609,40611,39.62606,2C1,8,0000000000000001010110010000000100110110110000000000110000101000
5553,40612,39.626303,25,8,0000000010111001000000000000000111100000100011000000000001010011
25760,40613,39.626885,0AA,8,0001111100000101000111100101000000011110110101100001111000011001
40677,27066,39.627176,0BA,5,1110000000100010101010000000000000011111
15599,40615,39.628048,1C6,8,0000000000000000100000000000000101111101000110100000000000000000
1115,40616,39.628872,320,8,0000000000100000000000000000000000000000000000000000000001001011
40678,40587,39.634665,0BA,5,1100011000000000000000000000000010111110
5554,40619,39.636223,25,8,0000000010111010000000000000000111010000100011000000000001000100
13808,40620,39.636737,434,8,0100001000000000000000000000000000000000000000000000000000000000
30217,40621,39.636971,24,8,0000001001010111000000011111111101000010001000011000000001101000
25761,40622,39.637204,0AA,8,0001111100000101000111100101000000011110110110000001111000011000
9882,40623,39.637451,260,8,0000000000000000000000000000000000000000000001010000000101110000
20573,40624,39.637856,0B4,8,0000000000000000000000000000000000110100000001000001110000010000
13870,40625,39.638164,4C6,8,0000011100000000000000110000000000000000000000000000000000000000
33675,40629,39.642058,1C4,8,0000011000111000000110110000000000000000000000000000000000100110
40679,13546,39.642155,0BA,5,0010100100000000000000000000010000101000
34891,40631,39.642454,3C3,8,0100011000011110100101000100111011101110010110010000001110001000
28199,40632,39.643734,437,8,1111110011111111111111111111111111111111111111111111111111111111
5555,40634,39.646193,25,8,0000000010111011000000000000000111000000100011000000000000110101
25762,40635,39.646863,0AA,8,0001111100000101000111100100110100011110110110110001111000011010
40680,27086,39.649644,0BA,5,0100111100000000000000000000000000101110
17909,40639,39.649852,226,8,0000000000000000000100000000000000000000000000000000000000000000
12610,40641,39.656034,2C1,8,0000000000000001010101100000000100110011110000000000110000100010
5556,40642,39.656272,25,8,0000000010111100000000000000000110110000100011000000000000100110
21723,40643,39.656707,443,8,0100110100000010000000000010111100000110000000000000000000000000
30218,40644,39.656943,24,8,0000001001010111000000011111110101000010001000011000000001100110
40681,27089,39.657134,0BA,5,1110000000100010101010000000000000011111
25763,40645,39.657172,0AA,8,0001111100000110000111100100101100011110110110000001111000011100
9883,40646,39.657416,260,8,0000000000000000000000000000000000000000000001010000000101110000
20574,40647,39.657839,0B4,8,0000000000000000000000000000000000110100000001000001110000010000
15600,40648,39.658134,1C6,8,0000000000000000100000000000000101111010000110100000000000000000
33676,40652,39.662155,1C4,8,0000011001000111000110110000000000000000000000000000000000110101
40682,40614,39.664623,0BA,5,1100011000000000000000000000000010111110
5557,40656,39.666173,25,8,0000000010111101000000000000000110010000100000100000000011111101
25764,40657,39.666848,0AA,8,0001111100000111000111100100110100011110110110000001111000011010
40683,13554,39.672113,0BA,5,0010100100000000000000000000011100101011
5558,40661,39.676164,25,8,0000000010111101000000000000000101100000100000100000000011001101
9884,40662,39.676781,260,8,0000000000000000000000000000000000000000000001010010001110010010
30219,40663,39.677017,24,8,0000001001011000000000011111101001000010001000011000000001100100
25765,40664,39.677244,0AA,8,0001111100000101000111100100110100011110110110110001111000011000
20575,40665,39.677822,0B4,8,0000000000000000000000000000000000111000000001000001110000010100
40684,27101,39.679603,0BA,5,0100111100000000000000000000000000101110
28092,40668,39.679993,6C0,8,1110010000000000000000001110000010000000000000000000000000000000
17910,40671,39.681824,226,8,0000000000000000000100000000000000000000000000000000000000000000
33677,40672,39.682061,1C4,8,0000011001000111000110110000000000000000000000000000000000110101
1116,40674,39.682818,320,8,0000000000100000000000000000000000000000000000000000000001001011
12611,40676,39.686014,2C1,8,0000000000000001010111000000000100110011110000000000110000101000
5559,40677,39.686256,25,8,0000000010111110000000000000000101000000100000100000000010101110
25766,40678,39.686829,0AA,8,0001111100000101000111100100110100011110110110010001111000010111
40685,27106,39.687092,0BA,5,1110000000100010101010000000000000011111
15601,40680,39.688002,1C6,8,0000000000000000100000000000000101110100000110100000000000000000
40686,40650,39.694582,0BA,5,1100011000000000000000000000000010111110
5560,40683,39.696172,25,8,0000000010111111000000000000000100100000100000100000000010001111
25767,40684,39.696796,0AA,8,0001111100000111000111100100110100011110110110010001111000010111
30220,40685,39.697029,24,8,0000001001011001000000011111101001000010001000101000000001100110
9885,40686,39.697273,260,8,0000000000000000000000000000000000000000000001010010001110010010
20576,40687,39.697805,0B4,8,0000000000000000000000000000000000111000000001000001110000010100
33678,40690,39.702007,1C4,8,0000011001011100000110110000000000000000000000000000000001001010
40687,13566,39.702071,0BA,5,0010100100000000000000000000010000101000
5561,40694,39.706141,25,8,0000000011000000000000000000000111110000011110000000000001010110
25768,40695,39.706821,0AA,8,0001111100001000000111100100110100011110110110000001111000010111
40688,27125,39.709561,0BA,5,0100111100000000000000000000000000101110
17911,40698,39.709803,226,8,0000000000000000000100000000000000000000000000000000000000000000
12612,40701,39.715983,2C1,8,0000000000000001010110010000000100110110110000000000110000101000
5562,40702,39.716227,25,8,0000000011000001000000000000000111000000011110000000000000100111
25769,40703,39.716776,0AA,8,0001111100001000000111100100101100011110110110100001111000010100
30221,40704,39.717013,24,8,0000001001011010000000011111100001000010001001001000000001100111
40689,27128,39.71705,0BA,5,1110000000100010101010000000000000011111
9886,40705,39.717257,260,8,0000000000000000000000000000000000000000000001010100111110111110
20577,40706,39.717789,0B4,8,0000000000000000000000000000000000111000000001000001110000010100
15602,40707,39.718028,1C6,8,0000000000000000100000000000000101101110000110100000000000000000
33679,40711,39.721992,1C4,8,0000011001110101000110110000000000000000000000000000000001100011
40690,40679,39.72454,0BA,5,1100011000000000000000000000000010111110
5563,40714,39.726126,25,8,0000000011000010000000000000000110100000100000100000000000010010
25770,40715,39.726797,0AA,8,0001111100000111000111100100110100011110110111010001111000010100
35209,5022,39.727421,3D3,3,011011000000001000000000
1117,40716,39.727784,320,8,0000000000100000000000000000000000000000000000000000000001001011
40691,13576,39.732029,0BA,5,0010100100000000000000000000011100101011
5564,40719,39.73611,25,8,0000000011000010000000000000000101100000011110000000000011001000
9887,40720,39.736742,260,8,0000000000000000000000000000000000000000000001010101101111001010
30222,40721,39.736978,24,8,0000001001011010000000011111101001000010001001101000000001101011
25771,40722,39.73721,0AA,8,0001111100000111000111100101000000011110110110000001111000010010
20578,40724,39.737774,0B4,8,0000000000000000000000000000000000111100000001000001110000011000
40692,27147,39.739519,0BA,5,0100111100000000000000000000000000101110
17912,40728,39.741773,226,8,0000000000000000000100000000000000000000000000000000000000000000
33680,40729,39.742012,1C4,8,0000011001110101000110110000000000000000000000000000000001100011
13616,40731,39.742423,4DD,8,0001111000000000000000000000000000000000000000000000000000000000
12613,40734,39.745973,2C1,8,0000000000000001010110010000000100101100110000000000110000011110
5565,40735,39.746217,25,8,0000000011000011000000000000000100100000011011100000000001111111
13997,40736,39.746654,38E,8,0
25772,40737,39.746884,0AA,8,0001111100001010000111100100110100011110110110110001111000010100
40693,27151,39.747008,0BA,5,1110000000100010101010000000000000011111
15603,40740,39.747955,1C6,8,0000000000000000100000000000000101101011000110110000000000000000
40694,40709,39.754498,0BA,5,1100011000000000000000000000000010111110
5566,40742,39.756122,25,8,0000000011000100000000000000000111010000011001000000000000100110
9888,40743,39.756701,260,8,0000000000000000000000000000000000000000000001010011100110101000
30223,40744,39.756937,24,8,0000001001011011000000011111101001000010001001101000000001101100
25773,40745,39.757163,0AA,8,0001111100001101000111100100110100011110110110110001111000010100
20579,40746,39.757757,0B4,8,0000000000000000000000000000000000111100000001000001110000011000
31502,40748,39.759705,44D,8,0100001000000010000000000000000000000001000000000000000000000000
33681,40749,39.761958,1C4,8,0000011010001110000110110000000000000000000000000000000001111100
40695,13589,39.761988,0BA,5,0010100100000000000000000000010000101000
5567,40753,39.766091,25,8,0000000011000101000000000000000110010000011011100000000011110001
25774,40754,39.766764,0AA,8,0001111100001111000111100100101100011110110110010001111000010010
40696,27163,39.769477,0BA,5,0100111100000000000000000000000000101110
17913,40758,39.769841,226,8,0000000000000000000100000000000000000000000000000000000000000000
12614,40761,39.775943,2C1,8,0000000000000001010101100000000100100000110000000000110000001111
5568,40762,39.776183,25,8,0000000011000101000000000000000100110000011001000000000010000111
9889,40763,39.776688,260,8,0000000000000000000000000000000000000000000001010000000101110000
30224,40764,39.776926,24,8,0000001001011100000000011111101101000010001001101000000001101110
40697,27167,39.776967,0BA,5,1110000000100010101010000000000000011111
25775,40765,39.777155,0AA,8,0001111100001101000111100100101100011110110110000001111000010010
20580,40766,39.777738,0B4,8,0000000000000000000000000000000000111100000001000010001000011110
15604,40767,39.777976,1C6,8,0000000000000000100000000000000101101110000110100000000000000000
1118,40771,39.780742,320,8,0000000000100000000000000000000000000000000000000000000001001011
33682,40773,39.781941,1C4,8,0000011010100011000110110000000000000000000000000000000010010001
40698,40739,39.784456,0BA,5,1100011000000000000000000000000010111110
5569,40776,39.786078,25,8,0000000011000110000000000000000111110000011011100000000001010010
25776,40777,39.786753,0AA,8,0001111100001100000111100100110100011110110110100001111000010010
40699,13592,39.791946,0BA,5,0010100100000000000000000000011100101011
5570,40780,39.79609,25,8,0000000011000111000000000000000110100000011001000000000011111001
9890,40782,39.79656,260,8,0000000000000000000000000000000000000000000001011010100100011000
30225,40783,39.796795,24,8,0000001001011110000000011111110101000010001010001000000001110100
25777,40784,39.797026,0AA,8,0001111100010001000111100101000000011110111000000001111000010011
20581,40785,39.797721,0B4,8,0000000000000000000000000000000000111100000001000010001000011110
40700,27187,39.799435,0BA,5,0100111100000000000000000000000000101110
16322,40789,39.801248,4C1,8,0000000100000000000000010000000100000000000000000000000000000000
17914,40791,39.801725,226,8,0000000000000000000100000000000000000000000000000000000000000000
33683,40792,39.801966,1C4,8,0000011010100011000110110000000000000000000000000000000010010001
12615,40795,39.805924,2C1,8,0000000000000001010110010000000100100110110000000000110000011000
5571,40796,39.806169,25,8,0000000011000111000000000000000100110000010110100000000001111111
13742,40797,39.806605,3A5,8,100000000
25778,40798,39.806837,0AA,8,0001111100010101000111100101000000011110110110110001111000010100
40701,27189,39.806925,0BA,5,1110000000100010101010000000000000011111
15605,40800,39.807907,1C6,8,0000000000000000100000000000000101110001000110100000000000000000
7853,40801,39.809137,610,8,0010000010000000000010110110010011000000000000000110000001000000
40702,40769,39.814414,0BA,5,1100011000000000000000000000000010111110
5572,40804,39.816076,25,8,0000000011001000000000000000000111010000010110100000000000100000
9891,40805,39.816616,260,8,0000000000000000000000000000000000000000000001010100010010110011
30226,40806,39.816854,24,8,0000001001011110000000011111111101000010001010001000000001110110
25779,40807,39.817088,0AA,8,0001111100010111000111100101000000011110110110000001111000010011
13448,40808,39.817242,394,3,0
20582,40809,39.817706,0B4,8,0000000000000000000000000000000001000000000001000010001000100010
31350,40811,39.82112,640,8,1010100000000000000000000011011100000001111000000000000000000000
16504,40812,39.821582,3F9,8,0111010100011000000000100000001010000000000000000000000000010101
40703,13609,39.821904,0BA,5,0010100100000000000000000000010000101000
33684,40813,39.82191,1C4,8,0000011010110001000110110000000000000000000000000000000010011111
5573,40816,39.827066,25,8,0000000011001000000000000000000101110000010110100000000011000000
25780,40817,39.827692,0AA,8,0001111100011001000111100101000000011110110111000001111000010010
40704,27207,39.829393,0BA,5,0100111100000000000000000000000000101110
17915,40821,39.830705,226,8,0000000000000000000100000000000000000000000000000000000000000000
1119,40822,39.831698,320,8,0000000000100000000000000000000000000000000000000000000001001011
12616,40825,39.835891,2C1,8,0000000000000001010011000000000100100000110000000000110000000101
5574,40826,39.836137,25,8,0000000011001001000000000000000111110000010011010000000000110100
9892,40827,39.83641,260,8,0000000000000000000000000000000000000000000001010111110011101011
35036,40828,39.836655,413,8,0000000100000001000000010000100100000000000000000000000000000000
40705,27210,39.836883,0BA,5,1110000000100010101010000000000000011111
30227,40829,39.836896,24,8,0000001001100000000000100000000001000010001010111000000001111101
25781,40830,39.837121,0AA,8,0001111100011001000111100101001000011110110111100001111000010011
20583,40831,39.83769,0B4,8,0000000000000000000000000000000001000000000001000010001000100010
15606,40832,39.837931,1C6,8,0000000000000000100000000000000101110100000110100000000000000000
33685,40837,39.841899,1C4,8,0000011010110111000110110000000000000000000000000000000010100101
40706,40799,39.844373,0BA,5,1100011000000000000000000000000010111110
5575,40841,39.846026,25,8,0000000011001001000000000000000101110000010100000000000010110111
25782,40842,39.846702,0AA,8,0001111100011100000111100101010100011110110111100001111000010011
40707,13615,39.851862,0BA,5,0010100100000000000000000000011100101011
5576,40844,39.856014,25,8,0000000011001010000000000000000100000000010100000000000001001000
9893,40845,39.856311,260,8,0000000000000000000000000000000000000000000001010010001110010010
30228,40846,39.8567,24,8,0000001001100001000000100000000001000010001010011000000001111100
25783,40847,39.856929,0AA,8,0001111100011110000111100101011100011110110111010001111000010010
14149,40848,39.857173,442,8,0100001100000010000000000000000000000010000000000000000000000000
20584,40849,39.857675,0B4,8,0000000000000000000000000000000001000000000001000010011100100111
40708,27223,39.859352,0BA,5,0100111100000000000000000000000000101110
17916,40854,39.861825,226,8,0000000000000000000100000000000000000000000000000000000000000000
33686,40855,39.862064,1C4,8,0000011010110111000110110000000000000000000000000000000010100101
12617,40859,39.865973,2C1,8,0000000000000001010110010000000100100011110000000000110000010101
5577,40860,39.866215,25,8,0000000011001011000000000000000110010000010100000000000011011001
25784,40861,39.866686,0AA,8,0001111100011111000111100101011100011110111000000001111000010000
40709,27228,39.866841,0BA,5,1110000000100010101010000000000000011111
15607,40863,39.86787,1C6,8,0000000000000000100000000000000110000000000110100000000000000000
193,40864,39.868676,3B7,8,1000
40710,40834,39.874331,0BA,5,1100011000000000000000000000000010111110
5578,40866,39.876139,25,8,0000000011001011000000000000000100000000010001100000000000111111
9894,40867,39.876301,260,8,0000000000000000000000000000000000000000000001010100111110111110
43772,2718,39.876366,3BB,5,1010010100000000000000000000000000000000
25785,40868,39.876678,0AA,8,0001111100100000000111100101011100011110111000000001111000001101
30229,40869,39.876914,24,8,0000001001100010000000100000001101000010001010111000000010000010
20585,40870,39.877658,0B4,8,0000000000000000000000000000000001000100000001000010110100110001
11096,40872,39.878199,620,8,0001000000000000000000000000000000000000000000000000000000000000
1120,40874,39.879661,320,8,0000000000100000000000000000000000000000000000000000000001001011
40711,13627,39.88182,0BA,5,0010100100000000000000000000010000101000
33687,40875,39.881867,1C4,8,0000011010110100000110110000000000000000000000000000000010100010
5579,40878,39.887018,25,8,0000000011001100000000000000000110010000010010000000000011010010
25786,40879,39.887639,0AA,8,0001111100100011000111100101011100011110111000000001111000010000
40712,27246,39.88931,0BA,5,0100111100000000000000000000000000101110
17917,40882,39.890654,226,8,0000000000000000000100000000000000000000000000000000000000000000
12618,40886,39.895843,2C1,8,0000000000000001010110010000000100100000110000000000110000010010
5580,40887,39.896082,25,8,0000000011001100000000000000000100000000010011010000000001000111
9895,40888,39.896334,260,8,0000000000000000000000000000000000000000000001010101101111001010
25787,40889,39.896626,0AA,8,0001111100100101000111100101011100011110111000010001111000010000
40713,27248,39.896799,0BA,5,1110000000100010101010000000000000011111
30230,40890,39.896863,24,8,0000001001100010000000100000001101000010001010111000000010000010
20586,40891,39.897638,0B4,8,0000000000000000000000000000000001000100000001000010110100110001
15608,40892,39.897878,1C6,8,0000000000000000100000000000000110001100000110100000000000000000
33688,40897,39.901849,1C4,8,0000011010101001000110110000000000000000000000000000000010010111
40714,40862,39.904289,0BA,5,1100011000000000000000000000000010111110
5581,40900,39.90598,25,8,0000000011001100000000000000000101100000001111000000000010010110
25788,40901,39.906646,0AA,8,0001111100100110000111100101011100011110111000110001111000010010
40715,13636,39.911778,0BA,5,0010100100000000000000000000011100101011
5582,40904,39.915968,25,8,0000000011001101000000000000000111100000010001100000000000100001
9896,40905,39.916213,260,8,0000000000000000000000000000000000000000000001010010111010011101
30231,40906,39.916648,24,8,0000001001100011000000100000010101000010001010111000000010000101
25789,40907,39.916875,0AA,8,0001111100100111000111100101011100011110111001100001111000010010
20587,40908,39.917624,0B4,8,0000000000000000000000000000000001000100000001000010110100110001
43577,10219,39.918676,423,2,10101000001111
40716,27266,39.919268,0BA,5,0100111100000000000000000000000000101110
17918,40913,39.921627,226,8,0000000000000000000100000000000000000000000000000000000000000000
33689,40914,39.921867,1C4,8,0000011010101001000110110000000000000000000000000000000010010111
27838,40916,39.922621,420,8,0000000000000000000000000000000011111111000000001000000010101011
12619,40918,39.925833,2C1,8,0000000000000001011000000000000100100011110000000000110100011101
5583,40919,39.926075,25,8,0000000011001101000000000000000101000000001111000000000001110111
25790,40920,39.926633,0AA,8,0001111100101010000111100101101000011110111001110001111000010010
40717,27270,39.926757,0BA,5,1110000000100010101010000000000000011111
15609,40923,39.927816,1C6,8,0000000000000000100000000000000110010110000110100000000000000000
1121,40924,39.928623,320,8,0000000000100000000000000000000000000000000000000000000001001011
40718,40895,39.934247,0BA,5,1100011000000000000000000000000010111110
5584,40927,39.935978,25,8,0000000011001110000000000000000110110000001111000000000011101000
9897,40928,39.93622,260,8,0000000000000000000000000000000000000000000001010011100110101000
25791,40929,39.936608,0AA,8,0001111100101100000111100101110000011110111010100001111000010111
30232,40930,39.936845,24,8,0000001001100100000000100000010101000010001010011000000010000100
20588,40931,39.937606,0B4,8,0000000000000000000000000000000001001000000001000011001000111010
7632,40934,39.941252,3BC,8,0
40719,13647,39.941737,0BA,5,0010100100000000000000000000010000101000
33690,40935,39.941819,1C4,8,0000011010011100000110110000000000000000000000000000000010001010
31609,40938,39.944287,633,8,1000000100000000000000000000000000000000000000000000000000000000
5585,40940,39.946969,25,8,0000000011001110000000000000000100010000001101100000000001000010
43438,228,39.946972,3000000.0,6,110000010000101111111010000000010000000000000000
25792,40941,39.947601,0AA,8,0001111100101111000111100101110000011110111011000001111000010111
40720,27284,39.949226,0BA,5,0100111100000000000000000000000000101110
17919,40944,39.950607,226,8,0000000000000000000100000000000000000000000000000000000000000000
12620,40946,39.955798,2C1,8,0000000000000001011100000000000100100110110000000000111000110001
5586,40947,39.956036,25,8,0000000011001110000000000000000101110000010000100000000010101110
9898,40948,39.956277,260,8,0000000000000000000000000000000000000000000001010010001110010010
21724,40949,39.956518,443,8,0100110100000010000000000010111100000110000000000000000000000000
40721,27289,39.956716,0BA,5,1110000000100010101010000000000000011111
30233,40950,39.956751,24,8,0000001001100101000000100000010101000010001010001000000010000100
25793,40951,39.957013,0AA,8,0001111100101111000111100101110000011110111011000001111000010101
20589,40952,39.957591,0B4,8,0000000000000000000000000000000001001000000001000011001000111010
15610,40953,39.957829,1C6,8,0000000000000000100000000000000110011011000110100000000000000000
33691,40958,39.961807,1C4,8,0000011010001110000110110000000000000000000000000000000001111100
40722,40922,39.964205,0BA,5,1100011000000000000000000000000010111110
5587,40962,39.965929,25,8,0000000011001111000000000000000111100000001111000000000000011001
27899,40963,39.966559,4DC,8,0001110100000000000000000000000000000000000000000000000000000000
25794,40964,39.96679,0AA,8,0001111100101111000111100101110000011110111011010001111000010101
40723,13651,39.971695,0BA,5,0010100100000000000000000000011100101011
5588,40966,39.975921,25,8,0000000011001111000000000000000101000000001111000000000001111001
9899,40967,39.976164,260,8,0000000000000000000000000000000000000000000001010010001110010010
25795,40969,39.976594,0AA,8,0001111100101111000111100110010000011110111011100001111000010111
30234,40970,39.976829,24,8,0000001001100101000000100000010101000010001010001000000010000100
20590,40971,39.977574,0B4,8,0000000000000000000000000000000001001000000001000011100001000000
40724,27308,39.979184,0BA,5,0100111100000000000000000000000000101110
28093,40973,39.979204,6C0,8,1110010000000000000000001110000010000000000000000000000000000000
17920,40976,39.981581,226,8,0000000000000000000100000000000000000000000000000000000000000000
33692,40977,39.98182,1C4,8,0000011010001110000110110000000000000000000000000000000001111100
1122,40979,39.982578,320,8,0000000000100000000000000000000000000000000000000000000001001011
12621,40981,39.985789,2C1,8,0000000000000001011110010000000100110000110000000000111001000100
5589,40982,39.986027,25,8,0000000011010000000000000000000110100000001100100000000011010000
1563,40983,39.986476,6F3,8,0010000000000000000000000000000000000000000000000000000000000000
40725,27310,39.986674,0BA,5,1110000000100010101010000000000000011111
25796,40984,39.986706,0AA,8,0001111100101110000111100110010000011110111100010001111000010101
35210,40759,39.987077,3D3,3,111001010000000100001001
15611,40986,39.98777,1C6,8,0000000000000000100000000000000110011110000110100000000000000000
40726,40955,39.994163,0BA,5,1100011000000000000000000000000010111110
5590,40991,39.995933,25,8,0000000011010000000000000000000100000000001111000000000000111010
9900,40992,39.996176,260,8,0000000000000000000000000000000000000000000001010000000101110000
25797,40993,39.996549,0AA,8,0001111100110011000111100101111100011110111100010001111000010110
30235,40994,39.996785,24,8,0000001001100110000000100000000101000010001001101000000001111111
20591,40995,39.997564,0B4,8,0000000000000000000000000000000001001100000001000011100001000100
13556,40997,40.001102,399,8,0000000000000000000000000000000000000000111111110000000000000000
40727,13666,40.001653,0BA,5,0010100100000000000000000000010000101000
33693,40998,40.00178,1C4,8,0000011010000011000110110000000000000000000000000000000001110001
5591,41001,40.005902,25,8,0000000011010000000000000000000101010000001100100000000010000000
25798,41002,40.006569,0AA,8,0001111100110010000111100101111100011110111011100001111000011010
34792,41004,40.007964,4DF,8,0010000000000000000000000000000100000000000000000000000000000000
40728,27330,40.009142,0BA,5,0100111100000000000000000000000000101110
11204,41007,40.009165,39A,8,0000000000000000000000000000000100000000000000000000000000000000
17921,41008,40.00956,226,8,0000000000000000000100000000000000000000000000000000000000000000
12622,41010,40.015748,2C1,8,0000000000000001100010010000000100110110110000000000111001011010
5592,41011,40.015985,25,8,0000000011010001000000000000000110110000001100100000000011100001
9901,41012,40.016231,260,8,0000000000000000000000000000000000000000000001001010100000010110
40729,27337,40.016632,0BA,5,1110000000100010101010000000000000011111
30236,41014,40.016679,24,8,0000001001100110000000100000000001000010001001101000000001111110
25799,41015,40.016925,0AA,8,0001111100110001000111100101111100011110111100010001111000011010
20592,41016,40.017548,0B4,8,0000000000000000000000000000000001001100000001000011100001000100
15612,41017,40.017791,1C6,8,0000000000000000100000000000000110100001000110100000000000000000
40,41021,40.0216,3B1,8,0000000000000000000000100000101000000000000010000000000000000000
33694,41022,40.021845,1C4,8,0000011001111111000110110000000000000000000000000000000001101101
40730,40985,40.024122,0BA,5,1100011000000000000000000000000010111110
5593,41026,40.025878,25,8,0000000011010001000000000000000100000000001100100000000000110001
25800,41027,40.026554,0AA,8,0001111100110110000111100110000000011110111100100001111000011001
1123,41028,40.027541,320,8,0000000000100000000000000000000000000000000000000000000001001011
40731,13675,40.031611,0BA,5,0010100100000000000000000000011100101011
5594,41031,40.035868,25,8,0000000011010001000000000000000101010000001100100000000010000001
9902,41032,40.036113,260,8,0000000000000000000000000000000000000000000001001110101101011001
25801,41033,40.036542,0AA,8,0001111100110110000111100110000100011110111100110001111000011001
30237,41034,40.036781,24,8,0000001001100110000000011111111101000010001001101000000001111100
20593,41035,40.037528,0B4,8,0000000000000000000000000000000001001100000001000011111001001010
40732,27350,40.039101,0BA,5,0100111100000000000000000000000000101110
17922,41039,40.04153,226,8,0000000000000000000100000000000000000000000000000000000000000000
33695,41041,40.041956,1C4,8,0000011001111111000110110000000000000000000000000000000001101101
12623,41045,40.045745,2C1,8,0000000000000001100110010000000101000000110000000001000001110110
5595,41046,40.045982,25,8,0000000011010010000000000000000110100000001011010000000011001101
40733,27354,40.04659,0BA,5,1110000000100010101010000000000000011111
25802,41048,40.046619,0AA,8,0001111100110101000111100110000100011110111100110001111000011001
15613,41050,40.047728,1C6,8,0000000000000000100000000000000110100011000110100000000000000000
34975,41051,40.048524,4C3,8,0000001100000000000000000000000100000000000000000000000000000000
40734,41019,40.05408,0BA,5,1100011000000000000000000000000010111110
5596,41053,40.055879,25,8,0000000011010010000000000000000111100000001010010000000000001001
9903,41054,40.056124,260,8,0000000000000000000000000000000000000000000001001100100100110111
25803,41055,40.056503,0AA,8,0001111100110100000111100110000100011110111100110001111000011110
30238,41056,40.05674,24,8,0000001001100110000000011111111101000010001001101000000001111100
20594,41057,40.05751,0B4,8,0000000000000000000000000000000001001100000001000011111001001010
31503,41060,40.058966,44D,8,0100001000000010000000000000000000000001000000000000000000000000
40735,13686,40.061569,0BA,5,0010100100000000000000000000010000101000
33696,41062,40.061732,1C4,8,0000011010000011000110110000000000000000000000000000000001110001
5597,41065,40.065847,25,8,0000000011010010000000000000000100100000001001100000000001000110
25804,41066,40.066518,0AA,8,0001111100110110000111100110000100011110111101100001111000011110
40736,27373,40.069059,0BA,5,0100111100000000000000000000000000101110
17923,41069,40.06951,226,8,0000000000000000000100000000000000000000000000000000000000000000
16505,41070,40.071836,3F9,8,0111010100011000000000100000001010000000000000000000000000010101
12624,41073,40.075707,2C1,8,0000000000000001101100000000000101001100110000000001000110011010
5598,41074,40.075966,25,8,0000000011010010000000000000000101010000001001100000000001110110
9904,41075,40.076202,260,8,0000000000000000000000000000000000000000000001001011001100100001
40737,27376,40.076548,0BA,5,1110000000100010101010000000000000011111
30239,41077,40.076622,24,8,0000001001100110000000011111101101000010001001101000000001111000
25805,41078,40.076849,0AA,8,0001111100110110000111100110000100011110111101110001111000011001
20595,41079,40.077496,0B4,8,0000000000000000000000000000000001010000000001000011111001001110
15614,41080,40.077738,1C6,8,0000000000000000100000000000000110100011000110100000000000000000
1124,41083,40.080497,320,8,0000000000100000000000000000000000000000000000000000000001001011
33697,41085,40.081724,1C4,8,0000011010001100000110110000000000000000000000000000000001111010
40738,41049,40.084038,0BA,5,1100011000000000000000000000000010111110
5599,41088,40.086856,25,8,0000000011010010000000000000000101110000000110010000000010001001
25806,41089,40.08748,0AA,8,0001111100110111000111100110001000011110111101100001111000011100
40739,13693,40.091527,0BA,5,0010100100000000000000000000011100101011
9905,41094,40.095769,260,8,0000000000000000000000000000000000000000000001001011111000101100
5600,41095,40.096009,25,8,0000000011010011000000000000000110010000000110010000000010101010
25807,41096,40.096499,0AA,8,0001111100110110000111100110010000011110111101110001111000100001
30240,41097,40.096732,24,8,0000001001100110000000011111101101000010001010001000000001111010
20596,41098,40.097481,0B4,8,0000000000000000000000000000000001010000000001000011111001001110
40740,27395,40.099017,0BA,5,0100111100000000000000000000000000101110
17924,41102,40.101482,226,8,0000000000000000000100000000000000000000000000000000000000000000
33698,41103,40.101727,1C4,8,0000011010001100000110110000000000000000000000000000000001111010
12625,41106,40.105696,2C1,8,0000000000000001110000000000000101010011110000000001001010110010
5601,41107,40.105937,25,8,0000000011010011000000000000000110110000000101110000000011001000
13302,41108,40.106363,30000000.0,7,0
40741,27398,40.106507,0BA,5,1110000000100010101010000000000000011111
25808,41109,40.106598,0AA,8,0001111100110110000111100110010000011110111110000001111000011110
15615,41112,40.107684,1C6,8,0000000000000000100000000000000110100011000110100000000000000000
40742,41082,40.113996,0BA,5,1100011000000000000000000000000010111110
9906,41114,40.115689,260,8,0000000000000000000000000000000000000000000001001010100000010110
5602,41115,40.115932,25,8,0000000011010011000000000000000110110000000100000000000011000001
13449,41116,40.116084,394,3,0
25809,41117,40.116458,0AA,8,0001111100111010000111100110010000011110111110000001111000011110
30241,41118,40.116692,24,8,0000001001100111000000011111101101000010001010001000000001111011
20597,41119,40.117465,0B4,8,0000000000000000000000000000000001010000000001000011111001001110
40743,13709,40.121486,0BA,5,0010100100000000000000000000010000101000
33699,41121,40.121688,1C4,8,0000011010011110000110110000000000000000000000000000000010001100
5603,41126,40.1258,25,8,0000000011010011000000000000000111000000000011000000000011001101
25810,41127,40.126474,0AA,8,0001111100111010000111100110010100011110111110000001111000100001
40744,27410,40.128975,0BA,5,0100111100000000000000000000000000101110
17925,41130,40.129461,226,8,0000000000000000000100000000000000000000000000000000000000000000
1125,41131,40.130458,320,8,0000000000100000000000000000000000000000000000000000000001001011
9907,41133,40.135649,260,8,0000000000000000000000000000000000000000000001001001110000001010
5604,41134,40.135892,25,8,0000000011010011000000000000000111000000000010010000000011001010
12626,41135,40.136126,2C1,8,0000000000000001110011000000000101011100110000000001001011000111
27953,41136,40.136383,300000000.0,8,0
40745,27415,40.136465,0BA,5,1110000000100010101010000000000000011111
30242,41137,40.136617,24,8,0000001001100111000000011111101001000010001001101000000001111000
25811,41138,40.136848,0AA,8,0001111100111001000111100110011000011110111110010001111000100001
20598,41139,40.137449,0B4,8,0000000000000000000000000000000001010100000001000011111001010010
15616,41140,40.137691,1C6,8,0000000000000000100000000000000110100011000110100000000000000000
33700,41146,40.141669,1C4,8,0000011010110011000110110000000000000000000000000000000010100001
34892,41148,40.142136,3C3,8,0100011000011110100100110100111011101110010110010000001110001000
40746,41111,40.143954,0BA,5,1100011000000000000000000000000010111110
5605,41150,40.145784,25,8,0000000011010011000000000000000111000000000010000000000011001001
25812,41151,40.146457,0AA,8,0001111100111001000111100110011000011110111110010001111000100001
35353,13356,40.146632,386,7,10100100000000000000000000000000000000000000000010000000
40747,13715,40.151444,0BA,5,0010100100000000000000000000011100101011
9908,41153,40.155606,260,8,0000000000000000000000000000000000000000000001000100111010111100
5606,41154,40.155848,25,8,0000000011010011000000000000000111000000000001110000000011001000
30243,41156,40.156494,24,8,0000001001100111000000011111101101000010001001101000000001111001
25813,41157,40.156726,0AA,8,0001111100111010000111100110011100011110111110010001111000100001
14150,41158,40.15697,442,8,0100001100000010000000000000000000000010000000000000000000000000
20599,41159,40.157434,0B4,8,0000000000000000000000000000000001010100000001000100001101010111
40748,27433,40.158933,0BA,5,0100111100000000000000000000000000101110
17926,41164,40.161433,226,8,0000000000000000000100000000000000000000000000000000000000000000
33701,41165,40.161673,1C4,8,0000011010110011000110110000000000000000000000000000000010100001
12627,41168,40.165648,2C1,8,0000000000000001110100000000000101100110110000000001001011010101
5607,41169,40.165888,25,8,0000000011010011000000000000000111000000000001100000000011000111
27933,41170,40.166336,3000000000.0,8,0
40749,27436,40.166423,0BA,5,1110000000100010101010000000000000011111
25814,41171,40.166571,0AA,8,0001111100111100000111100110100100011110111110110001111000011111
15617,41173,40.167637,1C6,8,0000000000000000100000000000000110100110000110100000000000000000
194,41174,40.168434,3B7,8,1000
40750,41142,40.173912,0BA,5,1100011000000000000000000000000010111110
43773,40554,40.173951,3BB,5,0111000000000000000000001010010100000000
9909,41178,40.175594,260,8,0000000000000000000000000000000000000000000001000111000011011110
5608,41179,40.175835,25,8,0000000011010011000000000000000111000000000001010000000011000110
25815,41180,40.176437,0AA,8,0001111101000000000111100110100100011110111110110001111000011110
30244,41181,40.176671,24,8,0000001001101000000000011111101001000010001001101000000001111001
20600,41182,40.177412,0B4,8,0000000000000000000000000000000001010100000001000100001101010111
7693,41183,40.177661,611,8,0010000100000000000000000001000000000000000000000011110101101100
1126,41185,40.179422,320,8,0000000000100000000000000000000000000000000000000000000001001011
40751,13729,40.181402,0BA,5,0010100100000000000000000000010000101000
33702,41186,40.181636,1C4,8,0000011011000111000110110000000000000000000000000000000010110101
5609,41189,40.185749,25,8,0000000011010011000000000000000111000000000001000000000011000101
25816,41190,40.186436,0AA,8,0001111100111110000111100110100100011110111111000001111000011110
40752,27454,40.188892,0BA,5,0100111100000000000000000000000000101110
17927,41195,40.189412,226,8,0000000000000000000100000000000000000000000000000000000000000000
11097,41196,40.189663,620,8,0001000000000000000000000000000000000000000000000000000000000000
9910,41199,40.195603,260,8,0000000000000000000000000000000000000000000001000111101111101001
5610,41200,40.195843,25,8,0000000011010011000000000000000111000000000001000000000011000101
12628,41201,40.196081,2C1,8,0000000000000001111010010000000110000110110000000001001000001110
40753,27457,40.196381,0BA,5,1110000000100010101010000000000000011111
25817,41202,40.196392,0AA,8,0001111101000001000111100110100100011110111111100001111000011101
30245,41203,40.19663,24,8,0000001001101000000000011111110101000010001010001000000001111110
20601,41204,40.197396,0B4,8,0000000000000000000000000000000001011000000001000100100101100001
15618,41205,40.197638,1C6,8,0000000000000000100000000000000110101001000110010000000000000000
33703,41209,40.201632,1C4,8,0000011011011000000110110000000000000000000000000000000011000110
40754,41172,40.203871,0BA,5,1100011000000000000000000000000010111110
5611,41213,40.205753,25,8,0000000011010011000000000000000111000000000001000000000011000101
25818,41214,40.206406,0AA,8,0001111101000011000111100110100100011110111111100001111000011010
40755,13736,40.21136,0BA,5,0010100100000000000000000000011100101011
9911,41216,40.215565,260,8,0000000000000000000000000000000000000000000001000011100010100110
5612,41217,40.215805,25,8,0000000011010011000000000000000111000000000000110000000011000100
25819,41218,40.216399,0AA,8,0001111101000101000111100110101100011110111111010001111000011001
30246,41219,40.216635,24,8,0000001001101001000000011111110101000010001001101000000001111101
20602,41220,40.217381,0B4,8,0000000000000000000000000000000001011000000001000100100101100001
40756,27470,40.21885,0BA,5,0100111100000000000000000000000000101110
17928,41224,40.221385,226,8,0000000000000000000100000000000000000000000000000000000000000000
33704,41225,40.221628,1C4,8,0000011011011000000110110000000000000000000000000000000011000110
12629,41230,40.225603,2C1,8,0000000000000001111100110000000110011001110000000001001000101011
5613,41231,40.225844,25,8,0000000011010011000000000000000111000000000000110000000011000100
40757,27474,40.226339,0BA,5,1110000000100010101010000000000000011111
25820,41232,40.22639,0AA,8,0001111101000011000111100110101100011110111111010001111000011010
15619,41234,40.22759,1C6,8,0000000000000000100000000000000110101100000110010000000000000000
1127,41235,40.228383,320,8,0000000000100000000000000000000000000000000000000000000001001011
40758,41207,40.233829,0BA,5,1100011000000000000000000000000010111110
9912,41237,40.235568,260,8,0000000000000000000000000000000000000000000000111001000011111101
5614,41238,40.235808,25,8,0000000011010011000000000000000111000000000000110000000011000100
25821,41239,40.236358,0AA,8,0001111101000011000111100110111000011111000000000001111000011101
30247,41240,40.236594,24,8,0000001001101001000000011111111101000010001010001000000010000001
20603,41241,40.237366,0B4,8,0000000000000000000000000000000001011000000001000100100101100001
40759,13748,40.241318,0BA,5,0010100100000000000000000000010000101000
33705,41245,40.241602,1C4,8,0000011011100110000110110000000000000000000000000000000011010100
5615,41248,40.245699,25,8,0000000011010011000000000000000111000000000000110000000011000100
25822,41249,40.246384,0AA,8,0001111101000100000111100110111000011111000000000001111000011110
35211,5087,40.246734,3D3,3,011011000000001000000000
40760,27493,40.248808,0BA,5,0100111100000000000000000000000000101110
17929,41252,40.249366,226,8,0000000000000000000100000000000000000000000000000000000000000000
43578,40516,40.254127,423,2,1000100000000
9913,41256,40.255552,260,8,0000000000000000000000000000000000000000000000101111010001100000
5616,41257,40.255792,25,8,0000000011010011000000000000000111000000000000100000000011000011
12630,41258,40.25603,2C1,8,0000000000000001111111000000000110111100110000000001001001010111
21725,41259,40.256274,443,8,0100110100000010000000000010111100000110000000000000000000000000
40761,27495,40.256297,0BA,5,1110000000100010101010000000000000011111
30248,41260,40.256512,24,8,0000001001101010000000100000000001000010001001101000000010000010
25823,41261,40.256746,0AA,8,0001111101001000000111100110111000011111000000010001111000011100
20604,41262,40.25735,0B4,8,0000000000000000000000000000000001011100000001000100100101100101
15620,41263,40.257593,1C6,8,0000000000000000100000000000000110101111000110010000000000000000
33706,41267,40.261575,1C4,8,0000011011101110000110110000000000000000000000000000000011011100
40762,41233,40.263787,0BA,5,1100011000000000000000000000000010111110
5617,41270,40.265693,25,8,0000000011010011000000000000000111000000000000100000000011000011
25824,41271,40.266366,0AA,8,0001111101001010000111100110111000011111000001000001111000011001
40763,13756,40.271277,0BA,5,0010100100000000000000000000011100101011
9914,41274,40.275538,260,8,0000000000000000000000000000000000000000000000101001101000000110
5618,41275,40.275778,25,8,0000000011010011000000000000000111000000000000100000000011000011
25825,41276,40.276327,0AA,8,0001111101001010000111100111000000011111000010100001111000011100
30249,41277,40.27656,24,8,0000001001101010000000100000001101000010001010001000000010000111
31286,41278,40.276805,4A6,8,0000000000000000000000000000000000000000000011000000000000000000
20605,41279,40.277335,0B4,8,0000000000000000000000000000000001011100000001000100100101100101
28094,41281,40.278502,6C0,8,1110010000000000000000001110000010000000000000000000000000000000
40764,27514,40.278766,0BA,5,0100111100000000000000000000000000101110
17930,41284,40.281335,226,8,0000000000000000000100000000000000000000000000000000000000000000
33707,41285,40.281574,1C4,8,0000011011101110000110110000000000000000000000000000000011011100
1128,41287,40.282331,320,8,0000000000100000000000000000000000000000000000000000000001001011
12631,41289,40.285557,2C1,8,0000000000000010000010010000000111100011110000000001001010001100
5619,41290,40.285797,25,8,0000000011010011000000000000000111000000000000100000000011000011
40765,27519,40.286256,0BA,5,1110000000100010101010000000000000011111
25826,41291,40.286346,0AA,8,0001111101001011000111100111001100011111000001110001111000100001
15621,41294,40.287641,1C6,8,0000000000000000100000000000000110110010000110010000000000000000
40766,41265,40.293745,0BA,5,1100011000000000000000000000000010111110
9915,41299,40.295492,260,8,0000000000000000000000000000000000000000000000101010010100010001
5620,41300,40.295731,25,8,0000000011010011000000000000000111000000000000100000000011000011
25827,41301,40.296341,0AA,8,0001111101001111000111100111100000011111000010000001111000100001
30250,41302,40.296575,24,8,0000001001101010000000100000010101000010001010011000000010001010
20606,41303,40.297319,0B4,8,0000000000000000000000000000000001011100000001000100111101101011
40767,13770,40.301235,0BA,5,0010100100000000000000000000010000101000
33708,41305,40.301553,1C4,8,0000011011110001000110110000000000000000000000000000000011011111
5621,41309,40.30565,25,8,0000000011010011000000000000000111000000000000100000000011000011
25828,41310,40.306329,0AA,8,0001111101001111000111100111100000011111000010110001111000011110
40768,27534,40.308724,0BA,5,0100111100000000000000000000000000101110
17931,41313,40.309319,226,8,0000000000000000000100000000000000000000000000000000000000000000
7854,41314,40.30956,610,8,0010000000000000000010110110010011000000000000000110000001000000
9916,41315,40.315215,260,8,0000000000000000000000000000000000000000000000101011000100011101
12632,41317,40.315625,2C1,8,0000000000000010001101100000001000000110110000000001001011011101
5622,41318,40.315866,25,8,0000000011010011000000000000000111000000000000100000000011000011
40769,27538,40.316214,0BA,5,1110000000100010101010000000000000011111
25829,41319,40.316295,0AA,8,0001111101010011000111100111100000011111000011000001111000100001
30251,41320,40.31653,24,8,0000001001101010000000100000010101000010001010011000000010001010
20607,41322,40.317299,0B4,8,0000000000000000000000000000000001011100000001000101010001110000
15622,41323,40.317542,1C6,8,0000000000000000100000000000000110110101000110000000000000000000
16506,41328,40.321389,3F9,8,0111010100011000000000100000001010000000000000000000000000010101
33709,41329,40.321627,1C4,8,0000011011110000000110110000000000000000000000000000000011011110
40770,41293,40.323703,0BA,5,1100011000000000000000000000000010111110
5623,41332,40.325636,25,8,0000000011010011000000000000000111000000000000100000000011000011
25830,41333,40.326313,0AA,8,0001111101010101000111100111101000011111000011110001111000100011
1129,41334,40.327298,320,8,0000000000100000000000000000000000000000000000000000000001001011
11265,41335,40.330223,4C8,8,0000100100000000000000000000000000000000000000000000000000000000
40771,13775,40.331193,0BA,5,0010100100000000000000000000011100101011
9917,41336,40.335135,260,8,0000000000000000000000000000000000000000000000101011000100011101
5624,41338,40.335711,25,8,0000000011010011000000000000000111000000000000010000000011000010
25831,41339,40.336307,0AA,8,0001111101010111000111100111101100011111000101000001111000101000
30252,41340,40.336541,24,8,0000001001101011000000100000011001000010001010001000000010001011
20608,41342,40.337285,0B4,8,0000000000000000000000000000000001100000000001000101101001111010
40772,27557,40.338682,0BA,5,0100111100000000000000000000000000101110
17932,41346,40.341287,226,8,0000000000000000000100000000000000000000000000000000000000000000
33710,41347,40.341531,1C4,8,0000011011101100000110110000000000000000000000000000000011011010
12633,41352,40.345517,2C1,8,0000000000000010001100000000001000110011110000000001001000000100
5625,41353,40.345758,25,8,0000000011010011000000000000000111000000000000010000000011000010
40773,27559,40.346172,0BA,5,1110000000100010101010000000000000011111
25832,41354,40.346294,0AA,8,0001111101011010000111100111111100011111000101010001111000101000
15623,41356,40.347502,1C6,8,0000000000000000100000000000000110111000000110000000000000000000
13932,41357,40.348449,622,8,0001001000000000000000000000000000000000000000000000000000000000
40774,41325,40.353661,0BA,5,1100011000000000000000000000000010111110
9918,41360,40.355119,260,8,0000000000000000000000000000000000000000000000101111111101101011
5626,41362,40.355696,25,8,0000000011010011000000000000000111000000000000010000000011000010
25833,41363,40.356267,0AA,8,0001111101011100000111101000001000011111000101000001111000101000
30253,41364,40.356501,24,8,0000001001101011000000100000100001000010001010001000000010001101
20609,41365,40.357269,0B4,8,0000000000000000000000000000000001100000000001000101101001111010
31504,41366,40.358234,44D,8,0100001000000010000000000000000000000001000000000000000000000000
40775,13789,40.361151,0BA,5,0010100100000000000000000000010000101000
33711,41368,40.361506,1C4,8,0000011011101100000110110000000000000000000000000000000011011010
5627,41371,40.366628,25,8,0000000011010011000000000000000111000000000000010000000011000010
25834,41372,40.367261,0AA,8,0001111101011100000111101000001000011111000101100001111000101011
40776,27575,40.368641,0BA,5,0100111100000000000000000000000000101110
17933,41376,40.370265,226,8,0000000000000000000100000000000000000000000000000000000000000000
9919,41377,40.375053,260,8,0000000000000000000000000000000000000000000000110000101001110111
12634,41379,40.375479,2C1,8,0000000000000010010100000000001001000011110000000001001000110100
5628,41380,40.375719,25,8,0000000011010011000000000000000111000000000000010000000011000010
40777,27579,40.37613,0BA,5,1110000000100010101010000000000000011111
25835,41381,40.376275,0AA,8,0001111101100000000111101000000100011111000110110001111000101101
30254,41382,40.37651,24,8,0000001001101011000000100000101001000010001001101000000010001101
20610,41383,40.377254,0B4,8,0000000000000000000000000000000001100000000001000101111101111111
15624,41384,40.377568,1C6,8,0000000000000000100000000000000110111000000110000000000000000000
1130,41388,40.380416,320,8,0000000000100000000000000000000000000000000000000000000001001011
33712,41390,40.381545,1C4,8,0000011011100111000110110000000000000000000000000000000011010101
40778,41355,40.38362,0BA,5,1100011000000000000000000000000010111110
5629,41394,40.385695,25,8,0000000011010011000000000000000111000000000000010000000011000010
25836,41395,40.386268,0AA,8,0001111101100100000111101000000100011111000110110001111000110001
40779,13797,40.391109,0BA,5,0010100100000000000000000000011100101011
9920,41397,40.395021,260,8,0000000000000000000000000000000000000000000000101101001000111110
5630,41399,40.395604,25,8,0000000011010011000000000000000111000000000000010000000011000010
31670,41400,40.396159,389,8,0000000000100000000000000000000000000000000000000000000000000000
30255,41401,40.396395,24,8,0000001001101011000000100000100001000010001001001000000010001001
25837,41402,40.396629,0AA,8,0001111101100101000111101000001000011111000111000001111000110011
20611,41403,40.397238,0B4,8,0000000000000000000000000000000001100100000001000101111110000011
40780,27592,40.398599,0BA,5,0100111100000000000000000000000000101110
17934,41407,40.40124,226,8,0000000000000000000100000000000000000000000000000000000000000000
33713,41408,40.401481,1C4,8,0000011011100001000110110000000000000000000000000000000011001111
12635,41412,40.405467,2C1,8,0000000000000010010011000000001001010000110000000001001000111101
5631,41413,40.405706,25,8,0000000011010011000000000000000111000000000000010000000011000010
40781,27596,40.406088,0BA,5,1110000000100010101010000000000000011111
25838,41414,40.406256,0AA,8,0001111101100101000111101000010100011111001000000001111000110101
15625,41416,40.40748,1C6,8,0000000000000000100000000000000110111000000110000000000000000000
40782,41386,40.413578,0BA,5,1100011000000000000000000000000010111110
9921,41417,40.414982,260,8,0000000000000000000000000000000000000000000000101010010100010001
13450,41418,40.415136,394,3,0
5632,41420,40.415741,25,8,0000000011010011000000000000000111000000000000010000000011000010
25839,41421,40.416216,0AA,8,0001111101100101000111101000011100011111001001000001111000110111
30256,41422,40.416449,24,8,0000001001101010000000100000100001000010001001101000000010001010
20612,41423,40.417219,0B4,8,0000000000000000000000000000000001100100000001000110010110001001
40783,13811,40.421067,0BA,5,0010100100000000000000000000010000101000
33714,41428,40.421462,1C4,8,0000011011100001000110110000000000000000000000000000000011001111
5633,41431,40.425557,25,8,0000000011010011000000000000000111000000000000010000000011000010
25840,41432,40.426228,0AA,8,0001111101101001000111101000100100011111001000110001111000111011
13677,41434,40.42746,4B7,8,1110001111011111001000001111000000000000111010100000000100001000
40784,27613,40.428557,0BA,5,0100111100000000000000000000000000101110
17935,41436,40.42922,226,8,0000000000000000000100000000000000000000000000000000000000000000
1131,41437,40.430214,320,8,0000000000100000000000000000000000000000000000000000000001001011
9922,41439,40.434935,260,8,0000000000000000000000000000000000000000000000101000010011110000
12636,41441,40.435433,2C1,8,0000000000000010010100110000001001011100110000000001001001010000
5634,41442,40.435673,25,8,0000000011010011000000000000000111000000000000010000000011000010
40785,27617,40.436046,0BA,5,1110000000100010101010000000000000011111
25841,41443,40.436226,0AA,8,0001111101101100000111101000100100011111001001010001111000111100
30257,41444,40.436464,24,8,0000001001101011000000100000100001000010001001001000000010001001
20613,41445,40.437209,0B4,8,0000000000000000000000000000000001100100000001000110010110001001
15626,41446,40.43745,1C6,8,0000000000000000100000000000000110111000000110000000000000000000
33715,41451,40.441448,1C4,8,0000011011011110000110110000000000000000000000000000000011001100
40786,41415,40.443536,0BA,5,1100011000000000000000000000000010111110
5635,41454,40.445538,25,8,0000000011010011000000000000000111000000000000010000000011000010
25842,41456,40.446214,0AA,8,0001111101101111000111101000101100011111001010000001111000111100
40787,13821,40.451026,0BA,5,0010100100000000000000000000011100101011
9923,41458,40.454945,260,8,0000000000000000000000000000000000000000000000100111100111100101
5636,41460,40.455537,25,8,0000000011010011000000000000000111000000000000010000000011000010
301,41461,40.456116,38F,8,0000000100000000000000000000000000000000000000000000000000000000
30258,41462,40.456351,24,8,0000001001101100000000100000100001000010001001101000000010001100
25843,41463,40.456581,0AA,8,0001111101101111000111101000111000011111001010110001111001000000
14151,41464,40.456824,442,8,0100001100000010000000000000000000000010000000000000000000000000
20614,41465,40.457186,0B4,8,0000000000000000000000000000000001101000000001000111000010011000
40788,27636,40.458515,0BA,5,0100111100000000000000000000000000101110
17936,41469,40.46119,226,8,0000000000000000000100000000000000000000000000000000000000000000
33716,41470,40.461434,1C4,8,0000011011100001000110110000000000000000000000000000000011001111
12637,41473,40.465419,2C1,8,0000000000000010010110010000001001101001110000000001001001100011
5637,41474,40.465659,25,8,0000000011010011000000000000000111000000000000010000000011000010
40789,27642,40.466005,0BA,5,1110000000100010101010000000000000011111
25844,41475,40.466206,0AA,8,0001111101110000000111101001000000011111001011000001111001000101
15627,41478,40.467551,1C6,8,0000000000000000100000000000000110110001000110000000000000000000
195,41479,40.468192,3B7,8,1000
43774,1388,40.471536,3BB,5,1011101100000000000000000000000000100110
40790,41448,40.473494,0BA,5,1100011000000000000000000000000010111110
9924,41480,40.47493,260,8,0000000000000000000000000000000000000000000000100101011111000011
5638,41482,40.475539,25,8,0000000011010011000000000000000111000000000000010000000011000010
25845,41483,40.476179,0AA,8,0001111101110100000111101001001100011111001011000001111001000110
30259,41484,40.476433,24,8,0000001001101100000000100000010101000010001001001000000010000111
20615,41485,40.477171,0B4,8,0000000000000000000000000000000001101000000001000111000010011000
11098,41486,40.47742,620,8,0001000000000000000000000000000000000000000000000000000000000000
1132,41488,40.479178,320,8,0000000000100000000000000000000000000000000000000000000001001011
40791,13833,40.480984,0BA,5,0010100100000000000000000000010000101000
33717,41489,40.481417,1C4,8,0000011011100001000110110000000000000000000000000000000011001111
5639,41494,40.485506,25,8,0000000011010011000000000000000111000000000000010000000011000010
34734,41495,40.486179,380,8,0
25846,41496,40.48641,0AA,8,0001111101110011000111101001010100011111001100000001111001000110
40792,27653,40.488473,0BA,5,0100111100000000000000000000000000101110
17937,41500,40.48917,226,8,0000000000000000000100000000000000000000000000000000000000000000
9925,41502,40.494854,260,8,0000000000000000000000000000000000000000000000100101011111000011
12638,41504,40.495387,2C1,8,0000000000000010011000000000001001110011110000000001001001110100
5640,41505,40.495629,25,8,0000000011010011000000000000000111000000000000010000000011000010
40793,27657,40.495963,0BA,5,1110000000100010101010000000000000011111
25847,41506,40.496147,0AA,8,0001111101110100000111101001010100011111001100010001111001000110
30260,41507,40.496387,24,8,0000001001101100000000100000010101000010001001101000000010001001
20616,41508,40.497157,0B4,8,0000000000000000000000000000000001101000000001000111011010011110
15628,41509,40.497405,1C6,8,0000000000000000100000000000000110101011000110000000000000000000
33718,41514,40.501396,1C4,8,0000011011100111000110110000000000000000000000000000000011010101
40794,41476,40.503452,0BA,5,1100011000000000000000000000000010111110
5641,41517,40.505488,25,8,0000000011010011000000000000000111000000000000010000000011000010
25848,41518,40.506168,0AA,8,0001111101111110000111101001010100011111001100100001111001001000
35212,41297,40.50639,3D3,3,111001010000000100101001
40795,13838,40.510942,0BA,5,0010100100000000000000000000011100101011
9926,41520,40.514827,260,8,0000000000000000000000000000000000000000000000100100000110101101
5642,41522,40.515476,25,8,0000000011010011000000000000000111000000000000010000000011000010
25849,41523,40.516156,0AA,8,0001111101110111000111101001011000011111001101100001111001001011
30261,41524,40.516393,24,8,0000001001101101000000100000001101000010001010001000000010001010
20617,41526,40.51714,0B4,8,0000000000000000000000000000000001101100000001000111011010100010
40796,27677,40.518431,0BA,5,0100111100000000000000000000000000101110
17938,41530,40.521143,226,8,0000000000000000000100000000000000000000000000000000000000000000
33719,41531,40.521439,1C4,8,0000011011110100000110110000000000000000000000000000000011100010
12639,41534,40.525378,2C1,8,0000000000000010100000000000001001110110110000000001001010010111
5643,41535,40.525617,25,8,0000000011010011000000000000000110110000000000010000000010110010
40797,27680,40.525921,0BA,5,1110000000100010101010000000000000011111
25850,41536,40.526146,0AA,8,0001111101111011000111101001100100011111001110010001111001001010
15629,41538,40.527363,1C6,8,0000000000000000100000000000000110100101000110000000000000000000
1133,41539,40.52814,320,8,0000000000100000000000000000000000000000000000000000000001001011
40798,41511,40.533411,0BA,5,1100011000000000000000000000000010111110
9927,41541,40.534846,260,8,0000000000000000000000000000000000000000000000100010101010010110
5644,41543,40.535465,25,8,0000000011010011000000000000000110110000000000010000000010110010
25851,41544,40.53614,0AA,8,0001111101111101000111101001101000011111001101110001111001001010
30262,41545,40.536376,24,8,0000001001101101000000100000001101000010001010011000000010001011
20618,41546,40.537123,0B4,8,0000000000000000000000000000000001101100000001000111110010101000
40799,13852,40.5409,0BA,5,0010100100000000000000000000010000101000
33720,41549,40.541369,1C4,8,0000011011110100000110110000000000000000000000000000000011100010
5645,41553,40.545456,25,8,0000000011010011000000000000000110100000000000010000000010100010
25852,41554,40.546135,0AA,8,0001111101111110000111101001101100011111001101110001111001001100
40800,27700,40.54839,0BA,5,0100111100000000000000000000000000101110
17939,41558,40.549122,226,8,0000000000000000000100000000000000000000000000000000000000000000
9928,41560,40.55473,260,8,0000000000000000000000000000000000000000000000100001111110001011
12640,41562,40.555343,2C1,8,0000000000000010011110010000001001111100110000000001001010010110
5646,41563,40.555583,25,8,0000000011010011000000000000000110100000000000010000000010100010
40801,27705,40.555879,0BA,5,1110000000100010101010000000000000011111
21726,41564,40.556022,443,8,0100110100000010000000000010111100000110000000000000000000000000
30263,41565,40.556258,24,8,0000001001101110000000100000000101000010001010011000000010001010
25853,41566,40.55649,0AA,8,0001111110000010000111101001111000011111001110010001111001001101
20619,41567,40.557107,0B4,8,0000000000000000000000000000000001101100000001000111110010101000
15630,41568,40.557359,1C6,8,0000000000000000100000000000000110100001000110000000000000000000
33721,41572,40.561359,1C4,8,0000011100000100000110110000000000000000000000000000000011110011
40802,41537,40.563369,0BA,5,1100011000000000000000000000000010111110
5647,41575,40.565444,25,8,0000000011010011000000000000000110010000000000010000000010010010
25854,41577,40.566126,0AA,8,0001111110000100000111101001111100011111001110110001111001001110
40803,13859,40.570858,0BA,5,0010100100000000000000000000011100101011
16507,41579,40.571712,3F9,8,0111010100011000000000100000001010000000000000000000000000010101
9929,41580,40.574571,260,8,0000000000000000000000000000000000000000000000100010101010010110
5648,41583,40.575436,25,8,0000000011010011000000000000000110010000000000010000000010010010
25855,41584,40.57613,0AA,8,0001111110001000000111101001111100011111001110110001111001010000
30264,41585,40.576366,24,8,0000001001101110000000100000000101000010001010001000000010001001
20620,41586,40.577095,0B4,8,0000000000000000000000000000000001110000000001000111110010101100
28095,41587,40.577711,6C0,8,1110010000000000000000001110000010000000000000000000000000000000
40804,27717,40.578348,0BA,5,0100111100000000000000000000000000101110
17940,41591,40.581095,226,8,0000000000000000000100000000000000000000000000000000000000000000
33722,41592,40.581345,1C4,8,0000011100010110000110110000000000000000000000000000000000000101
1134,41595,40.582155,320,8,0000000000100000000000000000000000000000000000000000000001001011
14256,41596,40.583086,60.0,8,1010000100000000000000000000000000000000011100000000000000000000
12641,41598,40.585334,2C1,8,0000000000000010100011000000001001111001110000000001001010100110
5649,41599,40.585579,25,8,0000000011010011000000000000000110010000000000000000000010010001
40805,27722,40.585837,0BA,5,1110000000100010101010000000000000011111
25856,41600,40.5861,0AA,8,0001111110001000000111101010011100011111001110110001111001010000
15631,41602,40.587338,1C6,8,0000000000000000100000000000000110011110000110000000000000000000
43579,2723,40.589579,423,2,11100000000
40806,41570,40.593327,0BA,5,1100011000000000000000000000000010111110
9930,41604,40.594497,260,8,0000000000000000000000000000000000000000000000100010101010010110
5650,41606,40.595446,25,8,0000000011010011000000000000000110010000000000000000000010010001
25857,41607,40.596068,0AA,8,0001111110001001000111101010011100011111010000000001111001010010
30265,41608,40.596302,24,8,0000001001101110000000100000001101000010001010011000000010001100
20621,41609,40.597075,0B4,8,0000000000000000000000000000000001110000000001001000000110110001
13871,41610,40.597319,4C6,8,0000011100000000000000110000000000000000000000000000000000000000
40807,13874,40.600816,0BA,5,0010100100000000000000000000010000101000
7753,41613,40.601002,435,8,1000000000000101000001011111111111100000001111110000000000000011
33723,41614,40.601324,1C4,8,0000011100100111000110110000000000000000000000000000000000010110
5651,41617,40.605414,25,8,0000000011010010000000000000000101110000000000000000000001110000
25858,41618,40.606085,0AA,8,0001111110001101000111101010011100011111010000010001111001010101
10943,41620,40.608,436,8,0
40808,27741,40.608306,0BA,5,0100111100000000000000000000000000101110
17941,41622,40.609072,226,8,0000000000000000000100000000000000000000000000000000000000000000
9931,41624,40.614466,260,8,0000000000000000000000000000000000000000000000011111111001101001
12642,41627,40.615295,2C1,8,0000000000000010100011000000001010000110110000000001001010110011
5652,41628,40.615542,25,8,0000000011010010000000000000000101100000000000000000000001100000
40809,27746,40.615796,0BA,5,1110000000100010101010000000000000011111
25859,41629,40.61605,0AA,8,0001111110001101000111101010011100011111010000010001111001010011
30266,41630,40.616288,24,8,0000001001101111000000100000001101000010001010111000000010001111
20622,41631,40.617058,0B4,8,0000000000000000000000000000000001110000000001001000011110110111
15632,41632,40.617311,1C6,8,0000000000000000100000000000000110011011000101110000000000000000
33724,41636,40.621307,1C4,8,0000011100100111000110110000000000000000000000000000000000010110
40810,41601,40.623285,0BA,5,1100011000000000000000000000000010111110
5653,41639,40.625395,25,8,0000000011010010000000000000000101000000000000000000000001000000
25860,41640,40.626069,0AA,8,0001111110001101000111101010100000011111010001010001111001010011
1135,41641,40.627056,320,8,0000000000100000000000000000000000000000000000000000000001001011
40811,13885,40.630775,0BA,5,0010100100000000000000000000011100101011
9932,41643,40.634454,260,8,0000000000000000000000000000000000000000000000100000100101110101
5654,41645,40.635384,25,8,0000000011010010000000000000000100110000000000000000000000110000
13809,41646,40.635976,434,8,0100001000000000000000000000000000000000000000000000000000000000
30267,41647,40.636212,24,8,0000001001101111000000100000001101000010001011011000000010010001
25861,41648,40.636444,0AA,8,0001111110010000000111101010101100011111010010100001111001010110
20623,41649,40.637043,0B4,8,0000000000000000000000000000000001110100000001001000011110111011
40812,27763,40.638264,0BA,5,0100111100000000000000000000000000101110
17942,41654,40.641045,226,8,0000000000000000000100000000000000000000000000000000000000000000
33725,41655,40.641301,1C4,8,0000011100111000000110110000000000000000000000000000000000100111
34893,41657,40.64169,3C3,8,0100011000011110100100110100111011101110010110010000001110001000
28200,41659,40.642974,437,8,1111110011111111111111111111111111111111111111111111111111111111
12643,41661,40.645291,2C1,8,0000000000000010101000000000001010000110110000000001001011000111
5655,41662,40.645535,25,8,0000000011010010000000000000000100010000000000000000000000010000
40813,27767,40.645754,0BA,5,1110000000100010101010000000000000011111
25862,41663,40.646054,0AA,8,0001111110010100000111101010111000011111010010010001111001010111
15633,41665,40.647273,1C6,8,0000000000000000100000000000000110011001000101110000000000000000
40814,41634,40.653243,0BA,5,1100011000000000000000000000000010111110
9933,41667,40.654423,260,8,0000000000000000000000000000000000000000000000011111001001011101
5656,41669,40.655371,25,8,0000000011010010000000000000000111110000000000000000000011110000
25863,41670,40.656042,0AA,8,0001111110010101000111101010111000011111010010010001111001011000
30268,41671,40.656282,24,8,0000001001101111000000100000001101000010001010111000000010001111
20624,41672,40.657028,0B4,8,0000000000000000000000000000000001110100000001001000110011000000
31505,41673,40.657481,44D,8,0100001000000010000000000000000000000001000000000000000000000000
40815,13897,40.660733,0BA,5,0010100100000000000000000000010000101000
33726,41675,40.66128,1C4,8,0000011101000101000110110000000000000000000000000000000000110100
5657,41679,40.665364,25,8,0000000011010010000000000000000111011111111011000000000011001011
25864,41680,40.666039,0AA,8,0001111110011001000111101011000100011111010011000001111001011011
40816,27779,40.668222,0BA,5,0100111100000000000000000000000000101110
17943,41683,40.669028,226,8,0000000000000000000100000000000000000000000000000000000000000000
9934,41685,40.674336,260,8,0000000000000000000000000000000000000000000000100001111110001011
12644,41687,40.675249,2C1,8,0000000000000010100101100000001010000110110000000001001010111101
5658,41688,40.675489,25,8,0000000011010010000000000000000110111111111011000000000010101011
40817,27783,40.675712,0BA,5,1110000000100010100000000000000011110111
25865,41689,40.676002,0AA,8,0001111110011001000111101011001100011111010101000001111001011100
30269,41690,40.676241,24,8,0000001001101111000000100000011001000010001011011000000010010100
20625,41691,40.677007,0B4,8,0000000000000000000000000000000001110100000001001001001011000110
15634,41692,40.677266,1C6,8,0000000000000000100000000000000110011001000101110000000000000000
1136,41697,40.680014,320,8,0000000000100000000000000000000000000000000000000000000001001011
33727,41699,40.681269,1C4,8,0000011101000101000110110000000000000000000000000000000000110100
40818,41664,40.683201,0BA,5,1100011000000000000000000000000010111110
5659,41702,40.685347,25,8,0000000011010010000000000000000110011111111011000000000010001011
25866,41703,40.686024,0AA,8,0001111110011010000111101011011000011111010101000001111001011101
40819,13901,40.690691,0BA,5,0010100100000000000000000000011100101011
9935,41705,40.694367,260,8,0000000000000000000000000000000000000000000000100000100101110101
5660,41707,40.695361,25,8,0000000011010001000000000000000101011111111011000000000001001010
25867,41708,40.695985,0AA,8,0001111110011110000111101011101000011111010101010001111001100000
30270,41709,40.696222,24,8,0000001001110000000000100000011001000010001011011000000010010101
20626,41711,40.696996,0B4,8,0000000000000000000000000000000001111000000001001001100011010000
40820,27803,40.69818,0BA,5,0100111100000000000000000000000000101110
17944,41715,40.700998,226,8,0000000000000000000100000000000000000000000000000000000000000000
33728,41716,40.701245,1C4,8,0000011101001110000110110000000000000000000000000000000000111101
12645,41720,40.705242,2C1,8,0000000000000010101001100000001010001001110000000001001011010000
5661,41721,40.705483,25,8,0000000011010001000000000000000100101111111001100000000000010100
40821,27806,40.70567,0BA,5,1110000000100010011100000000000011100111
25868,41722,40.706008,0AA,8,0001111110011111000111101011101000011111010110010001111001100010
15635,41724,40.707231,1C6,8,0000000000000000100000000000000110011001000101110000000000000000
16323,41725,40.710629,4C1,8,0000000100000000000000010000000100000000000000000000000000000000
40822,41695,40.71316,0BA,5,1100011000000000000000000000000010111110
9936,41727,40.714331,260,8,0000000000000000000000000000000000000000000000100000100101110101
13451,41728,40.714485,394,3,0
5662,41730,40.715344,25,8,0000000011010001000000000000000100001111111001100000000011110100
25869,41731,40.715971,0AA,8,0001111110100010000111101011101000011111010111000001111001100110
30271,41732,40.716208,24,8,0000001001110000000000100000101001000010001011011000000010011001
20627,41733,40.716982,0B4,8,0000000000000000000000000000000001111000000001001001100011010000
40823,13914,40.720649,0BA,5,0010100100000000000000000000010000101000
33729,41735,40.721235,1C4,8,0000011101010101000110110000000000000000000000000000000001000100
5663,41738,40.726363,25,8,0000000011010001000000000000000111001111111001010000000010110011
25870,41739,40.726963,0AA,8,0001111110100110000111101011101100011111010111000001111001100110
40824,27823,40.728139,0BA,5,0100111100000000000000000000000000101110
17945,41743,40.729972,226,8,0000000000000000000100000000000000000000000000000000000000000000
1137,41744,40.730972,320,8,0000000000100000000000000000000000000000000000000000000001001011
9937,41745,40.734337,260,8,0000000000000000000000000000000000000000000000011101110001000111
12646,41747,40.735204,2C1,8,0000000000000010101000110000001010001001110000000001001011001101
5664,41748,40.735442,25,8,0000000011010001000000000000000110101111111001010000000010010011
40825,27826,40.735628,0BA,5,1110000000100010011010000000000011011111
25871,41749,40.735985,0AA,8,0001111110101001000111101011111000011111010111010001111001100110
30272,41750,40.736222,24,8,0000001001110000000000100000100001000010001010111000000010010101
20628,41751,40.73696,0B4,8,0000000000000000000000000000000001111000000001001001110111010101
15636,41752,40.737218,1C6,8,0000000000000000100000000000000110011001000101110000000000000000
33730,41757,40.741215,1C4,8,0000011101011001000110110000000000000000000000000000000001001000
40826,41723,40.743118,0BA,5,1100011000000000000000000000000010111110
5665,41761,40.745307,25,8,0000000011010000000000000000000101101111111000110000000001010000
35354,15467,40.745835,386,7,11000100000000000000000000000000000000000000000010101100
13998,41763,40.745907,38E,8,0
25872,41764,40.746144,0AA,8,0001111110101100000111101100000100011111011000000001111001101110
40827,13921,40.750607,0BA,5,0010100100000000000000000000011100101011
13617,41765,40.751042,4DD,8,0001111000000000000000000000000000000000000000000000000000000000
9938,41766,40.754265,260,8,0000000000000000000000000000000000000000000000011111001001011101
5666,41768,40.755346,25,8,0000000011010000000000000000000100111111111000110000000000100000
14152,41769,40.755908,442,8,0100001100000010000000000000000000000010000000000000000000000000
30273,41770,40.756145,24,8,0000001001110001000000100000100001000010001010111000000010010110
25873,41771,40.756379,0AA,8,0001111110101101000111101100010000011111011001000001111001101110
20629,41772,40.756948,0B4,8,0000000000000000000000000000000001111100000001001010001111011111
40828,27838,40.758097,0BA,5,0100111100000000000000000000000000101110
17946,41776,40.760948,226,8,0000000000000000000100000000000000000000000000000000000000000000
33731,41777,40.761204,1C4,8,0000011101011001000110110000000000000000000000000000000001001000
12647,41781,40.765196,2C1,8,0000000000000010110000000000001010010110110000000001001011110111
5667,41782,40.765433,25,8,0000000011010000000000000000000100001111111000110000000011110000
40829,27842,40.765586,0BA,5,1110000000100010010000000000000010110111
25874,41783,40.765955,0AA,8,0001111110101110000111101100011100011111011001010001111001101110
35213,5152,40.766046,3D3,3,011011000000001000000000
15637,41785,40.767185,1C6,8,0000000000000000100000000000000110011001000101110000000000000000
196,41786,40.767944,3B7,8,1000
43775,2782,40.769121,3BB,5,1010010100000000000000000000000000000000
40830,41754,40.773076,0BA,5,1100011000000000000000000000000010111110
9939,41788,40.774209,260,8,0000000000000000000000000000000000000000000000011101110001000111
5668,41790,40.775271,25,8,0000000011010000000000000000000111011111111000110000000011000000
25875,41791,40.775947,0AA,8,0001111110110000000111101100100100011111011001100001111001110011
30274,41792,40.776184,24,8,0000001001110001000000100000101001000010001010111000000010011000
11099,41793,40.776896,620,8,0001000000000000000000000000000000000000000000000000000000000000
20630,41794,40.777138,0B4,8,0000000000000000000000000000000001111100000001001010100111100101
1138,41797,40.778934,320,8,0000000000100000000000000000000000000000000000000000000001001011
40831,13933,40.780565,0BA,5,0010100100000000000000000000010000101000
33732,41798,40.781192,1C4,8,0000011101011010000110110000000000000000000000000000000001001001
5669,41801,40.786315,25,8,0000000011010000000000000000000110101111111000110000000010010000
25876,41802,40.786913,0AA,8,0001111110110011000111101100100100011111011011010001111001110101
40832,27863,40.788055,0BA,5,0100111100000000000000000000000000101110
17947,41805,40.789925,226,8,0000000000000000000100000000000000000000000000000000000000000000
9940,41807,40.794118,260,8,0000000000000000000000000000000000000000000000011101000100111100
12648,41810,40.795163,2C1,8,0000000000000010101111000000001010011100110000000001001011111001
5670,41811,40.795404,25,8,0000000011001111000000000000000101011111110101000000000000110000
40833,27866,40.795545,0BA,5,1110000000100010001010000000000010011111
25877,41812,40.795903,0AA,8,0001111110110101000111101100100100011111011011100001111001111000
30275,41813,40.796138,24,8,0000001001110001000000100000101001000010001010111000000010011000
20631,41814,40.796913,0B4,8,0000000000000000000000000000000001111100000001001010100111100101
15638,41815,40.797177,1C6,8,0000000000000000100000000000000110011001000101110000000000000000
33733,41819,40.801172,1C4,8,0000011101011010000110110000000000000000000000000000000001001001
40834,41784,40.803034,0BA,5,1100011000000000000000000000000010111110
5671,41822,40.80525,25,8,0000000011001111000000000000000100101111110111110000000000001011
13743,41823,40.805848,3A5,8,100000000
25878,41824,40.806076,0AA,8,0001111110110111000111101100101000011111011011100001111001111000
7855,41825,40.806849,610,8,0010000000000000000011000110010011000000000000000110000001000000
40835,13942,40.810524,0BA,5,0010100100000000000000000000011100101011
9941,41829,40.81417,260,8,0000000000000000000000000000000000000000000000011101000100111100
5672,41831,40.815281,25,8,0000000011001111000000000000000111101111110111110000000011001011
25879,41832,40.815921,0AA,8,0001111110111000000111101100110000011111011101000001111001111000
30276,41833,40.816161,24,8,0000001001110001000000100000100001000010001010111000000010010110
20632,41834,40.816895,0B4,8,0000000000000000000000000000000010000000000001001010111011101110
40836,27883,40.818013,0BA,5,0100111100000000000000000000000000101110
31351,41836,40.818837,640,8,1010100000000000000000000011011100000001111000000000000000000000
16508,41839,40.820816,3F9,8,0111010100011000000000100000001010000000000000000000000000010101
17948,41840,40.821063,226,8,0000000000000000000100000000000000000000000000000000000000000000
33734,41841,40.821305,1C4,8,0000011101011010000110110000000000000000000000000000000001001001
12649,41844,40.825154,2C1,8,0000000000000010101100110000001010011100110000000001001011110000
5673,41845,40.825394,25,8,0000000011001111000000000000000110111111110111010000000010011001
40837,27889,40.825503,0BA,5,1110000000100010001001000000000010011011
25880,41846,40.825908,0AA,8,0001111110111011000111101100111000011111011101010001111001111101
15639,41848,40.827142,1C6,8,0000000000000000100000000000000110011001000101110000000000000000
1139,41850,40.827895,320,8,0000000000100000000000000000000000000000000000000000000001001011
40838,41817,40.832992,0BA,5,1100011000000000000000000000000010111110
9942,41852,40.833914,260,8,0000000000000000000000000000000000000000000000011010111100011010
5674,41854,40.835276,25,8,0000000011001110000000000000000101101111110111010000000001001000
35037,41855,40.835825,413,8,0000000100000001000000010000100100000000000000000000000000000000
30277,41856,40.836063,24,8,0000001001110001000000100000100001000010001010111000000010010110
25881,41857,40.836298,0AA,8,0001111110111100000111101101001100011111011101110001111010000000
20633,41858,40.836881,0B4,8,0000000000000000000000000000000010000000000001001010111011101110
40839,13954,40.840482,0BA,5,0010100100000000000000000000010000101000
33735,41861,40.841152,1C4,8,0000011101011010000110110000000000000000000000000000000001001001
5675,41865,40.84525,25,8,0000000011001110000000000000000100111111110111010000000000011000
25882,41866,40.845897,0AA,8,0001111110111101000111101101001100011111011111100001111010000001
40840,27902,40.847971,0BA,5,0100111100000000000000000000000000101110
17949,41869,40.848882,226,8,0000000000000000000100000000000000000000000000000000000000000000
9943,41870,40.853871,260,8,0000000000000000000000000000000000000000000000011100011000110001
12650,41872,40.855118,2C1,8,0000000000000010110010010000001010100011110000000001001000001101
5676,41873,40.855363,25,8,0000000011001110000000000000000111111111110111010000000011011000
40841,27906,40.855461,0BA,5,1110000000100010001001000000000010011011
21727,41874,40.855797,443,8,0100110100000010000000000010111100000110000000000000000000000000
30278,41875,40.856035,24,8,0000001001110001000000100000100001000010001010111000000010010110
25883,41876,40.856278,0AA,8,0001111111000000000111101101011000011111100000000001111010000001
20634,41877,40.85687,0B4,8,0000000000000000000000000000000010000000000001001011010011110100
15640,41878,40.857128,1C6,8,0000000000000000100000000000000110010111000101110000000000000000
33736,41883,40.86113,1C4,8,0000011101011100000110110000000000000000000000000000000001001011
40842,41847,40.86295,0BA,5,1100011000000000000000000000000010111110
5677,41886,40.865223,25,8,0000000011001110000000000000000110111111110110100000000010010101
25884,41887,40.865889,0AA,8,0001111111000100000111101101100000011111011111100001111010000011
40843,13958,40.87044,0BA,5,0010100100000000000000000000011100101011
9944,41889,40.873829,260,8,0000000000000000000000000000000000000000000000011010111100011010
5678,41891,40.875217,25,8,0000000011001101000000000000000101101111110110100000000001000100
25885,41892,40.87587,0AA,8,0001111111000110000111101101101000011111011111110001111010001000
30279,41893,40.876121,24,8,0000001001110001000000100000100001000010001010111000000010010110
20635,41895,40.87685,0B4,8,0000000000000000000000000000000010000100000001001011100111111101
40844,27922,40.87793,0BA,5,0100111100000000000000000000000000101110
17950,41899,40.880852,226,8,0000000000000000000100000000000000000000000000000000000000000000
33737,41900,40.881116,1C4,8,0000011101100001000110110000000000000000000000000000000001010000
1140,41902,40.881847,320,8,0000000000100000000000000000000000000000000000000000000001001011
28096,41903,40.882092,6C0,8,1110010000000000000000001110000010000000000000000000000000000000
12651,41905,40.885112,2C1,8,0000000000000010101111000000001010100110110000000001001000000011
5679,41906,40.885354,25,8,0000000011001101000000000000000100101111110100110000000011111101
40845,27925,40.885419,0BA,5,1110000000100001111111000000000001110010
25886,41907,40.88586,0AA,8,0001111111001001000111101101111000011111100000110001111010001010
15641,41909,40.887097,1C6,8,0000000000000000100000000000000110010100000101110000000000000000
40846,41880,40.892909,0BA,5,1100011000000000000000000000000010111110
9945,41912,40.893833,260,8,0000000000000000000000000000000000000000000000011010111100011010
5680,41914,40.895234,25,8,0000000011001101000000000000000111101111110101110000000011000001
25887,41915,40.895826,0AA,8,0001111111001010000111101101111000011111100000110001111010001001
30280,41916,40.89606,24,8,0000001001110001000000100000011001000010001010111000000010010100
20636,41917,40.896834,0B4,8,0000000000000000000000000000000010000100000001001011111100000011
40847,13975,40.900398,0BA,5,0010100100000000000000000000010000101000
33738,41920,40.901107,1C4,8,0000011101101000000110110000000000000000000000000000000001010111
5681,41923,40.9052,25,8,0000000011001101000000000000000110011111110011100000000001101000
25888,41924,40.90585,0AA,8,0001111111001011000111101110000000011111100000110001111010001010
40848,27943,40.907888,0BA,5,0100111100000000000000000000000000101110
17951,41927,40.908834,226,8,0000000000000000000100000000000000000000000000000000000000000000
9946,41929,40.913788,260,8,0000000000000000000000000000000000000000000000011001100100000100
12652,41931,40.915071,2C1,8,0000000000000010110011000000001010100011110000000001001000010000
5682,41932,40.915313,25,8,0000000011001100000000000000000100111111110011100000000000000111
40849,27948,40.915377,0BA,5,1110000000100001111010000000000001011110
25889,41933,40.915812,0AA,8,0001111111001101000111101110000000011111100010000001111010001111
30281,41934,40.916045,24,8,0000001001110001000000100000011001000010001010011000000010010010
20637,41935,40.916818,0B4,8,0000000000000000000000000000000010000100000001001100010100001001
15642,41936,40.917083,1C6,8,0000000000000000100000000000000110010001000101110000000000000000
27839,41940,40.919817,420,8,0000000000000000000000000000000011111111000000001000000010101011
33739,41942,40.921089,1C4,8,0000011101101000000110110000000000000000000000000000000001010111
40850,41908,40.922867,0BA,5,1100011000000000000000000000000010111110
43580,10486,40.92503,423,2,10101000001111
5683,41946,40.926317,25,8,0000000011001100000000000000000111101111110100110000000010111100
25890,41947,40.926804,0AA,8,0001111111001111000111101110001000011111100010000001111010010101
1141,41948,40.927818,320,8,0000000000100000000000000000000000000000000000000000000001001011
40851,13981,40.930356,0BA,5,0010100100000000000000000000011100101011
9947,41949,40.933715,260,8,0000000000000000000000000000000000000000000000011000111011111001
5684,41951,40.935172,25,8,0000000011001100000000000000000110011111110010010000000001100010
25891,41952,40.93582,0AA,8,0001111111010101000111101110011000011111100010010001111010010000
30282,41953,40.936054,24,8,0000001001110001000000100000011001000010001010011000000010010010
20638,41954,40.936802,0B4,8,0000000000000000000000000000000010001000000001001100010100001101
40852,27960,40.937846,0BA,5,0100111100000000000000000000000000101110
7633,41959,40.940487,3BC,8,0
17952,41960,40.940805,226,8,0000000000000000000100000000000000000000000000000000000000000000
33740,41961,40.941074,1C4,8,0000011101110010000110110000000000000000000000000000000001100001
12653,41966,40.945068,2C1,8,0000000000000010101111000000001010101001110000000001001000000110
5685,41967,40.94531,25,8,0000000011001011000000000000000100111111110011100000000000000110
40853,27964,40.945335,0BA,5,1110000000100001111010000000000001011110
43439,406,40.945646,3000000.0,6,000010000000000000000000000000000000000000101000
25892,41968,40.945813,0AA,8,0001111111010101000111101110100000011111100011010001111010010011
31610,41969,40.946793,633,8,1000000100000000000000000000000000000000000000000000000000000000
15643,41971,40.947203,1C6,8,0000000000000000100000000000000110001111000101100000000000000000
40854,41938,40.952825,0BA,5,1100011000000000000000000000000010111110
9948,41972,40.953794,260,8,0000000000000000000000000000000000000000000000011000111011111001
5686,41974,40.955184,25,8,0000000011001011000000000000000111011111110001000000000010011100
25893,41975,40.955777,0AA,8,0001111111010110000111101110100000011111100100100001111010010101
30283,41976,40.95601,24,8,0000001001110010000000100000011001000010001010011000000010010011
31506,41977,40.956726,44D,8,0100001000000010000000000000000000000001000000000000000000000000
20639,41978,40.956965,0B4,8,0000000000000000000000000000000010001000000001001100101000010010
40855,13993,40.960315,0BA,5,0010100100000000000000000000010000101000
33741,41981,40.961055,1C4,8,0000011101111110000110110000000000000000000000000000000001101101
5687,41985,40.965148,25,8,0000000011001010000000000000000101101111110001000000000000101011
25894,41986,40.965794,0AA,8,0001111111010101000111101110101000011111100100010001111010011010
27900,41987,40.966042,4DC,8,0001110100000000000000000000000000000000000000000000000000000000
40856,27982,40.967804,0BA,5,0100111100000000000000000000000000101110
17953,41990,40.968786,226,8,0000000000000000000100000000000000000000000000000000000000000000
9949,41991,40.97371,260,8,0000000000000000000000000000000000000000000000010110110011010111
12654,41994,40.975151,2C1,8,0000000000000010110100000000001010100110110000000001001000010111
40857,27985,40.975294,0BA,5,1110000000100001111100000000000001100110
5688,41995,40.975394,25,8,0000000011001010000000000000000111111111101110100000000010110001
25895,41996,40.97576,0AA,8,0001111111011101000111101110101000011111100100100001111010011111
30284,41997,40.975996,24,8,0000001001110010000000100000010101000010001010011000000010010010
20640,41998,40.976769,0B4,8,0000000000000000000000000000000010001000000001001100101000010010
15644,41999,40.977041,1C6,8,0000000000000000100000000000000110001111000101100000000000000000
1142,42003,40.979774,320,8,0000000000100000000000000000000000000000000000000000000001001011
34976,42004,40.980769,4C3,8,0000001100000000000000000000000100000000000000000000000000000000
33742,42005,40.981041,1C4,8,0000011110001100000110110000000000000000000000000000000001111011
40858,41970,40.982783,0BA,5,1100011000000000000000000000000010111110
5689,42008,40.985137,25,8,0000000011001001000000000000000101111111101110100000000000110000
1564,42009,40.985721,6F3,8,0010000000000000000000000000000000000000000000000000000000000000
25896,42010,40.985956,0AA,8,0001111111011101000111101110110000011111100101000001111010011101
40859,14003,40.990273,0BA,5,0010100100000000000000000000011100101011
9950,42013,40.993672,260,8,0000000000000000000000000000000000000000000000010101011011000001
5690,42015,40.995122,25,8,0000000011001001000000000000000100001111101110100000000011000000
25897,42016,40.995775,0AA,8,0001111111011101000111101110111100011111100110000001111010011111
30285,42017,40.99601,24,8,0000001001110010000000100000010101000010001010011000000010010010
20641,42018,40.996757,0B4,8,0000000000000000000000000000000010001100000001001101000000011100
40860,28005,40.997762,0BA,5,0100111100000000000000000000000000101110
13557,42022,41.00034,399,8,0000000000000000000000000000000000000000111111110000000000000000
17954,42023,41.000757,226,8,0000000000000000000100000000000000000000000000000000000000000000
33743,42024,41.001029,1C4,8,0000011110001100000110110000000000000000000000000000000001111011
12655,42028,41.005021,2C1,8,0000000000000010110000110000001010100110110000000001001000001010
40861,28008,41.005252,0BA,5,1110000000100001111011000000000001100010
5691,42029,41.005261,25,8,0000000011001000000000000000000101111111101100000000000000100101
25898,42030,41.005764,0AA,8,0001111111100000000111101111000100011111100101110001111010100100
15645,42032,41.007008,1C6,8,0000000000000000100000000000000110001111000101100000000000000000
11205,42034,41.008653,39A,8,0000000000000000000000000000000100000000000000000000000000000000
40862,42001,41.012741,0BA,5,1100011000000000000000000000000010111110
9951,42035,41.013623,260,8,0000000000000000000000000000000000000000000000010101011011000001
13452,42036,41.013779,394,3,0
5692,42038,41.015136,25,8,0000000011001000000000000000000111111111101100000000000010100101
25899,42039,41.015731,0AA,8,0001111111100100000111101111001000011111100110100001111010101000
30286,42040,41.015966,24,8,0000001001110001000000100000011001000010001010111000000010010100
20642,42041,41.016736,0B4,8,0000000000000000000000000000000010001100000001001101011000100010
40863,14015,41.020231,0BA,5,0010100100000000000000000000010000101000
41,42043,41.020857,3B1,8,0000000000000000000000100000101000000000000010000000000000000000
33744,42044,41.021094,1C4,8,0000011110011100000110110000000000000000000000000000000010001011
5693,42048,41.025101,25,8,0000000011000111000000000000000101011111101001100000000011111010
35214,41827,41.025703,3D3,3,111001010000000110001100
25900,42049,41.025753,0AA,8,0001111111100100000111101111010000011111100111010001111010101000
40864,28021,41.02772,0BA,5,0100111100000000000000000000000000101110
17955,42053,41.028738,226,8,0000000000000000000100000000000000000000000000000000000000000000
1143,42054,41.029733,320,8,0000000000100000000000000000000000000000000000000000000001001011
9952,42055,41.033589,260,8,0000000000000000000000000000000000000000000000010100101110110110
12656,42057,41.034981,2C1,8,0000000000000010110111000000001010101100110000000001001000101001
40865,28026,41.03521,0BA,5,1110000000100001111010000000000001011110
5694,42058,41.035222,25,8,0000000011000111000000000000000111001111101001100000000001101010
25901,42059,41.035719,0AA,8,0001111111100110000111101111101100011111100111000001111010100111
30287,42060,41.035952,24,8,0000001001110001000000100000011001000010001010011000000010010010
20643,42061,41.036723,0B4,8,0000000000000000000000000000000010001100000001001101101100100111
15646,42062,41.036997,1C6,8,0000000000000000100000000000000110001111000101100000000000000000
34793,42063,41.037326,4DF,8,0010000000000000000000000000000100000000000000000000000000000000
33745,42069,41.040992,1C4,8,0000011110101001000110110000000000000000000000000000000010011000
40866,42031,41.0427,0BA,5,1100011000000000000000000000000010111110
5695,42072,41.045084,25,8,0000000011000110000000000000000100011111100111000000000010101111
25902,42073,41.045746,0AA,8,0001111111101010000111110000000000011111100111010001111010101110
40867,14022,41.050189,0BA,5,0010100100000000000000000000011100101011
9953,42074,41.053491,260,8,0000000000000000000000000000000000000000000000010100000010101011
5696,42076,41.055081,25,8,0000000011000101000000000000000101101111100111000000000011111110
14153,42077,41.055527,442,8,0100001100000010000000000000000000000010000000000000000000000000
25903,42078,41.055761,0AA,8,0001111111101011000111110000000000011111100111100001111010101110
30288,42079,41.055997,24,8,0000001001110001000000100000010101000010001010011000000010010001
20644,42080,41.056706,0B4,8,0000000000000000000000000000000010010000000001001101101100101011
40868,28043,41.057679,0BA,5,0100111100000000000000000000000000101110
17956,42085,41.06071,226,8,0000000000000000000100000000000000000000000000000000000000000000
33746,42086,41.060977,1C4,8,0000011110110110000110110000000000000000000000000000000010100101
12657,42089,41.065016,2C1,8,0000000000000010110100110000001010100110110000000001001000011010
40869,28046,41.065168,0BA,5,1110000000100001111010000000000001011110
5697,42090,41.065258,25,8,0000000011000101000000000000000110111111100100100000000001000100
25904,42091,41.065721,0AA,8,0001111111101110000111110000000000011111101000010001111010110001
43776,41578,41.066706,3BB,5,0111000000000000000000001010010100000000
15647,42094,41.066964,1C6,8,0000000000000000100000000000000110010000000101100000000000000000
197,42095,41.06771,3B7,8,1000
16509,42096,41.071134,3F9,8,0111010100011000000000100000001010000000000000000000000000010101
40870,42066,41.072658,0BA,5,1100011000000000000000000000000010111110
9954,42098,41.073354,260,8,0000000000000000000000000000000000000000000000010010100010010011
5698,42100,41.075063,25,8,0000000011000100000000000000000111111111100100100000000010000011
25905,42101,41.075714,0AA,8,0001111111101100000111110000000100011111101000110001111010110011
30289,42102,41.075948,24,8,0000001001110001000000100000011001000010001010011000000010010010
31287,42103,41.076507,4A6,8,0000000000000000000000000000000000000000000011000000000000000000
20645,42104,41.076748,0B4,8,0000000000000000000000000000000010010000000001001110000100110001
11100,42105,41.076998,620,8,0001000000000000000000000000000000000000000000000000000000000000
1144,42107,41.078696,320,8,0000000000100000000000000000000000000000000000000000000001001011
40871,14038,41.080147,0BA,5,0010100100000000000000000000010000101000
33747,42108,41.080966,1C4,8,0000011110110110000110110000000000000000000000000000000010100101
5699,42111,41.08608,25,8,0000000011000011000000000000000100101111100100110000000010110011
25906,42112,41.08668,0AA,8,0001111111101011000111110000001000011111101001000001111010111000
40872,28065,41.087637,0BA,5,0100111100000000000000000000000000101110
17957,42116,41.089691,226,8,0000000000000000000100000000000000000000000000000000000000000000
9955,42119,41.093345,260,8,0000000000000000000000000000000000000000000000010011010010011111
12658,42121,41.094942,2C1,8,0000000000000010110000110000001010101001110000000001001000001101
40873,28069,41.095126,0BA,5,1110000000100001111101000000000001101010
5700,42122,41.095183,25,8,0000000011000010000000000000000101111111100100010000000000000000
25907,42123,41.095666,0AA,8,0001111111110001000111110000011100011111101011010001111010111001
30290,42124,41.095904,24,8,0000001001110000000000100000100001000010001010111000000010010101
20646,42125,41.096672,0B4,8,0000000000000000000000000000000010010100000001001110011000111010
15648,42126,41.096954,1C6,8,0000000000000000100000000000000110010000000101100000000000000000
33748,42130,41.100956,1C4,8,0000011111000000000110110000000000000000000000000000000010101111
40874,42093,41.102616,0BA,5,1100011000000000000000000000000010111110
5701,42133,41.105035,25,8,0000000011000010000000000000000110101111011111100000000000011101
25908,42134,41.105691,0AA,8,0001111111110011000111110000100000011111101010000001111010111001
40875,14044,41.110105,0BA,5,0010100100000000000000000000011100101011
9956,42136,41.113286,260,8,0000000000000000000000000000000000000000000000010000010001101111
5702,42138,41.115059,25,8,0000000011000001000000000000000111011111100010000000000001010110
25909,42139,41.115653,0AA,8,0001111111111000000111110000101100011111101011010001111010111100
30291,42140,41.115892,24,8,0000001001110000000000100000100001000010001010011000000010010011
20647,42141,41.116657,0B4,8,0000000000000000000000000000000010010100000001001110110001000000
40876,28081,41.117595,0BA,5,0100111100000000000000000000000000101110
17958,42145,41.120661,226,8,0000000000000000000100000000000000000000000000000000000000000000
33749,42146,41.120939,1C4,8,0000011111001010000110110000000000000000000000000000000010111001
12659,42150,41.124932,2C1,8,0000000000000010110100000000001010100110110000000001001000010111
40877,28085,41.125084,0BA,5,1110000000100001111101000000000001101010
5703,42151,41.125177,25,8,0000000011000000000000000000000111111111011111100000000001101011
25910,42152,41.125673,0AA,8,0001111111110110000111110000110100011111101100100001111011000000
15649,42154,41.12692,1C6,8,0000000000000000100000000000000110010000000101100000000000000000
1145,42155,41.127656,320,8,0000000000100000000000000000000000000000000000000000000001001011
40878,42129,41.132574,0BA,5,1100011000000000000000000000000010111110
9957,42157,41.133215,260,8,0000000000000000000000000000000000000000000000010000010001101111
5704,42159,41.135014,25,8,0000000010111111000000000000000100011111011111100000000010001010
25911,42160,41.135666,0AA,8,0001111111110110000111110000111100011111101100010001111011000010
30292,42161,41.1359,24,8,0000001001101111000000100000100001000010001010111000000010010100
20648,42162,41.136646,0B4,8,0000000000000000000000000000000010010100000001001110110001000000
40879,14055,41.140064,0BA,5,0010100100000000000000000000010000101000
33750,42166,41.140924,1C4,8,0000011111010001000110110000000000000000000000000000000011000000
34894,42168,41.141517,3C3,8,0100011000011110100100110100111011101110010110010000001110001000
5705,42170,41.146034,25,8,0000000010111110000000000000000100011111011110000000000010000011
25912,42171,41.14663,0AA,8,0001111111111001000111110001100100011111101100100001111010111111
40880,28104,41.147553,0BA,5,0100111100000000000000000000000000101110
17959,42174,41.149644,226,8,0000000000000000000100000000000000000000000000000000000000000000
9958,42175,41.153178,260,8,0000000000000000000000000000000000000000000000001111100001100010
12660,42177,41.154901,2C1,8,0000000000000010110000000000001010101100110000000001001000001101
40881,28107,41.155043,0BA,5,1110000000100001111010000000000001011110
5706,42178,41.155141,25,8,0000000010111101000000000000000100111111011100000000000010011010
25913,42181,41.155691,0AA,8,0001111111111101000111110001011100011111101101100001111011000100
30293,42182,41.155922,24,8,0000001001101111000000100000101001000010001010011000000010010100
21728,42183,41.156165,443,8,0100110100000010000000000010111100000110000000000000000000000000
20649,42184,41.156626,0B4,8,0000000000000000000000000000000010011000000001001111001001001010
15650,42185,41.156907,1C6,8,0000000000000000100000000000000110001111000101100000000000000000
33751,42189,41.160912,1C4,8,0000011111010100000110110000000000000000000000000000000011000011
40882,42153,41.162532,0BA,5,1100011000000000000000000000000010111110
5707,42192,41.164987,25,8,0000000010111100000000000000000101001111011101000000000010101101
25914,42193,41.165655,0AA,8,0010000000000000000111110001100000011111101110000001111011001001
40883,14064,41.170022,0BA,5,0010100100000000000000000000011100101011
9959,42196,41.173155,260,8,0000000000000000000000000000000000000000000000001110110101010111
5708,42198,41.174974,25,8,0000000010111011000000000000000101001111011010100000000010100010
7694,42199,41.175381,611,8,0010000100000000000000000001000000000000000000000011110101101100
25915,42200,41.175631,0AA,8,0001111111111111000111110001101100011111101110100001111011001100
30294,42201,41.175867,24,8,0000001001101111000000100000110001000010001001101000000010010011
28097,42202,41.176265,6C0,8,1110010000000000000000001110000010000000000000000000000000000000
20650,42203,41.176616,0B4,8,0000000000000000000000000000000010011000000001001111011101001111
40884,28124,41.177511,0BA,5,0100111100000000000000000000000000101110
17960,42207,41.180615,226,8,0000000000000000000100000000000000000000000000000000000000000000
33752,42208,41.180897,1C4,8,0000011111010100000110110000000000000000000000000000000011000011
1146,42210,41.18161,320,8,0000000000100000000000000000000000000000000000000000000001001011
12661,42212,41.184888,2C1,8,0000000000000010110100000000001010110011110000000001000100100011
40885,28128,41.185001,0BA,5,1110000000100001111011000000000001100010
5709,42213,41.185132,25,8,0000000010111010000000000000000100111111011000000000000010000111
25916,42214,41.185626,0AA,8,0001111111111111000111110001111000011111101111010001111011001100
15651,42216,41.186873,1C6,8,0000000000000000100000000000000110001111000101100000000000000000
40886,42188,41.19249,0BA,5,1100011000000000000000000000000010111110
9960,42219,41.193177,260,8,0000000000000000000000000000000000000000000000001101010100111111
5710,42221,41.194992,25,8,0000000010111001000000000000000100111111011010100000000010010000
25917,42222,41.195596,0AA,8,0010000000000000000111110010000000011111110000010001111011001111
30295,42223,41.195831,24,8,0000001001101110000000100000110101000010001001001000000010010001
20651,42225,41.196597,0B4,8,0000000000000000000000000000000010011000000001001111011101001111
40887,14078,41.19998,0BA,5,0010100100000000000000000000010000101000
33753,42227,41.20088,1C4,8,0000011111010111000110110000000000000000000000000000000011000110
5711,42231,41.205979,25,8,0000000010111000000000000000000100001111010111010000000001010010
25918,42232,41.206591,0AA,8,0010000000000100000111110010010000011111110001000001111011010100
40888,28141,41.207469,0BA,5,0100111100000000000000000000000000101110
17961,42235,41.209592,226,8,0000000000000000000100000000000000000000000000000000000000000000
9961,42236,41.213081,260,8,0000000000000000000000000000000000000000000000001100100100110011
12662,42238,41.214856,2C1,8,0000000000000010110000110000001010111001110000000001000100011100
40889,28146,41.214959,0BA,5,1110000000100001111010000000000001011110
5712,42239,41.215094,25,8,0000000010110111000000000000000100001111010110100000000001001110
25919,42240,41.215571,0AA,8,0010000000000101000111110010011000011111110000110001111011010110
30296,42241,41.215812,24,8,0000001001101110000000100000110001000010001001001000000010010000
20652,42242,41.216582,0B4,8,0000000000000000000000000000000010011100000001001111110101011001
15652,42243,41.216862,1C6,8,0000000000000000100000000000000110001111000101100000000000000000
33754,42249,41.220864,1C4,8,0000011111011010000110110000000000000000000000000000000011001001
40890,42215,41.222449,0BA,5,1100011000000000000000000000000010111110
5713,42252,41.224939,25,8,0000000010110110000000000000000111101111010101100000000000101001
25920,42253,41.225592,0AA,8,0010000000000110000111110010011100011111110010010001111011011000
1147,42254,41.226577,320,8,0000000000100000000000000000000000000000000000000000000001001011
40891,14083,41.229938,0BA,5,0010100100000000000000000000011100101011
9962,42255,41.233082,260,8,0000000000000000000000000000000000000000000000001011110100100111
5714,42257,41.234929,25,8,0000000010110101000000000000000111001111010101100000000000001000
25921,42258,41.23559,0AA,8,0010000000000110000111110010011100011111110011000001111011011011
30297,42259,41.235825,24,8,0000001001101101000000100000110001000010001000101000000010001101
20653,42260,41.236567,0B4,8,0000000000000000000000000000000010011100000001010000001101100000
40892,28167,41.237428,0BA,5,0100111100000000000000000000000000101110
17962,42265,41.240567,226,8,0000000000000000000100000000000000000000000000000000000000000000
33755,42266,41.240866,1C4,8,0000011111011110000110110000000000000000000000000000000011001101
12663,42270,41.244845,2C1,8,0000000000000010110000110000001011000000110000000001000100100011
40893,28169,41.244917,0BA,5,1110000000100001111011000000000001100010
5715,42271,41.245087,25,8,0000000010110100000000000000000110011111010011000000000011001101
25922,42272,41.245583,0AA,8,0010000000001001000111110010101100011111110011000001111011011111
15653,42274,41.24683,1C6,8,0000000000000000100000000000000110001111000101100000000000000000
40894,42246,41.252407,0BA,5,1100011000000000000000000000000010111110
9963,42275,41.253083,260,8,0000000000000000000000000000000000000000000000001001100100000011
5716,42278,41.254943,25,8,0000000010110010000000000000000101011111010011000000000010001011
25923,42279,41.255541,0AA,8,0010000000001011000111110010110000011111110100000001111011100011
30298,42280,41.255775,24,8,0000001001101100000000100000110101000010001000011000000010001100
20654,42281,41.256552,0B4,8,0000000000000000000000000000000010011100000001010000001101100000
40895,14097,41.259896,0BA,5,0010100100000000000000000000010000101000
43581,41551,41.260481,423,2,1000100000000
33756,42283,41.260837,1C4,8,0000011111011110000110110000000000000000000000000000000011001101
31507,42285,41.261241,44D,8,0100001000000010000000000000000000000001000000000000000000000000
5717,42288,41.264913,25,8,0000000010110001000000000000000100101111010011000000000001011010
25924,42289,41.26556,0AA,8,0010000000001110000111110010110000011111110101110001111011100110
40896,28185,41.267386,0BA,5,0100111100000000000000000000000000101110
17963,42292,41.268547,226,8,0000000000000000000100000000000000000000000000000000000000000000
9964,42294,41.273032,260,8,0000000000000000000000000000000000000000000000001000001011101100
12664,42296,41.274804,2C1,8,0000000000000010110100110000001011000011110000000001000100110110
40897,28190,41.274875,0BA,5,1110000000100001111110000000000001101110
5718,42297,41.275043,25,8,0000000010110000000000000000000111101111010000100000000000001111
25925,42298,41.275552,0AA,8,0010000000010000000111110010111100011111110101110001111011101010
30299,42299,41.275788,24,8,0000001001101010000000100000110101000010000111111000000010001000
20655,42300,41.276548,0B4,8,0000000000000000000000000000000010100000000001010000100001101001
15654,42301,41.276821,1C6,8,0000000000000000100000000000000110001111000101100000000000000000
1148,42305,41.279534,320,8,0000000000100000000000000000000000000000000000000000000001001011
33757,42306,41.280823,1C4,8,0000011111100010000110110000000000000000000000000000000011010001
40898,42273,41.282365,0BA,5,1100011000000000000000000000000010111110
35215,5222,41.285359,3D3,3,011011000000001000000000
5719,42310,41.285918,25,8,0000000010101111000000000000000110011111010010110000000011000111
25926,42312,41.286517,0AA,8,0010000000010000000111110011000100011111110101110001111011101100
40899,14103,41.289854,0BA,5,0010100100000000000000000000011100101011
9965,42314,41.292908,260,8,0000000000000000000000000000000000000000000000000110101011010100
5720,42316,41.294884,25,8,0000000010101101000000000000000101101111010001000000000010001110
25927,42317,41.295538,0AA,8,0010000000010100000111110011011100011111110101110001111011101110
30300,42318,41.295775,24,8,0000001001101001000000100000110001000010000111111000000010000110
20656,42319,41.296518,0B4,8,0000000000000000000000000000000010100000000001010000111001101111
40900,28205,41.297344,0BA,5,0100111100000000000000000000000000101110
17964,42323,41.300519,226,8,0000000000000000000100000000000000000000000000000000000000000000
33758,42324,41.300808,1C4,8,0000011111101001000110110000000000000000000000000000000011011000
12665,42328,41.3048,2C1,8,0000000000000010110011000000001011000110110000000001000100110010
40901,28209,41.304834,0BA,5,1110000000100010000001000000000001111011
5721,42329,41.30504,25,8,0000000010101100000000000000000100011111001110000000000000110001
25928,42330,41.305529,0AA,8,0010000000010101000111110011100100011111110111000001111011110011
15655,42332,41.306785,1C6,8,0000000000000000100000000000000110001111000101010000000000000000
7856,42333,41.307212,610,8,0010000000000000000011010110010011000000000000000110000001000000
11266,42334,41.307838,4C8,8,0000100100000000000000000000000000000000000000000000000000000000
40902,42304,41.312323,0BA,5,1100011000000000000000000000000010111110
9966,42335,41.312901,260,8,0000000000000000000000000000000000000000000000000100011110110001
13453,42336,41.313055,394,3,0
5722,42338,41.314894,25,8,0000000010101011000000000000000110111111001011100000000011000110
25929,42339,41.315492,0AA,8,0010000000010101000111110011101100011111111000000001111011110101
30301,42340,41.315727,24,8,0000001001101000000000100000110101000010000111111000000010000110
20657,42341,41.316497,0B4,8,0000000000000000000000000000000010100100000001010001001101111000
40903,14114,41.319813,0BA,5,0010100100000000000000000000010000101000
16510,42344,41.320561,3F9,8,0111010100011000000000100000001010000000000000000000000000010101
33759,42345,41.320802,1C4,8,0000011111110001000110110000000000000000000000000000000011100000
5723,42349,41.325961,25,8,0000000010101001000000000000000100101111001011110000000000110101
25930,42350,41.326489,0AA,8,0010000000010110000111110011111000011111111001100001111011111010
40904,28226,41.327302,0BA,5,0100111100000000000000000000000000101110
17965,42353,41.329499,226,8,0000000000000000000100000000000000000000000000000000000000000000
1149,42354,41.330493,320,8,0000000000100000000000000000000000000000000000000000000001001011
9967,42356,41.332704,260,8,0000000000000000000000000000000000000000000000000100011110110001
12666,42358,41.334762,2C1,8,0000000000000010110000000000001011000110110000000001000100100110
40905,28228,41.334792,0BA,5,1110000000100010000001000000000001111011
5724,42359,41.335001,25,8,0000000010101000000000000000000111011111001000100000000011010111
25931,42361,41.335478,0AA,8,0010000000011001000111110011111100011111111000010001111011111101
30302,42362,41.335714,24,8,0000001001100111000000100000111101000010000111011000000010000101
20658,42363,41.336482,0B4,8,0000000000000000000000000000000010100100000001010001001101111000
15656,42364,41.336774,1C6,8,0000000000000000100000000000000110001111000101010000000000000000
33760,42369,41.340775,1C4,8,0000011111111010000110110000000000000000000000000000000011101001
40906,42331,41.342281,0BA,5,1100011000000000000000000000000010111110
5725,42372,41.344844,25,8,0000000010100110000000000000000101001111000110100000000000111101
35355,41013,41.345039,386,7,01010100000000000000000000000000000000000000000000000000
25932,42373,41.345504,0AA,8,0010000000011011000111110100000100011111110111110001111100000010
13933,42374,41.346172,622,8,0001001000000000000000000000000000000000000000000000000000000000
40907,14123,41.349771,0BA,5,0010100100000000000000000000011100101011
9968,42377,41.352718,260,8,0000000000000000000000000000000000000000000000000010111110011001
5726,42379,41.354837,25,8,0000000010100101000000000000000110111111000100000000000010100010
25933,42380,41.355491,0AA,8,0010000000011101000111110100010100011111111001100001111100001000
30303,42381,41.355726,24,8,0000001001100110000000100000110001000010000110101000000001111110
20659,42382,41.356469,0B4,8,0000000000000000000000000000000010100100000001010001100101111110
40908,28246,41.35726,0BA,5,0100111100000000000000000000000000101110
17966,42386,41.360472,226,8,0000000000000000000100000000000000000000000000000000000000000000
33761,42387,41.360762,1C4,8,0000011111111010000110110000000000000000000000000000000011101001
43777,1416,41.36429,3BB,5,1011101100000000000000000000000000100110
40909,28252,41.36475,0BA,5,1110000000100001111110000000000001101110
12667,42390,41.364753,2C1,8,0000000000000010110001100000001011000110110000000001000100101100
5727,42391,41.364998,25,8,0000000010100011000000000000000100011111000100000000000000000000
25934,42392,41.365491,0AA,8,0010000000011101000111110100100000011111111001110001111100001011
15657,42394,41.366742,1C6,8,0000000000000000100000000000000110001111000101010000000000000000
14154,42395,41.367132,442,8,0100001100000010000000000000000000000010000000000000000000000000
198,42396,41.367468,3B7,8,1000
40910,42367,41.372239,0BA,5,1100011000000000000000000000000010111110
9969,42398,41.372645,260,8,0000000000000000000000000000000000000000000000000000000001101010
5728,42400,41.374847,25,8,0000000010100001000000000000000101111111000100000000000001011110
25935,42401,41.375448,0AA,8,0010000000011111000111110100101000011111111001100001111100001011
30304,42402,41.375681,24,8,0000001001100100000000100000110001000010000110001000000001111010
11101,42403,41.376133,620,8,0001000000000000000000000000000000000000000000000000000000000000
20660,42404,41.376451,0B4,8,0000000000000000000000000000000010101000000001010001111110001000
1150,42406,41.378459,320,8,0000000000100000000000000000000000000000000000000000000001001011
40911,14138,41.379729,0BA,5,0010100100000000000000000000010000101000
33762,42407,41.380747,1C4,8,0000100000000101000110110000000000000000000000000000000011110101
5729,42411,41.385846,25,8,0000000010100000000000000000000110101111000000100000000001111111
25936,42412,41.386442,0AA,8,0010000000011111000111110100101100011111111010100001111100001111
40912,28264,41.387219,0BA,5,0100111100000000000000000000000000101110
17967,42415,41.389449,226,8,0000000000000000000100000000000000000000000000000000000000000000
9970,42418,41.39259,260,8,0000000000000000000000000000000000000000000000000000000001101010
40913,28268,41.394708,0BA,5,1110000000100001111010000000000001011110
12668,42420,41.394718,2C1,8,0000000000000010101111000000001011010011110000000001000100101111
5730,42421,41.394959,25,8,0000000010011110000000000000000100101111000011000000000000000111
31671,42422,41.39541,389,8,0000000000100000000000000000000000000000000000000000000000000000
30305,42423,41.395645,24,8,0000001001100011000000100000110101000010000110001000000001111010
25937,42424,41.395876,0AA,8,0010000000100010000111110100111100011111111010010001111100010110
20661,42425,41.396434,0B4,8,0000000000000000000000000000000010101000000001010001111110001000
15658,42426,41.39673,1C6,8,0000000000000000100000000000000110001111000101010000000000000000
33763,42431,41.40074,1C4,8,0000100000010000000110110000000000000000000000000000000000000000
40914,42393,41.402198,0BA,5,1100011000000000000000000000000010111110
5731,42434,41.404798,25,8,0000000010011100000000000000000101011110111100100000000000011010
25938,42435,41.405456,0AA,8,0010000000100000000111110101001000011111111010110001111100010111
40915,14142,41.409687,0BA,5,0010100100000000000000000000011100101011
9971,42436,41.412553,260,8,0000000000000000000000000000000000000000000000000000000001101010
5732,42439,41.414783,25,8,0000000010011011000000000000000110011110111100100000000001011001
25939,42440,41.415447,0AA,8,0010000000100100000111110101011000011111111011000001111100010111
30306,42441,41.415685,24,8,0000001001100010000000100000111101000010000110001000000001111011
20662,42442,41.416421,0B4,8,0000000000000000000000000000000010101000000001010010010010001101
40916,28287,41.417177,0BA,5,0100111100000000000000000000000000101110
17968,42447,41.420424,226,8,0000000000000000000100000000000000000000000000000000000000000000
33764,42449,41.42078,1C4,8,0000100000011011000110110000000000000000000000000000000000001011
40917,28291,41.424666,0BA,5,1110000000100010000111000000000010010011
12669,42452,41.424708,2C1,8,0000000000000010110010010000001011001100110000000001000100110101
5733,42453,41.424945,25,8,0000000010011001000000000000000111001110111100100000000010000111
25940,42454,41.425436,0AA,8,0010000000101000000111110101101000011111111100110001111100011010
15659,42456,41.426696,1C6,8,0000000000000000100000000000000110001111000101010000000000000000
13678,42457,41.427133,4B7,8,1110001111011111001000001111000000000000111010100000000100001000
1151,42458,41.427419,320,8,0000000000100000000000000000000000000000000000000000000001001011
40918,42429,41.432156,0BA,5,1100011000000000000000000000000010111110
9972,42459,41.432539,260,8,0000000000000000000000000000000000000000111111111111010001011101
5734,42462,41.434789,25,8,0000000010010111000000000000000111011110110111100000000010000001
25941,42463,41.435403,0AA,8,0010000000100100000111110101110000011111111100000001111100100011
30307,42464,41.435641,24,8,0000001001100000000000100000110101000010000110001000000001110111
20663,42465,41.436402,0B4,8,0000000000000000000000000000000010101100000001010010101010010111
40919,14157,41.439645,0BA,5,0010100100000000000000000000010000101000
33765,42468,41.44071,1C4,8,0000100000100111000110110000000000000000000000000000000000010111
5735,42472,41.444769,25,8,0000000010010101000000000000000111101110110111100000000010001111
25942,42473,41.445422,0AA,8,0010000000101100000111110101111000011111111100000001111100100011
40920,28309,41.447135,0BA,5,0100111100000000000000000000000000101110
17969,42476,41.448404,226,8,0000000000000000000100000000000000000000000000000000000000000000
9973,42478,41.45251,260,8,0000000000000000000000000000000000000000111111111110100001010001
40921,28313,41.454624,0BA,5,1110000000100010000011000000000010000011
12670,42480,41.454673,2C1,8,0000000000000010110010010000001011001001110000000001000100110010
5736,42481,41.454911,25,8,0000000010010011000000000000000111111110110111100000000010011101
302,42482,41.455368,38F,8,0000000100000000000000000000000000000000000000000000000000000000
30308,42483,41.455604,24,8,0000001001011110000000100000110101000010000101101000000001110011
25943,42484,41.455841,0AA,8,0010000000101100000111110101111100011111111101000001111100100001
20664,42486,41.456386,0B4,8,0000000000000000000000000000000010101100000001010010101010010111
15660,42487,41.456684,1C6,8,0000000000000000100000000000000110001111000101010000000000000000
33766,42491,41.46069,1C4,8,0000100000100111000110110000000000000000000000000000000000010111
40922,42455,41.462114,0BA,5,1100011000000000000000000000000010111110
5737,42494,41.464754,25,8,0000000010010001000000000000000111111110110101000000000010010001
21729,42495,41.465345,443,8,0100110100000010000000000010111100000110000000000000000000000000
25944,42496,41.46558,0AA,8,0010000000101001000111110110010100011111111101000001111100100101
40923,14164,41.469604,0BA,5,0010100100000000000000000000011100101011
9974,42498,41.472532,260,8,0000000000000000000000000000000000000000111111111101110001000101
5738,42500,41.474747,25,8,0000000010001111000000000000000111111110110101000000000010001111
25945,42501,41.475401,0AA,8,0010000000101001000111110110101000011111111110010001111100101011
30309,42502,41.475632,24,8,0000001001011101000000100001000101000010000101001000000001110100
28098,42503,41.475875,6C0,8,1110010000000000000000001110000010000000000000000000000000000000
20665,42504,41.476373,0B4,8,0000000000000000000000000000000010101100000001010011000010011101
40924,28327,41.477093,0BA,5,0100111100000000000000000000000000101110
17970,42509,41.480376,226,8,0000000000000000000100000000000000000000000000000000000000000000
33767,42510,41.480673,1C4,8,0000100000110001000110110000000000000000000000000000000000100001
1152,42512,41.481369,320,8,0000000000100000000000000000000000000000000000000000000001001011
40925,28332,41.484583,0BA,5,1110000000100010000010000000000001111111
12671,42514,41.484665,2C1,8,0000000000000010110000000000001011001100110000000001000100101100
34735,42516,41.48558,380,8,0
5739,42517,41.485817,25,8,0000000010001101000000000000000110111110110010110000000001000100
25946,42519,41.486364,0AA,8,0010000000101011000111110110101000011111111110100001111100110001
15661,42520,41.486648,1C6,8,0000000000000000100000000000000110001111000101010000000000000000
40926,42490,41.492072,0BA,5,1100011000000000000000000000000010111110
9975,42523,41.492422,260,8,0000000000000000000000000000000000000000111111111101110001000101
5740,42525,41.494728,25,8,0000000010001011000000000000000111011110110010010000000001100000
25947,42526,41.49535,0AA,8,0010000000110000000111110110101100011111111101010001111100110001
30310,42527,41.495581,24,8,0000001001011011000000100001000101000010000100111000000001110001
20666,42528,41.496354,0B4,8,0000000000000000000000000000000010110000000001010011010110100110
40927,14176,41.499562,0BA,5,0010100100000000000000000000010000101000
33768,42531,41.500658,1C4,8,0000100000111010000110110000000000000000000000000000000000101010
5741,42534,41.504719,25,8,0000000010001001000000000000000110111110110000000000000000110101
25948,42535,41.505371,0AA,8,0010000000110010000111110110110100011111111110110001111100110110
40928,28351,41.507051,0BA,5,0100111100000000000000000000000000101110
17971,42538,41.50836,226,8,0000000000000000000100000000000000000000000000000000000000000000
9976,42539,41.512396,260,8,0000000000000000000000000000000000000000111111111100010100101110
40929,28355,41.514541,0BA,5,1110000000100010000001000000000001111011
12672,42541,41.514631,2C1,8,0000000000000010110000110000001011000011110000000001000100100110
5742,42542,41.514873,25,8,0000000010000111000000000000000110011110110000000000000000010011
25949,42544,41.515334,0AA,8,0010000000110010000111110111000000011111111111010001111100111011
30311,42545,41.515568,24,8,0000001001011010000000100001000101000010000100011000000001101110
20667,42546,41.516343,0B4,8,0000000000000000000000000000000010110000000001010011101110101100
15662,42547,41.516642,1C6,8,0000000000000000100000000000000110001111000101010000000000000000
33769,42552,41.52065,1C4,8,0000100001000001000110110000000000000000000000000000000000110001
40930,42521,41.52203,0BA,5,1100011000000000000000000000000010111110
5743,42555,41.524697,25,8,0000000010000100000000000000000101011110101101100000000011000110
25950,42556,41.525357,0AA,8,0010000000110001000111110111001100011111111111110001111100111110
1153,42557,41.526338,320,8,0000000000100000000000000000000000000000000000000000000001001011
40931,14186,41.52952,0BA,5,0010100100000000000000000000011100101011
9977,42559,41.532418,260,8,0000000000000000000000000000000000000000111111111011100000100001
5744,42561,41.53469,25,8,0000000010000010000000000000000100111110110000000000000010101110
25951,42562,41.535351,0AA,8,0010000000110001000111110111011100011111111111100001111101000001
30312,42563,41.535585,24,8,0000001001011000000000100001001101000010000011111000000001101100
20668,42564,41.536326,0B4,8,0000000000000000000000000000000010110100000001010100000010110101
40932,28375,41.537009,0BA,5,0100111100000000000000000000000000101110
17972,42568,41.540328,226,8,0000000000000000000100000000000000000000000000000000000000000000
33770,42569,41.540626,1C4,8,0000100001000111000110110000000000000000000000000000000000110111
40933,28378,41.544499,0BA,5,1110000000100010000001000000000001111011
12673,42574,41.544622,2C1,8,0000000000000010101100110000001010111100110000000001000000001110
5745,42575,41.544862,25,8,0000000010000000000000000000000100001110101101100000000001110010
35216,42355,41.545015,3D3,3,111001010000000110111000
25952,42576,41.545343,0AA,8,0010000000110011000111110111110100100000000001010001111101000111
15663,42578,41.546608,1C6,8,0000000000000000100000000000000110001111000101010000000000000000
40934,42550,41.551988,0BA,5,1100011000000000000000000000000010111110
9978,42581,41.5523,260,8,0000000000000000000000000000000000000000111111111010110100010110
5746,42583,41.554678,25,8,0000000001111110000000000000000111011110101101100000000001000000
25953,42584,41.555307,0AA,8,0010000000110011000111111000000000100000000001110001111101001011
30313,42585,41.555544,24,8,0000001001010110000000100001001101000010000011011000000001101000
13872,42586,41.55615,4C6,8,0000011100000000000000110000000000000000000000000000000000000000
20669,42587,41.556391,0B4,8,0000000000000000000000000000000010110100000001010100000010110101
40935,14200,41.559478,0BA,5,0010100100000000000000000000010000101000
33771,42589,41.560616,1C4,8,0000100001001100000110110000000000000000000000000000000000111100
5747,42593,41.564773,25,8,0000000001111100000000000000000110011110101011000000000011110100
25954,42594,41.565325,0AA,8,0010000000110110000111111000100000100000000001100001111101001111
40936,28391,41.566968,0BA,5,0100111100000000000000000000000000101110
17973,42597,41.568309,226,8,0000000000000000000100000000000000000000000000000000000000000000
31508,42599,41.570254,44D,8,0100001000000010000000000000000000000001000000000000000000000000
16511,42600,41.570582,3F9,8,0111010100011000000000100000001010000000000000000000000000010101
9979,42601,41.57214,260,8,0000000000000000000000000000000000000000111111111001010111111110
40937,28395,41.574457,0BA,5,1110000000100010000110000000000010001111
12674,42603,41.57459,2C1,8,0000000000000010101011000000001010110110110000000001000000000001
5748,42604,41.574828,25,8,0000000001111001000000000000000101001110101011000000000010100001
25955,42605,41.57532,0AA,8,0010000000110100000111111000100000100000000010100001111101010100
30314,42606,41.575555,24,8,0000001001010011000000100001010001000010000011001000000001100101
20670,42607,41.576292,0B4,8,0000000000000000000000000000000010110100000001010100011010111011
15664,42608,41.576596,1C6,8,0000000000000000100000000000000110001111000101010000000000000000
1154,42612,41.5793,320,8,0000000000100000000000000000000000000000000000000000000001001011
14257,42613,41.580292,60.0,8,1010000100000000000000000000000000000000011100000000000000000000
33772,42614,41.580599,1C4,8,0000100001001100000110110000000000000000000000000000000000111100
40938,42577,41.581947,0BA,5,1100011000000000000000000000000010111110
5749,42618,41.584636,25,8,0000000001110111000000000000000100001110101011000000000001011111
25956,42620,41.585312,0AA,8,0010000000110100000111111000101000100000000010110001111101011001
40939,14205,41.589436,0BA,5,0010100100000000000000000000011100101011
9980,42622,41.592072,260,8,0000000000000000000000000000000000000000111111111000100111110010
5750,42624,41.594641,25,8,0000000001110101000000000000000110101110100110000000000011101001
25957,42625,41.595267,0AA,8,0010000000110110000111111000110100100000000010110001111101011101
30315,42626,41.595501,24,8,0000001001010001000000100001010001000010000010101000000001100001
43582,2786,41.595932,423,2,11100000000
20671,42627,41.596278,0B4,8,0000000000000000000000000000000010111000000001010100011010111111
40940,28413,41.596926,0BA,5,0100111100000000000000000000000000101110
17974,42632,41.60028,226,8,0000000000000000000100000000000000000000000000000000000000000000
7754,42633,41.60052,435,8,1000000000000101000001011111111111100000001111110000000000000011
33773,42634,41.600761,1C4,8,0000100001010001000110110000000000000000000000000000000001000001
40941,28416,41.604415,0BA,5,1110000000100010000111000000000010010011
12675,42637,41.604581,2C1,8,0000000000000010101001100000001010110110110000000000111111111010
5751,42638,41.604821,25,8,0000000001110010000000000000000101001110101000100000000010010000
25958,42639,41.605292,0AA,8,0010000000110110000111111000110100100000000011100001111101100000
15665,42642,41.606563,1C6,8,0000000000000000100000000000000110001111000101010000000000000000
10944,42643,41.607255,436,8,0
40942,42611,41.611905,0BA,5,1100011000000000000000000000000010111110
9981,42644,41.612069,260,8,0000000000000000000000000000000000000000111111111000100111110010
13454,42645,41.612187,394,3,0
5752,42648,41.614627,25,8,0000000001110000000000000000000111101110100110000000000000100100
25959,42649,41.615254,0AA,8,0010000000110110000111111001010000100000000100010001111101101010
30316,42650,41.615488,24,8,0000001001001110000000100001010001000010000001101000000001011010
20672,42651,41.616258,0B4,8,0000000000000000000000000000000010111000000001010100110011000101
40943,14220,41.619394,0BA,5,0010100100000000000000000000010000101000
16324,42653,41.619971,4C1,8,0000000100000000000000010000000100000000000000000000000000000000
33774,42654,41.620568,1C4,8,0000100001010011000110110000000000000000000000000000000001000011
5753,42657,41.625631,25,8,0000000001101101000000000000000100111110100101010000000001101110
25960,42658,41.626251,0AA,8,0010000000110110000111111001100100100000000100000001111101101111
40944,28433,41.626884,0BA,5,0100111100000000000000000000000000101110
17975,42661,41.629257,226,8,0000000000000000000100000000000000000000000000000000000000000000
1155,42663,41.630254,320,8,0000000000100000000000000000000000000000000000000000000001001011
9982,42664,41.632024,260,8,0000000000000000000000000000000000000000111111110111000111011010
40945,28437,41.634373,0BA,5,1110000000100010000101000000000010001011
12676,42666,41.63455,2C1,8,0000000000000010100111000000001010100110110000000000111111100000
5754,42667,41.634788,25,8,0000000001101011000000000000000100001110100100100000000000111001
13810,42668,41.635241,434,8,0100001000000000000000000000000000000000000000000000000000000000
30317,42669,41.635475,24,8,0000001001001011000000100001011001000010000001011000000001011000
25961,42670,41.635707,0AA,8,0010000000110111000111111001110000100000000101010001111101110010
20673,42671,41.636243,0B4,8,0000000000000000000000000000000010111100000001010100110011001001
15666,42672,41.636553,1C6,8,0000000000000000100000000000000110001111000101010000000000000000
33775,42677,41.640557,1C4,8,0000100001010110000110110000000000000000000000000000000001000110
34895,42679,41.640943,3C3,8,0100011000011110100100110100111011101110010110010000001110001000
40946,42641,41.641863,0BA,5,1100011000000000000000000000000010111110
28201,42680,41.642231,437,8,1111110011111111111111111111111111111111111111111111111111111111
5755,42682,41.644574,25,8,0000000001101001000000000000000110011110100011100000000011000011
25962,42683,41.645262,0AA,8,0010000000111000000111111010000000100000000101100001111101110111
40947,14229,41.649353,0BA,5,0010100100000000000000000000011100101011
9983,42686,41.651962,260,8,0000000000000000000000000000000000000000111111110011011010011111
5756,42688,41.654576,25,8,0000000001100110000000000000000100011110100011100000000001000000
25963,42689,41.655255,0AA,8,0010000000111000000111111010001100100000000101100001111101111101
30318,42690,41.65549,24,8,0000001001001001000000100001011001000010000000111000000001010100
20674,42691,41.656229,0B4,8,0000000000000000000000000000000010111100000001010101000111001110
40948,28450,41.656842,0BA,5,0100111100000000000000000000000000101110
17976,42695,41.660233,226,8,0000000000000000000100000000000000000000000000000000000000000000
33776,42696,41.66054,1C4,8,0000100001011010000110110000000000000000000000000000000001001010
43778,2844,41.661875,3BB,5,1010010100000000000000000000000000000000
40949,28454,41.664332,0BA,5,1110000000100010000001000000000001111011
12677,42700,41.664532,2C1,8,0000000000000010100101100000001010100011110000000000111011010110
5757,42701,41.664772,25,8,0000000001100100000000000000000110011110100001000000000010110100
25964,42702,41.665245,0AA,8,0010000000111000000111111010010000100000000101110001111110000001
15667,42704,41.66652,1C6,8,0000000000000000100000000000000110001111000101010000000000000000
199,42705,41.66723,3B7,8,1000
40950,42675,41.671821,0BA,5,1100011000000000000000000000000010111110
9984,42708,41.671916,260,8,0000000000000000000000000000000000000000111111110001001001111011
5758,42710,41.674584,25,8,0000000001100001000000000000000100001110100001000000000000100001
25965,42711,41.675209,0AA,8,0010000000111000000111111010011100100000000111100001111110000010
30319,42712,41.675444,24,8,0000001001000110000000100001010001000010000000011000000001001101
14155,42713,41.67574,442,8,0100001100000010000000000000000000000010000000000000000000000000
11102,42714,41.67601,620,8,0001000000000000000000000000000000000000000000000000000000000000
20675,42715,41.676251,0B4,8,0000000000000000000000000000000010111100000001010101011111010100
1156,42717,41.678222,320,8,0000000000100000000000000000000000000000000000000000000001001011
40951,14241,41.679311,0BA,5,0010100100000000000000000000010000101000
33777,42719,41.680526,1C4,8,0000100001011100000110110000000000000000000000000000000001001100
5759,42722,41.685571,25,8,0000000001011110000000000000000101001110100011000000000001100110
25966,42723,41.686203,0AA,8,0010000000111000000111111011000000100000000111010001111110000100
40952,28473,41.6868,0BA,5,0100111100000000000000000000000000101110
17977,42726,41.689213,226,8,0000000000000000000100000000000000000000000000000000000000000000
9985,42728,41.691942,260,8,0000000000000000000000000000000000000000111111101111101101100011
40953,28475,41.69429,0BA,5,1110000000100010000010000000000001111111
12678,42730,41.694498,2C1,8,0000000000000010100011000000001010100011110000000000111011001100
5760,42731,41.694737,25,8,0000000001011100000000000000000100001110100001110000000000011111
30320,42733,41.695403,24,8,0000001001000011000000100001010001000010000000001000000001001001
25967,42734,41.695637,0AA,8,0010000000111000000111111011010100100000000111010001111110001011
20676,42735,41.696204,0B4,8,0000000000000000000000000000000011000000000001010101011111011000
15668,42736,41.696511,1C6,8,0000000000000000100000000000000110001111000101010000000000000000
33778,42740,41.70051,1C4,8,0000100001011100000110110000000000000000000000000000000001001100
40954,42703,41.701779,0BA,5,1100011000000000000000000000000010111110
5761,42743,41.704529,25,8,0000000001011001000000000000000101111110100001000000000010001001
25968,42744,41.705212,0AA,8,0010000000111010000111111011011000100000001000000001111110001101
40955,14248,41.709269,0BA,5,0010100100000000000000000000011100101011
9986,42746,41.711883,260,8,0000000000000000000000000000000000000000111111101101011100111111
5762,42748,41.714523,25,8,0000000001010111000000000000000111111110100001000000000000000111
25969,42750,41.715201,0AA,8,0010000000111010000111111011011100100000001010010001111110010000
30321,42751,41.71544,24,8,0000001001000000000000100001010001000001111111011000000001000010
20677,42752,41.71618,0B4,8,0000000000000000000000000000000011000000000001010101110111011110
40956,28492,41.716758,0BA,5,0100111100000000000000000000000000101110
17978,42756,41.720186,226,8,0000000000000000000100000000000000000000000000000000000000000000
33779,42757,41.720495,1C4,8,0000100001100001000110110000000000000000000000000000000001010001
40957,28496,41.724248,0BA,5,1110000000100010000010000000000001111111
12679,42760,41.72449,2C1,8,0000000000000010100001100000001010010110110000000000111010111001
5763,42761,41.724729,25,8,0000000001010100000000000000000101101110100001000000000001110100
25970,42762,41.725202,0AA,8,0010000000111010000111111011101100100000001001110001111110011100
15669,42764,41.726473,1C6,8,0000000000000000100000000000000110001111000101010000000000000000
1157,42765,41.727177,320,8,0000000000100000000000000000000000000000000000000000000001001011
40958,42739,41.731738,0BA,5,1100011000000000000000000000000010111110
9987,42767,41.73192,260,8,0000000000000000000000000000000000000000111111101100101100110011
5764,42769,41.734519,25,8,0000000001010010000000000000000111101110100001000000000011110010
25971,42771,41.735248,0AA,8,0010000000111010000111111011110100100000001001110001111110011100
30322,42772,41.735485,24,8,0000001000111101000000100001010001000001111110111000000000111101
20678,42773,41.736167,0B4,8,0000000000000000000000000000000011000000000001010110001011100011
40959,14260,41.739227,0BA,5,0010100100000000000000000000010000101000
33780,42776,41.740486,1C4,8,0000100001101000000110110000000000000000000000000000000001011000
5765,42780,41.74452,25,8,0000000001001111000000000000000101101110100011100000000001111001
13999,42781,41.745154,38E,8,0
25972,42782,41.74539,0AA,8,0010000000111011000111111100000100100000001001000001111110011101
40960,28508,41.746717,0BA,5,0100111100000000000000000000000000101110
17979,42785,41.74817,226,8,0000000000000000000100000000000000000000000000000000000000000000
9988,42786,41.751853,260,8,0000000000000000000000000000000000000000111111101011010000011100
40961,28513,41.754206,0BA,5,1110000000100010000100000000000010000111
12680,42788,41.754459,2C1,8,0000000000000010011111000000001010001001110000000000110110100001
5766,42789,41.754696,25,8,0000000001001101000000000000000100001110100110000000000000100001
25973,42790,41.755146,0AA,8,0010000000111110000111111100001000100000001001110001111110100011
30323,42791,41.755383,24,8,0000001000111010000000100001001101000001111110001000000000110110
20679,42792,41.756148,0B4,8,0000000000000000000000000000000011000100000001010110100011101101
15670,42793,41.756466,1C6,8,0000000000000000100000000000000110001111000101010000000000000000
13618,42797,41.760274,4DD,8,0001111000000000000000000000000000000000000000000000000000000000
33781,42798,41.760518,1C4,8,0000100001110000000110110000000000000000000000000000000001100000
40962,42763,41.761696,0BA,5,1100011000000000000000000000000010111110
5767,42802,41.764487,25,8,0000000001001011000000000000000110101110100110000000000010111111
25974,42803,41.765167,0AA,8,0010000000111011000111111100011000100000001011100001111110101001
40963,14264,41.769185,0BA,5,0010100100000000000000000000011100101011
9989,42804,41.77183,260,8,0000000000000000000000000000000000000000111111101000100011110000
5768,42806,41.774477,25,8,0000000001001000000000000000000100101110100011100000000000110010
28099,42807,41.77473,6C0,8,1110010000000000000000001110000010000000000000000000000000000000
21730,42808,41.775114,443,8,0100110100000010000000000010111100000110000000000000000000000000
30324,42809,41.775349,24,8,0000001000110111000000100001001101000001111101101000000000110001
25975,42810,41.775585,0AA,8,0010000000111010000111111100101000100000001011000001111110101011
20680,42811,41.776133,0B4,8,0000000000000000000000000000000011000100000001010110100011101101
40964,28532,41.776675,0BA,5,0100111100000000000000000000000000101110
17980,42816,41.780137,226,8,0000000000000000000100000000000000000000000000000000000000000000
33782,42817,41.780452,1C4,8,0000100001111010000110110000000000000000000000000000000001101010
1158,42819,41.781131,320,8,0000000000100000000000000000000000000000000000000000000001001011
40965,28536,41.784164,0BA,5,1110000000100010000010000000000001111111
12681,42821,41.784446,2C1,8,0000000000000010011101100000001001110000110000000000110110000010
5769,42822,41.784684,25,8,0000000001000110000000000000000110101110100001000000000010100110
25976,42824,41.785149,0AA,8,0010000000111101000111111100110100100000001010000001111110110000
15671,42826,41.786429,1C6,8,0000000000000000100000000000000110001111000101010000000000000000
40966,42796,41.791654,0BA,5,1100011000000000000000000000000010111110
9990,42828,41.791709,260,8,0000000000000000000000000000000000000000111111100011100110100001
5770,42831,41.794487,25,8,0000000001000011000000000000000100001110011110100000000011111001
25977,42832,41.795111,0AA,8,0010000000111101000111111101001000100000001010010001111110110101
30325,42833,41.795347,24,8,0000001000110100000000100001001101000001111101001000000000101100
20681,42834,41.796119,0B4,8,0000000000000000000000000000000011001000000001010110110111110110
40967,14280,41.799143,0BA,5,0010100100000000000000000000010000101000
33783,42837,41.80049,1C4,8,0000100010000100000110110000000000000000000000000000000001110100
5771,42840,41.804454,25,8,0000000001000000000000000000000101101110011110100000000001010110
35217,5286,41.804672,3D3,3,011011000000001000000000
13744,42841,41.805107,3A5,8,100000000
25978,42842,41.805347,0AA,8,0010000000111110000111111101011000100000001010100001111110110110
40968,28557,41.806633,0BA,5,0100111100000000000000000000000000101110
7857,42845,41.80758,610,8,0010000010000000000011100110010011000000000000000111110101000000
17981,42846,41.808125,226,8,0000000000000000000100000000000000000000000000000000000000000000
9991,42848,41.811778,260,8,0000000000000000000000000000000000000000111111100010001110001011
40969,28562,41.814123,0BA,5,1110000000100001111110000000000001101110
12682,42850,41.814416,2C1,8,0000000000000010011100000000001001100011110000000000110101101111
5772,42851,41.814658,25,8,0000000000111110000000000000000111001110011100000000000010101010
25979,42852,41.815094,0AA,8,0010000000111101000111111101011100100000001001110001111110110111
30326,42853,41.815333,24,8,0000001000110000000000100001000101000001111100011000000000100011
20682,42854,41.816103,0B4,8,0000000000000000000000000000000011001000000001010111001111111100
15672,42855,41.816424,1C6,8,0000000000000000100000000000000110001111000101010000000000000000
31352,42859,41.819566,640,8,1010100000000000000000000011011100000001111000000000000000000000
16512,42860,41.820158,3F9,8,0111010100011000000000100000001010000000000000000000000000010101
33784,42861,41.820422,1C4,8,0000100010001100000110110000000000000000000000000000000001111100
40970,42825,41.821612,0BA,5,1100011000000000000000000000000010111110
5773,42864,41.825465,25,8,0000000000111011000000000000000110111110010111100000000010000101
25980,42865,41.826091,0AA,8,0010000000111101000111111101100100100000001011000001111111000000
1159,42867,41.827101,320,8,0000000000100000000000000000000000000000000000000000000001001011
40971,14288,41.829102,0BA,5,0010100100000000000000000000011100101011
9992,42868,41.831541,260,8,0000000000000000000000000000000000000000111111100000000101101001
5774,42870,41.834425,25,8,0000000000111000000000000000000100101110010110100000000011101110
35038,42871,41.835083,413,8,0000000100000001000000010000100100000000000000000000000000000000
30327,42872,41.835325,24,8,0000001000101101000000100001000101000001111011111000000000011110
25981,42873,41.835558,0AA,8,0010000000111010000111111101110000100000001010010001111111000100
20683,42874,41.836091,0B4,8,0000000000000000000000000000000011001000000001010111001111111100
40972,28573,41.836591,0BA,5,0100111100000000000000000000000000101110
17982,42878,41.840091,226,8,0000000000000000000100000000000000000000000000000000000000000000
33785,42879,41.840658,1C4,8,0000100010001100000110110000000000000000000000000000000001111100
40973,28578,41.844081,0BA,5,1110000000100010000011000000000010000011
12683,42884,41.844401,2C1,8,0000000000000010011001100000001001010011110000000000110101010101
5775,42885,41.844641,25,8,0000000000110101000000000000000100111110010010000000000011101001
25982,42887,41.845106,0AA,8,0010000000111111000111111101111100100000001010010001111111000111
15673,42889,41.846389,1C6,8,0000000000000000100000000000000110001110000101010000000000000000
9993,42891,41.851449,260,8,0000000000000000000000000000000000000000111111100000000101101001
40974,42858,41.85157,0BA,5,1100011000000000000000000000000010111110
5776,42893,41.854439,25,8,0000000000110010000000000000000101101110010111000000000000101010
25983,42894,41.855071,0AA,8,0010000000111110000111111110010100100000001010100001111111001101
30328,42895,41.855311,24,8,0000001000101010000000100001001101000001111011011000000000011011
20684,42896,41.856071,0B4,8,0000000000000000000000000000000011001100000001010111100100000110
40975,14299,41.85906,0BA,5,0010100100000000000000000000010000101000
33786,42899,41.860394,1C4,8,0000100010010011000110110000000000000000000000000000000010000011
5777,42903,41.86452,25,8,0000000000110000000000000000000110101110010111000000000001101000
25984,42904,41.865086,0AA,8,0010000000111010000111111110011000100000001011010001111111010000
40976,28595,41.866549,0BA,5,0100111100000000000000000000000000101110
17983,42907,41.868122,226,8,0000000000000000000100000000000000000000000000000000000000000000
9994,42908,41.871399,260,8,0000000000000000000000000000000000000000111111100110011011001110
40977,28598,41.874039,0BA,5,1110000000100010000101000000000010001011
12684,42910,41.874367,2C1,8,0000000000000010010110010000001000110011110000000000110100101000
5778,42911,41.874606,25,8,0000000000101101000000000000000111101110011001100000000010101111
25985,42912,41.875052,0AA,8,0010000000111101000111111110110100100000001011000001111111010011
30329,42913,41.875291,24,8,0000001000100111000000100001000101000001111011001000000000010101
20685,42915,41.876059,0B4,8,0000000000000000000000000000000011001100000001010111111000001011
15674,42916,41.87638,1C6,8,0000000000000000100000000000000110001011000101010000000000000000
31288,42918,41.876797,4A6,8,0000000000000000000000000000000000000000000011000000000000000000
1160,42921,41.87906,320,8,0000000000100000000000000000000000000000000000000000000001001011
31509,42922,41.879475,44D,8,0100001000000010000000000000000000000001000000000000000000000000
33787,42923,41.880384,1C4,8,0000100010011011000110110000000000000000000000000000000010001011
40978,42888,41.881528,0BA,5,1100011000000000000000000000000010111110
5779,42926,41.884393,25,8,0000000000101010000000000000000100111110011100000000000000000110
25986,42927,41.885071,0AA,8,0010000000111011000111111111000000100000001011110001111111010111
40979,14308,41.889018,0BA,5,0010100100000000000000000000011100101011
9995,42929,41.891379,260,8,0000000000000000000000000000000000000000111111101011010000011100
5780,42932,41.894386,25,8,0000000000101000000000000000000110111110100001000000000010011000
25987,42933,41.895063,0AA,8,0010000000111010000111111111010000100000001011100001111111011100
30330,42934,41.895304,24,8,0000001000100100000000100001000101000001111010101000000000010000
20686,42935,41.896044,0B4,8,0000000000000000000000000000000011010000000001010111111000001111
40980,28617,41.896507,0BA,5,0100111100000000000000000000000000101110
17984,42939,41.900046,226,8,0000000000000000000100000000000000000000000000000000000000000000
33788,42940,41.900364,1C4,8,0000100010100001000110110000000000000000000000000000000010010001
40981,28621,41.903997,0BA,5,1110000000100010000010000000000001111111
12685,42943,41.904361,2C1,8,0000000000000010010011000000001000101100110000000000110000010011
5781,42944,41.9046,25,8,0000000000100101000000000000000101011110101000100000000001010011
25988,42945,41.905055,0AA,8,0010000000111011000111111111010100100000001011000001111111011101
15675,42947,41.906347,1C6,8,0000000000000000100000000000000110001000000101010000000000000000
34977,42948,41.907038,4C3,8,0000001100000000000000000000000100000000000000000000000000000000
9996,42951,41.911368,260,8,0000000000000000000000000000000000000000111111101110001101001011
40982,42920,41.911487,0BA,5,1100011000000000000000000000000010111110
13455,42952,41.911519,394,3,0
5782,42954,41.914366,25,8,0000000000100011000000000000000100101110101101100000000000110101
25989,42955,41.915049,0AA,8,0010000000111011000111111111100000100000001011010001111111100001
30331,42956,41.915294,24,8,0000001000100000000000100001000101000001111010001000000000001010
20687,42957,41.916027,0B4,8,0000000000000000000000000000000011010000000001011000010000010101
27840,42959,41.918028,420,8,0000000000000000000000000000000011111111000000001000000010101011
40983,14323,41.918976,0BA,5,0010100100000000000000000000010000101000
33789,42961,41.92035,1C4,8,0000100010101000000110110000000000000000000000000000000010011000
5783,42964,41.924366,25,8,0000000000100001000000000000000100111110110111100000000001101011
25990,42966,41.925049,0AA,8,0010000000111110000111111111111000100000001011010001111111100111
40984,28632,41.926466,0BA,5,0100111100000000000000000000000000101110
17985,42969,41.928027,226,8,0000000000000000000100000000000000000000000000000000000000000000
1161,42971,41.929023,320,8,0000000000100000000000000000000000000000000000000000000001001011
9997,42972,41.931291,260,8,0000000000000000000000000000000000000000111111101011010000011100
43583,10736,41.931383,423,2,10101000001111
40985,28638,41.933955,0BA,5,1110000000100010000110000000000010001111
12686,42974,41.934324,2C1,8,0000000000000010010001100000001000100011110000000000110000000100
5784,42975,41.934562,25,8,0000000000011111000000000000000101101110111100100000000010101101
25991,42976,41.935033,0AA,8,0010000000111011001000000000000100100000001010100001111111100111
30332,42977,41.935271,24,8,0000001000011101000000100001000101000001111001011000000000000100
20688,42978,41.93601,0B4,8,0000000000000000000000000000000011010000000001011000010000010101
15676,42979,41.936337,1C6,8,0000000000000000100000000000000110000101000101010000000000000000
31611,42984,41.93932,633,8,1000000100000000000000000000000000000000000000000000000000000000
7634,42985,41.939834,3BC,8,0
33790,42986,41.940409,1C4,8,0000100010101100000110110000000000000000000000000000000010011100
40986,42946,41.941445,0BA,5,1100011000000000000000000000000010111110
35356,41047,41.944242,386,7,11011011000000000000000000000000000001100000000000000011
43440,41076,41.944321,3000000.0,6,101011000000000000000000000000000000000000000000
5785,42990,41.944344,25,8,0000000000011110000000000000000111011111000100000000000000111011
25992,42991,41.945026,0AA,8,0010000000111010001000000000011000100000001010100001111111101010
40987,14328,41.948934,0BA,5,0010100100000000000000000000011100101011
9998,42992,41.951275,260,8,0000000000000000000000000000000000000000111111110001001001111011
5786,42994,41.954358,25,8,0000000000011100000000000000000101101111001011100000000011100111
25993,42995,41.95499,0AA,8,0010000000111001001000000000010100100000001011000001111111110001
30333,42996,41.955229,24,8,0000001000011010000000100001000101000001111001011000000000000001
20689,42997,41.955996,0B4,8,0000000000000000000000000000000011010100000001011000101000011111
40988,28656,41.956424,0BA,5,0100111100000000000000000000000000101110
43779,42598,41.95946,3BB,5,0111000000000000000000001010011000000000
17986,43002,41.959996,226,8,0000000000000000000100000000000000000000000000000000000000000000
33791,43003,41.960325,1C4,8,0000100010110000000110110000000000000000000000000000000010100000
40989,28660,41.963913,0BA,5,1110000000100010000110000000000010001111
5787,43006,41.964325,25,8,0000000000011011000000000000000100101111010000100000000010111010
12687,43007,41.964563,2C1,8,0000000000000010001110010000001000011001110000000000110011101101
25994,43008,41.965016,0AA,8,0010000000111000001000000000100100100000001010100001111111110101
27901,43009,41.965264,4DC,8,0001110100000000000000000000000000000000000000000000000000000000
15677,43011,41.966304,1C6,8,0000000000000000100000000000000110000010000101010000000000000000
200,43012,41.966995,3B7,8,1000
9999,43013,41.971327,260,8,0000000000000000000000000000000000000000111111110000011101110000
40990,42982,41.971403,0BA,5,1100011000000000000000000000000010111110
5788,43017,41.974344,25,8,0000000000011010000000000000000100011111011000000000000011000111
25995,43018,41.975004,0AA,8,0010000000111000001000000000100100100000001010010001111111110111
30334,43019,41.975242,24,8,0000001000010110000000100001000101000001111000111000000011111011
11103,43020,41.975492,620,8,0001000000000000000000000000000000000000000000000000000000000000
20690,43021,41.975983,0B4,8,0000000000000000000000000000000011010100000001011000101000011111
1162,43023,41.977997,320,8,0000000000100000000000000000000000000000000000000000000001001011
40991,14346,41.978892,0BA,5,0010100100000000000000000000010000101000
33792,43024,41.980315,1C4,8,0000100010110000000110110000000000000000000000000000000010100000
14156,43026,41.984352,442,8,0100001100000010000000000000000000000010000000000000000000000000
1565,43027,41.984983,6F3,8,0010000000000000000000000000000000000000000000000000000000000000
5789,43029,41.985564,25,8,0000000000011001000000000000000111111111011100110000000010111001
25996,43030,41.98597,0AA,8,0010000000111000001000000001000000100000001010010001111111111101
40992,28677,41.986382,0BA,5,0100111100000000000000000000000000101110
17987,43033,41.988978,226,8,0000000000000000000100000000000000000000000000000000000000000000
10000,43036,41.991252,260,8,0000000000000000000000000000000000000000111111110001111010000111
40993,28682,41.993872,0BA,5,1110000000100010000110000000000010001111
12688,43039,41.994279,2C1,8,0000000000000010001100110000001000010110110000000000110011100100
5790,43040,41.99452,25,8,0000000000011000000000000000000101011111100100000000000000110101
25997,43041,41.99496,0AA,8,0010000000111010001000000001001100100000001010000010000000000010
30335,43042,41.9952,24,8,0000001000010011000000100001000101000001111001011000000011111010
20691,43043,41.995961,0B4,8,0000000000000000000000000000000011011000000001011000111100101000
15678,43045,41.996373,1C6,8,0000000000000000100000000000000101111111000101010000000000000000
13558,43048,41.999643,399,8,0000000000000000000000000000000000000000111111110000000000000000
33793,43049,42.000292,1C4,8,0000100010110101000110110000000000000000000000000000000010100101
40994,43010,42.001361,0BA,5,1100011000000000000000000000000010111110
5791,43052,42.004309,25,8,0000000000011000000000000000000110111111100111000000000010100001
25998,43053,42.004977,0AA,8,0010000000111010001000000001010100100000001011100010000000000100
11206,43055,42.008335,39A,8,0000000000000000000000000000000100000000000000000000000000000000
40995,14351,42.008851,0BA,5,0010100100000000000000000000011100101011
10001,43056,42.011227,260,8,0000000000000000000000000000000000000000111111110101100111000010
5792,43058,42.014298,25,8,0000000000010111000000000000000100101111101100000000000000100100
25999,43059,42.01497,0AA,8,0010000000111010001000000001101000100000001011010010000000001010
30336,43060,42.01521,24,8,0000001000010000000000100001000101000001111010001000000011111010
20692,43061,42.015946,0B4,8,0000000000000000000000000000000011011000000001011000111100101000
40996,28696,42.01634,0BA,5,0100111100000000000000000000000000101110
17988,43065,42.01995,226,8,0000000000000000000100000000000000000000000000000000000000000000
42,43066,42.020196,3B1,8,0000000000000000000000100000101000000000000010000000000000000000
33794,43067,42.020433,1C4,8,0000100010111010000110110000000000000000000000000000000010101010
40997,28701,42.02383,0BA,5,1110000000100010001001000000000010011011
12689,43071,42.024272,2C1,8,0000000000000010001010010000001000010000110000000000110011010100
5793,43072,42.024512,25,8,0000000000010111000000000000000110111111101110100000000010111110
26000,43073,42.024961,0AA,8,0010000000111010001000000001111100100000001011000010000000001101
15679,43075,42.026261,1C6,8,0000000000000000100000000000000101111100000101010000000000000000
1163,43076,42.026944,320,8,0000000000100000000000000000000000000000000000000000000001001011
10002,43077,42.031166,260,8,0000000000000000000000000000000000000000111111111010110100010110
40998,43047,42.031319,0BA,5,1100011000000000000000000000000010111110
5794,43079,42.034299,25,8,0000000000010110000000000000000101011111110011100000000001110001
26001,43080,42.034927,0AA,8,0010000000111011001000000010001000100000001011010010000000010001
30337,43081,42.035166,24,8,0000001000001110000000100001000101000001111011001000000011111100
20693,43082,42.035931,0B4,8,0000000000000000000000000000000011011000000001011001010100101110
40999,14363,42.038809,0BA,5,0010100100000000000000000000010000101000
33795,43087,42.04027,1C4,8,0000100010111110000110110000000000000000000000000000000010101110
5795,43090,42.045295,25,8,0000000000010110000000000000000100011111110100110000000000110110
26002,43091,42.045918,0AA,8,0010000000111010001000000010001000100000001100010010000000010101
41000,28720,42.046298,0BA,5,0100111100000000000000000000000000101110
17989,43094,42.048928,226,8,0000000000000000000100000000000000000000000000000000000000000000
10003,43095,42.051066,260,8,0000000000000000000000000000000000000000111111111010000100001010
41001,28725,42.053788,0BA,5,1110000000100010000110000000000010001111
12690,43097,42.05424,2C1,8,0000000000000010001000000000001000000000110000000000110010111011
5796,43098,42.05448,25,8,0000000000010110000000000000000100001111111000110000000000110110
26003,43099,42.05494,0AA,8,0010000000111001001000000010001100100000001011110010000000011010
30338,43100,42.055181,24,8,0000001000001100000000100001000101000001111011111000000011111101
20694,43102,42.055915,0B4,8,0000000000000000000000000000000011011100000001011001010100110010
15680,43104,42.056327,1C6,8,0000000000000000100000000000000101111111000101010000000000000000
33796,43108,42.060246,1C4,8,0000100011000011000110110000000000000000000000000000000010110011
41002,43074,42.061277,0BA,5,1100011000000000000000000000000010111110
5797,43111,42.064253,25,8,0000000000010110000000000000000111111111111000110000000000100110
35218,42890,42.064328,3D3,3,111001010000000111100101
26004,43112,42.064928,0AA,8,0010000000111101001000000010011100100000001100010010000000011010
34794,43113,42.066662,4DF,8,0010000000000000000000000000000100000000000000000000000000000000
41003,14371,42.068767,0BA,5,0010100100000000000000000000011100101011
16513,43114,42.070721,3F9,8,0111010100011000000000100000001010000000000000000000000000010101
10004,43115,42.070937,260,8,0000000000000000000000000000000000000000000000000000000001101010
28100,43118,42.074077,6C0,8,1110010000000000000000001110000010000000000000000000000000000000
5798,43119,42.074317,25,8,0000000000010110000000000000000111111111111010110000000000101110
26005,43120,42.074925,0AA,8,0010000000111110001000000010101100100000001101000010000000011111
30339,43121,42.075164,24,8,0000001000001011000000100001000101000001111100011000000011111110
20695,43122,42.0759,0B4,8,0000000000000000000000000000000011011100000001011001101000110111
41004,28743,42.076257,0BA,5,0100111100000000000000000000000000101110
17990,43126,42.079905,226,8,0000000000000000000100000000000000000000000000000000000000000000
33797,43127,42.080238,1C4,8,0000100011001000000110110000000000000000000000000000000010111000
1164,43129,42.080901,320,8,0000000000100000000000000000000000000000000000000000000001001011
41005,28747,42.083746,0BA,5,1110000000100010001001000000000010011011
12691,43131,42.08423,2C1,8,0000000000000010000110010000001000000000110000000000110010110100
5799,43132,42.084472,25,8,0000000000010110000000000000000100001111111100010000000001000100
21731,43133,42.084889,443,8,0100110100000010000000000010111100000110000000000000000000000000
26006,43134,42.085121,0AA,8,0010000001000010001000000010110000100000001100110010000000100101
15681,43136,42.086214,1C6,8,0000000000000000100000000000000110000101000101010000000000000000
10005,43139,42.09091,260,8,0000000000000000000000000000000000000000000000000100011110110001
41006,43107,42.091236,0BA,5,1100011000000000000000000000000010111110
5800,43141,42.094249,25,8,0000000000010110000000000000000100011111111101010000000001011000
26007,43142,42.094883,0AA,8,0010000001000000001000000010111000100000001101010010000000100100
30340,43143,42.095123,24,8,0000001000001010000000100001000101000001111101101000000000000010
20696,43144,42.095891,0B4,8,0000000000000000000000000000000011100000000001011010000001000001
41007,14385,42.098725,0BA,5,0010100100000000000000000000010000101000
33798,43146,42.100296,1C4,8,0000100011001110000110110000000000000000000000000000000010111110
5801,43150,42.10422,25,8,0000000000010110000000000000000100011111111101110000000001011010
26008,43152,42.104896,0AA,8,0010000001000100001000000011001100100000001110100010000000100100
41008,28761,42.106215,0BA,5,0100111100000000000000000000000000101110
17991,43155,42.107885,226,8,0000000000000000000100000000000000000000000000000000000000000000
10006,43156,42.110857,260,8,0000000000000000000000000000000000000000000000000011101010100100
41009,28766,42.113704,0BA,5,1110000000100010001001000000000010011011
12692,43158,42.114195,2C1,8,0000000000000010000100110000000111111001110000000000110010100110
5802,43159,42.114439,25,8,0000000000010110000000000000000100011111111110010000000001011100
26009,43160,42.114863,0AA,8,0010000001000100001000000010111000100000001110110010000000101001
30341,43161,42.115108,24,8,0000001000001010000000100000111101000001111110101000000000000100
20697,43162,42.11588,0B4,8,0000000000000000000000000000000011100000000001011010000001000001
15682,43164,42.116291,1C6,8,0000000000000000100000000000000110001011000101010000000000000000
33799,43167,42.12021,1C4,8,0000100011010011000110110000000000000000000000000000000011000011
41010,43135,42.121194,0BA,5,1100011000000000000000000000000010111110
5803,43172,42.125233,25,8,0000000000010110000000000000000100011111111110100000000001011101
26010,43173,42.125857,0AA,8,0010000001001000001000000010111100100000001110000010000000100111
1165,43174,42.12687,320,8,0000000000100000000000000000000000000000000000000000000001001011
41011,14391,42.128683,0BA,5,0010100100000000000000000000011100101011
10007,43175,42.1308,260,8,0000000000000000000000000000000000000000000000000010111110011001
5804,43177,42.134199,25,8,0000000000010110000000000000000100011111111110100000000001011101
26011,43178,42.134879,0AA,8,0010000001001001001000000011001100100000001111100010000000101001
30342,43179,42.135122,24,8,0000001000001011000000100000110101000001111111111000000000001000
20698,43180,42.135855,0B4,8,0000000000000000000000000000000011100100000001011010011001001011
41012,28784,42.136173,0BA,5,0100111100000000000000000000000000101110
17992,43185,42.139857,226,8,0000000000000000000100000000000000000000000000000000000000000000
33800,43186,42.140194,1C4,8,0000100011011010000110110000000000000000000000000000000011001010
34896,43188,42.140814,3C3,8,0100011000011110100100110100111011101110010110010000001110001000
41013,28787,42.143662,0BA,5,1110000000100010000110000000000010001111
5805,43191,42.144191,25,8,0000000000010110000000000000000100011111111110110000000001011110
12693,43192,42.144428,2C1,8,0000000000000010000100110000000111100011110000000000110010010000
26012,43193,42.144868,0AA,8,0010000001001100001000000011001100100000010001110010000000101101
15683,43195,42.146172,1C6,8,0000000000000000100000000000000110010001000101010000000000000000
10008,43196,42.150838,260,8,0000000000000000000000000000000000000000111111111111010001011101
41014,43166,42.151152,0BA,5,1100011000000000000000000000000010111110
5806,43199,42.154212,25,8,0000000000010110000000000000000100001111111111000000000001001111
26013,43200,42.154832,0AA,8,0010000001001100001000000011011100100000010000000010000000101001
30343,43201,42.155072,24,8,0000001000001011000000100000110101000010000000011000000000001011
20699,43202,42.155838,0B4,8,0000000000000000000000000000000011100100000001011010011001001011
41015,14409,42.158642,0BA,5,0010100100000000000000000000010000101000
33801,43204,42.160176,1C4,8,0000100011011010000110110000000000000000000000000000000011001010
5807,43207,42.164179,25,8,0000000000010110000000000000000111111111111111000000000000111111
26014,43208,42.164853,0AA,8,0010000001010000001000000011011100100000010001000010000000101011
41016,28805,42.166131,0BA,5,0100111100000000000000000000000000101110
17993,43211,42.167837,226,8,0000000000000000000100000000000000000000000000000000000000000000
10009,43215,42.170732,260,8,0000000000000000000000000000000000000000000000000000000001101010
41017,28810,42.173621,0BA,5,1110000000100010001001000000000010011011
12694,43217,42.174153,2C1,8,0000000000000010000010010000000111011001110000000000110001111100
5808,43218,42.174398,25,8,0000000000010110000000000000000111111111111111000000000000111111
26015,43219,42.174843,0AA,8,0010000001010100001000000011100100100000010001000010000000110011
30344,43220,42.175085,24,8,0000001000001100000000100000110101000010000000111000000000001110
20700,43222,42.175973,0B4,8,0000000000000000000000000000000011100100000001011010101101010000
15684,43223,42.176215,1C6,8,0000000000000000100000000000000110010100000101010000000000000000
7695,43224,42.176456,611,8,0010000100000000000000000001000000000000000000000011110101101100
1166,43227,42.17884,320,8,0000000000100000000000000000000000000000000000000000000001001011
33802,43228,42.180169,1C4,8,0000100011100000000110110000000000000000000000000000000011010000
41018,43194,42.18111,0BA,5,1100011000000000000000000000000010111110
5809,43231,42.185189,25,8,0000000000010110000000000000000111111111111111010000000001000000
26016,43232,42.18581,0AA,8,0010000001010110001000000011100100100000010000100010000000101110
41019,14416,42.1886,0BA,5,0010100100000000000000000000011100101011
31510,43236,42.188708,44D,8,0100001000000010000000000000000000000001000000000000000000000000
10010,43237,42.190751,260,8,0000000000000000000000000000000000000000111111111111010001011101
5810,43239,42.194155,25,8,0000000000010110000000000000000111101111111111010000000000110000
26017,43240,42.194832,0AA,8,0010000001010110001000000011100000100000010010100010000000101111
30345,43241,42.195071,24,8,0000001000001101000000100000110101000010000001011000000000010001
20701,43242,42.195803,0B4,8,0000000000000000000000000000000011101000000001011010101101010100
41020,28823,42.196089,0BA,5,0100111100000000000000000000000000101110
17994,43246,42.199812,226,8,0000000000000000000100000000000000000000000000000000000000000000
33803,43247,42.20015,1C4,8,0000100011100101000110110000000000000000000000000000000011010101
41021,28828,42.203579,0BA,5,1110000000100010001001000000000010011011
5811,43251,42.204147,25,8,0000000000010110000000000000000111011111111111010000000000100000
12695,43252,42.204392,2C1,8,0000000000000010000010010000000111010000110000000000110001110011
26018,43253,42.204825,0AA,8,0010000001011000001000000011100000100000010011000010000000110010
15685,43255,42.206129,1C6,8,0000000000000000100000000000000110010111000101000000000000000000
10011,43256,42.210662,260,8,0000000000000000000000000000000000000000111111111111010001011101
13456,43257,42.210816,394,3,0
41022,43226,42.211068,0BA,5,1100011000000000000000000000000010111110
5812,43259,42.214162,25,8,0000000000010110000000000000000111001111111111010000000000010000
26019,43260,42.214782,0AA,8,0010000001011010001000000011100100100000010010100010000000110011
30346,43261,42.215023,24,8,0000001000001110000000100000110101000010000001101000000000010011
20702,43262,42.21579,0B4,8,0000000000000000000000000000000011101000000001011011000101011010
41023,14428,42.218558,0BA,5,0010100100000000000000000000010000101000
33804,43265,42.220136,1C4,8,0000100011101010000110110000000000000000000000000000000011011010
5813,43268,42.224132,25,8,0000000000010110000000000000000110111111111111100000000000000001
26020,43269,42.224805,0AA,8,0010000001100000001000000011101000100000010011000010000000110001
41024,28844,42.226047,0BA,5,0100111100000000000000000000000000101110
17995,43272,42.227792,226,8,0000000000000000000100000000000000000000000000000000000000000000
1167,43273,42.228788,320,8,0000000000100000000000000000000000000000000000000000000001001011
10012,43274,42.230659,260,8,0000000000000000000000000000000000000000111111111111010001011101
41025,28847,42.233537,0BA,5,1110000000100010001001000000000010011011
12696,43277,42.234113,2C1,8,0000000000000010000001100000000111000011110000000000110001100011
5814,43278,42.234353,25,8,0000000000010110000000000000000110101111111111100000000011110001
26021,43279,42.234767,0AA,8,0010000001100010001000000011101100100000010011000010000000110011
30347,43280,42.235007,24,8,0000001000001110000000100000110101000010000001101000000000010011
20703,43283,42.23584,0B4,8,0000000000000000000000000000000011101100000001011011011101100100
15686,43284,42.236131,1C6,8,0000000000000000100000000000000110011010000101010000000000000000
33805,43288,42.240128,1C4,8,0000100011110000000110110000000000000000000000000000000011100000
41026,43254,42.241027,0BA,5,1100011000000000000000000000000010111110
5815,43291,42.244118,25,8,0000000000010110000000000000000110011111111111100000000011100001
26022,43292,42.244791,0AA,8,0010000001100010001000000011111000100000010011100010000000110110
41027,14436,42.248516,0BA,5,0010100100000000000000000000011100101011
10013,43293,42.250632,260,8,0000000000000000000000000000000000000000000000000000000001101010
5816,43297,42.254103,25,8,0000000000010101000000000000000101111111111111100000000011000000
26023,43298,42.254781,0AA,8,0010000001100000001000000011110100100000010100010010000000110011
30348,43299,42.255026,24,8,0000001000001111000000100000110101000010000001101000000000010100
20704,43300,42.255763,0B4,8,0000000000000000000000000000000011101100000001011011011101100100
41028,28867,42.256006,0BA,5,0100111100000000000000000000000000101110
43780,1447,42.257045,3BB,5,1011101100000000000000000000000000100110
17996,43304,42.259763,226,8,0000000000000000000100000000000000000000000000000000000000000000
33806,43305,42.260107,1C4,8,0000100011110110000110110000000000000000000000000000000011100110
41029,28872,42.263495,0BA,5,1110000000100010000110000000000010001111
5817,43308,42.264098,25,8,0000000000010101000000000000000101101111111111100000000010110000
12697,43309,42.264339,2C1,8,0000000000000010000000000000000111000011110000000000110101011110
26024,43310,42.264776,0AA,8,0010000001100001001000000011111000100000010011010010000000111001
15687,43312,42.266084,1C6,8,0000000000000000100000000000000110010111000101000000000000000000
201,43313,42.266763,3B7,8,1000
43584,42580,42.266834,423,2,1000100000000
10014,43315,42.270618,260,8,0000000000000000000000000000000000000000000000000000000001101010
41030,43286,42.270985,0BA,5,1100011000000000000000000000000010111110
5818,43317,42.27411,25,8,0000000000010101000000000000000101011111111101100000000010011000
26025,43318,42.274739,0AA,8,0010000001101010001000000011111000100000010011010010000000111010
30349,43319,42.274979,24,8,0000001000001110000000100000110101000010000001011000000000010010
11104,43320,42.275228,620,8,0001000000000000000000000000000000000000000000000000000000000000
20705,43321,42.275742,0B4,8,0000000000000000000000000000000011101100000001011011110001101001
1168,43323,42.277753,320,8,0000000000100000000000000000000000000000000000000000000001001011
41031,14449,42.278474,0BA,5,0010100100000000000000000000010000101000
33807,43324,42.280106,1C4,8,0000100011111011000110110000000000000000000000000000000011101011
5819,43328,42.285121,25,8,0000000000010101000000000000000101001111111101100000000010001000
11267,43329,42.285495,4C8,8,0000100100000000000000000000000000000000000000000000000000000000
26026,43330,42.285731,0AA,8,0010000001100010001000000100000100100000010101000010000000111010
41032,28885,42.285964,0BA,5,0100111100000000000000000000000000101110
17997,43333,42.288743,226,8,0000000000000000000100000000000000000000000000000000000000000000
10015,43335,42.290493,260,8,0000000000000000000000000000000000000000111111111111010001011101
41033,28890,42.293453,0BA,5,1110000000100010001001000000000010011011
12698,43337,42.294069,2C1,8,0000000000000010000000000000000111000000110000000000110101011011
5820,43338,42.294315,25,8,0000000000010101000000000000000100111111111101100000000001111000
26027,43339,42.294722,0AA,8,0010000001100110001000000100010000100000010101100010000000111110
30350,43340,42.294964,24,8,0000001000001110000000100000110101000010000001101000000000010011
20706,43342,42.295732,0B4,8,0000000000000000000000000000000011110000000001011011110001101101
14157,43343,42.295975,442,8,0100001100000010000000000000000000000010000000000000000000000000
15688,43344,42.296218,1C6,8,0000000000000000100000000000000110010100000101000000000000000000
33808,43348,42.300077,1C4,8,0000100100000001000110110000000000000000000000000000000011110010
41034,43311,42.300943,0BA,5,1100011000000000000000000000000010111110
5821,43352,42.304067,25,8,0000000000010101000000000000000100101111111101100000000001101000
26028,43353,42.304745,0AA,8,0010000001101000001000000100011000100000010100110010000000111111
7858,43354,42.304989,610,8,0010000000000000000011110110010011000000000000000111110101000000
41035,14452,42.308432,0BA,5,0010100100000000000000000000011100101011
10016,43355,42.310357,260,8,0000000000000000000000000000000000000000000000000000000001101010
5822,43357,42.31408,25,8,0000000000010101000000000000000100101111111101100000000001101000
26029,43358,42.314706,0AA,8,0010000001101010001000000100100100100000010101010010000000111011
30351,43359,42.314949,24,8,0000001000001110000000100000110101000010000001011000000000010010
20707,43361,42.315716,0B4,8,0000000000000000000000000000000011110000000001011100001001110011
41036,28908,42.315922,0BA,5,0100111100000000000000000000000000101110
16514,43366,42.319658,3F9,8,0111010100011000000000100000001010000000000000000000000000010101
17998,43367,42.319907,226,8,0000000000000000000100000000000000000000000000000000000000000000
33809,43368,42.320151,1C4,8,0000100100000111000110110000000000000000000000000000000011111000
41037,28912,42.323411,0BA,5,1110000000100010001001000000000010011011
35219,5356,42.323984,3D3,3,011011000000001000000000
12699,43370,42.324069,2C1,8,0000000000000010000000000000000111000011110000000000110101011110
5823,43372,42.325078,25,8,0000000000010101000000000000000100011111111110000000000001011010
26030,43373,42.325702,0AA,8,0010000001101010001000000100100100100000010110000010000001000010
15689,43374,42.326043,1C6,8,0000000000000000100000000000000110010001000101000000000000000000
1169,43376,42.327709,320,8,0000000000100000000000000000000000000000000000000000000001001011
10017,43377,42.330288,260,8,0000000000000000000000000000000000000000000000000000000001101010
41038,43346,42.330901,0BA,5,1100011000000000000000000000000010111110
5824,43380,42.33406,25,8,0000000000010101000000000000000100011111111110010000000001011011
26031,43381,42.334719,0AA,8,0010000001101011001000000100110000100000010110010010000001000010
30352,43382,42.334958,24,8,0000001000001110000000100000110101000010000001011000000000010010
20708,43383,42.335698,0B4,8,0000000000000000000000000000000011110100000001011100001001110111
41039,14468,42.338391,0BA,5,0010100100000000000000000000010000101000
33810,43386,42.340049,1C4,8,0000100100000111000110110000000000000000000000000000000011111000
13934,43389,42.343913,622,8,0001001000000000000000000000000000000000000000000000000000000000
5825,43390,42.344154,25,8,0000000000010101000000000000000100011111111110100000000001011100
26032,43391,42.344711,0AA,8,0010000001101100001000000100110000100000010111010010000000111111
41040,28932,42.34588,0BA,5,0100111100000000000000000000000000101110
17999,43394,42.3477,226,8,0000000000000000000100000000000000000000000000000000000000000000
10018,43396,42.350278,260,8,0000000000000000000000000000000000000000000000000000000001101010
41041,28935,42.35337,0BA,5,1110000000100010000100000000000010000111
12700,43398,42.354023,2C1,8,0000000000000001111111000000000110111100110000000000110101010010
5826,43399,42.354263,25,8,0000000000010101000000000000000100011111111110110000000001011101
26033,43400,42.35468,0AA,8,0010000001101100001000000101000100100000010110000010000001000000
30353,43401,42.35492,24,8,0000001000001110000000100000110101000010000001011000000000010010
20709,43403,42.355683,0B4,8,0000000000000000000000000000000011110100000001011100011101111100
15690,43404,42.356032,1C6,8,0000000000000000100000000000000110001111000101000000000000000000
33811,43407,42.360042,1C4,8,0000100100001100000110110000000000000000000000000000000011111101
41042,43375,42.360859,0BA,5,1100011000000000000000000000000010111110
5827,43411,42.364017,25,8,0000000000010101000000000000000100011111111110110000000001011101
26034,43412,42.364697,0AA,8,0010000001101100001000000101000100100000010110100010000001000001
41043,14477,42.368349,0BA,5,0010100100000000000000000000011100101011
10019,43415,42.370235,260,8,0000000000000000000000000000000000000000000000000000000001101010
28101,43416,42.373254,6C0,8,1110010000000000000000001110000010000000000000000000000000000000
5828,43418,42.374011,25,8,0000000000010101000000000000000100011111111111000000000001011110
26035,43419,42.374692,0AA,8,0010000001101110001000000101001100100000011000000010000000111111
30354,43420,42.374932,24,8,0000001000001101000000100000110101000010000001011000000000010001
20710,43421,42.37567,0B4,8,0000000000000000000000000000000011110100000001011100011101111100
41044,28946,42.375838,0BA,5,0100111100000000000000000000000000101110
18000,43425,42.379675,226,8,0000000000000000000100000000000000000000000000000000000000000000
33812,43427,42.380069,1C4,8,0000100100010000000110110000000000000000000000000000000000000001
1170,43429,42.380671,320,8,0000000000100000000000000000000000000000000000000000000001001011
41045,28952,42.383328,0BA,5,1110000000100010001000000000000010010111
5829,43432,42.384009,25,8,0000000000010101000000000000000100011111111111000000000001011110
12701,43433,42.384251,2C1,8,0000000000000010000000000000000111000011110000000000111001011111
26036,43434,42.384683,0AA,8,0010000001101110001000000101000100100000010111010010000001000101
15691,43436,42.386002,1C6,8,0000000000000000100000000000000110001111000101000000000000000000
10020,43438,42.39018,260,8,0000000000000000000000000000000000000000000000000000000001101010
41046,43406,42.390817,0BA,5,1100011000000000000000000000000010111110
5830,43440,42.394023,25,8,0000000000010101000000000000000100011111111111010000000001011111
26037,43441,42.394646,0AA,8,0010000001101111001000000101010000100000010111010010000001000101
30355,43442,42.394886,24,8,0000001000001101000000100000110101000010000001011000000000010001
21732,43443,42.395127,443,8,0100110100000010000000000010111100000110000000000000000000000000
31672,43444,42.395373,389,8,0000000000100000000000000000000000000000000000000000000000000000
20711,43445,42.395659,0B4,8,0000000000000000000000000000000011111000000001011100011110000000
41047,14488,42.398307,0BA,5,0010100100000000000000000000010000101000
33813,43448,42.400006,1C4,8,0000100100010101000110110000000000000000000000000000000000000110
5831,43451,42.405015,25,8,0000000000010101000000000000000100011111111111010000000001011111
26038,43452,42.405637,0AA,8,0010000001110010001000000101011000100000011000100010000001000101
41048,28968,42.405796,0BA,5,0100111100000000000000000000000000101110
18001,43455,42.408653,226,8,0000000000000000000100000000000000000000000000000000000000000000
10021,43456,42.410124,260,8,0000000000000000000000000000000000000000000000000000000001101010
41049,28971,42.413286,0BA,5,1110000000100010001001000000000010011011
12702,43458,42.413987,2C1,8,0000000000000010000000110000000111001100110000000000111101101100
5832,43459,42.414229,25,8,0000000000010101000000000000000100011111111111010000000001011111
26039,43460,42.41463,0AA,8,0010000001110100001000000101011100100000011000010010000001001001
30356,43461,42.414874,24,8,0000001000001100000000100000110101000010000001011000000000010000
20712,43464,42.415757,0B4,8,0000000000000000000000000000000011111000000001011100110110000110
15692,43465,42.415996,1C6,8,0000000000000000100000000000000110001111000101000000000000000000
33814,43469,42.419992,1C4,8,0000100100011001000110110000000000000000000000000000000000001010
41050,43435,42.420776,0BA,5,1100011000000000000000000000000010111110
5833,43472,42.423977,25,8,0000000000010101000000000000000100011111111111010000000001011111
26040,43473,42.424653,0AA,8,0010000001110100001000000101101100100000011000100010000001001100
1171,43474,42.425634,320,8,0000000000100000000000000000000000000000000000000000000001001011
13679,43475,42.426827,4B7,8,1110001111011111001000001111000000000000111010100000000100001000
41051,14498,42.428265,0BA,5,0010100100000000000000000000011100101011
10022,43477,42.430117,260,8,0000000000000000000000000000000000000000000000000000000001101010
5834,43480,42.433968,25,8,0000000000010101000000000000000100011111111111100000000001100000
26041,43481,42.434643,0AA,8,0010000001110100001000000101110000100000011010100010000001001001
30357,43482,42.434883,24,8,0000001000001101000000100000110101000010000001101000000000010010
20713,43483,42.435625,0B4,8,0000000000000000000000000000000011111100000001011100110110001010
41052,28990,42.435755,0BA,5,0100111100000000000000000000000000101110
18002,43487,42.439625,226,8,0000000000000000000100000000000000000000000000000000000000000000
33815,43488,42.439984,1C4,8,0000100100011110000110110000000000000000000000000000000000001111
41053,28994,42.443244,0BA,5,1110000000100010001001000000000010011011
5835,43492,42.443961,25,8,0000000000010101000000000000000100011111111111100000000001100000
12703,43493,42.444196,2C1,8,0000000000000010000111000000000111001100110000000001000010000110
26042,43495,42.444643,0AA,8,0010000001111000001000000110000100100000011010000010000001001110
15693,43497,42.445956,1C6,8,0000000000000000100000000000000110001111000101000000000000000000
10023,43499,42.450095,260,8,0000000000000000000000000000000000000000000000000000000001101010
41054,43467,42.450734,0BA,5,1100011000000000000000000000000010111110
5836,43501,42.45398,25,8,0000000000010101000000000000000100011111111111100000000001100000
26043,43502,42.454598,0AA,8,0010000001110110001000000110001000100000011010110010000001010001
30358,43503,42.454843,24,8,0000001000001100000000100000111101000010000001101000000000010011
303,43504,42.455093,38F,8,0000000100000000000000000000000000000000000000000000000000000000
20714,43505,42.455612,0B4,8,0000000000000000000000000000000011111100000001011101001110010000
41055,14510,42.458223,0BA,5,0010100100000000000000000000010000101000
33816,43507,42.459964,1C4,8,0000100100100010000110110000000000000000000000000000000000010011
5837,43511,42.46499,25,8,0000000000010101000000000000000100011111111111100000000001100000
26044,43512,42.465595,0AA,8,0010000001111000001000000110001000100000011011010010000001010001
41056,29005,42.465713,0BA,5,0100111100000000000000000000000000101110
18003,43515,42.468604,226,8,0000000000000000000100000000000000000000000000000000000000000000
10024,43516,42.470132,260,8,0000000000000000000000000000000000000000000000000000000001101010
41057,29010,42.473202,0BA,5,1110000000100010001001000000000010011011
5838,43518,42.473936,25,8,0000000000010101000000000000000100011111111111100000000001100000
12704,43519,42.474175,2C1,8,0000000000000010001100110000000111001100110000000001000110011110
26045,43520,42.474616,0AA,8,0010000001111100001000000110001000100000011011000010000001010011
30359,43521,42.474861,24,8,0000001000001100000000100000110101000010000001011000000000010000
20715,43523,42.47559,0B4,8,0000000000000000000000000000000000000000000001011101001110010100
15694,43524,42.47595,1C6,8,0000000000000000100000000000000110001111000101000000000000000000
1172,43527,42.478595,320,8,0000000000100000000000000000000000000000000000000000000001001011
33817,43528,42.479948,1C4,8,0000100100100111000110110000000000000000000000000000000000011000
41058,43496,42.480692,0BA,5,1100011000000000000000000000000010111110
5839,43532,42.483929,25,8,0000000000010101000000000000000100011111111111100000000001100000
26046,43533,42.484608,0AA,8,0010000001111101001000000110010100100000011100010010000001010100
34736,43534,42.484864,380,8,0
41059,14514,42.488181,0BA,5,0010100100000000000000000000011100101011
10025,43537,42.490005,260,8,0000000000000000000000000000000000000000000000000000000001101010
5840,43540,42.49392,25,8,0000000000010101000000000000000100011111111111100000000001100000
26047,43541,42.494602,0AA,8,0010000001111100001000000110010100100000011100100010000001010011
30360,43542,42.494842,24,8,0000001000001101000000100000110101000010000001011000000000010001
20716,43543,42.495579,0B4,8,0000000000000000000000000000000000000000000001011101100010011001
41060,29029,42.495671,0BA,5,0100111100000000000000000000000000101110
31511,43547,42.497925,44D,8,0100001000000010000000000000000000000001000000000000000000000000
18004,43549,42.499578,226,8,0000000000000000000100000000000000000000000000000000000000000000
33818,43550,42.49994,1C4,8,0000100100101100000110110000000000000000000000000000000000011101
41061,29032,42.503161,0BA,5,1110000000100010001001000000000010011011
5841,43553,42.503915,25,8,0000000000010101000000000000000100011111111111100000000001100000
12705,43554,42.504149,2C1,8,0000000000000010010001100000000111010110110000000001001010111100
26048,43555,42.504591,0AA,8,0010000001111110001000000110101000100000011100110010000001011001
15695,43557,42.505913,1C6,8,0000000000000000100000000000000110001111000101000000000000000000
10026,43559,42.510002,260,8,0000000000000000000000000000000000000000000000000000000001101010
13457,43560,42.510143,394,3,0
41062,43526,42.51065,0BA,5,1100011000000000000000000000000010111110
5842,43563,42.51399,25,8,0000000000010101000000000000000100011111111111100000000001100000
26049,43564,42.514555,0AA,8,0010000010000000001000000110011100100000011100110010000001011110
30361,43565,42.514798,24,8,0000001000001101000000100000110101000010000001011000000000010001
13873,43566,42.515158,4C6,8,0000011100000000000000110000000000000000000000000000000000000000
20717,43567,42.515563,0B4,8,0000000000000000000000000000000000000000000001011101111010011111
41063,14529,42.51814,0BA,5,0010100100000000000000000000010000101000
33819,43569,42.51992,1C4,8,0000100100110001000110110000000000000000000000000000000000100010
5843,43572,42.523899,25,8,0000000000010101000000000000000100011111111111110000000001100001
26050,43573,42.524609,0AA,8,0010000010000000001000000110111100100000011110000010000001011010
41064,29050,42.525629,0BA,5,0100111100000000000000000000000000101110
18005,43576,42.527559,226,8,0000000000000000000100000000000000000000000000000000000000000000
1173,43577,42.528557,320,8,0000000000100000000000000000000000000000000000000000000001001011
16325,43578,42.52911,4C1,8,0000000100000000000000010000000100000000000000000000000000000000
10027,43579,42.529964,260,8,0000000000000000000000000000000000000000000000000000101101110101
41065,29054,42.533119,0BA,5,1110000000100010001001000000000010011011
5844,43582,42.533884,25,8,0000000000010101000000000000000100011111111111110000000001100001
12706,43583,42.53412,2C1,8,0000000000000010010110010000000111101100110000000001001011100101
26051,43584,42.534568,0AA,8,0010000010000010001000000110101000100000011110000010000001011110
30362,43585,42.534811,24,8,0000001000001110000000100000110101000010000000111000000000010000
20718,43587,42.535547,0B4,8,0000000000000000000000000000000000000100000001011101111010100011
15696,43588,42.535969,1C6,8,0000000000000000100000000000000110001111000101000000000000000000
33820,43592,42.539905,1C4,8,0000100100110111000110110000000000000000000000000000000000101000
41066,43556,42.540608,0BA,5,1100011000000000000000000000000010111110
35357,728,42.543446,386,7,01001110000000000000000000000000000000000000000010110001
5845,43596,42.543878,25,8,0000000000010101000000000000000100011111111111110000000001100001
26052,43597,42.544561,0AA,8,0010000010000110001000000110110000100000011110000010000001100000
41067,14535,42.548098,0BA,5,0010100100000000000000000000011100101011
10028,43599,42.549946,260,8,0000000000000000000000000000000000000000000000000000000001101010
5846,43601,42.553868,25,8,0000000000010101000000000000000100001111111111110000000001010001
26053,43602,42.554554,0AA,8,0010000010000110001000000110111000100000011111000010000001011101
43781,2901,42.55463,3BB,5,1010010100000000000000000000000000000000
30363,43603,42.554796,24,8,0000001000001110000000100000110101000010000000111000000000010000
20719,43604,42.555528,0B4,8,0000000000000000000000000000000000000100000001011110010010101001
41068,29067,42.555587,0BA,5,0100111100000000000000000000000000101110
18006,43610,42.559531,226,8,0000000000000000000100000000000000000000000000000000000000000000
33821,43611,42.55989,1C4,8,0000100100111011000110110000000000000000000000000000000000101100
41069,29072,42.563077,0BA,5,1110000000100010000101000000000010001011
5847,43615,42.563863,25,8,0000000000010101000000000000000100011111111111110000000001100001
12707,43616,42.564101,2C1,8,0000000000000010011010010000001000010110110000000001001000100000
26054,43617,42.564544,0AA,8,0010000010001000001000000110111100100000011111110010000001011110
15697,43619,42.56587,1C6,8,0000000000000000100000000000000110001111000101000000000000000000
202,43620,42.56653,3B7,8,1000
10029,43622,42.569734,260,8,0000000000000000000000000000000000000000000000000000000001101010
16515,43623,42.569972,3F9,8,0111010100011000000000100000001010000000000000000000000000010101
41070,43590,42.570566,0BA,5,1100011000000000000000000000000010111110
5848,43626,42.573853,25,8,0000000000010101000000000000000100011111111111110000000001100001
26055,43627,42.574536,0AA,8,0010000010001011001000000110111100100000011111010010000001100001
30364,43628,42.574775,24,8,0000001000001110000000100000110101000010000000011000000000001110
11105,43629,42.575028,620,8,0001000000000000000000000000000000000000000000000000000000000000
20720,43630,42.575513,0B4,8,0000000000000000000000000000000000001000000001011110010010101101
1174,43632,42.577517,320,8,0000000000100000000000000000000000000000000000000000000001001011
41071,14549,42.578056,0BA,5,0010100100000000000000000000010000101000
14258,43633,42.578514,60.0,8,1010000100000000000000000000000000000000011100000000000000000000
33822,43635,42.57987,1C4,8,0000100100111011000110110000000000000000000000000000000000101100
35220,43414,42.583641,3D3,3,111001010000000111001001
5849,43638,42.583849,25,8,0000000000010101000000000000000100011111111111110000000001100001
26056,43639,42.58453,0AA,8,0010000010001101001000000110111000100000100000010010000001011110
41072,29091,42.585546,0BA,5,0100111100000000000000000000000000101110
18007,43642,42.587513,226,8,0000000000000000000100000000000000000000000000000000000000000000
10030,43644,42.58966,260,8,0000000000000000000000000000000000000000000000000000000001101010
41073,29094,42.593035,0BA,5,1110000000100010001001000000000010011011
12708,43646,42.593848,2C1,8,0000000000000010011011000000001000100011110000000001001000110000
5850,43647,42.594089,25,8,0000000000010101000000000000000100001111111111110000000001010001
26057,43648,42.594493,0AA,8,0010000010010001001000000111001000100000100000010010000001100110
30365,43649,42.594739,24,8,0000001000001110000000100000111101000010000000011000000000010000
20721,43651,42.595496,0B4,8,0000000000000000000000000000000000001000000001011110010010101101
15698,43653,42.595914,1C6,8,0000000000000000100000000000000110001111000101000000000000000000
33823,43656,42.599861,1C4,8,0000100101000011000110110000000000000000000000000000000000110100
41074,43618,42.600525,0BA,5,1100011000000000000000000000000010111110
7755,43658,42.600545,435,8,1000000000000101000001011111111111100000001111110000000000000011
43585,2853,42.602285,423,2,11100000000
14158,43660,42.604695,442,8,0100001100000010000000000000000000000010000000000000000000000000
5851,43661,42.604935,25,8,0000000000010101000000000000000100001111111111110000000001010001
26058,43662,42.605489,0AA,8,0010000010010001001000000111001100100000100000110010000001100010
10945,43663,42.607561,436,8,0
41075,14557,42.608014,0BA,5,0010100100000000000000000000011100101011
10031,43664,42.609729,260,8,0000000000000000000000000000000000000000000000000000000001101010
30366,43667,42.613705,24,8,0000001000001110000000100000111101000010000000111000000000010010
5852,43668,42.613945,25,8,0000000000010101000000000000000100011111111111110000000001100001
26059,43669,42.614505,0AA,8,0010000010010001001000000111011000100000100010110010000001100010
20722,43670,42.615481,0B4,8,0000000000000000000000000000000000001100000001011110100110110110
41076,29110,42.615504,0BA,5,0100111100000000000000000000000000101110
18008,43674,42.619485,226,8,0000000000000000000100000000000000000000000000000000000000000000
33824,43675,42.619846,1C4,8,0000100101001011000110110000000000000000000000000000000000111100
41077,29114,42.622993,0BA,5,1110000000100010001001000000000010011011
5853,43679,42.623817,25,8,0000000000010101000000000000000100001111111111110000000001010001
12709,43680,42.624055,2C1,8,0000000000000010011101100000001000111001110000000001001001010000
26060,43681,42.624497,0AA,8,0010000010010001001000000111011000100000100001110010000001101010
15699,43683,42.625829,1C6,8,0000000000000000100000000000000110001111000101000000000000000000
1175,43684,42.626477,320,8,0000000000100000000000000000000000000000000000000000000001001011
10032,43686,42.629624,260,8,0000000000000000000000000000000000000000000000000000000001101010
41078,43655,42.630483,0BA,5,1100011000000000000000000000000010111110
5854,43688,42.633835,25,8,0000000000010101000000000000000100001111111111110000000001010001
26061,43689,42.634461,0AA,8,0010000010010111001000000111100100100000100001000010000001101011
30367,43690,42.634704,24,8,0000001000001110000000100000110101000010000000111000000000010000
13811,43691,42.63495,434,8,0100001000000000000000000000000000000000000000000000000000000000
20723,43692,42.635467,0B4,8,0000000000000000000000000000000000001100000001011110100110110110
41079,14568,42.637972,0BA,5,0010100100000000000000000000010000101000
33825,43696,42.639943,1C4,8,0000100101010011000110110000000000000000000000000000000001000100
34897,43698,42.640223,3C3,8,0100011000011110100100110100111011101110010110010000001110001000
28202,43699,42.641504,437,8,1111110011111111111111111111111111111111111111111111111111111111
5855,43701,42.643811,25,8,0000000000010101000000000000000111111111111111110000000001000001
26062,43702,42.644478,0AA,8,0010000010011011001000000111101100100000100010100010000001101000
41080,29128,42.645462,0BA,5,0100111100000000000000000000000000101110
18009,43706,42.647467,226,8,0000000000000000000100000000000000000000000000000000000000000000
10033,43707,42.649578,260,8,0000000000000000000000000000000000000000111111111110100001010001
41081,29133,42.652951,0BA,5,1110000000100010001001000000000010011011
12710,43709,42.653806,2C1,8,0000000000000010011110010000001001001100110000000001001101100111
5856,43710,42.654053,25,8,0000000000010101000000000000000111101111111111110000000000110001
26063,43711,42.654453,0AA,8,0010000010011011001000000111110100100000100010000010000001101100
30368,43712,42.654695,24,8,0000001000001110000000100000111101000010000000111000000000010010
20724,43714,42.655452,0B4,8,0000000000000000000000000000000000001100000001011110111110111100
15700,43715,42.655819,1C6,8,0000000000000000100000000000000110001111000101000000000000000000
33826,43718,42.659811,1C4,8,0000100101011011000110110000000000000000000000000000000001001100
41082,43682,42.660441,0BA,5,1100011000000000000000000000000010111110
5857,43722,42.663793,25,8,0000000000010101000000000000000111001111111111110000000000010001
26064,43723,42.664467,0AA,8,0010000010011010001000000111111000100000100011000010000001101111
41083,14573,42.66793,0BA,5,0010100100000000000000000000011100101011
10034,43724,42.669591,260,8,0000000000000000000000000000000000000000111111111101110001000101
28102,43726,42.67253,6C0,8,1110010000000000000000001110000010000000000000000000000000000000
31289,43728,42.673624,4A6,8,0000000000000000000000000000000000000000000011000000000000000000
5858,43729,42.673862,25,8,0000000000010101000000000000000110111111111111000000000011111110
26065,43730,42.674458,0AA,8,0010000010011011001000001000000000100000100011000010000001101100
30369,43731,42.674704,24,8,0000001000001101000000100001000101000010000000111000000000010011
41084,29149,42.67542,0BA,5,0100111100000000000000000000000000101110
20725,43732,42.675442,0B4,8,0000000000000000000000000000000000010000000001011111010011000101
18010,43737,42.67944,226,8,0000000000000000000100000000000000000000000000000000000000000000
33827,43738,42.679804,1C4,8,0000100101100011000110110000000000000000000000000000000001010100
1176,43740,42.680437,320,8,0000000000100000000000000000000000000000000000000000000001001011
41085,29151,42.68291,0BA,5,1110000000100010001001000000000010011011
12711,43741,42.683832,2C1,8,0000000000000010100000110000001001010110110000000001010001111100
5859,43743,42.684808,25,8,0000000000010100000000000000000101111111111111000000000010111101
26066,43744,42.685425,0AA,8,0010000010100000001000001000000000100000100011000010000001110010
15701,43745,42.685987,1C6,8,0000000000000000100000000000000110001111000101000000000000000000
10035,43749,42.689529,260,8,0000000000000000000000000000000000000000111111111101000000111001
41086,43717,42.690399,0BA,5,1100011000000000000000000000000010111110
5860,43751,42.693793,25,8,0000000000010100000000000000000101001111111010100000000001111011
26067,43753,42.694416,0AA,8,0010000010100000001000001000010100100000100100010010000001110011
30370,43754,42.694654,24,8,0000001000001101000000100001000101000010000001011000000000010101
20726,43755,42.695424,0B4,8,0000000000000000000000000000000000010000000001011111101011001011
41087,14587,42.697889,0BA,5,0010100100000000000000000000010000101000
33828,43757,42.699789,1C4,8,0000100101101001000110110000000000000000000000000000000001011010
5861,43761,42.703764,25,8,0000000000010100000000000000000100011111111010100000000001001011
26068,43762,42.704468,0AA,8,0010000010100111001000001000011100100000100100010010000001110100
21733,43763,42.704675,443,8,0100110100000010000000000010111100000110000000000000000000000000
41088,29171,42.705378,0BA,5,0100111100000000000000000000000000101110
18011,43766,42.707417,226,8,0000000000000000000100000000000000000000000000000000000000000000
10036,43767,42.709461,260,8,0000000000000000000000000000000000000000111111111011100000100001
41089,29176,42.712868,0BA,5,1110000000100010001001000000000010011011
12712,43770,42.713764,2C1,8,0000000000000010100011000000001001110011110000000001010110100011
5862,43771,42.714009,25,8,0000000000010100000000000000000111011111110111110000000000000000
26069,43772,42.714396,0AA,8,0010000010100111001000001000100000100000100100100010000001111011
30371,43773,42.714642,24,8,0000001000001110000000100000111101000010000001011000000000010100
20727,43775,42.715407,0B4,8,0000000000000000000000000000000000010100000001011111101011001111
15702,43776,42.715773,1C6,8,0000000000000000100000000000000110001111000101000000000000000000
33829,43779,42.71978,1C4,8,0000100101110000000110110000000000000000000000000000000001100001
41090,43746,42.720357,0BA,5,1100011000000000000000000000000010111110
5863,43782,42.723742,25,8,0000000000010011000000000000000101111111110011100000000010001110
26070,43783,42.724417,0AA,8,0010000010100111001000001000101100100000100101010010000001111010
1177,43784,42.725435,320,8,0000000000100000000000000000000000000000000000000000000001001011
41091,14596,42.727847,0BA,5,0010100100000000000000000000011100101011
10037,43786,42.72948,260,8,0000000000000000000000000000000000000000111111111010110100010110
5864,43788,42.733736,25,8,0000000000010011000000000000000100101111110011100000000000111110
26071,43789,42.734416,0AA,8,0010000010101000001000001000110100100000100101100010000001111101
30372,43790,42.734656,24,8,0000001000001110000000100001000101000010000000111000000000010100
41092,29191,42.735336,0BA,5,0100111100000000000000000000000000101110
20728,43791,42.735389,0B4,8,0000000000000000000000000000000000010100000001100000000011010110
18012,43795,42.739393,226,8,0000000000000000000100000000000000000000000000000000000000000000
33830,43796,42.739755,1C4,8,0000100101110101000110110000000000000000000000000000000001100110
41093,29196,42.742826,0BA,5,1110000000100010001001000000000010011011
5865,43801,42.743724,25,8,0000000000010011000000000000000111001111110001000000000011010100
12713,43802,42.74396,2C1,8,0000000000000010100101100000001001101100110000000001010110100110
26072,43803,42.744408,0AA,8,0010000010101100001000001000111100100000100101100010000010000000
14000,43804,42.744655,38E,8,0
15703,43806,42.745743,1C6,8,0000000000000000100000000000000110001111000101000000000000000000
10038,43807,42.749537,260,8,0000000000000000000000000000000000000000111111111010000100001010
41094,43778,42.750315,0BA,5,1100011000000000000000000000000010111110
5866,43810,42.753715,25,8,0000000000010010000000000000000101011111110001000000000001100011
26073,43811,42.754399,0AA,8,0010000010101101001000001001000000100000100111000010000001111110
30373,43812,42.754639,24,8,0000001000001110000000100001000101000010000000111000000000010100
20729,43813,42.755381,0B4,8,0000000000000000000000000000000000011000000001100000010111011111
41095,14608,42.757805,0BA,5,0010100100000000000000000000010000101000
33831,43816,42.759747,1C4,8,0000100101111001000110110000000000000000000000000000000001101010
5867,43819,42.763709,25,8,0000000000010010000000000000000111101111101110100000000011101001
26074,43820,42.764388,0AA,8,0010000010110010001000001001010100100000100110110010000001111110
41096,29213,42.765295,0BA,5,0100111100000000000000000000000000101110
18013,43824,42.767376,226,8,0000000000000000000100000000000000000000000000000000000000000000
10039,43825,42.769381,260,8,0000000000000000000000000000000000000000111111111010000100001010
13619,43826,42.769627,4DD,8,0001111000000000000000000000000000000000000000000000000000000000
41097,29216,42.772784,0BA,5,1110000000100010001000000000000010010111
12714,43828,42.77372,2C1,8,0000000000000010101000110000001001110110110000000001011110111111
5868,43829,42.773959,25,8,0000000000010001000000000000000101011111101100000000000001001110
26075,43831,42.774439,0AA,8,0010000010110000001000001001010000100000100111000010000010000011
30374,43832,42.774679,24,8,0000001000001110000000100001001101000010000000111000000000010110
20730,43833,42.775358,0B4,8,0000000000000000000000000000000000011000000001100000010111011111
15704,43834,42.775733,1C6,8,0000000000000000100000000000000110001111000101000000000000000000
1178,43838,42.778363,320,8,0000000000100000000000000000000000000000000000000000000001001011
33832,43839,42.779732,1C4,8,0000100101111110000110110000000000000000000000000000000001101111
41098,43805,42.780274,0BA,5,1100011000000000000000000000000010111110
5869,43842,42.783693,25,8,0000000000010001000000000000000111011111101100000000000011001110
26076,43843,42.784375,0AA,8,0010000010101111001000001001011100100000101000100010000010000000
41099,14616,42.787763,0BA,5,0010100100000000000000000000011100101011
10040,43845,42.789391,260,8,0000000000000000000000000000000000000000111111111001010111111110
5870,43848,42.79371,25,8,0000000000010000000000000000000100111111101001100000000000100011
26077,43849,42.794336,0AA,8,0010000010110001001000001001100100100000101000110010000010000100
30375,43850,42.794579,24,8,0000001000001110000000100001001101000010000000111000000000010110
41100,29236,42.795253,0BA,5,0100111100000000000000000000000000101110
20731,43851,42.795348,0B4,8,0000000000000000000000000000000000011000000001100000101111100101
18014,43855,42.79935,226,8,0000000000000000000100000000000000000000000000000000000000000000
33833,43856,42.799725,1C4,8,0000100110000001000110110000000000000000000000000000000001110010
41101,29239,42.802742,0BA,5,1110000000100010001001000000000010011011
5871,43859,42.803684,25,8,0000000000010000000000000000000110011111100111000000000001111001
12715,43860,42.803923,2C1,8,0000000000000010101100000000001010100110110000000001011111111100
26078,43861,42.804357,0AA,8,0010000010110101001000001001101100100000101000010010000010001011
13745,43862,42.804603,3A5,8,100000000
7859,43863,42.805333,610,8,0010000000000000000011110110010011000000000000000111110101000000
15705,43865,42.80575,1C6,8,0000000000000000100000000000000110001111000101000000000000000000
31512,43866,42.807212,44D,8,0100001000000010000000000000000000000001000000000000000000000000
10041,43868,42.809381,260,8,0000000000000000000000000000000000000000111111111001010111111110
13458,43869,42.809534,394,3,0
41102,43837,42.810232,0BA,5,1100011000000000000000000000000010111110
30376,43871,42.813565,24,8,0000001000001101000000100001001101000010000000011000000000010011
5872,43872,42.813808,25,8,0000000000001111000000000000000111111111101001100000000011100010
26079,43873,42.81435,0AA,8,0010000010111001001000001001100100100000101001010010000010001000
20732,43874,42.815336,0B4,8,0000000000000000000000000000000000011100000001100000101111101001
31353,43877,42.817315,640,8,1010100000000000000000000011011100000001111000000000000000000000
41103,14629,42.817721,0BA,5,0010100100000000000000000000010000101000
16516,43878,42.819505,3F9,8,0111010100011000000000100000001010000000000000000000000000010101
33834,43879,42.819745,1C4,8,0000100110000110000110110000000000000000000000000000000001110111
5873,43882,42.824697,25,8,0000000000001110000000000000000100111111100111000000000000010111
41104,29251,42.825211,0BA,5,0100111100000000000000000000000000101110
26080,43884,42.825313,0AA,8,0010000010111011001000001001110100100000101001010010000010001001
18015,43887,42.828329,226,8,0000000000000000000100000000000000000000000000000000000000000000
10042,43888,42.829132,260,8,0000000000000000000000000000000000000000111111110110011011001111
1179,43889,42.829377,320,8,0000000000100000000000000000000000000000000000000000000001001011
41105,29256,42.8327,0BA,5,1110000000100010001001000000000010011011
30377,43892,42.833544,24,8,0000001000001100000000100001001101000010000000001000000000010001
5874,43893,42.833787,25,8,0000000000001110000000000000000110101111100111000000000010000111
12716,43894,42.834022,2C1,8,0000000000000010110000110000001011010000110000000001011100111001
26081,43896,42.834427,0AA,8,0010000010110111001000001010010000100000101010110010000010010001
35039,43897,42.834671,413,8,0000000100000001000000010000100100000000000000000000000000000000
20733,43898,42.835313,0B4,8,0000000000000000000000000000000000011100000001100001000111101111
15706,43899,42.835687,1C6,8,0000000000000000100000000000000110001111000101000000000000000000
34978,43903,42.83931,4C3,8,0000001100000000000000000000000100000000000000000000000000000000
33835,43904,42.839695,1C4,8,0000100110001100000110110000000000000000000000000000000001111101
41106,43864,42.84019,0BA,5,1100011000000000000000000000000010111110
35221,5422,42.843297,3D3,3,011011000000001000000000
5875,43908,42.843651,25,8,0000000000001101000000000000000111101111100100100000000010111100
26082,43909,42.844326,0AA,8,0010000010111011001000001010011000100000101011110010000010010010
41107,14633,42.84768,0BA,5,0010100100000000000000000000011100101011
10043,43910,42.84904,260,8,0000000000000000000000000000000000000000111111110110011011001111
43782,43621,42.852215,3BB,5,0111000000000000000000001010011000000000
30378,43912,42.853512,24,8,0000001000001011000000100001010001000001111111111000000000001111
5876,43913,42.853754,25,8,0000000000001100000000000000000100101111100100100000000011111011
26083,43914,42.854324,0AA,8,0010000010111110001000001010110100100000101010110010000010010100
41108,29272,42.855169,0BA,5,0100111100000000000000000000000000101110
20734,43915,42.855333,0B4,8,0000000000000000000000000000000000100000000001100001011011111000
18016,43920,42.859301,226,8,0000000000000000000100000000000000000000000000000000000000000000
33836,43921,42.859674,1C4,8,0000100110010110000110110000000000000000000000000000000010000111
41109,29276,42.862659,0BA,5,1110000000100010001001000000000010011011
5877,43924,42.863636,25,8,0000000000001011000000000000000101011111100010000000000000100000
12717,43925,42.863872,2C1,8,0000000000000010110100000000001011100110110000000001011101011100
26084,43926,42.864312,0AA,8,0010000011000000001000001010110000100000101100100010000010010111
15707,43928,42.865655,1C6,8,0000000000000000000000000000000110001111000101000000000000000000
203,43929,42.866301,3B7,8,1000
10044,43930,42.869032,260,8,0000000000000000000000000000000000000000111111110100111010110111
41110,43901,42.870148,0BA,5,1100011000000000000000000000000010111110
5878,43932,42.873657,25,8,0000000000001010000000000000000101111111100010100000000001000001
11106,43934,42.874253,620,8,0001000000000000000000000000000000000000000000000000000000000000
30379,43935,42.874494,24,8,0000001000001010000000100001010001000001111110111000000000001010
26085,43936,42.874726,0AA,8,0010000010111111001000001010110000100000101100110010000010011001
20735,43937,42.875284,0B4,8,0000000000000000000000000000000000100000000001100001110011111110
1180,43939,42.877288,320,8,0000000000100000000000000000000000000000000000000000000001001011
41111,14649,42.877638,0BA,5,0010100100000000000000000000010000101000
33837,43940,42.879669,1C4,8,0000100110100000000110110000000000000000000000000000000010010001
5879,43944,42.884646,25,8,0000000000001010000000000000000110011111100000010000000001011000
41112,29294,42.885127,0BA,5,0100111100000000000000000000000000101110
26086,43945,42.885278,0AA,8,0010000010111111001000001011000000100000101100110010000010011011
18017,43948,42.888282,226,8,0000000000000000000100000000000000000000000000000000000000000000
10045,43949,42.88897,260,8,0000000000000000000000000000000000000000111111110110011011001111
41113,29297,42.892617,0BA,5,1110000000100010001001000000000010011011
5880,43954,42.893613,25,8,0000000000001001000000000000000111111111100100000000000011000110
12718,43955,42.89385,2C1,8,0000000000000010110111000000001011110110110000000001011101111000
26087,43957,42.89429,0AA,8,0010000011000000001000001011010000100000101101100010000010100010
30380,43958,42.894531,24,8,0000001000001010000000100001010001000001111110101000000000001001
20736,43959,42.895272,0B4,8,0000000000000000000000000000000000100100000001100010000100000111
15708,43961,42.89568,1C6,8,0000000000000000000000000000000110001111000101000000000000000000
33838,43964,42.899645,1C4,8,0000100110101010000110110000000000000000000000000000000010011011
41114,43927,42.900106,0BA,5,1100011000000000000000000000000010111110
5881,43967,42.903606,25,8,0000000000001000000000000000000100101111100010000000000011101101
26088,43968,42.90428,0AA,8,0010000011000011001000001011100000100000101101110010000010100011
41115,14657,42.907596,0BA,5,0010100100000000000000000000011100101011
10046,43970,42.909063,260,8,0000000000000000000000000000000000000000111111110110011011001111
14159,43971,42.91319,442,8,0100001100000010000000000000000000000010000000000000000000000000
5882,43973,42.913768,25,8,0000000000000111000000000000000101011111100100110000000000100111
26089,43974,42.914276,0AA,8,0010000011001000001000001011101000100000101110000010000010101000
30381,43975,42.914517,24,8,0000001000001001000000100001010001000001111110101000000000001000
41116,29310,42.915085,0BA,5,0100111100000000000000000000000000101110
20737,43976,42.915252,0B4,8,0000000000000000000000000000000000100100000001100010000100000111
18018,43981,42.919312,226,8,0000000000000000000100000000000000000000000000000000000000000000
33839,43982,42.919632,1C4,8,0000100110110011000110110000000000000000000000000000000010100100
27841,43984,42.920248,420,8,0000000000000000000000000000000011111111000000001000000010101011
41117,29315,42.922575,0BA,5,1110000000100010001001000000000010011011
5883,43987,42.923621,25,8,0000000000000111000000000000000110011111100010000000000001011100
12719,43988,42.923857,2C1,8,0000000000000010111010010000001100100000110000000001011110110000
26090,43989,42.924268,0AA,8,0010000011000110001000001011111000100000101111100010000010101011
15709,43991,42.925613,1C6,8,0000000000000000000000000000000110001111000101000000000000000000
1181,43992,42.926247,320,8,0000000000100000000000000000000000000000000000000000000001001011
10047,43993,42.929061,260,8,0000000000000000000000000000000000000000111111110110011011001111
41118,43963,42.930065,0BA,5,1100011000000000000000000000000010111110
30382,43995,42.933456,24,8,0000001000000111000000100001010001000001111101001000000000000000
5884,43996,42.933699,25,8,0000000000000110000000000000000100001111101010000000000011101011
26091,43997,42.934261,0AA,8,0010000011001000001000001100001000100000101111100010000010101100
20738,43998,42.935236,0B4,8,0000000000000000000000000000000000101000000001100010011100010001
31612,44000,42.936845,633,8,1000000100000000000000000000000000000000000000000000000000000000
41119,14667,42.937554,0BA,5,0010100100000000000000000000010000101000
43586,10994,42.937736,423,2,10101000001111
7635,44002,42.939057,3BC,8,0
33840,44004,42.939652,1C4,8,0000100110111011000110110000000000000000000000000000000010101100
43441,243,42.942995,3000000.0,6,110000010000110000000101000000010000000000000000
5885,44007,42.943578,25,8,0000000000000101000000000000000101011111100111000000000000101110
26092,44008,42.944251,0AA,8,0010000011001010001000001100010100100000101111000010000010110100
41120,29335,42.945044,0BA,5,0100111100000000000000000000000000101110
18019,44012,42.947236,226,8,0000000000000000000100000000000000000000000000000000000000000000
10048,44013,42.948869,260,8,0000000000000000000000000000000000000000111111111010000100001010
41121,29338,42.952533,0BA,5,1110000000100010000110000000000010001111
5886,44015,42.953592,25,8,0000000000000101000000000000000111011111101110000000000011001010
12720,44016,42.953828,2C1,8,0000000000000010111011000000001100100000110000000001011110110011
26093,44018,42.95424,0AA,8,0010000011010010001000001100101000100000110000010010000010110010
30383,44019,42.954481,24,8,0000001000000110000000100001010001000001111101001000000011111111
20739,44020,42.955226,0B4,8,0000000000000000000000000000000000101000000001100010110100010111
15710,44021,42.955605,1C6,8,0000000000000000000000000000000110001111000101000000000000000000
33841,44025,42.959607,1C4,8,0000100111000011000110110000000000000000000000000000000010110100
41122,43990,42.960023,0BA,5,1100011000000000000000000000000010111110
27902,44029,42.964432,4DC,8,0001110100000000000000000000000000000000000000000000000000000000
5887,44030,42.964663,25,8,0000000000000100000000000000000101001111101110000000000000111001
26094,44031,42.965209,0AA,8,0010000011010000001000001100101100100000110001100010000010110100
41123,14676,42.967512,0BA,5,0010100100000000000000000000011100101011
10049,44032,42.968885,260,8,0000000000000000000000000000000000000000111111111011100000100001
28103,44033,42.971782,6C0,8,1110010000000000000000001110000010000000000000000000000000000000
30384,44036,42.973428,24,8,0000001000000100000000100001011001000001111101001000000011111111
5888,44037,42.973675,25,8,0000000000000100000000000000000111111111110010010000000011111010
26095,44038,42.974226,0AA,8,0010000011010011001000001101001000100000110001000010000010110110
41124,29356,42.975002,0BA,5,0100111100000000000000000000000000101110
20740,44039,42.975204,0B4,8,0000000000000000000000000000000000101000000001100011001000011100
18020,44043,42.979207,226,8,0000000000000000000100000000000000000000000000000000000000000000
33842,44044,42.979593,1C4,8,0000100111001100000110110000000000000000000000000000000010111101
1182,44046,42.980222,320,8,0000000000100000000000000000000000000000000000000000000001001011
41125,29359,42.982491,0BA,5,1110000000100010001001000000000010011011
5889,44048,42.983544,25,8,0000000000000100000000000000000110111111110011100000000010111111
12721,44049,42.983779,2C1,8,0000000000000010111101100000001101000110110000000001011111100011
26096,44050,42.984223,0AA,8,0010000011010101001000001101001000100000110001100010000010111011
1566,44051,42.984471,6F3,8,0010000000000000000000000000000000000000000000000000000000000000
15711,44053,42.985571,1C6,8,0000000000000000000000000000000110001111000101000000000000000000
10050,44056,42.98885,260,8,0000000000000000000000000000000000000000111111111100010100101110
41126,44024,42.989981,0BA,5,1100011000000000000000000000000010111110
5890,44058,42.993559,25,8,0000000000000011000000000000000101111111110111010000000010001101
26097,44059,42.994188,0AA,8,0010000011011000001000001101100000100000110010010010000010111100
30385,44060,42.994432,24,8,0000001000000011000000100001011001000001111101001000000011111110
20741,44061,42.995192,0B4,8,0000000000000000000000000000000000101100000001100011100000100110
41127,14689,42.99747,0BA,5,0010100100000000000000000000010000101000
13559,44063,42.999222,399,8,0000000000000000000000000000000000000000111111110000000000000000
33843,44064,42.999577,1C4,8,0000100111001100000110110000000000000000000000000000000010111101
5891,44067,43.003528,25,8,0000000000000011000000000000000101101111110111010000000001111101
26098,44068,43.004202,0AA,8,0010000011011011001000001101100100100000110011110010000011000100
41128,29374,43.00496,0BA,5,0100111100000000000000000000000000101110
18021,44072,43.007191,226,8,0000000000000000000100000000000000000000000000000000000000000000
11207,44073,43.008034,39A,8,0000000000000000000000000000000100000000000000000000000000000000
10051,44074,43.008824,260,8,0000000000000000000000000000000000000000111111111101000000111001
41129,29380,43.01245,0BA,5,1110000000100010001001000000000010011011
30386,44077,43.013421,24,8,0000001000000010000000100001100001000001111101101000000000000001
5892,44078,43.013661,25,8,0000000000000011000000000000000101101111111010110000000010001011
12722,44079,43.013897,2C1,8,0000000000000011000000110000001101100011110000000001011100001110
26099,44081,43.014302,0AA,8,0010000011011110001000001101111000100000110101010010000011000011
21734,44082,43.014541,443,8,0100110100000010000000000010111100000110000000000000000000000000
20742,44084,43.015177,0B4,8,0000000000000000000000000000000000101100000001100011111000101100
15712,44085,43.01556,1C6,8,0000000000000000000000000000000110001111000101000000000000000000
43,44088,43.019413,3B1,8,0000000000000000000000100000101000000000000010000000000000000000
33844,44089,43.019653,1C4,8,0000100111010011000110110000000000000000000000000000000011000100
41130,44052,43.019939,0BA,5,1100011000000000000000000000000010111110
5893,44094,43.024538,25,8,0000000000000011000000000000000101101111111100100000000010010010
26100,44095,43.025165,0AA,8,0010000011011110001000001101110100100000110011100010000011001001
1183,44096,43.026172,320,8,0000000000100000000000000000000000000000000000000000000001001011
41131,14694,43.027429,0BA,5,0010100100000000000000000000011100101011
10052,44097,43.028876,260,8,0000000000000000000000000000000000000000000000000010111110011001
30387,44099,43.033408,24,8,0000001000000001000000100001100001000001111101101000000000000000
5894,44100,43.03365,25,8,0000000000000100000000000000000110011111111101010000000011000110
26101,44101,43.034184,0AA,8,0010000011100101001000001110000000100000110100100010000011001110
41132,29399,43.034918,0BA,5,0100111100000000000000000000000000101110
20743,44102,43.035193,0B4,8,0000000000000000000000000000000000110000000001100100001100110101
18022,44107,43.039164,226,8,0000000000000000000100000000000000000000000000000000000000000000
33845,44108,43.039551,1C4,8,0000100111011100000110110000000000000000000000000000000011001101
41133,29401,43.042408,0BA,5,1110000000100010000111000000000010010011
5895,44112,43.043498,25,8,0000000000000100000000000000000110101111111101110000000011011000
12723,44113,43.043738,2C1,8,0000000000000011000000110000001101010110110000000001011100000001
26102,44114,43.044172,0AA,8,0010000011101001001000001110010000100000110101000010000011001110
15713,44117,43.045535,1C6,8,0000000000000000000000000000000110010000000101000000000000000000
10053,44118,43.048834,260,8,0000000000000000000000000000000000000000000000000101111011001000
41134,44087,43.049897,0BA,5,1100011000000000000000000000000010111110
5896,44120,43.053513,25,8,0000000000000100000000000000000110101111111110010000000011011010
26103,44122,43.054247,0AA,8,0010000011101010001000001110100000100000110110010010000011010001
30388,44123,43.054488,24,8,0000001000000001000000100001100001000001111101101000000000000000
20744,44124,43.055142,0B4,8,0000000000000000000000000000000000110000000001100100100100111011
41135,14708,43.057387,0BA,5,0010100100000000000000000000010000101000
33846,44126,43.05953,1C4,8,0000100111100011000110110000000000000000000000000000000011010100
5897,44129,43.063481,25,8,0000000000000100000000000000000110101111111110100000000011011011
26104,44130,43.064158,0AA,8,0010000011100111001000001110100000100000110110010010000011010111
41136,29420,43.064876,0BA,5,0100111100000000000000000000000000101110
18023,44133,43.067177,226,8,0000000000000000000100000000000000000000000000000000000000000000
10054,44134,43.068637,260,8,0000000000000000000000000000000000000000000000000101111011001000
16517,44135,43.069594,3F9,8,0111010100011000000000100000001010000000000000000000000000010101
41137,29424,43.072366,0BA,5,1110000000100010001001000000000010011011
30389,44138,43.073355,24,8,0000001000000001000000100001101001000001111110001000000000000100
5898,44139,43.073597,25,8,0000000000000100000000000000000110101111111110100000000011011011
12724,44140,43.073833,2C1,8,0000000000000011000100000000001101011001110000000001011100010001
26105,44142,43.07425,0AA,8,0010000011110000001000001110101100100000110110000010000011010101
20745,44144,43.075127,0B4,8,0000000000000000000000000000000000110100000001100100111001000100
15714,44145,43.075526,1C6,8,0000000000000000000000000000000110010000000101000000000000000000
1184,44149,43.078135,320,8,0000000000100000000000000000000000000000000000000000000001001011
33847,44150,43.079516,1C4,8,0000100111101010000110110000000000000000000000000000000011011011
41138,44116,43.079855,0BA,5,1100011000000000000000000000000010111110
5899,44153,43.08347,25,8,0000000000000100000000000000000110101111111110110000000011011100
26106,44154,43.084144,0AA,8,0010000011101101001000001110111000100000110110110010000011100000
41139,14714,43.087345,0BA,5,0010100100000000000000000000011100101011
10055,44157,43.08851,260,8,0000000000000000000000000000000000000000000000000101111011001000
30390,44160,43.093344,24,8,0000001000000001000000100001100001000001111110111000000000000101
5900,44161,43.093596,25,8,0000000000000100000000000000000110101111111111000000000011011101
26107,44162,43.09414,0AA,8,0010000011110101001000001111001100100000110111100010000011100000
41140,29436,43.094834,0BA,5,0100111100000000000000000000000000101110
20746,44163,43.095114,0B4,8,0000000000000000000000000000000000110100000001100101010001001010
34795,44164,43.096035,4DF,8,0010000000000000000000000000000100000000000000000000000000000000
18024,44168,43.099118,226,8,0000000000000000000100000000000000000000000000000000000000000000
33848,44169,43.099508,1C4,8,0000100111110000000110110000000000000000000000000000000011100001
41141,29441,43.102324,0BA,5,1110000000100010001001000000000010011011
35222,43951,43.102954,3D3,3,111001010000000111101010
5901,44173,43.103468,25,8,0000000000000100000000000000000110101111111111000000000011011101
12725,44174,43.103703,2C1,8,0000000000000011000110010000001101100110110000000001011100100111
26108,44175,43.104133,0AA,8,0010000011110111001000001111010000100000111000010010000011100010
13303,44176,43.104365,30000000.0,7,0
15715,44178,43.105491,1C6,8,0000000000000000000000000000000110010000000101000000000000000000
10056,44179,43.108614,260,8,0000000000000000000000000000000000000000000000000101111011001000
13459,44180,43.108676,394,3,0
41142,44148,43.109814,0BA,5,1100011000000000000000000000000010111110
5902,44182,43.11347,25,8,0000000000000100000000000000000110101111111111000000000011011101
26109,44183,43.114096,0AA,8,0010000011110111001000001111100000100000111001100010000011101010
30391,44184,43.114341,24,8,0000001000000001000000100001100001000001111110111000000000000101
20747,44185,43.1151,0B4,8,0000000000000000000000000000000000111000000001100101101001010100
31513,44187,43.116393,44D,8,0100001000000010000000000000000000000001000000000000000000000000
41143,14729,43.117303,0BA,5,0010100100000000000000000000010000101000
33849,44188,43.119495,1C4,8,0000100111110111000110110000000000000000000000000000000011101000
5903,44192,43.123435,25,8,0000000000000100000000000000000110101111111111010000000011011110
26110,44193,43.124114,0AA,8,0010000011111010001000001111101100100000111010100010000011101000
41144,29457,43.124793,0BA,5,0100111100000000000000000000000000101110
18025,44196,43.127098,226,8,0000000000000000000100000000000000000000000000000000000000000000
1185,44197,43.12815,320,8,0000000000100000000000000000000000000000000000000000000001001011
10057,44198,43.128395,260,8,0000000000000000000000000000000000000000000000000101111011001000
41145,29460,43.132282,0BA,5,1110000000100010001001000000000010011011
5904,44200,43.133457,25,8,0000000000000100000000000000000110101111111111010000000011011110
12726,44201,43.13369,2C1,8,0000000000000011000110010000001101110011110000000001011100110100
26111,44203,43.134101,0AA,8,0010000100000011001000001111111100100000111010110010000011101010
30392,44204,43.134343,24,8,0000001000000010000000100001100001000001111110111000000000000110
27954,44205,43.134594,300000000.0,8,0
20748,44206,43.135083,0B4,8,0000000000000000000000000000000000111000000001100101111101011001
15716,44207,43.135481,1C6,8,0000000000000000000000000000000110010000000101000000000000000000
33850,44212,43.139476,1C4,8,0000100111111111000110110000000000000000000000000000000011110000
41146,44177,43.139772,0BA,5,1100011000000000000000000000000010111110
34898,44214,43.140282,3C3,8,0100011000011110100100110100111011101110010110010000001110001000
35358,14383,43.142649,386,7,10100100000000000000000000000000000000000000000010000000
5905,44217,43.14342,25,8,0000000000000100000000000000000110101111111111010000000011011110
26112,44218,43.144103,0AA,8,0010000100000110001000001111111000100000111011100010000011110000
41147,14739,43.147261,0BA,5,0010100100000000000000000000011100101011
10058,44219,43.148457,260,8,0000000000000000000000000000000000000000000000000110101011010100
43783,1479,43.149799,3BB,5,1011101100000000000000000000000000100110
30393,44222,43.1533,24,8,0000001000000010000000100001101001000001111111011000000000001010
5906,44223,43.153544,25,8,0000000000000100000000000000000110101111111111010000000011011110
26113,44225,43.15409,0AA,8,0010000100000111001000010000010000100000111011110010000011101011
41148,29479,43.154751,0BA,5,0100111100000000000000000000000000101110
20749,44226,43.155067,0B4,8,0000000000000000000000000000000000111100000001100110010101100011
18026,44230,43.159072,226,8,0000000000000000000100000000000000000000000000000000000000000000
33851,44231,43.159465,1C4,8,0000101000000111000110110000000000000000000000000000000011111001
41149,29484,43.16224,0BA,5,1110000000100010001001000000000010011011
5907,44234,43.163409,25,8,0000000000000100000000000000000110101111111111100000000011011111
12727,44235,43.163646,2C1,8,0000000000000011001001100000001101111100110000000001011101001010
26114,44236,43.164087,0AA,8,0010000100000110001000010000011000100000111100110010000011110000
27934,44237,43.164338,3000000000.0,8,0
15717,44239,43.165445,1C6,8,0000000000000000000000000000000110001111000101000000000000000000
204,44240,43.166073,3B7,8,1000
10059,44241,43.168338,260,8,0000000000000000000000000000000000000000000000000101001010111100
41150,44210,43.16973,0BA,5,1100011000000000000000000000000010111110
30394,44245,43.173289,24,8,0000001000000011000000100001100001000001111111111000000000001011
5908,44246,43.173534,25,8,0000000000000100000000000000000110101111111111100000000011011111
7696,44247,43.173871,611,8,0010000100000000000000000001000000000000000000000011110101101100
26115,44248,43.174104,0AA,8,0010000100001010001000010000011000100000111101010010000011110100
20750,44249,43.175053,0B4,8,0000000000000000000000000000000000111100000001100110101101101001
1186,44251,43.177058,320,8,0000000000100000000000000000000000000000000000000000000001001011
41151,14752,43.177219,0BA,5,0010100100000000000000000000010000101000
33852,44252,43.179449,1C4,8,0000101000010001000110110000000000000000000000000000000000000011
5909,44255,43.183396,25,8,0000000000000100000000000000000110101111111111100000000011011111
26116,44256,43.184071,0AA,8,0010000100001110001000010000011100100000111101110010000011110100
41152,29496,43.184709,0BA,5,0100111100000000000000000000000000101110
11107,44259,43.185863,620,8,0001000000000000000000000000000000000000000000000000000000000000
18027,44261,43.187056,226,8,0000000000000000000100000000000000000000000000000000000000000000
10060,44263,43.188348,260,8,0000000000000000000000000000000000000000000000000101111011001000
41153,29501,43.192199,0BA,5,1110000000100010001001000000000010011011
5910,44266,43.193428,25,8,0000000000000100000000000000000110101111111111100000000011011111
12728,44267,43.193657,2C1,8,0000000000000011001100000000001110010000110000000001100001101001
26117,44268,43.194032,0AA,8,0010000100010011001000010000111000100000111110000010000011111100
30395,44269,43.194279,24,8,0000001000000011000000100001100001000001111111111000000000001011
20751,44270,43.195039,0B4,8,0000000000000000000000000000000001000000000001100111000001110010
15718,44271,43.19543,1C6,8,0000000000000000000000000000000110001111000101000000000000000000
33853,44274,43.199578,1C4,8,0000101000011011000110110000000000000000000000000000000000001101
41154,44238,43.199688,0BA,5,1100011000000000000000000000000010111110
5911,44278,43.203379,25,8,0000000000000100000000000000000110101111111111100000000011011111
26118,44279,43.20405,0AA,8,0010000100010011001000010000111000100000111111110010000011111010
41155,14756,43.207178,0BA,5,0010100100000000000000000000011100101011
10061,44281,43.208261,260,8,0000000000000000000000000000000000000000000000000101111011001000
30396,44283,43.213285,24,8,0000001000000011000000100001101001000001111111111000000000001101
5912,44284,43.21353,25,8,0000000000000100000000000000000110101111111111100000000011011111
26119,44285,43.214012,0AA,8,0010000100010111001000010001001000100001000000010010000011111101
41156,29518,43.214667,0BA,5,0100111100000000000000000000000000101110
20752,44286,43.215057,0B4,8,0000000000000000000000000000000001000000000001100111011001111000
18028,44292,43.219026,226,8,0000000000000000000100000000000000000000000000000000000000000000
33854,44293,43.219422,1C4,8,0000101000101100000110110000000000000000000000000000000000011110
41157,29521,43.222157,0BA,5,1110000000100010001001000000000010011011
5913,44296,43.223365,25,8,0000000000000100000000000000000110101111111111100000000011011111
12729,44297,43.223599,2C1,8,0000000000000011001101100000001110011001110000000001100001111000
26120,44298,43.224035,0AA,8,0010000100011000001000010001011100100001000001110010000100000110
14160,44299,43.224802,442,8,0100001100000010000000000000000000000010000000000000000000000000
15719,44301,43.225403,1C6,8,0000000000000000000000000000000110001111000101000000000000000000
1187,44302,43.226017,320,8,0000000000100000000000000000000000000000000000000000000001001011
10062,44303,43.228291,260,8,0000000000000000000000000000000000000000000000000010001110001101
41158,44273,43.229646,0BA,5,1100011000000000000000000000000010111110
30397,44305,43.233268,24,8,0000001000000011000000100001101001000001111111111000000000001101
5914,44306,43.233515,25,8,0000000000000100000000000000000110101111111111100000000011011111
26121,44307,43.234025,0AA,8,0010000100011101001000010001110000100001000010010010000100000100
20753,44309,43.235014,0B4,8,0000000000000000000000000000000001000000000001100111101101111101
41159,14771,43.237136,0BA,5,0010100100000000000000000000010000101000
33855,44312,43.239409,1C4,8,0000101000110111000110110000000000000000000000000000000000101001
5915,44315,43.244372,25,8,0000000000000100000000000000000110101111111111110000000011100000
41160,29539,43.244625,0BA,5,0100111100000000000000000000000000101110
26122,44316,43.244986,0AA,8,0010000100011101001000010001111100100001000011010010000100001000
18029,44319,43.248,226,8,0000000000000001000100000000000000000000000000000000000000000000
10063,44320,43.248257,260,8,0000000000000000000000000000000000000000000000000000101101110101
41161,29542,43.252115,0BA,5,1110000000100010001001000000000010011011
5916,44324,43.253372,25,8,0000000000000100000000000000000110101111111111110000000011100000
12730,44325,43.253607,2C1,8,0000000000000011001110010000001110010000110000000001100001110010
26123,44326,43.253975,0AA,8,0010000100100001001000010010001000100001000100100010000100001100
30398,44327,43.254231,24,8,0000001000000011000000100001101101000001111111111000000000001110
20754,44328,43.254991,0B4,8,0000000000000000000000000000000001000100000001101000000110000111
15720,44329,43.255391,1C6,8,0000000000000000000000000000000110001111000101000000000000000000
33856,44332,43.259387,1C4,8,0000101001000000000110110000000000000000000000000000000000110010
41162,44300,43.259604,0BA,5,1100011000000000000000000000000010111110
11268,44335,43.263167,4C8,8,0000100100000000000000000000000000000000000000000000000000000000
5917,44336,43.26341,25,8,0000000000000100000000000000000110101111111111110000000011100000
26124,44337,43.263999,0AA,8,0010000100100010001000010010001000100001000100110010000100001110
41163,14778,43.267094,0BA,5,0010100100000000000000000000011100101011
10064,44339,43.268217,260,8,0000000000000000000000000000000000000000000000000000101101110101
43587,43606,43.273187,423,2,1000100000000
30399,44342,43.273212,24,8,0000001000000010000000100001101101000010000000001000000000001111
5918,44343,43.273457,25,8,0000000000000100000000000000000110101111111111110000000011100000
26125,44344,43.273992,0AA,8,0010000100100111001000010010010000100001000110000010000100011000
41164,29557,43.274584,0BA,5,0100111100000000000000000000000000101110
20755,44345,43.274974,0B4,8,0000000000000000000000000000000001000100000001101000011110001101
18030,44349,43.278981,226,8,0000000000000000000100000000000000000000000000000000000000000000
33857,44350,43.279378,1C4,8,0000101001001001000110110000000000000000000000000000000000111011
1188,44352,43.279975,320,8,0000000000100000000000000000000000000000000000000000000001001011
28104,44353,43.281005,6C0,8,1110010000000000000000001110000010000000000000000000000000000000
41165,29562,43.282073,0BA,5,1110000000100010001001000000000010011011
5919,44357,43.283464,25,8,0000000000000100000000000000000110101111111111110000000011100000
12731,44358,43.2837,2C1,8,0000000000000011001110010000001110010000110000000001100001110010
26126,44359,43.283979,0AA,8,0010000100101100001000010010110100100001000111100010000100011000
15721,44361,43.285356,1C6,8,0000000000000000000000000000000110001111000101000000000000000000
10065,44363,43.28817,260,8,0000000000000000000000000000000000000000000000000000101101110101
41166,44331,43.289563,0BA,5,1100011000000000000000000000000010111110
5920,44365,43.293335,25,8,0000000000000100000000000000000110101111111111110000000011100000
26127,44366,43.293949,0AA,8,0010000100101101001000010011000000100001000110100010000100100000
30400,44367,43.29419,24,8,0000001000000010000000100001101101000010000000001000000000001111
20756,44368,43.294962,0B4,8,0000000000000000000000000000000001001000000001101000110010010110
41167,14791,43.297052,0BA,5,0010100100000000000000000000010000101000
33858,44370,43.299358,1C4,8,0000101001010010000110110000000000000000000000000000000001000100
5921,44374,43.304326,25,8,0000000000000100000000000000000110101111111111110000000011100000
41168,29582,43.304542,0BA,5,0100111100000000000000000000000000101110
26128,44375,43.30494,0AA,8,0010000100110001001000010011101100100001001000110010000100100100
7860,44376,43.305707,610,8,0010000000000000000100010110010011000000000000000111110101000000
10066,44379,43.307952,260,8,0000000000000000000000000000000000000000111111111111010001011101
18031,44380,43.308209,226,8,0000000000000000000100000000000000000000000000000000000000000000
41169,29585,43.312031,0BA,5,1110000000100010001001000000000010011011
5922,44383,43.313327,25,8,0000000000000100000000000000000110101111111111110000000011100000
12732,44384,43.313565,2C1,8,0000000000000011010010010000001110101100110000000001100010011110
26129,44385,43.313929,0AA,8,0010000100110011001000010011100100100001001001100010000100100011
30401,44386,43.31419,24,8,0000001000000010000000100001101101000001111111111000000000001101
20757,44387,43.314942,0B4,8,0000000000000000000000000000000001001000000001101001001010011100
15722,44388,43.315352,1C6,8,0000000000000000000000000000000110001111000101000000000000000000
16518,44392,43.319012,3F9,8,0111010100011000000000100000001010000000000000000000000000010101
33859,44393,43.31935,1C4,8,0000101001011010000110110000000000000000000000000000000001001100
41170,44360,43.319521,0BA,5,1100011000000000000000000000000010111110
21735,44396,43.324143,443,8,0100110100000010000000000010111100000110000000000000000000000000
5923,44397,43.324383,25,8,0000000000000100000000000000000110011111111111110000000011010000
26130,44398,43.324925,0AA,8,0010000100111000001000010011011100100001001010000010000100101011
1189,44399,43.325945,320,8,0000000000100000000000000000000000000000000000000000000001001011
41171,14801,43.32701,0BA,5,0010100100000000000000000000011100101011
10067,44400,43.327912,260,8,0000000000000000000000000000000000000000111111111011100000100001
30402,44403,43.333172,24,8,0000001000000010000000100001101101000001111111111000000000001101
5924,44404,43.333417,25,8,0000000000000011000000000000000101101111111111110000000010011111
26131,44405,43.333946,0AA,8,0010000100111100001000010011110100100001001011100010000100101000
41172,29603,43.3345,0BA,5,0100111100000000000000000000000000101110
20758,44406,43.334928,0B4,8,0000000000000000000000000000000001001100000001101001100010100110
18032,44411,43.338937,226,8,0000000000000000000100000000000000000000000000000000000000000000
33860,44412,43.339332,1C4,8,0000101001100001000110110000000000000000000000000000000001010011
41173,29606,43.341989,0BA,5,1110000000100010001001000000000010011011
5925,44416,43.34327,25,8,0000000000000011000000000000000101011111111111110000000010001111
12733,44417,43.343506,2C1,8,0000000000000011010011000000001110110000110000000001100010100101
26132,44418,43.343941,0AA,8,0010000101000000001000010100001000100001001100010010000100101010
13935,44419,43.344668,622,8,0001001000000000000000000000000000000000000000000000000000000000
15723,44421,43.345321,1C6,8,0000000000000000000000000000000110010000000101000000000000000000
10068,44423,43.347896,260,8,0000000000000000000000000000000000000000111111111101000000111001
41174,44391,43.349479,0BA,5,1100011000000000000000000000000010111110
30403,44426,43.35316,24,8,0000001000000010000000100001101001000001111111111000000000001100
5926,44427,43.353402,25,8,0000000000000011000000000000000100111111111111110000000001101111
26133,44428,43.353903,0AA,8,0010000101000101001000010100010000100001001100110010000100110010
20759,44429,43.354916,0B4,8,0000000000000000000000000000000001001100000001101001110110101011
41175,14814,43.356969,0BA,5,0010100100000000000000000000010000101000
33861,44431,43.359326,1C4,8,0000101001101100000110110000000000000000000000000000000001011110
35223,5485,43.36261,3D3,3,011011000000001000000000
5927,44434,43.363259,25,8,0000000000000011000000000000000100101111111111110000000001011111
26134,44435,43.363924,0AA,8,0010000101000111001000010100010100100001001110100010000100110000
41176,29618,43.364458,0BA,5,0100111100000000000000000000000000101110
18033,44439,43.366917,226,8,0000000000000000000100000000000000000000000000000000000000000000
10069,44440,43.367825,260,8,0000000000000000000000000000000000000000111111111101000000111001
41177,29624,43.371948,0BA,5,1110000000100010001001000000000010011011
30404,44443,43.373256,24,8,0000001000000010000000100001101101000010000000001000000000001111
5928,44444,43.373505,25,8,0000000000000011000000000000000111111111111111110000000000101111
12734,44445,43.373739,2C1,8,0000000000000011010101100000001110110011110000000001100010110010
26135,44446,43.373963,0AA,8,0010000101001001001000010100101000100001001110100010000100110101
20760,44447,43.374901,0B4,8,0000000000000000000000000000000001010000000001101010001110110101
15724,44448,43.375315,1C6,8,0000000000000000000000000000000110010000000101000000000000000000
1190,44451,43.377904,320,8,0000000000100000000000000000000000000000000000000000000001001011
33862,44452,43.379338,1C4,8,0000101001110101000110110000000000000000000000000000000001100111
41178,44420,43.379437,0BA,5,1100011000000000000000000000000010111110
5929,44456,43.384265,25,8,0000000000000011000000000000000111011111111011010000000011111101
26136,44457,43.384875,0AA,8,0010000101001100001000010100110100100001010000110010000100111010
41179,14818,43.386927,0BA,5,0010100100000000000000000000011100101011
10070,44459,43.387773,260,8,0000000000000000000000000000000000000000111111111011100000100001
30405,44461,43.393126,24,8,0000001000000010000000100001101101000010000000001000000000001111
5930,44462,43.393365,25,8,0000000000000011000000000000000110111111111011010000000011011101
26137,44463,43.393899,0AA,8,0010000101010000001000010101000100100001010000100010000100111001
31673,44464,43.394143,389,8,0000000000100000000000000000000000000000000000000000000000000000
41180,29644,43.394416,0BA,5,0100111100000000000000000000000000101110
20761,44465,43.394888,0B4,8,0000000000000000000000000000000001010000000001101010111011000000
18034,44470,43.398886,226,8,0000000000000000000100000000000000000000000000000000000000000000
33863,44471,43.399292,1C4,8,0000101001111110000110110000000000000000000000000000000001110000
41181,29647,43.401906,0BA,5,1110000000100010001001000000000010011011
5931,44475,43.40322,25,8,0000000000000011000000000000000110011111111011000000000010111100
12735,44476,43.403452,2C1,8,0000000000000011010110010000001111000110110000000001100011001000
26138,44477,43.403898,0AA,8,0010000101010010001000010101001000100001010000010010000101000010
28224,44478,43.404591,618,8,0010001000000000000000000001010001000000000000000000000000000000
15725,44480,43.405274,1C6,8,0000000000000000000000000000000110010000000101000000000000000000
10071,44481,43.407763,260,8,0000000000000000000000000000000000000000111111111100010100101110
13460,44482,43.407916,394,3,0
41182,44450,43.409395,0BA,5,1100011000000000000000000000000010111110
30406,44486,43.413139,24,8,0000001000000010000000100001101001000001111111111000000000001100
5932,44487,43.413381,25,8,0000000000000010000000000000000101101111111011000000000010001011
26139,44488,43.413856,0AA,8,0010000101011001001000010101001000100001010000110010000101000001
20762,44490,43.414865,0B4,8,0000000000000000000000000000000001010100000001101011010011001010
13767,44492,43.416571,61C,8,0010011000000000000000000000000000000000000000000000000000011010
41183,14834,43.416885,0BA,5,0010100100000000000000000000010000101000
33864,44494,43.419282,1C4,8,0000101010001000000110110000000000000000000000000000000001111010
5933,44497,43.423214,25,8,0000000000000010000000000000000101001111111011000000000001101011
26140,44498,43.423879,0AA,8,0010000101011111001000010101011100100001010010010010000101000010
41184,29663,43.424374,0BA,5,0100111100000000000000000000000000101110
31514,44500,43.425682,44D,8,0100001000000010000000000000000000000001000000000000000000000000
13680,44502,43.426531,4B7,8,1110001001011111001000001111000000001000111010100000000100001000
18035,44503,43.426869,226,8,0000000000000000000100000000000000000000000000000000000000000000
10072,44504,43.42769,260,8,0000000000000000000000000000000000000000111111111100010100101110
1191,44505,43.427934,320,8,0000000000100000000000000000000000000000000000000000000001001011
41185,29668,43.431864,0BA,5,1110000000100010001001000000000010011011
12736,44509,43.433253,2C1,8,0000000000000011011000110000001111000011110000000001100011001111
5934,44510,43.433493,25,8,0000000000000010000000000000000100111111111011010000000001011100
26141,44511,43.433842,0AA,8,0010000101011110001000010101101000100001010010110010000101000110
30407,44512,43.434126,24,8,0000001000000010000000100001101001000001111111111000000000001100
20763,44513,43.434859,0B4,8,0000000000000000000000000000000001010100000001101011100111001111
15726,44514,43.435273,1C6,8,0000000000000000000000000000000110010000000101000000000000000000
16326,44518,43.438621,4C1,8,0000000100000000000000010000000100000000000000000000000000000000
33865,44519,43.43928,1C4,8,0000101010010001000110110000000000000000000000000000000010000011
41186,44479,43.439353,0BA,5,1100011000000000000000000000000010111110
5935,44522,43.443199,25,8,0000000000000010000000000000000100011111111011010000000000111100
26142,44523,43.443864,0AA,8,0010000101100100001000010101111100100001010010110010000101001010
41187,14841,43.446843,0BA,5,0010100100000000000000000000011100101011
43784,2961,43.447384,3BB,5,1010010100000000000000000000000000000000
10073,44525,43.447701,260,8,0000000000000000000000000000000000000000111111111011100000100001
30408,44527,43.45309,24,8,0000001000000010000000100001101101000001111111111000000000001101
5936,44528,43.453332,25,8,0000000000000010000000000000000100001111111011010000000000101100
26143,44529,43.453857,0AA,8,0010000101100010001000010110000100100001010011010010000101001110
304,44530,43.454104,38F,8,0000000100000000000000000000000000000000000000000000000000000000
41188,29681,43.454333,0BA,5,0100111100000000000000000000000000101110
20764,44531,43.454846,0B4,8,0000000000000000000000000000000001011000000001101011111111011001
18036,44535,43.458845,226,8,0000000000000000000100000000000000000000000000000000000000000000
33866,44536,43.459258,1C4,8,0000101010011001000110110000000000000000000000000000000010001011
41189,29687,43.461822,0BA,5,1110000000100010001001000000000010011011
5937,44539,43.46318,25,8,0000000000000010000000000000000111111111111100100000000000100001
12737,44541,43.463595,2C1,8,0000000000000011011011000000001111000000110000000001100011010101
26144,44542,43.463848,0AA,8,0010000101101100001000010110010000100001010101100010000101010001
15727,44544,43.465235,1C6,8,0000000000000000000000000000000110001111000101000000000000000000
205,44546,43.465842,3B7,8,1000
10074,44547,43.467747,260,8,0000000000000000000000000000000000000000111111111010110100010110
41190,44516,43.469312,0BA,5,1100011000000000000000000000000010111110
30409,44549,43.473082,24,8,0000001000000010000000100001101001000001111111111000000000001100
5938,44550,43.473319,25,8,0000000000000010000000000000000111101111111101010000000000010100
31290,44551,43.473569,4A6,8,0000000000000000000000000000000000000000000011010000000000000000
26145,44552,43.473809,0AA,8,0010000101101011001000010110010100100001010100100010000101010001
11108,44553,43.474059,620,8,0001000000000000000000000000000000000000000000000000000000000000
13874,44554,43.474301,4C6,8,0000011100000000000000110000000000000000000000000000000000000000
20765,44555,43.474826,0B4,8,0000000000000000000000000000000001011000000001101100010111011111
41191,14852,43.476801,0BA,5,0010100100000000000000000000010000101000
1192,44558,43.47683,320,8,0000000000100000000000000000000000000000000000000000000001001011
33867,44559,43.479242,1C4,8,0000101010100010000110110000000000000000000000000000000010010100
34737,44563,43.484053,380,8,0
5939,44564,43.48429,25,8,0000000000000010000000000000000111101111111101010000000000010100
41192,29704,43.484291,0BA,5,0100111100000000000000000000000000101110
26146,44566,43.484801,0AA,8,0010000101101100001000010110110000100001010101110010000101011001
10075,44569,43.487604,260,8,0000000000000000000000000000000000000000111111111010110100010110
18037,44570,43.48785,226,8,0000000000000000000100000000000000000000000000000000000000000000
41193,29706,43.49178,0BA,5,1110000000100010000101000000000010001011
30410,44574,43.493061,24,8,0000001000000010000000100001101001000001111111111000000000001100
5940,44575,43.493307,25,8,0000000000000010000000000000000111011111111101010000000000000100
12738,44576,43.493545,2C1,8,0000000000000011011100000000001111010000110000000001100011101001
26147,44577,43.493793,0AA,8,0010000101101100001000010110111000100001010110110010000101011010
20766,44578,43.49481,0B4,8,0000000000000000000000000000000001011100000001101100101011101000
15728,44579,43.495226,1C6,8,0000000000000000000000000000000110001111000101000000000000000000
33868,44583,43.499222,1C4,8,0000101010101010000110110000000000000000000000000000000010011100
41194,44543,43.49927,0BA,5,1100011000000000000000000000000010111110
5941,44586,43.503151,25,8,0000000000000010000000000000000111011111111101010000000000000100
26148,44587,43.503819,0AA,8,0010000101110100001000010110111100100001010111000010000101011101
41195,14862,43.506759,0BA,5,0010100100000000000000000000011100101011
10076,44588,43.507587,260,8,0000000000000000000000000000000000000000111111111011100000100001
30411,44591,43.513048,24,8,0000001000000010000000100001101001000001111111011000000000001010
5942,44592,43.513298,25,8,0000000000000010000000000000000111011111111101010000000000000100
26149,44593,43.51381,0AA,8,0010000101110110001000010111000100100001011001000010000101011111
41196,29725,43.514249,0BA,5,0100111100000000000000000000000000101110
20767,44594,43.514797,0B4,8,0000000000000000000000000000000001011100000001101101000011101110
18038,44598,43.5188,226,8,0000000000000000000100000000000000000000000000000000000000000000
33869,44599,43.51921,1C4,8,0000101010110000000110110000000000000000000000000000000010100010
41197,29729,43.521738,0BA,5,1110000000100010001001000000000010011011
5943,44602,43.523133,25,8,0000000000000010000000000000000111011111111101100000000000000101
12739,44603,43.523368,2C1,8,0000000000000011011110010000001111010011110000000001100011110101
26150,44604,43.52381,0AA,8,0010000101111000001000010111010100100001010111010010000101011111
15729,44606,43.52519,1C6,8,0000000000000000000000000000000110001111000101000000000000000000
1193,44607,43.525794,320,8,0000000000100000000000000000000000000000000000000000000001001011
10077,44608,43.527606,260,8,0000000000000000000000000000000000000000111111111010110100010110
41198,44582,43.529228,0BA,5,1100011000000000000000000000000010111110
30412,44612,43.533034,24,8,0000001000000010000000100001101001000001111111011000000000001010
5944,44613,43.533279,25,8,0000000000000010000000000000000111011111111110000000000000000111
14161,44614,43.533523,442,8,0100001100000010000000000000000000000010000000000000000000000000
26151,44615,43.533797,0AA,8,0010000101111001001000010111101000100001011001010010000101101010
20768,44616,43.534782,0B4,8,0000000000000000000000000000000001100000000001101101010111110111
41199,14874,43.536718,0BA,5,0010100100000000000000000000010000101000
33870,44619,43.539194,1C4,8,0000101010110111000110110000000000000000000000000000000010101001
5945,44623,43.543118,25,8,0000000000000010000000000000000111001111111110010000000011111000
26152,44624,43.543789,0AA,8,0010000101111011001000010111110100100001011010100010000101100010
41200,29743,43.544207,0BA,5,0100111100000000000000000000000000101110
18039,44628,43.54678,226,8,0000000000000000000100000000000000000000000000000000000000000000
10078,44629,43.547491,260,8,0000000000000000000000000000000000000000111111111011100000100001
41201,29750,43.551697,0BA,5,1110000000100010001001000000000010011011
30413,44632,43.553018,24,8,0000001000000010000000100001101001000001111111011000000000001010
5946,44633,43.55326,25,8,0000000000000010000000000000000111001111111110100000000011111001
12740,44634,43.553502,2C1,8,0000000000000011011111000000001111100000110000000001100000000101
26153,44635,43.553754,0AA,8,0010000110000000001000010111110100100001011010010010000101101000
20769,44636,43.554768,0B4,8,0000000000000000000000000000000001100000000001101101101111111101
15730,44637,43.555185,1C6,8,0000000000000000000000000000000110001111000101000000000000000000
33871,44640,43.559186,1C4,8,0000101010111100000110110000000000000000000000000000000010101110
41202,44605,43.559186,0BA,5,1100011000000000000000000000000010111110
5947,44644,43.563101,25,8,0000000000000010000000000000000111001111111110110000000011111010
26154,44645,43.563775,0AA,8,0010000110000001001000010111111000100001011011100010000101101100
41203,14878,43.566676,0BA,5,0010100100000000000000000000011100101011
10079,44647,43.567342,260,8,0000000000000000000000000000000000000000111111111011100000100001
16519,44649,43.569207,3F9,8,0111010100011000000000100000001010000000000000000000000000010101
28105,44650,43.570338,6C0,8,1110010000000000000000001110000010000000000000000000000000000000
30414,44652,43.573006,24,8,0000001000000010000000100001101001000001111111011000000000001010
5948,44653,43.573246,25,8,0000000000000010000000000000000111001111111110110000000011111010
26155,44654,43.573764,0AA,8,0010000110000101001000011000000000100001011100010010000101101111
41204,29766,43.574165,0BA,5,0100111100000000000000000000000000101110
20770,44655,43.574753,0B4,8,0000000000000000000000000000000001100100000001101110000100000111
18040,44660,43.578754,226,8,0000000000000000000100000000000000000000000000000000000000000000
33872,44661,43.579167,1C4,8,0000101011000001000110110000000000000000000000000000000010110011
1194,44663,43.579749,320,8,0000000000100000000000000000000000000000000000000000000001001011
14259,44664,43.580747,60.0,8,1010000100000000000000000000000000000000011100000000000000000000
41205,29769,43.581655,0BA,5,1110000000100010001001000000000010011011
12741,44665,43.583165,2C1,8,0000000000000011100001100000001111100000110000000001100000001111
5949,44667,43.584116,25,8,0000000000000010000000000000000111001111111111000000000011111011
26156,44668,43.584731,0AA,8,0010000110000110001000011000011100100001011101010010000101110010
15731,44669,43.585147,1C6,8,0000000000000000000000000000000110001111000101000000000000000000
10080,44672,43.587317,260,8,0000000000000000000000000000000000000000111111111011100000100001
41206,44639,43.589144,0BA,5,1100011000000000000000000000000010111110
30415,44674,43.592991,24,8,0000001000000001000000100001101001000001111111011000000000001001
5950,44675,43.593234,25,8,0000000000000010000000000000000111001111111111000000000011111011
26157,44676,43.59372,0AA,8,0010000110001010001000011001000100100001011101110010000101110110
20771,44678,43.594734,0B4,8,0000000000000000000000000000000001100100000001101110011000001100
41207,14895,43.596634,0BA,5,0010100100000000000000000000010000101000
7756,44681,43.598822,435,8,1000000000000101000001011111111111100000001111110000000000000011
33873,44682,43.599153,1C4,8,0000101011001011000110110000000000000000000000000000000010111101
5951,44685,43.603073,25,8,0000000000000010000000000000000111001111111111010000000011111100
26158,44686,43.60374,0AA,8,0010000110001010001000011001000100100001011101010010000101111010
41208,29789,43.604123,0BA,5,0100111100000000000000000000000000101110
10946,44690,43.605921,436,8,0
18041,44691,43.606737,226,8,0000000000000000000100000000000000000000000000000000000000000000
10081,44692,43.607223,260,8,0000000000000000000000000000000000000000111111111100010100101110
43588,2919,43.608638,423,2,11100000000
41209,29794,43.611613,0BA,5,1110000000100010001001000000000010011011
30416,44696,43.613,24,8,0000001000000001000000100001101001000001111111011000000000001001
5952,44697,43.613244,25,8,0000000000000010000000000000000111001111111111010000000011111100
12742,44698,43.613482,2C1,8,0000000000000011100100000000010000001001110000000001100001000011
26159,44699,43.61371,0AA,8,0010000110001111001000011001001100100001011111110010000110000001
20772,44700,43.614717,0B4,8,0000000000000000000000000000000001101000000001101110110000010110
15732,44701,43.61514,1C6,8,0000000000000000000000000000000110001111000101000000000000000000
41210,44670,43.619103,0BA,5,1100011000000000000000000000000010111110
33874,44704,43.61914,1C4,8,0000101011010000000110110000000000000000000000000000000011000010
35224,44483,43.622266,3D3,3,111001010000001010010011
5953,44707,43.623054,25,8,0000000000000010000000000000000111001111111111010000000011111100
26160,44708,43.62373,0AA,8,0010000110010000001000011001001100100001100000010010000110000000
1195,44709,43.624718,320,8,0000000000100000000000000000000000000000000000000000000001001011
41211,14901,43.626592,0BA,5,0010100100000000000000000000011100101011
10082,44711,43.627276,260,8,0000000000000000000000000000000000000000111111111011100000100001
30417,44713,43.632988,24,8,0000001000000001000000100001100001000001111111011000000000000111
5954,44714,43.633231,25,8,0000000000000010000000000000000111001111111111010000000011111100
26161,44715,43.633718,0AA,8,0010000110010001001000011001010000100001100001010010000110000101
21736,44716,43.633957,443,8,0100110100000010000000000010111100000110000000000000000000000000
41212,29805,43.634082,0BA,5,0100111100000000000000000000000000101110
13812,44717,43.634203,434,8,0100001000000000000000000000000000000000000000000000000000000000
20773,44718,43.634703,0B4,8,0000000000000000000000000000000001101000000001101111001000011100
18042,44722,43.638709,226,8,0000000000000000000100000000000000000000000000000000000000000000
33875,44723,43.63913,1C4,8,0000101011010101000110110000000000000000000000000000000011000111
34899,44725,43.639567,3C3,8,0100011000011110100100110100111011101110010110010000001110001000
28203,44728,43.640789,437,8,1111110011111111111111111111111111111111111111111111111111111111
41213,29810,43.641571,0BA,5,1110000000100010001001000000000010011011
5955,44730,43.643043,25,8,0000000000000010000000000000000111001111111111100000000011111101
12743,44731,43.643281,2C1,8,0000000000000011100100110000010000010011110000000001011101001111
26162,44733,43.643706,0AA,8,0010000110010110001000011001101000100001100001100010000110000111
15733,44735,43.645104,1C6,8,0000000000000000000000000000000110001111000101000000000000000000
10083,44736,43.647222,260,8,0000000000000000000000000000000000000000111111111011100000100001
41214,44703,43.649061,0BA,5,1100011000000000000000000000000010111110
30418,44738,43.652947,24,8,0000001000000001000000100001011001000001111111111000000000000111
5956,44739,43.653191,25,8,0000000000000010000000000000000111001111111111100000000011111101
26163,44740,43.653711,0AA,8,0010000110011000001000011001111100100001100001110010000110001111
20774,44741,43.654691,0B4,8,0000000000000000000000000000000001101100000001101111001000100000
41215,14912,43.65655,0BA,5,0010100100000000000000000000010000101000
33876,44743,43.659108,1C4,8,0000101011011011000110110000000000000000000000000000000011001101
41216,29828,43.66404,0BA,5,0100111100000000000000000000000000101110
5957,44748,43.664053,25,8,0000000000000010000000000000000110111111111111100000000011101101
26164,44749,43.664667,0AA,8,0010000110011001001000011001111100100001100100010010000110010000
10084,44752,43.667103,260,8,0000000000000000000000000000000000000000111111111100010100101110
18043,44753,43.667684,226,8,0000000000000000000100000000000000000000000000000000000000000000
41217,29833,43.671529,0BA,5,1110000000100010001001000000000010011011
30419,44758,43.672931,24,8,0000001000000001000000100001011001000001111111011000000000000101
5958,44759,43.673173,25,8,0000000000000010000000000000000110111111111111100000000011101101
12744,44760,43.673406,2C1,8,0000000000000011100101100000010000101100110000000001011101101011
26165,44761,43.673661,0AA,8,0010000110011011001000011001111100100001100100000010000110001011
20775,44762,43.67467,0B4,8,0000000000000000000000000000000001101100000001101111011100100101
15734,44763,43.675098,1C6,8,0000000000000000000000000000000110001111000101000000000000000000
1196,44767,43.677677,320,8,0000000000100000000000000000000000000000000000000000000001001011
41218,44734,43.679019,0BA,5,1100011000000000000000000000000010111110
33877,44768,43.679099,1C4,8,0000101011100010000110110000000000000000000000000000000011010100
5959,44771,43.683008,25,8,0000000000000010000000000000000110111111111111100000000011101101
26166,44772,43.683682,0AA,8,0010000110100000001000011010000000100001100100000010000110010101
41219,14921,43.686508,0BA,5,0010100100000000000000000000011100101011
10085,44774,43.687145,260,8,0000000000000000000000000000000000000000111111111011100000100001
5960,44777,43.693097,25,8,0000000000000010000000000000000110111111111111100000000011101101
26167,44778,43.693674,0AA,8,0010000110100010001000011010010000100001100110010010000110010110
30420,44779,43.693912,24,8,0000001000000001000000100001010001000001111111011000000000000011
41220,29853,43.693998,0BA,5,0100111100000000000000000000000000101110
20776,44780,43.694661,0B4,8,0000000000000000000000000000000001110000000001101111110100101111
18044,44784,43.698661,226,8,0000000000000000000100000000000000000000000000000000000000000000
33878,44785,43.699081,1C4,8,0000101011101000000110110000000000000000000000000000000011011010
41221,29856,43.701488,0BA,5,1110000000100010001001000000000010011011
5961,44788,43.702994,25,8,0000000000000010000000000000000110101111111111100000000011011101
12745,44789,43.703226,2C1,8,0000000000000011100111000000010001010000110000000001011110010101
26168,44790,43.703662,0AA,8,0010000110100101001000011010100000100001100101100010000110010110
15735,44792,43.705066,1C6,8,0000000000000000000000000000000110001111000101000000000000000000
10086,44793,43.7071,260,8,0000000000000000000000000000000000000000111111111100010100101110
13461,44794,43.707251,394,3,0
41222,44766,43.708977,0BA,5,1100011000000000000000000000000010111110
30421,44797,43.712905,24,8,0000001000000001000000100001001101000001111111111000000000000100
5962,44798,43.713147,25,8,0000000000000010000000000000000110101111111111100000000011011101
26169,44799,43.713626,0AA,8,0010000110100100001000011010011100100001100110100010000110010111
20777,44800,43.714642,0B4,8,0000000000000000000000000000000001110000000001110000001000110101
41223,14934,43.716467,0BA,5,0010100100000000000000000000010000101000
33879,44802,43.719069,1C4,8,0000101011101010000110110000000000000000000000000000000011011100
41224,29867,43.723956,0BA,5,0100111100000000000000000000000000101110
5963,44805,43.724007,25,8,0000000000000010000000000000000110101111111111110000000011011110
26170,44806,43.724622,0AA,8,0010000110100101001000011010100000100001100110110010000110010111
10087,44811,43.727085,260,8,0000000000000000000000000000000000000000111111111100010100101110
18045,44812,43.727642,226,8,0000000000000000000100000000000000000000000000000000000000000000
1197,44813,43.728638,320,8,0000000000100000000000000000000000000000000000000000000001001011
41225,29872,43.731446,0BA,5,1110000000100010001001000000000010011011
30422,44816,43.732892,24,8,0000001000000001000000100001001101000001111111111000000000000100
5964,44817,43.733135,25,8,0000000000000010000000000000000110011111111111110000000011001110
12746,44818,43.733373,2C1,8,0000000000000011101000110000001110100000110000000001011111101011
26171,44820,43.733727,0AA,8,0010000110101100001000011010101000100001100111110010000110011110
20778,44821,43.73463,0B4,8,0000000000000000000000000000000001110100000001110000100000111111
31515,44822,43.734915,44D,8,0100001000000010000000000000000000000001000000000000000000000000
15736,44823,43.735155,1C6,8,0000000000000000000000000000000110001111000101000000000000000000
41226,44791,43.738935,0BA,5,1100011000000000000000000000000010111110
33880,44827,43.739054,1C4,8,0000101011101000000110110000000000000000000000000000000011011010
35359,16597,43.741853,386,7,11000100000000000000000000000000000000000000000010101100
5965,44831,43.74296,25,8,0000000000000010000000000000000110011111111111110000000011001110
26172,44832,43.743631,0AA,8,0010000110101101001000011010110000100001101001110010000110011000
14001,44833,43.74388,38E,8,0
43785,44648,43.744969,3BB,5,0111000000000000000000001010011000000000
41227,14940,43.746425,0BA,5,0010100100000000000000000000011100101011
10088,44834,43.747058,260,8,0000000000000000000000000000000000000000111111111011100000100001
30423,44836,43.752877,24,8,0000001000000001000000100001001101000001111111111000000000000100
5966,44837,43.753121,25,8,0000000000000010000000000000000110011111111111110000000011001110
26173,44838,43.753599,0AA,8,0010000110101110001000011010110000100001100111110010000110011100
41228,29889,43.753914,0BA,5,0100111100000000000000000000000000101110
20779,44839,43.754615,0B4,8,0000000000000000000000000000000001110100000001110000100000111111
18046,44844,43.758617,226,8,0000000000000000000100000000000000000000000000000000000000000000
33881,44845,43.759041,1C4,8,0000101011010000000110110000000000000000000000000000000011000010
41229,29892,43.761404,0BA,5,1110000000100010001001000000000010011011
5967,44848,43.762946,25,8,0000000000000010000000000000000110011111111111110000000011001110
12747,44849,43.763302,2C1,8,0000000000000011101001100000001110011100110000000001011111101010
26174,44850,43.763617,0AA,8,0010000110101101001000011010101000100001101000100010000110100100
15737,44852,43.765028,1C6,8,0000000000000000000000000000000110010000000101000000000000000000
206,44853,43.765612,3B7,8,1000
34979,44854,43.766606,4C3,8,0000001100000000000000000000000100000000000000000000000000000000
10089,44855,43.767017,260,8,0000000000000000000000000000000000000000111111111011100000100001
41230,44825,43.768893,0BA,5,1100011000000000000000000000000010111110
30424,44857,43.772873,24,8,0000001000000001000000100000111101000001111111111000000000000000
5968,44858,43.773117,25,8,0000000000000001000000000000000101111111111111110000000010101101
11109,44859,43.773366,620,8,0001000000000000000000000000000000000000000000000000000000000000
26175,44860,43.773611,0AA,8,0010000110101001001000011010010100100001101000000010000110100010
20780,44862,43.77462,0B4,8,0000000000000000000000000000000001111000000001110000111001001001
41231,14954,43.776383,0BA,5,0010100100000000000000000000010000101000
1198,44864,43.776602,320,8,0000000000100000000000000000000000000000000000000000000001001011
13620,44865,43.778842,4DD,8,0001111000000000000000000000000000000000000000000000000000000000
33882,44866,43.779082,1C4,8,0000101010100010000110110000000000000000000000000000000010010100
41232,29911,43.783873,0BA,5,0100111100000000000000000000000000101110
5969,44869,43.783975,25,8,0000000000000001000000000000000101111111111111110000000010101101
26176,44870,43.784575,0AA,8,0010000110101110001000011010001000100001101001010010000110100100
10090,44873,43.786888,260,8,0000000000000000000000000000000000000000111111111011100000100001
18047,44874,43.787593,226,8,0000000000000000000100000000000000000000000000000000000000000000
41233,29914,43.791362,0BA,5,1110000000100010001001000000000010011011
30425,44880,43.792854,24,8,0000001000000001000000100000101001000001111111111000000011111011
5970,44881,43.793098,25,8,0000000000000001000000000000000101111111111111110000000010101101
12748,44882,43.793333,2C1,8,0000000000000011101011000000010001100000110000000001011110110101
26177,44883,43.793568,0AA,8,0010000110100100001000011010000000100001101000110010000110100000
20781,44884,43.794585,0B4,8,0000000000000000000000000000000001111000000001110000111001001001
15738,44885,43.795018,1C6,8,0000000000000000000000000000000110010000000101000000000000000000
41234,44851,43.798852,0BA,5,1100011000000000000000000000000010111110
33883,44889,43.799019,1C4,8,0000101010011001000110110000000000000000000000000000000010001011
5971,44892,43.802918,25,8,0000000000000001000000000000000101111111111111110000000010101101
7861,44893,43.803156,610,8,0010000010000000000100100110010011000000000000001000110001000000
26178,44894,43.803588,0AA,8,0010000110100110001000011010001100100001101000010010000110100100
13746,44895,43.803833,3A5,8,100000000
41235,14960,43.806341,0BA,5,0010100100000000000000000000011100101011
10091,44896,43.806757,260,8,0000000000000000000000000000000000000000111111111100010100101110
30426,44899,43.812861,24,8,0000001000000001000000100000010101000001111111111000000011110110
5972,44900,43.813105,25,8,0000000000000001000000000000000101111111111111110000000010101101
26179,44901,43.81358,0AA,8,0010000110101101001000011010101000100001101001000010000110100111
41236,29926,43.813831,0BA,5,0100111100000000000000000000000000101110
20782,44902,43.81457,0B4,8,0000000000000000000000000000000001111100000001110000100001000111
31354,44903,43.815081,640,8,1010100000000000000000000011011100000001111000000000000000000000
18048,44907,43.818573,226,8,0000000000000000000100000000000000000000000000000000000000000000
33884,44908,43.818997,1C4,8,0000101011000001000110110000000000000000000000000000000010110011
16520,44910,43.819397,3F9,8,0111010100011000000000100000001010000000000000000000000000010101
41237,29932,43.82132,0BA,5,1110000000100010001001000000000010011011
5973,44912,43.822902,25,8,0000000000000001000000000000000101111111111111110000000010101101
12749,44913,43.823141,2C1,8,0000000000000011101100000000010000010110110000000001011101101111
26180,44915,43.823726,0AA,8,0010000110101111001000011010110100100001101000110010000110101001
15739,44917,43.824986,1C6,8,0000000000000000000000000000000110010000000101000000000000000000
1199,44918,43.825565,320,8,0000000000100000000000000000000000000000000000000000000001001011
10092,44919,43.826859,260,8,0000000000000000000000000000000000000000111111111101000000111001
41238,44887,43.82881,0BA,5,1100011000000000000000000000000010111110
30427,44921,43.832846,24,8,0000001000000010000000100000001101000010000000001000000011110111
5974,44922,43.833088,25,8,0000000000000001000000000000000101111111111111110000000010101101
14162,44923,43.833332,442,8,0100001100000010000000000000000000000010000000000000000000000000
26181,44924,43.83356,0AA,8,0010000110110011001000011011000000100001101001010010000110100111
35040,44925,43.833804,413,8,0000000100000001000000010000100100000000000000000000000000000000
20783,44926,43.834554,0B4,8,0000000000000000000000000000000001111100000001110000100001000111
41239,14971,43.836299,0BA,5,0010100100000000000000000000010000101000
33885,44929,43.838989,1C4,8,0000101100010001000110110000000000000000000000000000000000000100
5975,44933,43.842892,25,8,0000000000000001000000000000000101111111111111110000000010101101
26182,44934,43.84356,0AA,8,0010000110110111001000011011001000100001101001000010000110100010
41240,29952,43.843789,0BA,5,0100111100000000000000000000000000101110
18049,44937,43.846553,226,8,0000000000000000000100000000000000000000000000000000000000000000
10093,44938,43.846807,260,8,0000000000000000000000000000000000000000111111111101110001000101
41241,29954,43.851278,0BA,5,1110000000100010001001000000000010011011
30428,44941,43.852808,24,8,0000001000000010000000100000010101000010000000001000000011111001
5976,44942,43.853051,25,8,0000000000000001000000000000000101111111111111110000000010101101
12750,44943,43.853292,2C1,8,0000000000000011101100000000001101111100110000000001011111010100
26183,44944,43.853524,0AA,8,0010000110111000001000011011001000100001101010000010000110101011
20784,44945,43.854543,0B4,8,0000000000000000000000000000000010000000000001110000111001010001
15740,44947,43.855101,1C6,8,0000000000000000000000000000000110001111000101000000000000000000
41242,44916,43.858768,0BA,5,1100011000000000000000000000000010111110
33886,44951,43.858973,1C4,8,0000101100001100000110110000000000000000000000000000000011111111
5977,44955,43.862911,25,8,0000000000000001000000000000000101111111111111110000000010101101
26184,44956,43.863542,0AA,8,0010000110110100001000011011000100100001101001100010000110100110
41243,14979,43.866257,0BA,5,0010100100000000000000000000011100101011
10094,44957,43.866601,260,8,0000000000000000000000000000000000000000111111111110100001010001
28106,44958,43.869592,6C0,8,1110010000000000000000001110000010000000000000000000000000000000
30429,44961,43.872883,24,8,0000001000000010000000100000010101000010000000001000000011111001
5978,44962,43.873116,25,8,0000000000000001000000000000000101111111111111110000000010101101
26185,44963,43.873535,0AA,8,0010000110110001001000011011000100100001101000000010000110100100
41244,29971,43.873747,0BA,5,0100111100000000000000000000000000101110
20785,44964,43.874523,0B4,8,0000000000000000000000000000000010000000000001110001001101010110
18050,44969,43.878525,226,8,0000000000000000000100000000000000000000000000000000000000000000
33887,44970,43.878957,1C4,8,0000101100000011000110110000000000000000000000000000000011110110
1200,44972,43.879521,320,8,0000000000100000000000000000000000000000000000000000000001001011
41245,29975,43.881237,0BA,5,1110000000100010001001000000000010011011
35225,5548,43.881923,3D3,3,011011000000001000000000
5979,44974,43.882857,25,8,0000000000000001000000000000000101111111111111110000000010101101
12751,44975,43.883094,2C1,8,0000000000000011101100110000001110111001110000000001011100010100
26186,44976,43.883527,0AA,8,0010000110110001001000011010111000100001101000110010000110100011
15741,44978,43.884942,1C6,8,0000000000000000000000000000000110001111000101000000000000000000
10095,44980,43.886608,260,8,0000000000000000000000000000000000000000111111111110100001010001
41246,44950,43.888726,0BA,5,1100011000000000000000000000000010111110
30430,44983,43.892782,24,8,0000001000000010000000100000001101000001111111111000000011110101
5980,44984,43.893025,25,8,0000000000000001000000000000000101111111111111110000000010101101
26187,44985,43.893493,0AA,8,0010000110110011001000011010111000100001101001010010000110011111
20786,44986,43.894503,0B4,8,0000000000000000000000000000000010000100000001110001001101011010
41247,14994,43.896216,0BA,5,0010100100000000000000000000010000101000
33888,44988,43.898946,1C4,8,0000101100011000000110110000000000000000000000000000000000001011
5981,44991,43.902845,25,8,0000000000000001000000000000000101111111111111110000000010101101
26188,44992,43.903514,0AA,8,0010000110110110001000011010111000100001101001000010000110100101
41248,29987,43.903705,0BA,5,0100111100000000000000000000000000101110
18051,44996,43.906503,226,8,0000000000000001000100000000000000000000000000000000000000000000
10096,44997,43.906744,260,8,0000000000000000000000000000000000000000111111111111010001011101
41249,29992,43.911195,0BA,5,1110000000100010001001000000000010011011
30431,45000,43.912769,24,8,0000001000000010000000100000001101000001111111111000000011110101
5982,45001,43.913013,25,8,0000000000000001000000000000000101111111111111110000000010101101
12752,45002,43.913251,2C1,8,0000000000000011101101100000001110011001110000000001011111110111
26189,45003,43.913477,0AA,8,0010000110110110001000011010111100100001101000110010000110100100
20787,45004,43.914487,0B4,8,0000000000000000000000000000000010000100000001110001001101011010
15742,45005,43.914931,1C6,8,0000000000000000000000000000000110001111000100110000000000000000
27842,45008,43.917492,420,8,0000000000000001000000000000000011111111000000001000000010101100
41250,44977,43.918684,0BA,5,1100011000000000000000000000000010111110
33889,45010,43.918932,1C4,8,0000101101000011000110110000000000000000000000000000000000110110
5983,45015,43.922829,25,8,0000000000000001000000000000000101111111111111110000000010101101
26190,45016,43.923499,0AA,8,0010000110110111001000011011100100100001101001010010000110100101
1201,45017,43.924491,320,8,0000000000100000000000000000000000000000000000000000000001001011
41251,14999,43.926174,0BA,5,0010100100000000000000000000011100101011
10097,45018,43.926518,260,8,0000000000000000000000000000000000000000111111111110100001010001
30432,45022,43.93275,24,8,0000001000000010000000100000010101000010000000001000000011111001
5984,45023,43.932996,25,8,0000000000000001000000000000000101111111111111110000000010101101
26191,45024,43.933493,0AA,8,0010000110111001001000011100000000100001101011010010000110100111
41252,30010,43.933663,0BA,5,0100111100000000000000000000000000101110
21737,45025,43.933731,443,8,0100110100000010000000000010111100000110000000000000000000000000
31613,45026,43.934425,633,8,1000000100000000000000000000000000000000000000000000000000000000
20788,45027,43.934668,0B4,8,0000000000000000000000000000000010001000000001110001001101011110
7636,45032,43.938411,3BC,8,0
18052,45033,43.938613,226,8,0000000000000000000100000000000000000000000000000000000000000000
33890,45034,43.938912,1C4,8,0000101101010111000110110000000000000000000000000000000001001010
41253,30013,43.941153,0BA,5,1110000000100010001001000000000010011011
43442,432,43.941669,3000000.0,6,000010000000000000000000000000000000000000101000
5985,45038,43.942811,25,8,0000000000000001000000000000000101111111111111110000000010101101
12753,45039,43.943046,2C1,8,0000000000000011101101100000001100110000110000000001011110001110
26192,45040,43.943483,0AA,8,0010000110111010001000011100001100100001101010000010000110100110
43589,11248,43.944089,423,2,10101000001111
15743,45042,43.9449,1C6,8,0000000000000000000000000000000110010000000101000000000000000000
10098,45043,43.946507,260,8,0000000000000000000000000000000000000000111111111110100001010001
41254,45007,43.948642,0BA,5,1100011000000000000000000000000010111110
30433,45045,43.952734,24,8,0000001000000010000000100000100001000010000000001000000011111100
5986,45046,43.952982,25,8,0000000000000001000000000000000101111111111111110000000010101101
26193,45047,43.953452,0AA,8,0010000110111110001000011011111000100001101011000010000110101010
20789,45048,43.954459,0B4,8,0000000000000000000000000000000010001000000001110001100101100100
41255,15014,43.956132,0BA,5,0010100100000000000000000000010000101000
33891,45051,43.958903,1C4,8,0000101101011000000110110000000000000000000000000000000001001011
5987,45054,43.9628,25,8,0000000000000001000000000000000101111111111111110000000010101101
26194,45055,43.963468,0AA,8,0010000110111111001000011011110100100001101011000010000110101100
41256,30029,43.963622,0BA,5,0100111100000000000000000000000000101110
27903,45056,43.963716,4DC,8,0001110100000000000000000000000000000000000000000000000000000000
18053,45059,43.966462,226,8,0000000000000000000100000000000000000000000000000000000000000000
10099,45060,43.966703,260,8,0000000000000000000000000000000000000000111111111101110001000101
41257,30033,43.971111,0BA,5,1110000000100010001001000000000010011011
30434,45064,43.972729,24,8,0000001000000010000000100000110001000001111111111000000011111110
5988,45065,43.972972,25,8,0000000000000001000000000000000101111111111111110000000010101101
12754,45066,43.973206,2C1,8,0000000000000011101110010000001101010110110000000001011110110111
26195,45067,43.973438,0AA,8,0010000110111101001000011100000100100001101011100010000110101100
20790,45068,43.974447,0B4,8,0000000000000000000000000000000010001100000001110001111101101110
15744,45069,43.974891,1C6,8,0000000000000000000000000000000110010000000100110000000000000000
1202,45072,43.97745,320,8,0000000000100000000000000000000000000000000000000000000001001011
41258,45041,43.978601,0BA,5,1100011000000000000000000000000010111110
33892,45073,43.978886,1C4,8,0000101101100001000110110000000000000000000000000000000001010100
5989,45076,43.982784,25,8,0000000000000001000000000000000101111111111111110000000010101101
26196,45077,43.983454,0AA,8,0010000110111111001000011100100000100001101100100010000110101101
1567,45078,43.983703,6F3,8,0010000000000000000000000000000000000000000000000000000000000000
41259,15021,43.98609,0BA,5,0010100100000000000000000000011100101011
10100,45081,43.986415,260,8,0000000000000000000000000000000000000000111111111101000000111001
30435,45085,43.992715,24,8,0000001000000001000000100000110101000001111111111000000011111110
5990,45086,43.992958,25,8,0000000000000001000000000000000101111111111111110000000010101101
26197,45087,43.99342,0AA,8,0010000111000000001000011100110000100001101011010010000110101111
41260,30046,43.99358,0BA,5,0100111100000000000000000000000000101110
20791,45088,43.994433,0B4,8,0000000000000000000000000000000010001100000001110001111101101110
13560,45092,43.998213,399,8,0000000000000000000000000000000000000000111111110000000000000000
18054,45093,43.998469,226,8,0000000000000000000100000000000000000000000000000000000000000000
33893,45094,43.998877,1C4,8,0000101110000000000110110000000000000000000000000000000001110011
41261,30051,44.001069,0BA,5,1110000000100010001001000000000010011011
5991,45097,44.002768,25,8,0000000000000001000000000000000101111111111111110000000010101101
12755,45098,44.003007,2C1,8,0000000000000011110000000000001101100000110000000001011111001000
26198,45099,44.003436,0AA,8,0010000111000111001000011101000100100001101101010010000110111001
15745,45102,44.00486,1C6,8,0000000000000000000000000000000110010000000100110000000000000000
10101,45103,44.006466,260,8,0000000000000000000000000000000000000000111111111100010100101110
13462,45104,44.006617,394,3,0
11208,45105,44.007749,39A,8,0000000000000000000000000000000100000000000000000000000000000000
41262,45071,44.008559,0BA,5,1100011000000000000000000000000010111110
30436,45107,44.012723,24,8,0000001000000000000000100001000101000001111111011000000011111111
5992,45108,44.012967,25,8,0000000000000001000000000000000101111111111111110000000010101101
26199,45109,44.013433,0AA,8,0010000111001010001000011100110000100001101101110010000110110100
20792,45110,44.014419,0B4,8,0000000000000000000000000000000010010000000001110010010001110111
41263,15032,44.016048,0BA,5,0010100100000000000000000000010000101000
44,45112,44.018716,3B1,8,0000000000000000000000100000101000000000000010000000000000000000
33894,45113,44.018956,1C4,8,0000101110001011000110110000000000000000000000000000000001111110
5993,45117,44.022755,25,8,0000000000000001000000000000000101111111111111110000000010101101
26200,45118,44.023421,0AA,8,0010000111001111001000011100111100100001101101110010000110111000
41264,30067,44.023538,0BA,5,0100111100000000000000000000000000101110
10102,45121,44.026372,260,8,0000000000000000000000000000000000000000111111111100010100101110
18055,45122,44.026618,226,8,0000000000000000000100000000000000000000000000000000000000000000
1203,45123,44.027413,320,8,0000000000100000000000000000000000000000000000000000000001001011
41265,30070,44.031027,0BA,5,1110000000100010001001000000000010011011
30437,45126,44.032709,24,8,0000001000000001000000100001001101000001111111011000000000000010
5994,45127,44.032953,25,8,0000000000000001000000000000000101111111111111110000000010101101
12756,45128,44.033188,2C1,8,0000000000000011110000110000001101110011110000000001011111011110
26201,45129,44.033416,0AA,8,0010000111010011001000011101011100100001101111110010000110111000
20793,45130,44.034402,0B4,8,0000000000000000000000000000000010010000000001110010101001111101
31516,45131,44.034641,44D,8,0100001000000010000000000000000000000001000000000000000000000000
15746,45132,44.034884,1C6,8,0000000000000000000000000000000110010000000100110000000000000000
41266,45101,44.038517,0BA,5,1100011000000000000000000000000010111110
33895,45137,44.03885,1C4,8,0000101110001101000110110000000000000000000000000000000010000000
43786,1510,44.042554,3BB,5,1011101100000000000000000000000000100110
5995,45140,44.042738,25,8,0000000000000001000000000000000101101111111111110000000010011101
26202,45141,44.043412,0AA,8,0010000111010111001000011101110000100001101111110010000110111010
41267,15042,44.046007,0BA,5,0010100100000000000000000000011100101011
10103,45142,44.046273,260,8,0000000000000000000000000000000000000000111111111100010100101110
30438,45145,44.052666,24,8,0000001000000001000000100001010001000010000000001000000000000111
5996,45146,44.05291,25,8,0000000000000001000000000000000101101111111111110000000010011101
26203,45148,44.053374,0AA,8,0010000111011000001000011101101100100001110000000010000110111100
41268,30089,44.053496,0BA,5,0100111100000000000000000000000000101110
20794,45149,44.054389,0B4,8,0000000000000000000000000000000010010100000001110010111110000110
18056,45154,44.058393,226,8,0000000000000000000100000000000000000000000000000000000000000000
33896,45155,44.058832,1C4,8,0000101110001100000110110000000000000000000000000000000001111111
41269,30094,44.060986,0BA,5,1110000000100010001001000000000010011011
5997,45158,44.062723,25,8,0000000000000001000000000000000101101111111111110000000010011101
12757,45159,44.062959,2C1,8,0000000000000011110001100000001111001001110000000001011100110111
26204,45160,44.063394,0AA,8,0010000111011100001000011101101100100001101111110010000110111011
15747,45162,44.064815,1C6,8,0000000000000000000000000000000110010000000100110000000000000000
207,45163,44.065388,3B7,8,1000
10104,45164,44.066254,260,8,0000000000000000000000000000000000000000111111111011100000100001
41270,45135,44.068475,0BA,5,1100011000000000000000000000000010111110
16521,45165,44.068971,3F9,8,0111010100011000000000100000001010000000000000000000000000010101
30439,45168,44.072657,24,8,0000001000000001000000100001101101000001111111111000000000001100
5998,45169,44.0729,25,8,0000000000000001000000000000000101011111111111110000000010001101
11110,45170,44.07315,620,8,0001000000000000000000000000000000000000000000000000000000000000
26205,45171,44.073386,0AA,8,0010000111011110001000011101101100100001110010000010000111000011
20795,45172,44.074373,0B4,8,0000000000000000000000000000000010011000000001110011101110010110
41271,15057,44.075965,0BA,5,0010100100000000000000000000010000101000
1204,45174,44.076376,320,8,0000000000100000000000000000000000000000000000000000000001001011
33897,45175,44.078821,1C4,8,0000101110001000000110110000000000000000000000000000000001111011
41272,30109,44.083454,0BA,5,0100111100000000000000000000000000101110
5999,45178,44.083734,25,8,0000000000000001000000000000000101011111111111110000000010001101
26206,45179,44.084361,0AA,8,0010000111100011001000011110000100100001110100010010000111000011
10105,45182,44.08611,260,8,0000000000000000000000000000000000000000111111111010110100010110
18057,45184,44.087367,226,8,0000000000000000000100000000000000000000000000000000000000000000
41273,30114,44.090944,0BA,5,1110000000100010001001000000000010011011
30440,45188,44.092643,24,8,0000001000000001000000100001101101000001111111111000000000001100
6000,45189,44.092903,25,8,0000000000000001000000000000000101011111111111110000000010001101
12758,45190,44.093122,2C1,8,0000000000000011110010010000001111110000110000000001011101100001
26207,45191,44.093344,0AA,8,0010000111100110001000011110011000100001110011000010000111000110
20796,45192,44.094357,0B4,8,0000000000000000000000000000000010011000000001110100000010011011
15748,45193,44.09481,1C6,8,0000000000000000000000000000000110010000000100110000000000000000
41274,45161,44.098433,0BA,5,1100011000000000000000000000000010111110
33898,45196,44.098805,1C4,8,0000101110000100000110110000000000000000000000000000000001110111
6001,45200,44.102694,25,8,0000000000000001000000000000000101001111111111110000000001111101
26208,45201,44.103364,0AA,8,0010000111101011001000011110101000100001110011000010000111001110
41275,15061,44.105923,0BA,5,0010100100000000000000000000011100101011
10106,45202,44.106053,260,8,0000000000000000000000000000000000000000111111111010110100010110
30441,45204,44.11263,24,8,0000001000000001000000100001101101000010000000001000000000001110
6002,45205,44.112873,25,8,0000000000000001000000000000000101001111111111110000000001111101
26209,45206,44.113327,0AA,8,0010000111101011001000011110110000100001110011110010000111001110
41276,30131,44.113412,0BA,5,0100111100000000000000000000000000101110
20797,45208,44.11434,0B4,8,0000000000000000000000000000000010011100000001110100011010100101
18058,45213,44.118449,226,8,0000000000000000000100000000000000000000000000000000000000000000
33899,45214,44.118795,1C4,8,0000101110000100000110110000000000000000000000000000000001110111
41277,30134,44.120902,0BA,5,1110000000100010001001000000000010011011
6003,45218,44.122676,25,8,0000000000000001000000000000000101001111111111110000000001111101
12759,45219,44.12291,2C1,8,0000000000000011110010010000001111001001110000000001011100111010
26210,45220,44.123353,0AA,8,0010000111110100001000011110101100100001110101000010000111010111
15749,45222,44.124774,1C6,8,0000000000000000000000000000000110010000000100110000000000000000
1205,45223,44.125339,320,8,0000000000100000000000000000000000000000000000000000000001001011
34796,45224,44.125586,4DF,8,0010000000000000000000000000000100000000000000000000000000000000
10107,45225,44.126025,260,8,0000000000000000000000000000000000000000111111111010110100010110
41278,45195,44.128392,0BA,5,1100011000000000000000000000000010111110
30442,45227,44.132616,24,8,0000001000000001000000100001111101000010000000001000000000010010
6004,45228,44.132856,25,8,0000000000000001000000000000000100111111111111110000000001101101
26211,45229,44.13334,0AA,8,0010000111101101001000011110110100100001110110000010000111010101
20798,45230,44.134325,0B4,8,0000000000000000000000000000000010011100000001110100110010101011
41279,15077,44.135881,0BA,5,0010100100000000000000000000010000101000
33900,45234,44.138781,1C4,8,0000101101111110000110110000000000000000000000000000000001110001
34900,45236,44.139287,3C3,8,0100011000011110100100110100111011101110010110010000001110001000
35226,45020,44.141579,3D3,3,111001010000001100011000
14163,45237,44.141672,442,8,0100001100000010000000000000000000000010000000000000000000000000
41280,30154,44.143371,0BA,5,0100111100000000000000000000000000101110
6005,45239,44.143687,25,8,0000000000000001000000000000000100111111111111110000000001101101
26212,45240,44.144312,0AA,8,0010000111110100001000011110111100100001110110000010000111011101
10108,45242,44.145957,260,8,0000000000000000000000000000000000000000111111111010000100001010
18059,45244,44.147323,226,8,0000000000000000000100000000000000000000000000000000000000000000
41281,30157,44.15086,0BA,5,1110000000100010001001000000000010011011
30443,45248,44.1526,24,8,0000001000000001000000100010000101000010000000001000000000010100
6006,45249,44.152841,25,8,0000000000000001000000000000000100111111111111110000000001101101
12760,45250,44.153079,2C1,8,0000000000000011110100000000001111011001110000000001011101010001
26213,45251,44.153321,0AA,8,0010000111111101001000011111010100100001111000010010000111100001
20799,45252,44.154311,0B4,8,0000000000000000000000000000000010100000000001110101000110110100
15750,45253,44.154761,1C6,8,0000000000000000000000000000000110001111000101000000000000000000
41282,45221,44.15835,0BA,5,1100011000000000000000000000000010111110
33901,45256,44.158764,1C4,8,0000101101111010000110110000000000000000000000000000000001101101
6007,45259,44.162652,25,8,0000000000000001000000000000000100101111111111110000000001011101
26214,45260,44.163326,0AA,8,0010000111111110001000011111110100100001111000110010000111100100
41283,15084,44.165839,0BA,5,0010100100000000000000000000011100101011
10109,45261,44.165909,260,8,0000000000000000000000000000000000000000111111111010000100001010
28107,45264,44.168929,6C0,8,1110010000000000000000001110000010000000000000000000000000000000
7697,45265,44.17164,611,8,0010000100000000000000000001000000000000000000000011110101101100
30444,45267,44.172589,24,8,0000001000000010000000100001111101000001111111111000000000010001
6008,45268,44.172833,25,8,0000000000000001000000000000000100101111111111110000000001011101
26215,45269,44.173317,0AA,8,0010001000000000001000100000000100100001111001100010000111100111
41284,30170,44.173329,0BA,5,0100111100000000000000000000000000101110
20800,45270,44.174297,0B4,8,0000000000000000000000000000000010100000000001110101011110111010
18060,45274,44.1783,226,8,0000000000000000000100000000000000000000000000000000000000000000
33902,45275,44.178747,1C4,8,0000101101111000000110110000000000000000000000000000000001101011
1206,45278,44.179298,320,8,0000000000100000000000000000000000000000000000000000000001001011
41285,30174,44.180818,0BA,5,1110000000100010001001000000000010011011
6009,45280,44.182632,25,8,0000000000000001000000000000000100101111111111110000000001011101
12761,45281,44.182871,2C1,8,0000000000000011110100110000001111000110110000000001011101000001
26216,45282,44.183309,0AA,8,0010001000000010001000100000000000100001111001110010000111100101
15751,45285,44.184727,1C6,8,0000000000000000000000000000000110001111000101000000000000000000
10110,45288,44.185999,260,8,0000000000000000000000000000000000000000111111111010000100001010
41286,45255,44.188308,0BA,5,1100011000000000000000000000000010111110
30445,45290,44.192574,24,8,0000001000000010000000100001110101000001111111011000000000001101
6010,45291,44.192817,25,8,0000000000000001000000000000000100101111111111110000000001011101
26217,45292,44.193273,0AA,8,0010001000000011001000011111111000100001111011000010000111110000
20801,45293,44.194281,0B4,8,0000000000000000000000000000000010100100000001110101110011000011
41287,15097,44.195797,0BA,5,0010100100000000000000000000010000101000
33903,45295,44.198735,1C4,8,0000101101110101000110110000000000000000000000000000000001101000
6011,45299,44.202621,25,8,0000000000000001000000000000000100101111111111110000000001011101
41288,30192,44.203287,0BA,5,0100111100000000000000000000000000101110
26218,45300,44.203295,0AA,8,0010001000000111001000100000001100100001111100100010000111101101
10111,45303,44.205876,260,8,0000000000000000000000000000000000000000111111111010000100001010
18061,45304,44.20628,226,8,0000000000000000000100000000000000000000000000000000000000000000
41289,30196,44.210776,0BA,5,1110000000100010001001000000000010011011
30446,45307,44.212587,24,8,0000001000000010000000100001101101000001111111111000000000001101
6012,45308,44.212829,25,8,0000000000000001000000000000000100101111111111110000000001011101
12762,45309,44.213065,2C1,8,0000000000000011110101100000001110110011110000000001011100110001
26219,45310,44.213297,0AA,8,0010001000001000001000100000010100100001111011100010000111101111
20802,45311,44.214269,0B4,8,0000000000000000000000000000000010100100000001110110001011001001
15752,45312,44.214722,1C6,8,0000000000000000000000000000000110001111000100110000000000000000
41290,45284,44.218266,0BA,5,1100011000000000000000000000000010111110
33904,45316,44.218717,1C4,8,0000101101110101000110110000000000000000000000000000000001101000
6013,45319,44.222603,25,8,0000000000000001000000000000000100101111111111110000000001011101
26220,45320,44.22328,0AA,8,0010001000001011001000100000011100100001111110000010000111110010
1207,45321,44.224264,320,8,0000000000100000000000000000000000000000000000000000000001001011
41291,15108,44.225756,0BA,5,0010100100000000000000000000011100101011
10112,45322,44.225863,260,8,0000000000000000000000000000000000000000111111111010110100010110
30447,45324,44.232568,24,8,0000001000000010000000100001101001000001111111111000000000001100
6014,45325,44.232814,25,8,0000000000000001000000000000000100101111111111110000000001011101
41292,30216,44.233245,0BA,5,0100111100000000000000000000000000101110
26221,45327,44.233272,0AA,8,0010001000010000001000100000100000100001111110010010000111110011
20803,45328,44.234251,0B4,8,0000000000000000000000000000000010101000000001110110100011010011
18062,45332,44.238256,226,8,0000000000000000000100000000000000000000000000000000000000000000
21738,45333,44.238495,443,8,0100110100000010000000000010111100000110000000000000000000000000
33905,45334,44.238732,1C4,8,0000101101110111000110110000000000000000000000000000000001101010
41293,30219,44.240735,0BA,5,1110000000100010001001000000000010011011
11269,45337,44.240744,4C8,8,0000100100000000000000000000000000000000000000000000000000000000
6015,45339,44.242588,25,8,0000000000000001000000000000000100101111111111110000000001011101
12763,45340,44.242822,2C1,8,0000000000000011110110010000001110101100110000000001011100101101
26222,45341,44.243263,0AA,8,0010001000010001001000100000101000100001111111100010000111111100
15753,45344,44.244685,1C6,8,0000000000000000000000000000000110001111000101000000000000000000
10113,45345,44.245871,260,8,0000000000000000000000000000000000000000111111111010110100010110
41294,45314,44.248224,0BA,5,1100011000000000000000000000000010111110
30448,45349,44.252537,24,8,0000001000000010000000100001100001000001111111111000000000001010
6016,45350,44.252781,25,8,0000000000000001000000000000000100101111111111110000000001011101
26223,45351,44.253227,0AA,8,0010001000010010001000100000111000100001111110010010000111111000
20804,45352,44.254237,0B4,8,0000000000000000000000000000000010101000000001110110110111011000
41295,15120,44.255714,0BA,5,0010100100000000000000000000010000101000
33906,45354,44.258689,1C4,8,0000101101111011000110110000000000000000000000000000000001101110
6017,45357,44.262574,25,8,0000000000000001000000000000000100101111111111110000000001011101
41296,30231,44.263203,0BA,5,0100111100000000000000000000000000101110
26224,45358,44.263246,0AA,8,0010001000010010001000100001011000100010000000100010001000000001
10114,45362,44.265784,260,8,0000000000000000000000000000000000000000111111111010110100010110
18063,45363,44.266233,226,8,0000000000000000000100000000000000000000000000000000000000000000
41297,30236,44.270693,0BA,5,1110000000100010001001000000000010011011
30449,45366,44.272518,24,8,0000001000000010000000100001011001000001111111111000000000001000
6018,45367,44.272775,25,8,0000000000000001000000000000000100101111111111110000000001011101
12764,45368,44.272993,2C1,8,0000000000000011110110010000001110011100110000000001011100011101
26225,45369,44.273227,0AA,8,0010001000010010001000100001110000100010000001100010001000000001
31291,45370,44.27352,4A6,8,0000000000000000000000000000000000000000000011010000000000000000
20805,45371,44.274223,0B4,8,0000000000000000000000000000000010101100000001110110110111011100
15754,45372,44.27468,1C6,8,0000000000000000000000000000000110001111000100110000000000000000
1208,45375,44.277223,320,8,0000000000100000000000000000000000000000000000000000000001001011
41298,45343,44.278182,0BA,5,1100011000000000000000000000000010111110
33907,45376,44.278684,1C4,8,0000101110001101000110110000000000000000000000000000000010000000
43590,44646,44.27954,423,2,1000100000000
6019,45380,44.283594,25,8,0000000000000001000000000000000100101111111111110000000001011101
26226,45381,44.284203,0AA,8,0010001000010111001000100001011100100010000001010010001000000110
41299,15124,44.285672,0BA,5,0010100100000000000000000000011100101011
10115,45383,44.285731,260,8,0000000000000000000000000000000000000000111111111011100000100001
30450,45385,44.292506,24,8,0000001000000010000000100001011001000001111111011000000000000110
6020,45386,44.292748,25,8,0000000000000001000000000000000100101111111111110000000001011101
41300,30256,44.293161,0BA,5,0100111100000000000000000000000000101110
26227,45387,44.293222,0AA,8,0010001000011011001000100001100100100010000010110010001000001000
20806,45388,44.294208,0B4,8,0000000000000000000000000000000010101100000001110111100111101000
18064,45392,44.29821,226,8,0000000000000000000100000000000000000000000000000000000000000000
33908,45394,44.298666,1C4,8,0000101110011001000110110000000000000000000000000000000010001100
41301,30258,44.300651,0BA,5,1110000000100010001001000000000010011011
6021,45397,44.302544,25,8,0000000000000001000000000000000100101111111111110000000001011101
12765,45398,44.30278,2C1,8,0000000000000011110110010000001110100011110000000001011100100100
26228,45399,44.303213,0AA,8,0010001000011100001000100001110000100010000011010010001000001011
7862,45400,44.303474,610,8,0010000000000000000100110110010011000000000000001000110001000000
15755,45402,44.304648,1C6,8,0000000000000000000000000000000110001111000100110000000000000000
10116,45403,44.305758,260,8,0000000000000000000000000000000000000000111111111010110100010110
13463,45404,44.305909,394,3,0
41302,45374,44.308141,0BA,5,1100011000000000000000000000000010111110
30451,45407,44.312491,24,8,0000001000000001000000100001011001000001111111111000000000000111
6022,45408,44.312735,25,8,0000000000000001000000000000000100101111111111110000000001011101
26229,45409,44.313178,0AA,8,0010001000011110001000100010000100100010000011100010001000010000
20807,45411,44.31419,0B4,8,0000000000000000000000000000000010110000000001110111100111101100
41303,15138,44.31563,0BA,5,0010100100000000000000000000010000101000
16522,45414,44.318265,3F9,8,0111010100011000000000100000001010000000000000000000000000010101
33909,45415,44.318656,1C4,8,0000101110100100000110110000000000000000000000000000000010010111
41304,30275,44.32312,0BA,5,0100111100000000000000000000000000101110
6023,45418,44.323554,25,8,0000000000000001000000000000000100101111111111110000000001011101
26230,45419,44.324168,0AA,8,0010001000011110001000100010010100100010000100000010001000010010
10117,45421,44.325498,260,8,0000000000000000000000000000000000000000111111111011100000100001
18065,45423,44.327189,226,8,0000000000000000000100000000000000000000000000000000000000000000
1209,45424,44.328186,320,8,0000000000100000000000000000000000000000000000000000000001001011
41305,30278,44.330609,0BA,5,1110000000100010001001000000000010011011
30452,45428,44.332474,24,8,0000001000000001000000100001001101000010000000001000000000000110
6024,45429,44.33272,25,8,0000000000000001000000000000000100101111111111110000000001011101
12766,45430,44.332957,2C1,8,0000000000000011110110010000001110100011110000000001011100100100
26231,45431,44.333183,0AA,8,0010001000011110001000100010011100100010000101010010001000010110
20808,45432,44.334177,0B4,8,0000000000000000000000000000000010110000000001110111111011110001
15756,45433,44.334637,1C6,8,0000000000000000000000000000000110001111000100110000000000000000
41306,45401,44.338099,0BA,5,1100011000000000000000000000000010111110
33910,45437,44.338638,1C4,8,0000101110110000000110110000000000000000000000000000000010100011
43787,3025,44.340139,3BB,5,1010010100000000000000000000000000000000
35360,44083,44.341056,386,7,01010100000000000000000000000000000000000000000000000000
13936,45440,44.342437,622,8,0001001000000000000000000000000000000000000000000000000000000000
6025,45441,44.342681,25,8,0000000000000001000000000000000100011111111111110000000001001101
26232,45442,44.343182,0AA,8,0010001000100010001000100010011100100010000101010010001000010110
31517,45443,44.343446,44D,8,0100001000000010000000000000000000000001000000000000000000000000
10118,45444,44.345453,260,8,0000000000000000000000000000000000000000111111111010110100010110
41307,15146,44.345588,0BA,5,0010100100000000000000000000011100101011
16327,45446,44.348002,4C1,8,0000000100000000000000010000000100000000000000000000000000000000
30453,45448,44.352466,24,8,0000001000000000000000100001000101000001111111111000000000000001
6026,45449,44.352711,25,8,0000000000000001000000000000000100011111111111110000000001001101
41308,30291,44.353078,0BA,5,0100111100000000000000000000000000101110
26233,45450,44.353175,0AA,8,0010001000100111001000100010100000100010000101110010001000011100
20809,45451,44.354164,0B4,8,0000000000000000000000000000000010110100000001110111111011110101
18066,45455,44.358169,226,8,0000000000000000000100000000000000000000000000000000000000000000
33911,45456,44.358623,1C4,8,0000101110111100000110110000000000000000000000000000000010101111
41309,30296,44.360567,0BA,5,1110000000100010001001000000000010011011
6027,45459,44.362498,25,8,0000000000000001000000000000000100011111111111110000000001001101
12767,45460,44.362742,2C1,8,0000000000000011110110010000001110000011110000000001100000000101
26234,45461,44.363167,0AA,8,0010001000101011001000100010110100100010001000000010001000011011
15757,45464,44.364607,1C6,8,0000000000000000000000000000000110010000000100110000000000000000
208,45465,44.365164,3B7,8,1000
10119,45466,44.365493,260,8,0000000000000000000000000000000000000000111111111010000100001010
41310,45435,44.368057,0BA,5,1100011000000000000000000000000010111110
11111,45468,44.372401,620,8,0001000000000000000000000000000000000000000000000000000000000000
30454,45469,44.372642,24,8,0000001000000000000000100001001101000001111111011000000000000001
6028,45470,44.372886,25,8,0000000000000001000000000000000100011111111111110000000001001101
26235,45471,44.373162,0AA,8,0010001000101111001000100011000100100010000111110010001000011111
20810,45473,44.37415,0B4,8,0000000000000000000000000000000010111000000001111000010011111111
41311,15159,44.375546,0BA,5,0010100100000000000000000000010000101000
1210,45475,44.376155,320,8,0000000000100000000000000000000000000000000000000000000001001011
33912,45477,44.37861,1C4,8,0000101111010100000110110000000000000000000000000000000011000111
6029,45481,44.382484,25,8,0000000000000001000000000000000100011111111111110000000001001101
41312,30314,44.383036,0BA,5,0100111100000000000000000000000000101110
26236,45482,44.383151,0AA,8,0010001000101111001000100011001000100010001000100010001000100100
10120,45485,44.385414,260,8,0000000000000000000000000000000000000000111111111010000100001010
18067,45486,44.386147,226,8,0000000000000000000100000000000000000000000000000000000000000000
41313,30316,44.390526,0BA,5,1110000000100010001001000000000010011011
30455,45490,44.39244,24,8,0000001000000000000000100001010001000001111111111000000000000100
6030,45491,44.392683,25,8,0000000000000001000000000000000100011111111111110000000001001101
12768,45492,44.392923,2C1,8,0000000000000011110111000000001101111100110000000001100000000001
26237,45493,44.393152,0AA,8,0010001000110001001000100011010000100010000111110010001000100000
31674,45494,44.393398,389,8,0000000000100000000000000000000000000000000000000000000000000000
20811,45495,44.39413,0B4,8,0000000000000000000000000000000010111000000001111000100100000100
15758,45496,44.394601,1C6,8,0000000000000000000000000000000110010000000100110000000000000000
41314,45463,44.398015,0BA,5,1100011000000000000000000000000010111110
33913,45500,44.398654,1C4,8,0000101111010011000110110000000000000000000000000000000011000110
35227,5613,44.401235,3D3,3,011011000000001000000000
6031,45503,44.402473,25,8,0000000000000001000000000000000100001111111111110000000000111101
26238,45504,44.40314,0AA,8,0010001000110101001000100011000100100010001001110010001000011111
10121,45505,44.405342,260,8,0000000000000000000000000000000000000000111111111010000100001010
41315,15166,44.405505,0BA,5,0010100100000000000000000000011100101011
30456,45507,44.412448,24,8,0000001000000000000000100001001101000001111111111000000000000011
6032,45508,44.412695,25,8,0000000000000001000000000000000100001111111111110000000000111101
41316,30334,44.412994,0BA,5,0100111100000000000000000000000000101110
26239,45510,44.413128,0AA,8,0010001000111010001000100011010100100010001011110010001000100110
20812,45511,44.414114,0B4,8,0000000000000000000000000000000010111100000001111000111100001110
18068,45515,44.418122,226,8,0000000000000000000100000000000000000000000000000000000000000000
33914,45517,44.418581,1C4,8,0000101111011000000110110000000000000000000000000000000011001011
41317,30338,44.420484,0BA,5,1110000000100010001001000000000010011011
6033,45520,44.422456,25,8,0000000000000001000000000000000100001111111111110000000000111101
12769,45521,44.422695,2C1,8,0000000000000011110111000000001110000110110000000001100000001011
26240,45522,44.42312,0AA,8,0010001000111011001000100011101000100010001001100010001000101011
15759,45524,44.424561,1C6,8,0000000000000000000000000000000110010000000100110000000000000000
1211,45525,44.425117,320,8,0000000000100000000000000000000000000000000000000000000001001011
10122,45526,44.425358,260,8,0000000000000000000000000000000000000000111111111010000100001010
13681,45527,44.426246,4B7,8,1110001001011111001000001111000000001000111010100000000100001000
41318,45498,44.427973,0BA,5,1100011000000000000000000000000010111110
30457,45530,44.432431,24,8,0000001000000001000000100001000101000001111111111000000000000010
6034,45531,44.43268,25,8,0000000000000001000000000000000100001111111111110000000000111101
26241,45532,44.433115,0AA,8,0010001000111100001000100011110000100010001010100010001000101100
13875,45533,44.43336,4C6,8,0000011100000000000000110000000000000000000000000000000000000000
20813,45534,44.434098,0B4,8,0000000000000000000000000000000010111100000001111001010100010100
41319,15178,44.435463,0BA,5,0010100100000000000000000000010000101000
33915,45538,44.438571,1C4,8,0000101111100011000110110000000000000000000000000000000011010110
14164,45540,44.441304,442,8,0100001100000010000000000000000000000010000000000000000000000000
6035,45542,44.442442,25,8,0000000000000001000000000000000100001111111111110000000000111101
41320,30353,44.442952,0BA,5,0100111100000000000000000000000000101110
26242,45544,44.443108,0AA,8,0010001001000110001000100011101100100010001010000010001000100111
10123,45547,44.445283,260,8,0000000000000000000000000000000000000000111111111010000100001010
18069,45549,44.446103,226,8,0000000000000000000100000000000000000000000000000000000000000000
41321,30358,44.450442,0BA,5,1110000000100010001001000000000010011011
30458,45553,44.452391,24,8,0000001000000001000000100001001101000001111111011000000000000010
6036,45554,44.452639,25,8,0000000000000001000000000000000111111111111111110000000000101101
12770,45555,44.452876,2C1,8,0000000000000011110111000000001110100000110000000001100000100101
26243,45556,44.453109,0AA,8,0010001000111111001000100011101100100010001100000010001000101100
305,45557,44.453358,38F,8,0000000100000000000000000000000000000000000000000000000000000000
20814,45558,44.454083,0B4,8,0000000000000000000000000000000011000000000001111001101000011101
15760,45559,44.454558,1C6,8,0000000000000000000000000000000110010000000100110000000000000000
41322,45523,44.457931,0BA,5,1100011000000000000000000000000010111110
33916,45562,44.458554,1C4,8,0000101111110001000110110000000000000000000000000000000011100100
6037,45566,44.462625,25,8,0000000000000001000000000000000111111111111111110000000000101101
26244,45567,44.463094,0AA,8,0010001001001000001000100100000000100010001011110010001000101101
10124,45568,44.465323,260,8,0000000000000000000000000000000000000000111111111010000100001010
41323,15182,44.465421,0BA,5,0010100100000000000000000000011100101011
28108,45569,44.468143,6C0,8,1110010000000000000000001110000010000000000000000000000000000000
30459,45571,44.47238,24,8,0000001000000001000000100001010001000001111111111000000000000101
6038,45572,44.472628,25,8,0000000000000001000000000000000111111111111111110000000000101101
41324,30375,44.472911,0BA,5,0100111100000000000000000000000000101110
26245,45573,44.473087,0AA,8,0010001001001010001000100100010000100010001011100010001000110110
20815,45574,44.47411,0B4,8,0000000000000000000000000000000011000000000001111010000000100011
18070,45578,44.478244,226,8,0000000000000001000100000000000000000000000000000000000000000000
33917,45580,44.478629,1C4,8,0000110000000000000110110000000000000000000000000000000011110100
1212,45582,44.479071,320,8,0000000000100000000000000000000000000000000000000000000001001011
41325,30378,44.4804,0BA,5,1110000000100010001001000000000010011011
6039,45584,44.482417,25,8,0000000000000001000000000000000111111111111111110000000000101101
12771,45585,44.482655,2C1,8,0000000000000011110111000000001101110011110000000001100011111000
26246,45586,44.48308,0AA,8,0010001001001011001000100100101100100010001100010010001000110101
34738,45587,44.483379,380,8,0
15761,45590,44.484524,1C6,8,0000000000000000000000000000000110010000000100110000000000000000
10125,45592,44.485272,260,8,0000000000000000000000000000000000000000111111111010000100001010
41326,45561,44.48789,0BA,5,1100011000000000000000000000000010111110
30460,45594,44.492368,24,8,0000001000000001000000100001001101000010000000001000000000000110
6040,45595,44.492636,25,8,0000000000000001000000000000000111111111111111110000000000101101
26247,45596,44.493073,0AA,8,0010001001001101001000100100111100100010001100010010001000111010
20816,45597,44.494065,0B4,8,0000000000000000000000000000000011000100000001111010011000101101
41327,15197,44.495379,0BA,5,0010100100000000000000000000010000101000
33918,45600,44.498525,1C4,8,0000110000010100000110110000000000000000000000000000000000001000
41328,30397,44.502869,0BA,5,0100111100000000000000000000000000101110
6041,45604,44.503548,25,8,0000000000000001000000000000000111111111111111110000000000101101
26248,45605,44.504029,0AA,8,0010001001010000001000100100111000100010001101110010001000110111
10126,45607,44.505219,260,8,0000000000000000000000000000000000000000111111111010000100001010
18071,45609,44.507048,226,8,0000000000000000000100000000000000000000000000000000000000000000
41329,30404,44.510358,0BA,5,1110000000100010001001000000000010011011
30461,45614,44.512348,24,8,0000001000000001000000100001010001000001111111111000000000000101
6042,45615,44.512596,25,8,0000000000000001000000000000000111111111111111110000000000101101
12772,45616,44.512835,2C1,8,0000000000000011110111000000001110001100110000000001100000010001
26249,45617,44.513067,0AA,8,0010001001010101001000100101000000100010001111000010001000111110
20817,45618,44.514035,0B4,8,0000000000000000000000000000000011000100000001111010101100110010
15762,45619,44.514512,1C6,8,0000000000000000000000000000000110010000000100110000000000000000
41330,45589,44.517848,0BA,5,1100011000000000000000000000000010111110
33919,45622,44.518509,1C4,8,0000110000010000000110110000000000000000000000000000000000000100
6043,45625,44.522377,25,8,0000000000000001000000000000000111111111111111110000000000101101
26250,45626,44.523044,0AA,8,0010001001010111001000100101010000100010001111100010001000111111
1213,45627,44.524033,320,8,0000000000100000000000000000000000000000000000000000000001001011
10127,45628,44.525173,260,8,0000000000000000000000000000000000000000111111111001010111111110
41331,15205,44.525337,0BA,5,0010100100000000000000000000011100101011
30462,45631,44.532334,24,8,0000001000000010000000100001011001000001111111111000000000001000
6044,45632,44.532583,25,8,0000000000000001000000000000000111111111111111110000000000101101
41332,30419,44.532827,0BA,5,0100111100000000000000000000000000101110
26251,45633,44.53304,0AA,8,0010001001011000001000100101010100100010001110100010001000111111
20818,45634,44.53402,0B4,8,0000000000000000000000000000000011001000000001111011000100111100
18072,45638,44.538021,226,8,0000000000000000000100000000000000000000000000000000000000000000
21739,45639,44.53827,443,8,0100110100000010000000000010111100000110000000000000000000000000
33920,45640,44.538505,1C4,8,0000110000001101000110110000000000000000000000000000000000000001
41333,30423,44.540316,0BA,5,1110000000100010001001000000000010011011
6045,45644,44.542365,25,8,0000000000000001000000000000000111111111111111110000000000101101
12773,45645,44.542607,2C1,8,0000000000000011111000000000001110011100110000000001100000100101
26252,45646,44.543027,0AA,8,0010001001010100001000100101011100100010010001000010001001000001
15763,45649,44.544475,1C6,8,0000000000000000000000000000000110001111000100110000000000000000
10128,45650,44.545163,260,8,0000000000000000000000000000000000000000111111111001010111111110
41334,45621,44.547806,0BA,5,1100011000000000000000000000000010111110
30463,45652,44.552325,24,8,0000001000000010000000100001011001000001111111111000000000001000
6046,45653,44.552571,25,8,0000000000000001000000000000000111101111111111110000000000011101
26253,45654,44.552999,0AA,8,0010001001010111001000100101011100100010010000010010001001000001
20819,45655,44.554006,0B4,8,0000000000000000000000000000000011001100000001111011011001000101
41335,15216,44.555296,0BA,5,0010100100000000000000000000010000101000
33921,45657,44.558484,1C4,8,0000110000010010000110110000000000000000000000000000000000000110
41336,30441,44.562785,0BA,5,0100111100000000000000000000000000101110
6047,45661,44.563376,25,8,0000000000000001000000000000000111101111111111110000000000011101
26254,45662,44.563987,0AA,8,0010001001011010001000100101011100100010010001010010001001000101
10129,45664,44.565178,260,8,0000000000000000000000000000000000000000111111111001010111111110
18073,45666,44.567003,226,8,0000000000000000000100000000000000000000000000000000000000000000
16523,45668,44.568604,3F9,8,0111010100011000000000100000001010000000000000000000000000010101
41337,30444,44.570275,0BA,5,1110000000100010001001000000000010011011
30464,45673,44.572307,24,8,0000001000000010000000100001010001000001111111011000000000000100
6048,45674,44.572551,25,8,0000000000000001000000000000000111011111111111110000000000001101
12774,45675,44.572793,2C1,8,0000000000000011110111000000001110010011110000000001100000011000
26255,45676,44.573018,0AA,8,0010001001011111001000100101100100100010010001000010001001000001
20820,45677,44.573991,0B4,8,0000000000000000000000000000000011001100000001111011011001000101
15764,45678,44.57447,1C6,8,0000000000000000000000000000000110001111000100110000000000000000
1214,45682,44.576995,320,8,0000000000100000000000000000000000000000000000000000000001001011
41338,45648,44.577764,0BA,5,1100011000000000000000000000000010111110
14260,45683,44.577989,60.0,8,1010000100000000000000000000000000000000011100000000000000000000
33922,45684,44.578471,1C4,8,0000110000100111000110110000000000000000000000000000000000011011
6049,45687,44.582333,25,8,0000000000000001000000000000000111011111111111110000000000001101
26256,45688,44.583,0AA,8,0010001001100001001000100110010100100010010011000010001001001001
10130,45690,44.584875,260,8,0000000000000000000000000000000000000000111111111001010111111110
41339,15225,44.585254,0BA,5,0010100100000000000000000000011100101011
30465,45692,44.592299,24,8,0000001000000010000000100001010001000001111111011000000000000100
6050,45693,44.592542,25,8,0000000000000001000000000000000111011111111111110000000000001101
41340,30462,44.592743,0BA,5,0100111100000000000000000000000000101110
26257,45694,44.592968,0AA,8,0010001001011101001000100110011000100010010011000010001001001110
20821,45696,44.593979,0B4,8,0000000000000000000000000000000011010000000001111011110001001111
18074,45700,44.597983,226,8,0000000000000000000100000000000000000000000000000000000000000000
7757,45701,44.598223,435,8,1000000000000101000001011111111111100000001111110000000000000011
33923,45702,44.598465,1C4,8,0000110000110010000110110000000000000000000000000000000000100110
41341,30465,44.600233,0BA,5,1110000000100010001001000000000010011011
6051,45705,44.602316,25,8,0000000000000001000000000000000111011111111111110000000000001101
12775,45706,44.602556,2C1,8,0000000000000011111000110000001110000110110000000001100000010010
26258,45707,44.602997,0AA,8,0010001001100000001000100110010100100010010011110010001001010000
15765,45709,44.604436,1C6,8,0000000000000000000000000000000110001111000100110000000000000000
10131,45710,44.604871,260,8,0000000000000000000000000000000000000000111111111010000100001010
13464,45711,44.605022,394,3,0
10947,45712,44.605273,436,8,0
41342,45680,44.607722,0BA,5,1100011000000000000000000000000010111110
30466,45715,44.612305,24,8,0000001000000001000000100001100001000001111111011000000000000111
6052,45716,44.612554,25,8,0000000000000001000000000000000111001111111111110000000011111101
26259,45717,44.612945,0AA,8,0010001001100110001000100110011000100010010100100010001001010100
20822,45718,44.613965,0B4,8,0000000000000000000000000000000011010000000001111100001001010101
43591,2994,44.614991,423,2,11100000000
41343,15239,44.615212,0BA,5,0010100100000000000000000000010000101000
33924,45720,44.618438,1C4,8,0000110000110111000110110000000000000000000000000000000000101011
6053,45723,44.622305,25,8,0000000000000001000000000000000111001111111111110000000011111101
41344,30479,44.622701,0BA,5,0100111100000000000000000000000000101110
26260,45724,44.622971,0AA,8,0010001001101010001000100110110000100010010101000010001001010011
10132,45726,44.624803,260,8,0000000000000000000000000000000000000000111111111001010111111110
18075,45729,44.625976,226,8,0000000000000000000100000000000000000000000000000000000000000000
1215,45730,44.62696,320,8,0000000000100000000000000000000000000000000000000000000001001011
41345,30484,44.630191,0BA,5,1110000000100010001001000000000010011011
30467,45733,44.632292,24,8,0000001000000001000000100001100001000001111111011000000000000111
6054,45734,44.632542,25,8,0000000000000001000000000000000110111111111111110000000011101101
12776,45735,44.632785,2C1,8,0000000000000011111000110000001101111100110000000001100000001000
26261,45736,44.633007,0AA,8,0010001001101101001000100111001000100010010110110010001001011100
13813,45738,44.633368,434,8,0100001000000000000000000000000000000000000000000000000000000000
20823,45739,44.633955,0B4,8,0000000000000000000000000000000011010100000001111100011101011110
15766,45740,44.634432,1C6,8,0000000000000000000000000000000110001111000100110000000000000000
41346,45708,44.63768,0BA,5,1100011000000000000000000000000010111110
43788,44968,44.637723,3BB,5,0111000000000000001000001010011000000000
33925,45745,44.638433,1C4,8,0000110000111100000110110000000000000000000000000000000000110000
34901,45747,44.638878,3C3,8,0100011000011110100100100100111011101110010110010000001110001000
28204,45748,44.640092,437,8,1111110011111111111111111111111111111111111111111111111111111111
31518,45750,44.642716,44D,8,0100001000000010000000000000000000000001000000000000000000000000
6055,45752,44.643317,25,8,0000000000000001000000000000000110111111111111110000000011101101
26262,45753,44.64393,0AA,8,0010001001101011001000100111111000100010010110010010001001011110
10133,45754,44.64479,260,8,0000000000000000000000000000000000000000111111111001010111111110
41347,15248,44.64517,0BA,5,0010100100000000000000000000011100101011
30468,45756,44.652257,24,8,0000001000000001000000100001100001000001111111111000000000001001
6056,45757,44.652504,25,8,0000000000000001000000000000000110111111111111110000000011101101
41348,30501,44.65266,0BA,5,0100111100000000000000000000000000101110
26263,45758,44.652945,0AA,8,0010001001101110001000100111011100100010010111100010001001100110
20824,45759,44.653937,0B4,8,0000000000000000000000000000000011010100000001111100110101100100
18076,45763,44.657937,226,8,0000000000000000000100000000000000000000000000000000000000000000
33926,45765,44.658733,1C4,8,0000110000110110000110110000000000000000000000000000000000101010
41349,30504,44.660149,0BA,5,1110000000100010001001000000000010011011
35228,45550,44.660892,3D3,3,111001010000001011101110
6057,45768,44.662269,25,8,0000000000000001000000000000000110101111111111110000000011011101
12777,45769,44.662512,2C1,8,0000000000000011111000000000001101101100110000000001100011110101
26264,45770,44.662938,0AA,8,0010001001110110001000100111010000100010011000010010001001100001
15767,45772,44.664399,1C6,8,0000000000000000000000000000000110010000000100110000000000000000
10134,45773,44.664749,260,8,0000000000000000000000000000000000000000111111111010110100010110
209,45774,44.664998,3B7,8,1000
41350,45742,44.667639,0BA,5,1100011000000000000000000000000010111110
11112,45777,44.672129,620,8,0001000000000000000000000000000000000000000000000000000000000000
30469,45778,44.672373,24,8,0000001000000000000000100001100001000001111111011000000000000110
6058,45779,44.672615,25,8,0000000000000001000000000000000110101111111111110000000011011101
26265,45780,44.672907,0AA,8,0010001001111100001000100111010100100010011000100010001001101010
20825,45781,44.673923,0B4,8,0000000000000000000000000000000011011000000001111101001101101110
41351,15264,44.675128,0BA,5,0010100100000000000000000000010000101000
1216,45784,44.675924,320,8,0000000000100000000000000000000000000000000000000000000001001011
33927,45785,44.678404,1C4,8,0000110000110011000110110000000000000000000000000000000000100111
41352,30522,44.682618,0BA,5,0100111100000000000000000000000000101110
6059,45788,44.683282,25,8,0000000000000001000000000000000110101111111111110000000011011101
26266,45789,44.6839,0AA,8,0010001001111100001000100111101100100010011011110010001001101000
10135,45790,44.684746,260,8,0000000000000000000000000000000000000000111111111001010111111110
18077,45793,44.686916,226,8,0000000000000000000100000000000000000000000000000000000000000000
41353,30525,44.690107,0BA,5,1110000000100010001001000000000010011011
30470,45798,44.692234,24,8,0000001000000000000000100001011001000001111111111000000000000110
6060,45799,44.692478,25,8,0000000000000001000000000000000110011111111111010000000011001011
12778,45800,44.692715,2C1,8,0000000000000011111000110000001101110011110000000001100011111111
26267,45801,44.692945,0AA,8,0010001001111100001000101000001100100010011010100010001001101001
20826,45802,44.693906,0B4,8,0000000000000000000000000000000011011100000001111101100001110111
15768,45803,44.694391,1C6,8,0000000000000000000000000000000110010000000100110000000000000000
34980,45806,44.696906,4C3,8,0000001100000000000000000000000100000000000000000000000000000000
41354,45771,44.697597,0BA,5,1100011000000000000000000000000010111110
33928,45808,44.69839,1C4,8,0000110000111100000110110000000000000000000000000000000000110000
6061,45812,44.702243,25,8,0000000000000001000000000000000110011111111111010000000011001011
26268,45813,44.702913,0AA,8,0010001001111011001000101000001100100010011011000010001001101111
10136,45814,44.704676,260,8,0000000000000000000000000000000000000000111111111010000100001010
41355,15269,44.705086,0BA,5,0010100100000000000000000000011100101011
30471,45817,44.712222,24,8,0000001000000000000000100001011001000001111111111000000000000110
6062,45818,44.712463,25,8,0000000000000000000000000000000101111111111111010000000010101010
41356,30538,44.712576,0BA,5,0100111100000000000000000000000000101110
26269,45819,44.712906,0AA,8,0010001010000100001000101000001000100010011100000010001001101101
20827,45820,44.713926,0B4,8,0000000000000000000000000000000011011100000001111101111001111101
18078,45824,44.71789,226,8,0000000000000000000100000000000000000000000000000000000000000000
33929,45825,44.718375,1C4,8,0000110001001000000110110000000000000000000000000000000000111100
41357,30542,44.720065,0BA,5,1110000000100010001001000000000010011011
6063,45828,44.722226,25,8,0000000000000000000000000000000101101111111111010000000010011010
12779,45829,44.722467,2C1,8,0000000000000011111000110000001101100000110000000001100011101100
26270,45830,44.722897,0AA,8,0010001010001000001000101000001100100010011101110010001001110000
15769,45833,44.724357,1C6,8,0000000000000000000000000000000110010000000100110000000000000000
10137,45834,44.724751,260,8,0000000000000000000000000000000000000000111111111001010111111110
1217,45835,44.724997,320,8,0000000000100000000000000000000000000000000000000000000001001011
41358,45805,44.727555,0BA,5,1100011000000000000000000000000010111110
30472,45837,44.732206,24,8,0000001000000000000000100001011001000001111111111000000000000110
6064,45838,44.732447,25,8,0000000000000000000000000000000101011111111111010000000010001010
26271,45839,44.732889,0AA,8,0010001010001100001000101000100100100010011110000010001001110011
20828,45840,44.733875,0B4,8,0000000000000000000000000000000011100000000001111110001110000110
41359,15280,44.735045,0BA,5,0010100100000000000000000000010000101000
33930,45843,44.738354,1C4,8,0000110001010000000110110000000000000000000000000000000001000100
14165,45847,44.740935,442,8,0100001100000010000000000000000000000010000000000000000000000000
6065,45849,44.742212,25,8,0000000000000000000000000000000101001111111111010000000001111010
41360,30561,44.742534,0BA,5,0100111100000000000000000000000000101110
26272,45850,44.742879,0AA,8,0010001010001100001000101000111000100010011101010010001001111100
14002,45852,44.744043,38E,8,0
10138,45853,44.744671,260,8,0000000000000000000000000000000000000000111111111000100111110010
18079,45855,44.745871,226,8,0000000000000000000100000000000000000000000000000000000000000000
41361,30563,44.750024,0BA,5,1110000000100010001001000000000010011011
30473,45858,44.752185,24,8,0000001000000000000000100001010001000010000000001000000000000110
6066,45859,44.75243,25,8,0000000000000000000000000000000101001111111111010000000001111010
12780,45860,44.752665,2C1,8,0000000000000011110111000000001101100011110000000001100011101000
26273,45861,44.752891,0AA,8,0010001010001011001000101000110100100010011101010010001001111100
20829,45862,44.753859,0B4,8,0000000000000000000000000000000011100000000001111110100110001100
15770,45863,44.754349,1C6,8,0000000000000000000000000000000110010000000100110000000000000000
41362,45831,44.757513,0BA,5,1100011000000000000000000000000010111110
33931,45867,44.758344,1C4,8,0000110001100011000110110000000000000000000000000000000001010111
6067,45870,44.762199,25,8,0000000000000000000000000000000100111111111110010000000001100110
26274,45872,44.762867,0AA,8,0010001010010010001000101000101100100010011111010010001001111010
10139,45873,44.764592,260,8,0000000000000000000000000000000000000000111111111000100111110010
41363,15288,44.765003,0BA,5,0010100100000000000000000000011100101011
30474,45876,44.772171,24,8,0000001000000001000000100001011001000001111111111000000000000111
6068,45877,44.772412,25,8,0000000000000000000000000000000100101111111110010000000001010110
41364,30583,44.772492,0BA,5,0100111100000000000000000000000000101110
28109,45878,44.772656,6C0,8,1110010000000000000000001110000010000000000000000000000000000000
26275,45879,44.772886,0AA,8,0010001010010100001000101000111000100010011111000010001001111010
20830,45881,44.773849,0B4,8,0000000000000000000000000000000011100100000001111110100110010000
18080,45885,44.777846,226,8,0000000000000000000100000000000000000000000000000000000000000000
33932,45886,44.778332,1C4,8,0000110001101101000110110000000000000000000000000000000001100001
1218,45888,44.778842,320,8,0000000000100000000000000000000000000000000000000000000001001011
41365,30588,44.779982,0BA,5,1110000000100010001001000000000010011011
6069,45890,44.782185,25,8,0000000000000000000000000000000100001111111110010000000000110110
12781,45891,44.782418,2C1,8,0000000000000011110110010000001101011100110000000001100011011110
26276,45892,44.782852,0AA,8,0010001010010111001000101001001100100010011111100010001010000010
15771,45894,44.784311,1C6,8,0000000000000000000000000000000110010000000100110000000000000000
10140,45895,44.784553,260,8,0000000000000000000000000000000000000000111111110111000111011010
41366,45865,44.787471,0BA,5,1100011000000000000000000000000010111110
13621,45897,44.788143,4DD,8,0001111000000000000000000000000000000000000000000000000000000000
30475,45900,44.792158,24,8,0000001000000001000000100001011001000001111111111000000000000111
6070,45901,44.79241,25,8,0000000000000000000000000000000111111111111110010000000000100110
26277,45902,44.792815,0AA,8,0010001010010101001000101001100000100010011111110010001010000100
20831,45903,44.793832,0B4,8,0000000000000000000000000000000011100100000001111110111110010110
41367,15300,44.794961,0BA,5,0010100100000000000000000000010000101000
33933,45905,44.798426,1C4,8,0000110001101100000110110000000000000000000000000000000001100000
6071,45908,44.802171,25,8,0000000000000000000000000000000111101111111101010000000000010010
41368,30603,44.80245,0BA,5,0100111100000000000000000000000000101110
26278,45909,44.802838,0AA,8,0010001010011010001000101001110000100010100000000010001010001100
13747,45910,44.803084,3A5,8,100000000
7863,45912,44.80399,610,8,0010000000000000000101000110010011000000000000001000110001000000
10141,45913,44.804372,260,8,0000000000000000000000000000000000000000111111110111110111100110
18081,45915,44.805827,226,8,0000000000000000000100000000000000000000000000000000000000000000
41369,30607,44.80994,0BA,5,1110000000100010001001000000000010011011
30476,45919,44.812171,24,8,0000001000000001000000100001010001000001111111111000000000000101
6072,45920,44.812413,25,8,0000000000000000000000000000000111011111111101010000000000000010
12782,45921,44.812651,2C1,8,0000000000000011110110010000001101010110110000000001100011011000
26279,45922,44.812876,0AA,8,0010001010011100001000101001011100100010100010110010001010001001
20832,45923,44.813814,0B4,8,0000000000000000000000000000000011101000000001111111010010011111
15772,45924,44.814304,1C6,8,0000000000000000000000000000000110010000000100110000000000000000
31355,45927,44.815989,640,8,1010100000000000000000000011011100000001111000000000000000000000
41370,45893,44.81743,0BA,5,1100011000000000000000000000000010111110
16524,45928,44.817994,3F9,8,0111010100011000000000100000001010000000000000000000000000010101
33934,45929,44.818303,1C4,8,0000110001110000000110110000000000000000000000000000000001100100
6073,45932,44.822179,25,8,0000000000000000000000000000000111001111111101010000000011110010
26280,45934,44.822818,0AA,8,0010001010011110001000101001101100100010100001110010001010001000
1219,45935,44.823813,320,8,0000000000100000000000000000000000000000000000000000000001001011
10142,45936,44.824348,260,8,0000000000000000000000000000000000000000111111110111000111011010
41371,15306,44.824919,0BA,5,0010100100000000000000000000011100101011
30477,45940,44.832151,24,8,0000001000000010000000100001010001000001111111011000000000000100
6074,45941,44.832395,25,8,0000000000000000000000000000000110111111111101010000000011100010
41372,30625,44.832409,0BA,5,0100111100000000000000000000000000101110
26281,45942,44.832811,0AA,8,0010001010100001001000101010010000100010100011000010001010001110
35041,45943,44.833055,413,8,0000000100000001000000010000100100000000000000000000000000000000
20833,45944,44.8338,0B4,8,0000000000000000000000000000000011101100000001111111101010101001
18082,45948,44.837801,226,8,0000000000000000000100000000000000000000000000000000000000000000
21740,45949,44.83804,443,8,0100110100000010000000000010111100000110000000000000000000000000
33935,45950,44.838287,1C4,8,0000110001111110000110110000000000000000000000000000000001110010
41373,30627,44.839898,0BA,5,1110000000100010001001000000000010011011
6075,45955,44.84216,25,8,0000000000000000000000000000000110101111111101010000000011010010
12783,45956,44.842394,2C1,8,0000000000000011110110010000001101001100110000000001100011001110
26282,45957,44.842802,0AA,8,0010001010100001001000101010011000100010100001010010001010001111
15773,45959,44.844273,1C6,8,0000000000000000000000000000000110010000000100110000000000000000
10143,45960,44.844519,260,8,0000000000000000000000000000000000000000111111110111110111100110
41374,45926,44.847388,0BA,5,1100011000000000000000000000000010111110
30478,45962,44.852117,24,8,0000001000000001000000100001010001000001111111011000000000000011
6076,45963,44.852361,25,8,0000000000000000000000000000000110101111111101110000000011010100
26283,45964,44.852799,0AA,8,0010001010100100001000101010001000100010100011100010001010010001
20834,45965,44.853821,0B4,8,0000000000000000000000000000000011101100000010000000000010110000
41375,15320,44.854877,0BA,5,0010100100000000000000000000010000101000
33936,45968,44.858465,1C4,8,0000110010001001000110110000000000000000000000000000000001111101
6077,45971,44.86215,25,8,0000000000000000000000000000000110011111111110000000000011000101
41376,30644,44.862367,0BA,5,0100111100000000000000000000000000101110
26284,45972,44.862792,0AA,8,0010001010101001001000101001111100100010100100100010001010001100
10144,45974,44.86422,260,8,0000000000000000000000000000000000000000111111110111110111100110
18083,45976,44.865785,226,8,0000000000000000000100000000000000000000000000000000000000000000
41377,30648,44.869856,0BA,5,1110000000100010001001000000000010011011
30479,45981,44.872102,24,8,0000001000000010000000100001010001000001111110111000000000000010
6078,45982,44.872348,25,8,0000111111111111000000000000000101111111111110000000000010110011
12784,45983,44.872583,2C1,8,0000000000000011110110010000001100111100110000000001100010111110
26285,45984,44.872808,0AA,8,0010001010101011001000101010001100100010100100100010001010010010
20835,45985,44.873773,0B4,8,0000000000000000000000000000000011110000000010000000010110111001
15774,45986,44.874265,1C6,8,0000000000000000000000000000000110010000000100110000000000000000
1220,45989,44.876772,320,8,0000000000100000000000000000000000000000000000000000000001001011
41378,45958,44.877346,0BA,5,1100011000000000000000000000000010111110
33937,45990,44.878263,1C4,8,0000110010010111000110110000000000000000000000000000000010001011
6079,45993,44.882135,25,8,0000111111111111000000000000000101111111111110000000000010110011
26286,45994,44.882775,0AA,8,0010001010101100001000101010111100100010100101010010001010010001
10145,45996,44.884191,260,8,0000000000000000000000000000000000000000111111110101100111000010
41379,15326,44.884835,0BA,5,0010100100000000000000000000011100101011
30480,45999,44.892089,24,8,0000001000000001000000100001010001000001111111011000000000000011
41380,30663,44.892325,0BA,5,0100111100000000000000000000000000101110
6080,46000,44.892332,25,8,0000111111111111000000000000000101101111111110000000000010100011
26287,46002,44.892765,0AA,8,0010001010101100001000101011011000100010100101110010001010010110
20836,46003,44.893757,0B4,8,0000000000000000000000000000000011110000000010000000010110111001
18084,46008,44.897757,226,8,0000000000000000000100000000000000000000000000000000000000000000
33938,46009,44.898248,1C4,8,0000110010011110000110110000000000000000000000000000000010010010
41381,30668,44.899815,0BA,5,1110000000100010001001000000000010011011
6081,46012,44.90213,25,8,0000111111111111000000000000000101011111111110000000000010010011
12785,46013,44.902364,2C1,8,0000000000000011110110010000001100110110110000000001100010111000
26288,46014,44.902761,0AA,8,0010001010101001001000101011001100100010100110010010001010011001
15775,46017,44.904299,1C6,8,0000000000000000000000000000000110010000000100110000000000000000
10146,46018,44.90454,260,8,0000000000000000000000000000000000000000111111110111000111011010
13465,46019,44.904692,394,3,0
41382,45988,44.907304,0BA,5,1100011000000000000000000000000010111110
30481,46021,44.912075,24,8,0000001000000001000000100001011001000001111111011000000000000101
6082,46022,44.912319,25,8,0000111111111111000000000000000101001111111110000000000010000011
26289,46023,44.912753,0AA,8,0010001010110001001000101011001000100010100110100010001010011011
20837,46024,44.913778,0B4,8,0000000000000000000000000000000011110100000010000000101111000011
41383,15340,44.914794,0BA,5,0010100100000000000000000000010000101000
27843,46026,44.91574,420,8,0000000000000001000000000000000011111111000000001000000010101100
33939,46028,44.918235,1C4,8,0000110010101000000110110000000000000000000000000000000010011100
35229,5683,44.920548,3D3,3,011011000000001000000000
41384,30684,44.922283,0BA,5,0100111100000000000000000000000000101110
6083,46032,44.923128,25,8,0000111111111111000000000000000101001111111110010000000010000100
26290,46033,44.92372,0AA,8,0010001010110010001000101011011100100010101000100010001010100001
10147,46034,44.924139,260,8,0000000000000000000000000000000000000000111111110111000111011010
18085,46037,44.926736,226,8,0000000000000000000100000000000000000000000000000000000000000000
1221,46038,44.927733,320,8,0000000000100000000000000000000000000000000000000000000001001011
41385,30688,44.929773,0BA,5,1110000000100010001001000000000010011011
31614,46041,44.932001,633,8,1000000100000000000000000000000000000000000000000000000000000000
30482,46042,44.932243,24,8,0000001000000000000000100001011001000001111110111000000000000010
6084,46043,44.932485,25,8,0000111111111111000000000000000100111111111110010000000001110100
12786,46044,44.932719,2C1,8,0000000000000011110110010000001100101001110000000001011110101010
26291,46045,44.932949,0AA,8,0010001010111010001000101011110100100010101000000010001010100011
20838,46046,44.933726,0B4,8,0000000000000000000000000000000011110100000010000001000011001000
15776,46047,44.934228,1C6,8,0000000000000000000000000000000110010000000100110000000000000000
43789,1539,44.935308,3BB,5,1011101100000000000000000000000000100110
41386,46015,44.937262,0BA,5,1100011000000000000000000000000010111110
7637,46052,44.937853,3BC,8,0
33940,46053,44.938224,1C4,8,0000110010101101000110110000000000000000000000000000000010100001
35361,44115,44.94026,386,7,11011011000000000000000000000000000001100000000000000011
43443,44143,44.940343,3000000.0,6,101011000000000000000000000000000000000000000000
31519,46056,44.942018,44D,8,0100001000000010000000000000000000000001000000000000000000000000
6085,46057,44.942259,25,8,0000111111111111000000000000000100101111111110010000000001100100
26292,46058,44.942731,0AA,8,0010001010110101001000101100001000100010101010010010001010101000
10148,46059,44.944092,260,8,0000000000000000000000000000000000000000111111110101100111000010
41387,15349,44.944752,0BA,5,0010100100000000000000000000011100101011
43592,11505,44.950442,423,2,10101000010000
30483,46061,44.952055,24,8,0000001000000000000000100001100001000001111110111000000000000100
41388,30707,44.952241,0BA,5,0100111100000000000000000000000000101110
6086,46062,44.952295,25,8,0000111111111111000000000000000100011111111110010000000001010100
26293,46063,44.952693,0AA,8,0010001010111001001000101100011000100010101001110010001010110001
20839,46065,44.953713,0B4,8,0000000000000000000000000000000011111000000010000001011011010010
18086,46070,44.957715,226,8,0000000000000000000100000000000000000000000000000000000000000000
33941,46071,44.958212,1C4,8,0000110010110010000110110000000000000000000000000000000010100110
41389,30713,44.959731,0BA,5,1110000000100010001001000000000010011011
6087,46075,44.962078,25,8,0000111111111111000000000000000100001111111110010000000001000100
12787,46076,44.962313,2C1,8,0000000000000011110100110000001100001001110000000001011110000100
26294,46077,44.962727,0AA,8,0010001011000000001000101100000100100010101011110010001010110100
27904,46078,44.963039,4DC,8,0001110100000000000000000000000000000000000000000000000000000000
10149,46080,44.964139,260,8,0000000000000000000000000000000000000000111111110110011011001111
15777,46081,44.96438,1C6,8,0000000000000000000000000000000110001111000100110000000000000000
210,46082,44.964711,3B7,8,1000
41390,46049,44.96722,0BA,5,1100011000000000000000000000000010111110
11113,46085,44.97167,620,8,0001000000000000000000000000000000000000000000000000000000000000
6088,46087,44.972253,25,8,0000111111111111000000000000000111101111111101010000000000100000
26295,46088,44.972709,0AA,8,0010001011000110001000101100011100100010101011000010001010110110
30484,46089,44.973025,24,8,0000001000000000000000100001100001000001111110101000000000000011
20840,46090,44.973701,0B4,8,0000000000000000000000000000000011111100000010000001110011011100
41391,15364,44.97471,0BA,5,0010100100000000000000000000010000101000
1222,46092,44.975702,320,8,0000000000100000000000000000000000000000000000000000000001001011
33942,46093,44.978191,1C4,8,0000110010110110000110110000000000000000000000000000000010101010
41392,30725,44.982199,0BA,5,0100111100000000000000000000000000101110
1568,46096,44.982904,6F3,8,0010000000000000000000000000000000000000000000000000000000000000
6089,46097,44.983141,25,8,0000111111111111000000000000000111001111111101010000000000000000
26296,46098,44.983679,0AA,8,0010001011001001001000101100100100100010101101110010001010110011
10150,46099,44.984031,260,8,0000000000000000000000000000000000000000111111110100111010110111
18087,46103,44.986693,226,8,0000000000000000000100000000000000000000000000000000000000000000
41393,30730,44.989689,0BA,5,1110000000100010011001000000000011011011
30485,46107,44.992022,24,8,0000001000000000000000100001011001000001111110111000000000000010
6090,46108,44.992262,25,8,0000111111111111000000000000000110111111111101010000000011110000
12788,46109,44.9925,2C1,8,0000000000000011110100000000001100100011110000000001011110011011
26297,46110,44.992724,0AA,8,0010001011000111001000101100110000100010101111000010001010110011
20841,46111,44.993681,0B4,8,0000000000000000000000000000000011111100000010000010000111100001
15778,46112,44.994412,1C6,8,0000000000000000000000000000000110001111000100110000000000000000
41394,46079,44.997179,0BA,5,1100011000000000000000000000000010111110
13561,46115,44.997538,399,8,0000000000000000000000000000000000000000111111110000000000000000
33943,46116,44.99818,1C4,8,0000110010110010000110110000000000000000000000000000000010100110
6091,46119,45.002049,25,8,0000111111111111000000000000000110101111111101010000000011100000
26298,46121,45.002685,0AA,8,0010001011001001001000101101000000100010101110100010001010111100
10151,46122,45.004039,260,8,0000000000000000000000000000000000000000111111110111000111011010
41395,15367,45.004668,0BA,5,0010100100000000000000000000011100101011
11209,46123,45.00747,39A,8,0000000000000000000000000000000100000000000000000000000000000000
30486,46125,45.012036,24,8,0000001000000000000000100001011001000001111111111000000000000110
41396,30748,45.012158,0BA,5,0100111100000000000000000000000000101110
6092,46126,45.012281,25,8,0000111111111110000000000000000101111111111100110000000010101101
26299,46127,45.01268,0AA,8,0010001011001100001000101100110000100010101101100010001010111011
20842,46128,45.01367,0B4,8,0000000000000000000000000000000000000000000010000010011111101011
18088,46132,45.017666,226,8,0000000000000000000100000000000000000000000000000000000000000000
45,46133,45.018034,3B1,8,0000000000000000000000100000101000000000000010000000000000000000
33944,46134,45.01828,1C4,8,0000110010111001000110110000000000000000000000000000000010101101
41397,30751,45.019647,0BA,5,1110000000100010110011000000000001000011
6093,46139,45.022026,25,8,0000111111111110000000000000000101101111111100110000000010011101
12789,46140,45.022268,2C1,8,0000000000000011110100000000001100001100110000000001011110000100
26300,46141,45.022672,0AA,8,0010001011010011001000101101000100100010110000100010001010111100
10152,46144,45.024056,260,8,0000000000000000000000000000000000000000111111110111000111011010
15779,46145,45.024298,1C6,8,0000000000000000000000000000000110001111000100110000000000000000
1223,46146,45.024662,320,8,0000000000100000000000000000000000000000000000000000000001001011
41398,46114,45.027137,0BA,5,1100011000000000000000000000000010111110
30487,46148,45.032017,24,8,0000001000000000000000100001010001000001111111111000000000000100
6094,46149,45.032263,25,8,0000111111111110000000000000000101001111111100110000000001111101
26301,46150,45.032636,0AA,8,0010001011010101001000101101100000100010110001010010001010111100
20843,46151,45.033652,0B4,8,0000000000000000000000000000000000000000000010000010110111110001
41399,15384,45.034626,0BA,5,0010100100000000000000000000010000101000
33945,46155,45.038158,1C4,8,0000110011000101000110110000000000000000000000000000000010111001
14166,46157,45.040568,442,8,0100001100000010000000000000000000000010000000000000000000000000
6095,46159,45.042019,25,8,0000111111111110000000000000000100111111111100010000000001101011
41400,30772,45.042116,0BA,5,0100111100000000000000000000000000101110
26302,46160,45.04266,0AA,8,0010001011011000001000101101101000100010110000000010001011000101
10153,46162,45.043887,260,8,0000000000000000000000000000000000000000111111110110011011001111
18089,46164,45.045652,226,8,0000000000000000000100000000000000000000000000000000000000000000
41401,30776,45.049605,0BA,5,1110000000100011000110000000000010010000
30488,46168,45.051992,24,8,0000000111111111000000100001010001000001111111111000000000000010
6096,46169,45.052232,25,8,0000111111111110000000000000000100011111111100010000000001001011
12790,46170,45.05247,2C1,8,0000000000000011110100000000001100100011110000000001011110011011
26303,46171,45.052701,0AA,8,0010001011011000001000101101011100100010101111000010001011000111
20844,46172,45.053644,0B4,8,0000000000000000000000000000000000000100000010000011001011111010
15780,46173,45.054143,1C6,8,0000000000000000000000000000000110001111000100110000000000000000
41402,46143,45.057095,0BA,5,1100011000000000000000000000000010111110
33946,46176,45.058147,1C4,8,0000110011010000000110110000000000000000000000000000000011000100
6097,46179,45.062008,25,8,0000111111111110000000000000000111111111111100010000000000101011
26304,46180,45.062643,0AA,8,0010001011010010001000101101011100100010101111010010001011001010
10154,46181,45.063755,260,8,0000000000000000000000000000000000000000111111110101100111000010
41403,15391,45.064584,0BA,5,0010100100000000000000000000011100101011
28110,46182,45.066679,6C0,8,1110010000000000000000001110000010000000000000000000000000000000
16525,46184,45.068244,3F9,8,0111010100011000000000100000001010000000000000000000000000010101
31292,46185,45.070546,4A6,8,0000000000000000000000000000000000000000000011010000000000000000
30489,46187,45.071974,24,8,0000000111111111000000100001010001000001111111011000000000000000
41404,30789,45.072074,0BA,5,0100111100000000000000000000000000101110
6098,46188,45.07222,25,8,0000111111111110000000000000000111101111111100000000000000011010
26305,46189,45.072638,0AA,8,0010001011011100001000101101101000100010110001010010001011000010
20845,46190,45.073629,0B4,8,0000000000000000000000000000000000001000000010000011100000000100
18090,46194,45.077625,226,8,0000000000000000000100000000000000000000000000000000000000000000
33947,46195,45.078134,1C4,8,0000110011011100000110110000000000000000000000000000000011010000
1224,46197,45.078621,320,8,0000000000100000000000000000000000000000000000000000000001001011
41405,30794,45.079564,0BA,5,1110000000100011011000000000000011011000
6099,46199,45.081991,25,8,0000111111111110000000000000000111001111111100000000000011111010
12791,46200,45.082228,2C1,8,0000000000000011110010010000001100100011110000000001011110010100
26306,46201,45.082628,0AA,8,0010001011011111001000101101111000100010110001110010001011001010
10155,46203,45.083789,260,8,0000000000000000000000000000000000000000111111110100111010110111
15781,46204,45.084109,1C6,8,0000000000000000000000000000000110001111000100110000000000000000
41406,46175,45.087053,0BA,5,1100011000000000000000000000000010111110
30490,46210,45.091959,24,8,0000001000000000000000100001010001000001111111011000000000000010
6100,46211,45.092199,25,8,0000111111111110000000000000000110101111111100000000000011011010
26307,46212,45.092595,0AA,8,0010001011100010001000101110011100100010110001100010001011010000
20846,46213,45.093611,0B4,8,0000000000000000000000000000000000001000000010000011100000000100
41407,15405,45.094543,0BA,5,0010100100000000000000000000010000101000
33948,46215,45.098243,1C4,8,0000110011100011000110110000000000000000000000000000000011010111
6101,46219,45.101975,25,8,0000111111111110000000000000000110011111111100000000000011001010
41408,30811,45.102032,0BA,5,0100111100000000000000000000000000101110
26308,46220,45.102611,0AA,8,0010001011100100001000101110011100100010110001010010001011010100
10156,46222,45.103773,260,8,0000000000000000000000000000000000000000111111110100001010101011
18091,46224,45.105605,226,8,0000000000000000000100000000000000000000000000000000000000000000
41409,30815,45.109522,0BA,5,1110000000100011100110000000000000010000
30491,46227,45.111941,24,8,0000001000000000000000100001010001000001111111011000000000000010
6102,46228,45.112185,25,8,0000111111111101000000000000000101101111111100000000000010011001
12792,46229,45.112423,2C1,8,0000000000000011110001100000001100100110110000000001011110010100
26309,46230,45.11265,0AA,8,0010001011100111001000101110010000100010110100010010001011010111
20847,46231,45.113593,0B4,8,0000000000000000000000000000000000001100000010000011100000001000
15782,46232,45.114099,1C6,8,0000000000000000000000000000000110001111000100110000000000000000
41410,46202,45.117011,0BA,5,1100011000000000000000000000000010111110
33949,46236,45.118157,1C4,8,0000110011101011000110110000000000000000000000000000000011011111
6103,46239,45.122988,25,8,0000111111111101000000000000000101011111111100000000000010001001
26310,46240,45.123574,0AA,8,0010001011101001001000101110101000100010110011110010001011010010
10157,46241,45.123825,260,8,0000000000000000000000000000000000000000111111110011011010011111
41411,15416,45.124501,0BA,5,0010100100000000000000000000011100101011
1225,46242,45.124596,320,8,0000000000100000000000000000000000000000000000000000000001001011
30492,46244,45.13193,24,8,0000001000000000000000100001011001000001111110111000000000000010
41412,30832,45.13199,0BA,5,0100111100000000000000000000000000101110
6104,46245,45.132172,25,8,0000111111111101000000000000000100111111111100100000000001101011
26311,46246,45.13259,0AA,8,0010001011101011001000101110111000100010110101100010001011010100
20848,46248,45.13358,0B4,8,0000000000000000000000000000000000001100000010000011110100001101
18092,46252,45.137581,226,8,0000000000000000000100000000000000000000000000000000000000000000
21741,46253,45.137822,443,8,0100110100000010000000000010111100000110000000000000000000000000
33950,46254,45.138126,1C4,8,0000110100000000000110110000000000000000000000000000000011110101
34902,46256,45.13857,3C3,8,0100011000011110100100100100111011101110010110010000001110001000
41413,30836,45.13948,0BA,5,1110000000100011110100000000000001001000
6105,46259,45.141944,25,8,0000111111111101000000000000000100101111111100100000000001011011
12793,46260,45.142181,2C1,8,0000000000000011110000110000001100100110110000000001011110010001
26312,46261,45.142583,0AA,8,0010001011101110001000101110111000100010110011010010001011011100
10158,46263,45.143745,260,8,0000000000000000000000000000000000000000111111110100001010101011
15783,46264,45.144067,1C6,8,0000000000000000000000000000000110010000000100110000000000000000
41414,46234,45.146969,0BA,5,1100011000000000000000000000000010111110
30493,46269,45.151915,24,8,0000001000000000000000100001011001000001111111011000000000000100
6106,46270,45.152158,25,8,0000111111111101000000000000000100011111111100100000000001001011
26313,46271,45.152546,0AA,8,0010001011101110001000101110111000100010110101110010001011011100
20849,46272,45.153561,0B4,8,0000000000000000000000000000000000010000000010000100001100010111
41415,15429,45.154459,0BA,5,0010100100000000000000000000010000101000
34797,46274,45.154824,4DF,8,0010000000000000000000000000000100000000000000000000000000000000
33951,46275,45.15814,1C4,8,0000110100001010000110110000000000000000000000000000000011111111
6107,46278,45.161931,25,8,0000111111111101000000000000000100001111111100100000000000111011
41416,30849,45.161949,0BA,5,0100111100000000000000000000000000101110
26314,46279,45.162569,0AA,8,0010001011110011001000101111000100100010110101110010001011010111
10159,46280,45.163529,260,8,0000000000000000000000000000000000000000111111110011011010011111
18093,46283,45.165562,226,8,0000000000000000000100000000000000000000000000000000000000000000
41417,30854,45.169438,0BA,5,1110000000100011111110000000000001110000
30494,46288,45.171902,24,8,0000001000000000000000100001011001000001111110111000000000000010
6108,46289,45.172149,25,8,0000111111111101000000000000000111111111111101000000000000101101
12794,46290,45.172383,2C1,8,0000000000000011110000000000001100101100110000000001011110010100
26315,46291,45.172607,0AA,8,0010001011110100001000101111011000100010110111010010001011011101
7698,46292,45.172849,611,8,0010000100000000000000000001000000000000000000000011110101101100
20850,46293,45.173547,0B4,8,0000000000000000000000000000000000010100000010000100100100100001
15784,46294,45.17406,1C6,8,0000000000000000000000000000000110010000000100110000000000000000
1226,46297,45.17655,320,8,0000000000100000000000000000000000000000000000000000000001001011
41418,46262,45.176928,0BA,5,1100011000000000000000000000000010111110
33952,46298,45.17811,1C4,8,0000110100010010000110110000000000000000000000000000000000000111
35230,46083,45.180204,3D3,3,111001010000001011000110
6109,46301,45.181922,25,8,0000111111111101000000000000000111101111111101100000000000011111
26316,46303,45.182615,0AA,8,0010001011111010001000110000000100100010110110010010001011011110
10160,46305,45.183755,260,8,0000000000000000000000000000000000000000111111110100111010110111
41419,15433,45.184417,0BA,5,0010100100000000000000000000011100101011
30495,46307,45.191892,24,8,0000001000000000000000100001100001000001111110111000000000000100
41420,30872,45.191907,0BA,5,0100111100000000000000000000000000101110
6110,46308,45.192135,25,8,0000111111111101000000000000000111011111111101100000000000001111
26317,46309,45.192551,0AA,8,0010001011111010001000110000000100100010111000010010001011101000
20851,46310,45.193534,0B4,8,0000000000000000000000000000000000010100000010000100111000100110
18094,46314,45.197537,226,8,0000000000000000000100000000000000000000000000000000000000000000
33953,46315,45.198044,1C4,8,0000110100011101000110110000000000000000000000000000000000010010
41421,30874,45.199396,0BA,5,1110000000100100001000000000000010011001
6111,46319,45.201896,25,8,0000111111111101000000000000000111001111111101100000000011111111
12795,46320,45.202137,2C1,8,0000000000000011101101100000001100110011110000000001011110010001
26318,46321,45.202545,0AA,8,0010001011111011001000110000000000100010111001100010001011101001
10161,46323,45.2037,260,8,0000000000000000000000000000000000000000111111110100001010101011
13466,46324,45.203855,394,3,0
15785,46325,45.204098,1C6,8,0000000000000000000000000000000110010000000100110000000000000000
41422,46296,45.206886,0BA,5,1100011000000000000000000000000010111110
30496,46327,45.211902,24,8,0000000111111111000000100001101001000001111110111000000000000100
6112,46328,45.212146,25,8,0000111111111101000000000000000111001111111101100000000011111111
26319,46329,45.212507,0AA,8,0010001011111111001000110000010100100010111010100010001011101010
20852,46330,45.213553,0B4,8,0000000000000000000000000000000000011000000010000101010000110000
41423,15448,45.214375,0BA,5,0010100100000000000000000000010000101000
33954,46335,45.218112,1C4,8,0000110100100001000110110000000000000000000000000000000000010110
11270,46337,45.218594,4C8,8,0000100100000000000000000000000000000000000000000000000000000000
41424,30891,45.221865,0BA,5,0100111100000000000000000000000000101110
6113,46339,45.221885,25,8,0000111111111101000000000000000111001111111101100000000011111111
26320,46340,45.222527,0AA,8,0010001100000001001000110000101100100010111011000010001011101011
10162,46341,45.223494,260,8,0000000000000000000000000000000000000000111111110011011010011111
18095,46344,45.225519,226,8,0000000000000000000100000000000000000000000000000000000000000000
1227,46345,45.226517,320,8,0000000000100000000000000000000000000000000000000000000001001011
41425,30895,45.229354,0BA,5,1110000000100100001011000000000010100101
30497,46349,45.231889,24,8,0000000111111111000000100001100001000001111110111000000000000010
6114,46350,45.23213,25,8,0000111111111101000000000000000110111111111101110000000011110000
12796,46351,45.232365,2C1,8,0000000000000011101111000000001100111001110000000001011110011101
26321,46352,45.232591,0AA,8,0010001100000100001000110001001000100010111011010010001011110111
43790,3088,45.232893,3BB,5,1010010100000000000000000000000000000000
20853,46353,45.233502,0B4,8,0000000000000000000000000000000000011000000010000101101000110110
15786,46354,45.234021,1C6,8,0000000000000000000000000000000110010000000100110000000000000000
41426,46322,45.236844,0BA,5,1100011000000000000000000000000010111110
33955,46358,45.238015,1C4,8,0000110100100101000110110000000000000000000000000000000000011010
31520,46360,45.241277,44D,8,0100001000000010000000000000000000000001000000000000000000000000
6115,46362,45.241868,25,8,0000111111111101000000000000000110111111111110010000000011110010
26322,46363,45.242513,0AA,8,0010001100000110001000110001010100100010111101100010001011111010
10163,46364,45.243492,260,8,0000000000000000000000000000000000000000111111110100111010110111
41427,15456,45.244334,0BA,5,0010100100000000000000000000011100101011
41428,30909,45.251823,0BA,5,0100111100000000000000000000000000101110
30498,46367,45.251851,24,8,0000000111111111000000100001101001000001111110101000000000000011
6116,46368,45.252093,25,8,0000111111111101000000000000000110111111111110100000000011110011
26323,46369,45.252509,0AA,8,0010001100001010001000110001000000100010111101010010001011111111
20854,46370,45.253526,0B4,8,0000000000000000000000000000000000011100000010000101111100111111
18096,46374,45.257493,226,8,0000000000000000000100000000000000000000000000000000000000000000
16328,46375,45.25774,4C1,8,0000000100000000000000010000000100000000000000000000000000000000
33956,46376,45.258001,1C4,8,0000110100110001000110110000000000000000000000000000000000100110
41429,30913,45.259313,0BA,5,1110000000100100001110000000000010110001
6117,46379,45.261853,25,8,0000111111111101000000000000000110101111111110100000000011100011
12797,46380,45.26209,2C1,8,0000000000000011101110010000001100111100110000000001011110011101
26324,46381,45.2625,0AA,8,0010001100010001001000110001010000100010111110110010001011111111
10164,46382,45.263493,260,8,0000000000000000000000000000000000000000111111110100001010101011
15787,46384,45.263986,1C6,8,0000000000000000000000000000000110001111000100110000000000000000
211,46386,45.264499,3B7,8,1000
41430,46356,45.266802,0BA,5,1100011000000000000000000000000010111110
11114,46387,45.271374,620,8,0001000000000000000000000000000000000000000000000000000000000000
30499,46389,45.271837,24,8,0000000111111111000000100001101001000001111110001000000000000001
6118,46390,45.272079,25,8,0000111111111101000000000000000110101111111110110000000011100100
26325,46391,45.272491,0AA,8,0010001100010110001000110001100100100010111110110010001100000101
20855,46392,45.273473,0B4,8,0000000000000000000000000000000000100000000010000110010101001001
41431,15470,45.274292,0BA,5,0010100100000000000000000000010000101000
1228,46394,45.275478,320,8,0000000000100000000000000000000000000000000000000000000001001011
33957,46395,45.278016,1C4,8,0000110100111010000110110000000000000000000000000000000000101111
41432,30931,45.281781,0BA,5,0100111100000000000000000000000000101110
6119,46401,45.282868,25,8,0000111111111101000000000000000110101111111111000000000011100101
10165,46402,45.283411,260,8,0000000000000000000000000000000000000000111111110100111010110111
26326,46403,45.283646,0AA,8,0010001100011000001000110001111100100011000001010010001100000011
43593,45670,45.285893,423,2,1000100000000
18097,46406,45.286474,226,8,0000000000000000000100000000000000000000000000000000000000000000
41433,30933,45.289271,0BA,5,1110000000100100011010000000000011100001
30500,46410,45.291823,24,8,0000000111111111000000100001100001000001111110101000000000000001
6120,46411,45.29207,25,8,0000111111111101000000000000000110101111111111000000000011100101
12798,46412,45.292305,2C1,8,0000000000000011101101100000001101010011110000000001011110110001
26327,46413,45.292536,0AA,8,0010001100010110001000110010001000100011000000000010001100001011
20856,46414,45.293456,0B4,8,0000000000000000000000000000000000100000000010000110101001001110
15788,46415,45.293977,1C6,8,0000000000000000000000000000000110001111000100110000000000000000
41434,46383,45.29676,0BA,5,1100011000000000000000000000000010111110
33958,46419,45.297972,1C4,8,0000110101000000000110110000000000000000000000000000000000110101
7864,46421,45.301255,610,8,0010000000000000000101010110010011000000000000001000110001000000
6121,46423,45.30187,25,8,0000111111111101000000000000000110101111111111000000000011100101
26328,46424,45.30247,0AA,8,0010001100011011001000110010000000100011000000010010001100000110
10166,46425,45.303368,260,8,0000000000000000000000000000000000000000111111110111000111011010
41435,15478,45.30425,0BA,5,0010100100000000000000000000011100101011
41436,30952,45.311739,0BA,5,0100111100000000000000000000000000101110
30501,46427,45.311807,24,8,0000000111111110000000100001100001000001111110111000000000000001
6122,46428,45.312049,25,8,0000111111111101000000000000000110101111111111010000000011100110
26329,46429,45.312431,0AA,8,0010001100011101001000110010000100100011000010100010001100001101
20857,46431,45.313603,0B4,8,0000000000000000000000000000000000100100000010000111000001011000
18098,46435,45.317448,226,8,0000000000000000000100000000000000000000000000000000000000000000
16526,46436,45.317849,3F9,8,0111010100011000000000100000001010000000000000000000000000010101
33959,46437,45.318127,1C4,8,0000110101000101000110110000000000000000000000000000000000111010
41437,30956,45.319229,0BA,5,1110000000100100011100000000000011101001
6123,46440,45.321811,25,8,0000111111111101000000000000000110101111111111010000000011100110
12799,46441,45.322045,2C1,8,0000000000000011101100110000001101010011110000000001011110101110
26330,46442,45.322453,0AA,8,0010001100100100001000110010100000100011000011110010001100001100
10167,46443,45.323292,260,8,0000000000000000000000000000000000000000111111110111110111100110
15789,46445,45.323944,1C6,8,0000000000000000000000000000000110001111000100110000000000000000
1229,46446,45.324441,320,8,0000000000100000000000000000000000000000000000000000000001001011
41438,46417,45.326719,0BA,5,1100011000000000000000000000000010111110
30502,46449,45.331795,24,8,0000000111111110000000100001100001000001111110111000000000000001
6124,46450,45.332037,25,8,0000111111111101000000000000000110101111111111010000000011100110
26331,46451,45.332444,0AA,8,0010001100101001001000110010101000100011000011110010001100010100
20858,46452,45.333431,0B4,8,0000000000000000000000000000000000100100000010000111011001011110
41439,15489,45.334208,0BA,5,0010100100000000000000000000010000101000
33960,46455,45.337947,1C4,8,0000110101010001000110110000000000000000000000000000000001000110
14167,46457,45.340209,442,8,0100001100000010000000000000000000000010000000000000000000000000
13937,46458,45.340478,622,8,0001001000000000000000000000000000000000000000000000000000000000
41440,30971,45.341698,0BA,5,0100111100000000000000000000000000101110
6125,46460,45.341795,25,8,0000111111111101000000000000000110101111111111010000000011100110
26332,46461,45.342437,0AA,8,0010001100101101001000110010101000100011000010010010001100011000
10168,46462,45.343127,260,8,0000000000000000000000000000000000000000111111110110011011001111
18099,46466,45.345431,226,8,0000000000000000000100000000000000000000000000000000000000000000
41441,30975,45.349187,0BA,5,1110000000100100011100000000000011101001
30503,46471,45.351782,24,8,0000000111111110000000100001101001000001111110111000000000000011
6126,46472,45.352025,25,8,0000111111111101000000000000000110101111111111100000000011100111
12800,46473,45.35226,2C1,8,0000000000000011101011000000001101011100110000000001011110110000
26333,46474,45.352485,0AA,8,0010001100100100001000110010101000100011000011110010001100011011
20859,46475,45.353414,0B4,8,0000000000000000000000000000000000101000000010001000000101101101
15790,46476,45.353937,1C6,8,0000000000000000000000000000000110010000000100110000000000000000
41442,46444,45.356677,0BA,5,1100011000000000000000000000000010111110
33961,46479,45.357966,1C4,8,0000110101010110000110110000000000000000000000000000000001001011
6127,46482,45.36178,25,8,0000111111111101000000000000000110101111111111100000000011100111
26334,46483,45.362427,0AA,8,0010001100101111001000110010111100100011000101000010001100011110
10169,46485,45.363116,260,8,0000000000000000000000000000000000000000111111110111000111011010
41443,15494,45.364166,0BA,5,0010100100000000000000000000011100101011
28111,46486,45.365969,6C0,8,1110010000000000000000001110000010000000000000000000000000000000
41444,30990,45.371656,0BA,5,0100111100000000000000000000000000101110
30504,46488,45.371768,24,8,0000000111111110000000100001101001000001111110111000000000000011
6128,46489,45.372013,25,8,0000111111111101000000000000000110101111111111100000000011100111
26335,46490,45.372413,0AA,8,0010001100110010001000110011010000100011000101000010001100011010
20860,46491,45.373397,0B4,8,0000000000000000000000000000000000101100000010001000011101110111
18100,46495,45.377404,226,8,0000000000000000000100000000000000000000000000000000000000000000
33962,46496,45.37792,1C4,8,0000110101011100000110110000000000000000000000000000000001010001
1230,46498,45.378401,320,8,0000000000100000000000000000000000000000000000000000000001001011
41445,30992,45.379145,0BA,5,1110000000100100011100000000000011101001
6129,46501,45.381768,25,8,0000111111111101000000000000000110101111111111100000000011100111
12801,46502,45.382004,2C1,8,0000000000000011101001100000001101011100110000000001011110101010
26336,46503,45.382414,0AA,8,0010001100110111001000110011101100100011000110100010001100011111
10170,46504,45.383243,260,8,0000000000000000000000000000000000000000111111110111000111011010
15791,46506,45.383908,1C6,8,0000000000000000000000000000000110010000000100110000000000000000
41446,46478,45.386635,0BA,5,1100011000000000000000000000000010111110
30505,46509,45.391753,24,8,0000000111111110000000100001101101000001111111011000000000000110
6130,46510,45.391998,25,8,0000111111111101000000000000000110101111111111100000000011100111
26337,46511,45.392373,0AA,8,0010001100111001001000110011111000100011000101100010001100101011
31675,46512,45.392619,389,8,0000000000100000000000000000000000000000000000000000000000000000
13876,46513,45.392863,4C6,8,0000011100000000000000110000000000000000000000000000000000000000
20861,46514,45.39339,0B4,8,0000000000000000000000000000000000101100000010001000110001111100
41447,15508,45.394124,0BA,5,0010100100000000000000000000010000101000
33963,46517,45.397909,1C4,8,0000110101101100000110110000000000000000000000000000000001100001
41448,31011,45.401614,0BA,5,0100111100000000000000000000000000101110
6131,46520,45.402773,25,8,0000111111111101000000000000000110101111111111100000000011100111
10171,46521,45.403016,260,8,0000000000000000000000000000000000000000111111110111000111011010
26338,46522,45.403366,0AA,8,0010001100111001001000110011110100100011001000010010001100101011
18101,46525,45.406384,226,8,0000000000000000000100000000000000000000000000000000000000000000
41449,31015,45.409103,0BA,5,1110000000100100011010000000000011100001
30506,46531,45.41184,24,8,0000000111111110000000100001101101000001111111011000000000000110
6132,46532,45.412084,25,8,0000111111111101000000000000000110101111111111100000000011100111
12802,46533,45.412316,2C1,8,0000000000000011101000110000001101010000110000000001011110011011
26339,46534,45.412546,0AA,8,0010001101000000001000110100000000100011000111110010001100101110
20862,46535,45.413371,0B4,8,0000000000000000000000000000000000110000000010001001001010000110
15792,46536,45.413897,1C6,8,0000000000000000000000000000000110010000000100110000000000000000
41450,46505,45.416593,0BA,5,1100011000000000000000000000000010111110
33964,46540,45.417893,1C4,8,0000110101110100000110110000000000000000000000000000000001101001
6133,46543,45.421739,25,8,0000111111111101000000000000000110101111111111100000000011100111
26340,46544,45.422377,0AA,8,0010001101000010001000110100010100100011001001110010001100101000
10172,46545,45.422957,260,8,0000000000000000000000000000000000000000111111111000100111110010
1231,46546,45.423369,320,8,0000000000100000000000000000000000000000000000000000000001001011
41451,15516,45.424083,0BA,5,0010100100000000000000000000011100101011
13682,46547,45.425978,4B7,8,1110001001011111001000001111000000001000111010100000000100001000
41452,31029,45.431572,0BA,5,0100111100000000000000000000000000101110
6134,46550,45.43173,25,8,0000111111111101000000000000000110101111111111110000000011101000
30507,46551,45.431975,24,8,0000000111111111000000100001101101000001111111011000000000000111
26341,46552,45.432372,0AA,8,0010001101000100001000110100100100100011001000110010001100110001
20863,46553,45.433358,0B4,8,0000000000000000000000000000000000110100000010001001011110001111
18102,46557,45.43736,226,8,0000000000000000000100000000000000000000000000000000000000000000
21742,46558,45.437601,443,8,0100110100000010000000000010111100000110000000000000000000000000
33965,46559,45.437888,1C4,8,0000110110000000000110110000000000000000000000000000000001110101
41453,31034,45.439062,0BA,5,1110000000100100010001000000000010111101
35231,5749,45.439861,3D3,3,011011000000001000000000
6135,46563,45.441725,25,8,0000111111111101000000000000000110101111111111110000000011101000
12803,46564,45.441962,2C1,8,0000000000000011101000000000001101100011110000000001011110101011
26342,46565,45.442364,0AA,8,0010001101000110001000110100100000100011001010100010001100110011
10173,46566,45.442976,260,8,0000000000000000000000000000000000000000111111111000100111110010
15793,46568,45.443865,1C6,8,0000000000000000000000000000000110010000000100110000000000000000
41454,46538,45.446551,0BA,5,1100011000000000000000000000000010111110
30508,46571,45.451716,24,8,0000000111111111000000100001101101000001111111011000000000000111
6136,46572,45.451959,25,8,0000111111111101000000000000000110101111111111110000000011101000
26343,46573,45.452328,0AA,8,0010001101001010001000110100100000100011001010100010001100110011
306,46574,45.452576,38F,8,0000000100000000000000000000000000000000000000000000000000000000
20864,46575,45.45334,0B4,8,0000000000000000000000000000000000110100000010001001110110010101
41455,15527,45.454041,0BA,5,0010100100000000000000000000010000101000
33966,46577,45.457892,1C4,8,0000110110000110000110110000000000000000000000000000000001111011
41456,31050,45.46153,0BA,5,0100111100000000000000000000000000101110
6137,46581,45.461709,25,8,0000111111111101000000000000000110101111111111110000000011101000
26344,46582,45.462348,0AA,8,0010001101001010001000110101001100100011001011100010001100110100
10174,46583,45.462978,260,8,0000000000000000000000000000000000000000111111110111110111100110
18103,46586,45.465341,226,8,0000000000000000000100000000000000000000000000000000000000000000
41457,31053,45.46902,0BA,5,1110000000100100001100000000000010101001
6138,46589,45.471699,25,8,0000111111111101000000000000000110101111111111110000000011101000
30509,46590,45.471943,24,8,0000000111111111000000100001101101000001111111011000000000000111
12804,46591,45.472176,2C1,8,0000000000000011100111000000001101111001110000000001011110111101
26345,46592,45.472399,0AA,8,0010001101001110001000110101101100100011001101000010001100111001
20865,46593,45.473332,0B4,8,0000000000000000000000000000000000111000000010001010001110011111
15794,46594,45.473854,1C6,8,0000000000000000000000000000000110010000000100110000000000000000
1232,46599,45.47633,320,8,0000000000100000000000000000000000000000000000000000000001001011
41458,46567,45.476509,0BA,5,1100011000000000000000000000000010111110
33967,46601,45.477851,1C4,8,0000110110001110000110110000000000000000000000000000000010000011
34739,46604,45.482695,380,8,0
6139,46605,45.482939,25,8,0000111111111101000000000000000110101111111111110000000011101000
10175,46606,45.483184,260,8,0000000000000000000000000000000000000000111111111000100111110010
26346,46607,45.483409,0AA,8,0010001101001111001000110101100100100011001110100010001100111111
41459,15535,45.483999,0BA,5,0010100100000000000000000000011100101011
41460,31072,45.491488,0BA,5,0100111100000000000000000000000000101110
6140,46612,45.491731,25,8,0000111111111101000000000000000110101111111111110000000011101000
30510,46613,45.491932,24,8,0000000111111111000000100001101001000001111110111000000000000100
26347,46614,45.492327,0AA,8,0010001101010111001000110101100100100011001110000010001101000001
20866,46615,45.49331,0B4,8,0000000000000000000000000000000000111000000010001010100010100100
18104,46620,45.497319,226,8,0000000000000000000100000000000000000000000000000000000000000000
33968,46621,45.497835,1C4,8,0000110110011101000110110000000000000000000000000000000010010010
41461,31075,45.498978,0BA,5,1110000000100100010111000000000011010101
6141,46624,45.501676,25,8,0000111111111101000000000000000110101111111111110000000011101000
12805,46625,45.501914,2C1,8,0000000000000011101000000000001101110110110000000001011110111110
28230,46626,45.502157,619,8,0010001100000000000000000000000000010000000000000111000001000000
26348,46627,45.502385,0AA,8,0010001101011000001000110101111000100011001111110010001101001000
10176,46628,45.502905,260,8,0000000000000000000000000000000000000000111111110111110111100110
13467,46629,45.503057,394,3,0
15795,46631,45.503825,1C6,8,0000000000000000000000000000000110010000000100110000000000000000
41462,46597,45.506468,0BA,5,1100011000000000000000000000000010111110
6142,46634,45.511671,25,8,0000111111111101000000000000000110101111111111110000000011101000
30511,46635,45.511916,24,8,0000000111111111000000100001101101000001111110111000000000000101
26349,46636,45.512283,0AA,8,0010001101011011001000110101111000100011010000110010001101001001
20867,46637,45.513295,0B4,8,0000000000000000000000000000000000111100000010001010111010101110
41463,15549,45.513957,0BA,5,0010100100000000000000000000010000101000
33969,46639,45.517826,1C4,8,0000110110100101000110110000000000000000000000000000000010011010
41464,31089,45.521447,0BA,5,0100111100000000000000000000000000101110
6143,46642,45.521658,25,8,0000111111111101000000000000000110101111111111110000000011101000
26350,46643,45.522301,0AA,8,0010001101011011001000110110111000100011010011000010001101001100
10177,46644,45.52285,260,8,0000000000000000000000000000000000000000111111111000100111110010
18105,46647,45.5253,226,8,0000000000000000000100000000000000000000000000000000000000000000
1233,46649,45.526449,320,8,0000000000100000000000000000000000000000000000000000000001001011
41465,31094,45.528936,0BA,5,1110000000100100011100000000000011101001
43791,45977,45.530478,3BB,5,0111000000000000001000001010011000000000
6144,46652,45.531655,25,8,0000111111111101000000000000000110101111111111110000000011101000
30512,46653,45.5319,24,8,0000000111111111000000100001101101000001111110111000000000000101
12806,46654,45.532147,2C1,8,0000000000000011100101100000001101011100110000000001011110011010
26351,46655,45.53236,0AA,8,0010001101011110001000110110110000100011010010000010001101010101
20868,46656,45.533283,0B4,8,0000000000000000000000000000000001000000000010001011010010111000
15796,46657,45.533814,1C6,8,0000000000000000000000000000000110010000000100110000000000000000
41466,46630,45.536426,0BA,5,1100011000000000000000000000000010111110
33970,46661,45.537808,1C4,8,0000110110101011000110110000000000000000000000000000000010100000
35362,783,45.539463,386,7,01001110000000000000000000000000000000000000000010110001
31521,46664,45.540549,44D,8,0100001000000010000000000000000000000001000000000000000000000000
6145,46667,45.541635,25,8,0000111111111101000000000000000110101111111111110000000011101000
26352,46668,45.542287,0AA,8,0010001101100111001000110110110100100011010011010010001101011001
10178,46670,45.542816,260,8,0000000000000000000000000000000000000000111111111010000100001010
41467,15553,45.543915,0BA,5,0010100100000000000000000000011100101011
41468,31110,45.551405,0BA,5,0100111100000000000000000000000000101110
6146,46672,45.551625,25,8,0000111111111101000000000000000110101111111111110000000011101000
30513,46673,45.551871,24,8,0000000111111111000000100001101101000001111110101000000000000100
26353,46674,45.552278,0AA,8,0010001101101101001000110110111000100011010011100010001101011110
20869,46675,45.553298,0B4,8,0000000000000000000000000000000001000000000010001011100110111101
18106,46679,45.557272,226,8,0000000000000000000100000000000000000000000000000000000000000000
33971,46680,45.557795,1C4,8,0000110110110111000110110000000000000000000000000000000010101100
41469,31113,45.558894,0BA,5,1110000000100100011100000000000011101001
6147,46684,45.561616,25,8,0000111111111101000000000000000110101111111111110000000011101000
12807,46685,45.561854,2C1,8,0000000000000011100100110000001101100000110000000001011110011011
26354,46686,45.562273,0AA,8,0010001101101110001000110111001000100011010101100010001101011000
10179,46687,45.562781,260,8,0000000000000000000000000000000000000000111111111010110100010110
15797,46689,45.56378,1C6,8,0000000000000000000000000000000110001111000100110000000000000000
212,46690,45.564272,3B7,8,1000
41470,46659,45.566384,0BA,5,1100011000000000000000000000000010111110
16527,46691,45.568123,3F9,8,0111010100011000000000100000001010000000000000000000000000010101
11115,46692,45.57094,620,8,0001000000000000000000000000000000000000000000000000000000000000
6148,46694,45.571613,25,8,0000111111111101000000000000000110101111111111110000000011101000
30514,46695,45.571858,24,8,0000000111111111000000100001101001000001111110001000000000000001
26355,46696,45.572267,0AA,8,0010001101101110001000110111011100100011010111000010001101011011
20870,46697,45.573255,0B4,8,0000000000000000000000000000000001000100000010001100010011001100
41471,15569,45.573873,0BA,5,0010100100000000000000000000010000101000
1234,46699,45.575259,320,8,0000000000100000000000000000000000000000000000000000000001001011
14261,46701,45.576256,60.0,8,1010000100000000000000000000000000000000011100000000000000000000
33972,46702,45.577783,1C4,8,0000110110111110000110110000000000000000000000000000000010110011
41472,31132,45.581363,0BA,5,0100111100000000000000000000000000101110
10180,46706,45.582555,260,8,0000000000000000000000000000000000000000111111111011100000100001
6149,46707,45.582799,25,8,0000111111111101000000000000000110101111111111110000000011101000
26356,46708,45.58323,0AA,8,0010001101110100001000110111100100100011010111000010001101100010
18107,46711,45.586252,226,8,0000000000000000000100000000000000000000000000000000000000000000
41473,31136,45.588853,0BA,5,1110000000100100011100000000000011101001
6150,46715,45.591609,25,8,0000111111111101000000000000000110101111111111110000000011101000
30515,46716,45.591854,24,8,0000000111111110000000100001101001000001111110111000000000000011
26357,46718,45.59226,0AA,8,0010001101111000001000110111100000100011010110110010001101101000
12808,46719,45.592495,2C1,8,0000000000000011100100000000001101100011110000000001011110011011
20871,46720,45.593236,0B4,8,0000000000000000000000000000000001001000000010001100101011010110
15798,46721,45.593773,1C6,8,0000000000000000000000000000000110001111000100110000000000000000
41474,46688,45.596342,0BA,5,1100011000000000000000000000000010111110
33973,46724,45.597774,1C4,8,0000110111000101000110110000000000000000000000000000000010111010
7758,46726,45.598435,435,8,1000000000000101000001011111111111100000001111110000000000000011
6151,46728,45.601582,25,8,0000111111111101000000000000000110101111111111110000000011101000
26358,46729,45.602258,0AA,8,0010001101111111001000110111110000100011011001010010001101100010
10181,46730,45.602505,260,8,0000000000000000000000000000000000000000111111111011100000100001
41475,15575,45.603832,0BA,5,0010100100000000000000000000011100101011
10948,46733,45.605489,436,8,0
41476,31148,45.611321,0BA,5,0100111100000000000000000000000000101110
6152,46736,45.611567,25,8,0000111111111101000000000000000110101111111111110000000011101000
30516,46737,45.611814,24,8,0000000111111110000000100001101001000001111111011000000000000101
26359,46738,45.612245,0AA,8,0010001101111110001000111000000100100011011000110010001101101011
20872,46739,45.613229,0B4,8,0000000000000000000000000000000001001000000010001101000011011100
18108,46743,45.617228,226,8,0000000000000000000100000000000000000000000000000000000000000000
33974,46744,45.617757,1C4,8,0000110111010011000110110000000000000000000000000000000011001000
41477,31152,45.618811,0BA,5,1110000000100100011100000000000011101001
43594,3051,45.621344,423,2,11100000000
6153,46747,45.621562,25,8,0000111111111101000000000000000110101111111111110000000011101000
12809,46748,45.621797,2C1,8,0000000000000011100010010000001101100110110000000001011110010111
26360,46749,45.622237,0AA,8,0010001110000010001000111000010100100011011010000010001101101101
10182,46750,45.62252,260,8,0000000000000000000000000000000000000000111111111011100000100001
15799,46752,45.623738,1C6,8,0000000000000000000000000000000110001111000100110000000000000000
1235,46753,45.624222,320,8,0000000000100000000000000000000000000000000000000000000001001011
34981,46755,45.625219,4C3,8,0000001100000000000000000000000100000000000000000000000000000000
41478,46723,45.6263,0BA,5,1100011000000000000000000000000010111110
6154,46757,45.631551,25,8,0000111111111101000000000000000110101111111111110000000011101000
30517,46758,45.631794,24,8,0000000111111110000000100001101101000001111111111000000000001000
26361,46759,45.632224,0AA,8,0010001101111111001000111000011100100011011001000010001101110011
13814,46760,45.632473,434,8,0100001000000000000000000000000000000000000000000000000000000000
20873,46761,45.633207,0B4,8,0000000000000000000000000000000001001100000010001101010111100101
41479,15586,45.63379,0BA,5,0010100100000000000000000000010000101000
33975,46764,45.637779,1C4,8,0000110111011010000110110000000000000000000000000000000011001111
34903,46766,45.638145,3C3,8,0100011000011110100100100100111011101110010110010000001110001000
28205,46767,45.639404,437,8,1111110011111111111111111111111111111111111111111111111111111111
14168,46768,45.639842,442,8,0100001100000010000000000000000000000010000000000000000000000000
41480,31172,45.641279,0BA,5,0100111100000000000000000000000000101110
6155,46771,45.64155,25,8,0000111111111101000000000000000110101111111111110000000011101000
26362,46772,45.642215,0AA,8,0010001110001011001000111000100000100011011011000010001101110010
10183,46773,45.642459,260,8,0000000000000000000000000000000000000000111111111011100000100001
18109,46776,45.645207,226,8,0000000000000000000100000000000000000000000000000000000000000000
41481,31174,45.648769,0BA,5,1110000000100100011100000000000011101001
6156,46779,45.651566,25,8,0000111111111101000000000000000110101111111111110000000011101000
30518,46780,45.651808,24,8,0000000111111110000000100001101101000001111111011000000000000110
12810,46781,45.652048,2C1,8,0000000000000011100000110000001101011001110000000001011110000100
26363,46782,45.652271,0AA,8,0010001110001100001000111000100100100011011011010010001101111001
20874,46783,45.653194,0B4,8,0000000000000000000000000000000001010000000010001101101111101111
15800,46784,45.65373,1C6,8,0000000000000000000000000000000110001111000100110000000000000000
41482,46751,45.656258,0BA,5,1100011000000000000000000000000010111110
33976,46788,45.657724,1C4,8,0000110111101000000110110000000000000000000000000000000011011101
6157,46791,45.661532,25,8,0000111111111101000000000000000110101111111111110000000011101000
26364,46792,45.662202,0AA,8,0010001110001100001000111001010100100011011100110010001101111001
10184,46793,45.662454,260,8,0000000000000000000000000000000000000000111111111100010100101110
41483,15595,45.663748,0BA,5,0010100100000000000000000000011100101011
28112,46794,45.665225,6C0,8,1110010000000000000000001110000010000000000000000000000000000000
41484,31191,45.671238,0BA,5,0100111100000000000000000000000000101110
6158,46798,45.671526,25,8,0000111111111101000000000000000110101111111111110000000011101000
30519,46799,45.671768,24,8,0000000111111110000000100001101101000001111111011000000000000110
26365,46800,45.672195,0AA,8,0010001110010001001000111001011100100011011011010010001110000010
20875,46801,45.673179,0B4,8,0000000000000000000000000000000001010000000010001110000111110101
18110,46807,45.677183,226,8,0000000000000000000100000000000000000000000000000000000000000000
33977,46808,45.677717,1C4,8,0000110111110000000110110000000000000000000000000000000011100101
1236,46810,45.678182,320,8,0000000000100000000000000000000000000000000000000000000001001011
41485,31195,45.678727,0BA,5,1110000000100100011100000000000011101001
6159,46812,45.681521,25,8,0000111111111101000000000000000110100000000000000000000011011010
12811,46813,45.68176,2C1,8,0000000000000011100000110000001101011001110000000001011110000100
26366,46814,45.682187,0AA,8,0010001110010101001000111001101000100011011110010010001110000001
10185,46815,45.682431,260,8,0000000000000000000000000000000000000000111111111101000000111001
15801,46817,45.683697,1C6,8,0000000000000000000000000000000110001111000100110000000000000000
41486,46786,45.686217,0BA,5,1100011000000000000000000000000010111110
6160,46821,45.691529,25,8,0000111111111101000000000000000110100000000000000000000011011010
30520,46822,45.691774,24,8,0000000111111110000000100001101101000001111111011000000000000110
26367,46823,45.692182,0AA,8,0010001110011001001000111001101000100011011110000010001110001011
20876,46824,45.693165,0B4,8,0000000000000000000000000000000001010100000010001110110000000100
41487,15608,45.693706,0BA,5,0010100100000000000000000000010000101000
33978,46826,45.697732,1C4,8,0000110111110111000110110000000000000000000000000000000011101100
35232,46610,45.699517,3D3,3,111001010000001100001010
41488,31210,45.701196,0BA,5,0100111100000000000000000000000000101110
6161,46829,45.701507,25,8,0000111111111101000000000000000110100000000000000000000011011010
26368,46830,45.702175,0AA,8,0010001110011010001000111001101100100011100000110010001110000001
10186,46831,45.702419,260,8,0000000000000000000000000000000000000000111111111101110001000101
18111,46834,45.705169,226,8,0000000000000000000100000000000000000000000000000000000000000000
41489,31215,45.708685,0BA,5,1110000000100100100100000000000000001001
6162,46838,45.711524,25,8,0000111111111101000000000000000110100000000000000000000011011010
30521,46839,45.711768,24,8,0000000111111111000000100001101101000001111111011000000000000111
12812,46840,45.712006,2C1,8,0000000000000011011111000000001101111001110000000001011010011100
26369,46841,45.712238,0AA,8,0010001110100000001000111001111100100011011111000010001110001111
20877,46842,45.713147,0B4,8,0000000000000000000000000000000001010100000010001111000100001001
15802,46843,45.713688,1C6,8,0000000000000000000000000000000110001111000100110000000000000000
41490,46816,45.716175,0BA,5,1100011000000000000000000000000010111110
33979,46846,45.717689,1C4,8,0000111000000110000110110000000000000000000000000000000011111100
6163,46849,45.721499,25,8,0000111111111101000000000000000110100000000000000000000011011010
26370,46850,45.722162,0AA,8,0010001110011111001000111010000000100011100000010010001110000101
10187,46851,45.722406,260,8,0000000000000000000000000000000000000000111111111110100001010001
1237,46853,45.723147,320,8,0000000000100000000000000000000000000000000000000000000001001011
41491,15614,45.723664,0BA,5,0010100100000000000000000000011100101011
13956,46854,45.729846,614,8,0010100100000000000000000011000000000000000000000000000000000000
41492,31234,45.731154,0BA,5,0100111100000000000000000000000000101110
6164,46856,45.73149,25,8,0000111111111101000000000000000110100000000000000000000011011010
30522,46857,45.731737,24,8,0000000111111111000000100001101001000001111111011000000000000110
26371,46859,45.732149,0AA,8,0010001110011100001000111010011000100011100000100010001110001110
20878,46860,45.733135,0B4,8,0000000000000000000000000000000001011000000010001111011100010011
18112,46865,45.73714,226,8,0000000000000000000100000000000000000000000000000000000000000000
21743,46866,45.737379,443,8,0100110100000010000000000010111100000110000000000000000000000000
33980,46867,45.737678,1C4,8,0000111000001101000110110000000000000000000000000000000000000011
41493,31236,45.738643,0BA,5,1110000000100100101010000000000000100001
6165,46872,45.741482,25,8,0000111111111101000000000000000110100000000000000000000011011010
12813,46873,45.741715,2C1,8,0000000000000011011100110000001101011001110000000001011001110011
26372,46874,45.742141,0AA,8,0010001110100011001000111010110000100011100010100010001110001011
10188,46875,45.742385,260,8,0000000000000000000000000000000000000000111111111111010001011101
14003,46877,45.743341,38E,8,0
15803,46878,45.743661,1C6,8,0000000000000000000000000000000110010000000100110000000000000000
41494,46845,45.746133,0BA,5,1100011000000000000000000000000010111110
6166,46880,45.751497,25,8,0000111111111101000000000000000110100000000000000000000011011010
30523,46881,45.751741,24,8,0000000111111111000000100001101001000001111110111000000000000100
26373,46882,45.752108,0AA,8,0010001110100101001000111011000000100011100100000010001110010000
20879,46883,45.753155,0B4,8,0000000000000000000000000000000001011100000010001111110100011101
41495,15628,45.753623,0BA,5,0010100100000000000000000000010000101000
33981,46886,45.757664,1C4,8,0000111000011011000110110000000000000000000000000000000000010001
41496,31254,45.761112,0BA,5,0100111100000000000000000000000000101110
10189,46889,45.762346,260,8,0000000000000000000000000000000000000000000000000000000001101010
6167,46890,45.762569,25,8,0000111111111101000000000000000110100000000000000000000011011010
26374,46891,45.763101,0AA,8,0010001110110000001000111011000100100011100010110010001110010110
18113,46894,45.766116,226,8,0000000000000000000100000000000000000000000000000000000000000000
41497,31258,45.768602,0BA,5,1110000000100100101100000000000000101001
6168,46897,45.771482,25,8,0000111111111101000000000000000110100000000000000000000011011010
30524,46898,45.771726,24,8,0000000111111111000000100001101101000001111110111000000000000101
26375,46900,45.772131,0AA,8,0010001110101101001000111011010100100011100100010010001110011110
12814,46901,45.772372,2C1,8,0000000000000011011010010000001101110011110000000001010110000010
20880,46902,45.773104,0B4,8,0000000000000000000000000000000001011100000010010000001000100011
15804,46903,45.773655,1C6,8,0000000000000000000000000000000110010000000100110000000000000000
41498,46876,45.776091,0BA,5,1100011000000000000000000000000010111110
1238,46906,45.776113,320,8,0000000000100000000000000000000000000000000000000000000001001011
33982,46907,45.777649,1C4,8,0000111000100000000110110000000000000000000000000000000000010110
6169,46910,45.781446,25,8,0000111111111101000000000000000110100000000000000000000011011010
26376,46911,45.782113,0AA,8,0010001110101111001000111011001000100011100101110010001110011100
10190,46912,45.782362,260,8,0000000000000000000000000000000000000000000000000000000001101010
41499,15633,45.783581,0BA,5,0010100100000000000000000000011100101011
41500,31274,45.79107,0BA,5,0100111100000000000000000000000000101110
6170,46916,45.791463,25,8,0000111111111101000000000000000110100000000000000000000011011010
30525,46917,45.791753,24,8,0000000111111111000000100001101101000001111110111000000000000101
26377,46918,45.792081,0AA,8,0010001110101111001000111100000100100011101000000010001110100001
20881,46919,45.793093,0B4,8,0000000000000000000000000000000001100000000010010000100000101101
18114,46924,45.797096,226,8,0000000000000000000100000000000000000000000000000000000000000000
13622,46925,45.797495,4DD,8,0001111000000000000000000000000000000000000000000000000000000000
33983,46926,45.797737,1C4,8,0000111000100110000110110000000000000000000000000000000000011100
41501,31278,45.79856,0BA,5,1110000000100100101100000000000000101001
6171,46930,45.80144,25,8,0000111111111101000000000000000110100000000000000000000011011010
12815,46931,45.80168,2C1,8,0000000000000011011000000000001101100000110000000001010001100101
7865,46932,45.801921,610,8,0010000010000000000101110110010011000000000000000111110001000000
26378,46933,45.802149,0AA,8,0010001110110010001000111100000000100011100111110010001110100101
10191,46934,45.802397,260,8,0000000000000000000000000000000000000000000000000000000001101010
13468,46935,45.80255,394,3,0
13748,46936,45.802798,3A5,8,100000000
15805,46938,45.803621,1C6,8,0000000000000000000000000000000110010000000100110000000000000000
41502,46905,45.806049,0BA,5,1100011000000000000000000000000010111110
6172,46941,45.811451,25,8,0000111111111101000000000000000110100000000000000000000011011010
30526,46942,45.811698,24,8,0000000111111111000000100001101001000001111110111000000000000100
26379,46943,45.812067,0AA,8,0010001110111000001000111100001100100011101000100010001110101111
20882,46944,45.813076,0B4,8,0000000000000000000000000000000001100100000010010000111000110111
41503,15645,45.813539,0BA,5,0010100100000000000000000000010000101000
31356,46945,45.81364,640,8,1010100000000000000000000011011100000001111000000000000000000000
16528,46947,45.817356,3F9,8,0111010100011000000000100000001010000000000000000000000000010101
33984,46948,45.817623,1C4,8,0000111000110010000110110000000000000000000000000000000000101000
41504,31294,45.821028,0BA,5,0100111100000000000000000000000000101110
10192,46951,45.822103,260,8,0000000000000000000000000000000000000000000000000000000001101010
6173,46953,45.822689,25,8,0000111111111101000000000000000110100000000000000000000011011010
26380,46954,45.823061,0AA,8,0010001111000000001000111100001000100011101001000010001110110000
18115,46957,45.826075,226,8,0000000000000000000100000000000000000000000000000000000000000000
1239,46959,45.827184,320,8,0000000000100000000000000000000000000000000000000000000001001011
43792,1570,45.828063,3BB,5,1011101100000000000000000000000000100110
41505,31296,45.828518,0BA,5,1110000000100100101100000000000000101001
6174,46961,45.831406,25,8,0000111111111101000000000000000110100000000000000000000011011010
30527,46962,45.83165,24,8,0000000111111110000000100001101101000001111110001000000000000001
12816,46963,45.831889,2C1,8,0000000000000011010100000000001101101100110000000001001001011111
26381,46964,45.832113,0AA,8,0010001111000101001000111100100100100011101010110010001110110001
35042,46965,45.832357,413,8,0000000100000001000000010000100100000000000000000000000000000000
20883,46966,45.833061,0B4,8,0000000000000000000000000000000001100100000010010001001100111100
15806,46967,45.833612,1C6,8,0000000000000000000000000000000110010000000100110000000000000000
41506,46937,45.836007,0BA,5,1100011000000000000000000000000010111110
33985,46972,45.837611,1C4,8,0000111000110111000110110000000000000000000000000000000000101101
31522,46975,45.839806,44D,8,0100001000000010000000000000000000000001000000000000000000000000
6175,46977,45.841401,25,8,0000111111111101000000000000000110100000000000000000000011011010
10193,46978,45.842079,260,8,0000000000000000000000000000000000000000000000000000000001101010
26382,46979,45.842304,0AA,8,0010001111000111001000111100111000100011101101010010001110110001
41507,15656,45.843497,0BA,5,0010100100000000000000000000011100101011
41508,31314,45.850987,0BA,5,0100111100000000000000000000000000101110
6176,46981,45.851393,25,8,0000111111111101000000000000000110100000000000000000000011011010
30528,46982,45.851638,24,8,0000000111111110000000100001101101000001111110001000000000000001
26383,46983,45.852062,0AA,8,0010001111001010001000111100110100100011101100010010001110111011
20884,46984,45.853045,0B4,8,0000000000000000000000000000000001101000000010010001100101000110
18116,46989,45.857054,226,8,0000000000000000000100000000000000000000000000000000000000000000
33986,46990,45.857594,1C4,8,0000111001000100000110110000000000000000000000000000000000111010
41509,31319,45.858476,0BA,5,1110000000100100111000000000000001011001
6177,46994,45.861388,25,8,0000111111111101000000000000000110100000000000000000000011011010
12817,46995,45.861625,2C1,8,0000000000000011010000110000001101001100110000000001001000110010
10194,46996,45.861882,260,8,0000000000000000000000000000000000000000000000000000101101110101
26384,46997,45.862108,0AA,8,0010001111001010001000111100111000100011101101000010001110110110
15807,46999,45.863579,1C6,8,0000000000000000000000000000000110001111000100110000000000000000
213,47000,45.86405,3B7,8,1000
41510,46969,45.865966,0BA,5,1100011000000000000000000000000010111110
31293,47004,45.870572,4A6,8,0000000000000000000000000000000000000000000011010000000000000000
11116,47005,45.870839,620,8,0001000000000000000000000000000000000000000000000000000000000000
6178,47007,45.871423,25,8,0000111111111101000000000000000110100000000000000000000011011010
30529,47008,45.871666,24,8,0000000111111110000000100001101101000001111110111000000000000100
26385,47009,45.872019,0AA,8,0010001111010001001000111101010000100011101111000010001110110110
20885,47010,45.873033,0B4,8,0000000000000000000000000000000001101100000010010001111001001111
41511,15670,45.873455,0BA,5,0010100100000000000000000000010000101000
1240,47012,45.875037,320,8,0000000000100000000000000000000000000000000000000000000001001011
33987,47013,45.877578,1C4,8,0000111001001101000110110000000000000000000000000000000001000011
41512,31333,45.880945,0BA,5,0100111100000000000000000000000000101110
6179,47016,45.881377,25,8,0000111111111101000000000000000110100000000000000000000011011010
10195,47017,45.881858,260,8,0000000000000000000000000000000000000000000000000000101101110101
26386,47018,45.88208,0AA,8,0010001111010100001000111101011100100011101110110010001110111100
18117,47021,45.885032,226,8,0000000000000000000100000000000000000000000000000000000000000000
41513,31338,45.888434,0BA,5,1110000000100100111100000000000001101001
6180,47026,45.891362,25,8,0000111111111101000000000000000110100000000000000000000011011010
30530,47027,45.891608,24,8,0000000111111110000000100001101001000001111111011000000000000101
12818,47028,45.891852,2C1,8,0000000000000011001100000000001101001100110000000001001000011111
26387,47029,45.892079,0AA,8,0010001111011000001000111101100000100011101110100010001110111111
20886,47030,45.893021,0B4,8,0000000000000000000000000000000001101100000010010010010001010101
15808,47031,45.893569,1C6,8,0000000000000000000000000000000110001111000100110000000000000000
41514,46998,45.895924,0BA,5,1100011000000000000000000000000010111110
33988,47034,45.897597,1C4,8,0000111001011100000110110000000000000000000000000000000001010010
6181,47037,45.901359,25,8,0000111111111101000000000000000110100000000000000000000011011010
10196,47038,45.901814,260,8,0000000000000000000000000000000000000000000000000000101101110101
26388,47039,45.902038,0AA,8,0010001111011010001000111101100100100011101110100010001111001001
41515,15674,45.903413,0BA,5,0010100100000000000000000000011100101011
41516,31356,45.910903,0BA,5,0100111100000000000000000000000000101110
6182,47042,45.911347,25,8,0000111111111101000000000000000110100000000000000000000011011010
30531,47043,45.911591,24,8,0000000111111110000000100001101101000001111110111000000000000100
26389,47044,45.912024,0AA,8,0010001111011111001000111101101000100011110000010010001111000110
20887,47045,45.913037,0B4,8,0000000000000000000000000000000001110000000010010010101001011111
18118,47049,45.91701,226,8,0000000000000000000100000000000000000000000000000000000000000000
33989,47051,45.917557,1C4,8,0000111001100010000110110000000000000000000000000000000001011000
27844,47053,45.918002,420,8,0000000000000000000000000000000011111111000000001000000010101011
41517,31360,45.918392,0BA,5,1110000000100100111100000000000001101001
6183,47056,45.921344,25,8,0000111111111101000000000000000110100000000000000000000011011010
12819,47057,45.921577,2C1,8,0000000000000011001001100000001100011001110000000001001011100010
10197,47058,45.921823,260,8,0000000000000000000000000000000000000000000000000000101101110101
26390,47059,45.922056,0AA,8,0010001111100000001000111110001100100011101111000010001111001010
15809,47061,45.923537,1C6,8,0000000000000000000000000000000110001111000100110000000000000000
1241,47062,45.924002,320,8,0000000000100000000000000000000000000000000000000000000001001011
41518,47033,45.925882,0BA,5,1100011000000000000000000000000010111110
6184,47066,45.931364,25,8,0000111111111101000000000000000110100000000000000000000011011010
30532,47067,45.931607,24,8,0000000111111110000000100001101101000001111110111000000000000100
26391,47068,45.931983,0AA,8,0010001111100001001000111110110100100011110000100010001111001101
20888,47069,45.932991,0B4,8,0000000000000000000000000000000001110100000010010011010101101110
41519,15688,45.933372,0BA,5,0010100100000000000000000000010000101000
7638,47073,45.9373,3BC,8,0
33990,47074,45.937541,1C4,8,0000111001100111000110110000000000000000000000000000000001011101
43444,258,45.939018,3000000.0,6,110000010000110000010011000000010000000000000000
14169,47076,45.939482,442,8,0100001100000010000000000000000000000010000000000000000000000000
31615,47077,45.939733,633,8,1000000100000000000000000000000000000000000000000000000000000000
13701,47078,45.939969,615,8,0010101000000000011101100000101000000000000000000000000000000000
41520,31378,45.940861,0BA,5,0100111100000000000000000000000000101110
6185,47080,45.941329,25,8,0000111111111101000000000000000110100000000000000000000011011010
10198,47081,45.941756,260,8,0000000000000000000000000000000000000000000000000000101101110101
26392,47082,45.942004,0AA,8,0010001111100011001000111110100000100011110000000010001111011000
18119,47085,45.944991,226,8,0000000000000000000100000000000000000000000000000000000000000000
41521,31382,45.948351,0BA,5,1110000000100101000001000000000001111110
6186,47088,45.951348,25,8,0000111111111101000000000000000110100000000000000000000011011010
30533,47089,45.951596,24,8,0000000111111110000000100001101001000001111111111000000000000111
12820,47090,45.951831,2C1,8,0000000000000011000110010000001011110110110000000001001010110001
26393,47091,45.952061,0AA,8,0010001111101001001000111110101100100011110010100010001111010101
20889,47093,45.952974,0B4,8,0000000000000000000000000000000001110100000010010011101101110100
15810,47094,45.953535,1C6,8,0000000000000000000000000000000110010000000100110000000000000000
41522,47060,45.95584,0BA,5,1100011000000000000000000000000010111110
43595,11758,45.956796,423,2,10101000010000
33991,47097,45.957528,1C4,8,0000111001101110000110110000000000000000000000000000000001100100
35233,5815,45.959173,3D3,3,011011000000001000000000
6187,47100,45.961316,25,8,0000111111111101000000000000000110100000000000000000000011011010
10199,47101,45.96177,260,8,0000000000000000000000000000000000000000000000000000101101110101
26394,47102,45.961999,0AA,8,0010001111101001001000111110101000100011110011100010001111010101
27905,47103,45.962373,4DC,8,0001110100000000000000000000000000000000000000000000000000000000
41523,15695,45.96333,0BA,5,0010100100000000000000000000011100101011
28113,47104,45.964504,6C0,8,1110010000000000000000001110000010000000000000000000000000000000
41524,31395,45.970819,0BA,5,0100111100000000000000000000000000101110
6188,47107,45.971306,25,8,0000111111111101000000000000000110100000000000000000000011011010
30534,47108,45.971554,24,8,0000000111111111000000100001101001000001111111111000000000001000
26395,47109,45.971979,0AA,8,0010001111101110001000111111000100100011110100010010001111010011
20890,47110,45.972967,0B4,8,0000000000000000000000000000000001111000000010010100000001111101
18120,47114,45.976965,226,8,0000000000000000000100000000000000000000000000000000000000000000
33992,47115,45.977578,1C4,8,0000111001110001000110110000000000000000000000000000000001100111
1242,47117,45.977988,320,8,0000000000100000000000000000000000000000000000000000000001001011
41525,31401,45.978309,0BA,5,1110000000100101000100000000000010001010
6189,47119,45.9813,25,8,0000111111111101000000000000000110100000000000000000000011011010
12821,47120,45.981557,2C1,8,0000000000000011000011000000001011100011110000000001001010010001
10200,47121,45.981803,260,8,0000000000000000000000000000000000000000000000000000101101110101
26396,47122,45.982036,0AA,8,0010001111101111001000111111000000100011110011000010001111011111
1569,47123,45.982283,6F3,8,0010000000000000000000000000000000000000000000000000000000000000
15811,47125,45.983497,1C6,8,0000000000000000000000000000000110010000000100110000000000000000
41526,47096,45.985798,0BA,5,1100011000000000000000000000000010111110
6190,47130,45.991319,25,8,0000111111111101000000000000000110100000000000000000000011011010
30535,47131,45.991564,24,8,0000000111111111000000100001101101000001111111011000000000000111
26397,47132,45.99194,0AA,8,0010001111110000001000111111010000100011110101010010001111011100
20891,47133,45.992947,0B4,8,0000000000000000000000000000000001111100000010010100011010000111
41527,15708,45.993288,0BA,5,0010100100000000000000000000010000101000
13562,47136,45.997002,399,8,0000000000000000000000000000000000000000111111110000000000000000
33993,47137,45.997495,1C4,8,0000111001110110000110110000000000000000000000000000000001101100
41528,31418,46.000777,0BA,5,0100111100000000000000000000000000101110
6191,47141,46.001304,25,8,0000111111111101000000000000000110100000000000000000000011011010
10201,47142,46.001711,260,8,0000000000000000000000000000000000000000000000000000000001101010
26398,47143,46.001962,0AA,8,0010001111101111001000111111100000100011110110100010001111100000
18121,47146,46.004945,226,8,0000000000000000000100000000000000000000000000000000000000000000
11210,47149,46.007286,39A,8,0000000000000000000000000000000100000000000000000000000000000000
41529,31422,46.008267,0BA,5,1110000000100101001100000000000010101010
6192,47151,46.011305,25,8,0000111111111101000000000000000110100000000000000000000011011010
30536,47152,46.01155,24,8,0000000111111110000000100001101001000001111110111000000000000011
12822,47153,46.011784,2C1,8,0000000000000011000000000000001011000110110000000001000101100111
26399,47154,46.012013,0AA,8,0010001111110000001000111111111000100011110110010010001111011010
20892,47156,46.01293,0B4,8,0000000000000000000000000000000001111100000010010100101110001100
15812,47157,46.013492,1C6,8,0000000000000000000000000000000110010000000100110000000000000000
41530,47124,46.015757,0BA,5,1100011000000000000000000000000010111110
46,47160,46.017347,3B1,8,0000000000000000000000100000101000000000000010000000000000000000
33994,47162,46.017768,1C4,8,0000111001111010000110110000000000000000000000000000000001110000
13313,47164,46.020389,61A,8,0010010000000000000000000000000000000000000000000011011001000000
6193,47166,46.021272,25,8,0000111111111101000000000000000110100000000000000000000011011010
10202,47167,46.021689,260,8,0000000000000000000000000000000000000000000000000000101101110101
26400,47168,46.02195,0AA,8,0010001111110011001000111111111100100011111000010010001111100101
1243,47169,46.022929,320,8,0000000000100000000000000000000000000000000000000000000001001011
41531,15718,46.023246,0BA,5,0010100100000000000000000000011100101011
41532,31441,46.030736,0BA,5,0100111100000000000000000000000000101110
6194,47171,46.031262,25,8,0000111111111101000000000000000110110000000000000000000011101010
30537,47172,46.031505,24,8,0000000111111111000000100001100001000001111110111000000000000010
26401,47173,46.031935,0AA,8,0010001111111010001001000000010000100011110111000010001111101011
20893,47174,46.032923,0B4,8,0000000000000000000000000000000010000000000010010100101110010000
18122,47179,46.036921,226,8,0000000000000000000100000000000000000000000000000000000000000000
21744,47180,46.03716,443,8,0100110100000010000000000010111100000110000000000000000000000000
33995,47181,46.037481,1C4,8,0000111001111111000110110000000000000000000000000000000001110101
41533,31444,46.038225,0BA,5,1110000000100101001101000000000010101110
6195,47185,46.041256,25,8,0000111111111101000000000000000110110000000000000000000011101010
12823,47186,46.04149,2C1,8,0000000000000010111100110000001010110000110000000001000101000011
10203,47187,46.041736,260,8,0000000000000000000000000000000000000000000000000001011110000001
26402,47188,46.041967,0AA,8,0010001111110111001001000000001000100011111000100010001111101110
15813,47191,46.043458,1C6,8,0000000000000000000000000000000110010000000100110000000000000000
41534,47159,46.045715,0BA,5,1100011000000000000000000000000010111110
6196,47194,46.051277,25,8,0000111111111101000000000000000110110000000000000000000011101010
30538,47195,46.051521,24,8,0000000111111111000000100001100001000001111110111000000000000010
26403,47196,46.051898,0AA,8,0010001111111110001001000000100000100011111001100010001111110000
20894,47197,46.052904,0B4,8,0000000000000000000000000000000010000100000010010101011110100000
41535,15730,46.053204,0BA,5,0010100100000000000000000000010000101000
33996,47200,46.057491,1C4,8,0000111010000010000110110000000000000000000000000000000001111000
41536,31458,46.060694,0BA,5,0100111100000000000000000000000000101110
6197,47204,46.061238,25,8,0000111111111101000000000000000110110000000000000000000011101010
10204,47205,46.061503,260,8,0000000000000000000000000000000000000000000000000001011110000001
26404,47206,46.061917,0AA,8,0010001111111101001001000000011100100011111101000010001111110000
18123,47209,46.064902,226,8,0000000000000000000100000000000000000000000000000000000000000000
16529,47212,46.067525,3F9,8,0111010100011000000000100000001010000000000000000000000000010101
41537,31462,46.068183,0BA,5,1110000000100101001101000000000010101110
6198,47214,46.071262,25,8,0000111111111101000000000000000111000000000000000000000011111010
30539,47215,46.071508,24,8,0000000111111111000000100001100001000001111111011000000000000100
12824,47216,46.071743,2C1,8,0000000000000010111001100000001010101001110000000001000000101110
26405,47217,46.071976,0AA,8,0010010000000010001001000000110100100011111100110010001111111101
20895,47218,46.072889,0B4,8,0000000000000000000000000000000010000100000010010101011110100000
15814,47220,46.073452,1C6,8,0000000000000000000000000000000110010000000100110000000000000000
41538,47190,46.075673,0BA,5,1100011000000000000000000000000010111110
1244,47223,46.075888,320,8,0000000000100000000000000000000000000000000000000000000001001011
33997,47224,46.077449,1C4,8,0000111010001011000110110000000000000000000000000000000010000001
6199,47227,46.081229,25,8,0000111111111101000000000000000111000000000000000000000011111010
10205,47228,46.081476,260,8,0000000000000000000000000000000000000000000000000010001110001101
26406,47229,46.081901,0AA,8,0010010000000110001001000001000000100011111100010010001111111011
41539,15734,46.083162,0BA,5,0010100100000000000000000000011100101011
41540,31482,46.090652,0BA,5,0100111100000000000000000000000000101110
6200,47233,46.091225,25,8,0000111111111101000000000000000111000000000000000000000011111010
30540,47234,46.091473,24,8,0000000111111111000000100001011001000001111111011000000000000010
26407,47235,46.09191,0AA,8,0010010000001100001001000001001100100011111100010010001111111111
20896,47236,46.092873,0B4,8,0000000000000000000000000000000010001000000010010101110010101001
18124,47240,46.096876,226,8,0000000000000000000100000000000000000000000000000000000000000000
33998,47241,46.09743,1C4,8,0000111010010001000110110000000000000000000000000000000010000111
41541,31485,46.098142,0BA,5,1110000000100101001101000000000010101110
6201,47245,46.101215,25,8,0000111111111101000000000000000111000000000000000000000011111010
10206,47246,46.101462,260,8,0000000000000000000000000000000000000000000000000010001110001101
12825,47247,46.101694,2C1,8,0000000000000010110011000000001010000110110000000001000011110001
26408,47248,46.101926,0AA,8,0010010000001001001001000001011100100100000000110010001111111101
13469,47249,46.102077,394,3,0
13304,47250,46.10231,30000000.0,7,0
15815,47252,46.103419,1C6,8,0000000000000000000000000000000110010000000100110000000000000000
41542,47222,46.105631,0BA,5,1100011000000000000000000000000010111110
6202,47254,46.111231,25,8,0000111111111101000000000000000111010000000000000000000000001010
30541,47255,46.111473,24,8,0000000111111110000000100001001101000001111110111000000011111100
26409,47256,46.111857,0AA,8,0010010000001101001001000001001000100011111111100010010000000000
20897,47257,46.112859,0B4,8,0000000000000000000000000000000010001100000010010110001010110011
41543,15751,46.113121,0BA,5,0010100100000000000000000000010000101000
33999,47260,46.11742,1C4,8,0000111010011110000110110000000000000000000000000000000010010100
41544,31502,46.12061,0BA,5,0100111100000000000000000000000000101110
10207,47263,46.12129,260,8,0000000000000000000000000000000000000000000000000010001110001101
6203,47265,46.122225,25,8,0000111111111101000000000000000111010000000000000000000000001010
26410,47266,46.122844,0AA,8,0010010000010001001001000001001100100011111110000010010000000011
43793,3154,46.125648,3BB,5,1010010100000000000000000000000000000000
18125,47270,46.125858,226,8,0000000000000000000100000000000000000000000000000000000000000000
1245,47272,46.126853,320,8,0000000000100000000000000000000000000000000000000000000001001011
41545,31506,46.1281,0BA,5,1110000000100101001101000000000010101110
6204,47274,46.131214,25,8,0000111111111101000000000000000111010000000000000000000000001010
30542,47275,46.131456,24,8,0000000111111110000000100001001101000001111110111000000011111100
12826,47276,46.131692,2C1,8,0000000000000010110001100000001001110011110000000001000011011000
26411,47277,46.131923,0AA,8,0010010000010101001001000001010100100011111111000010010000000011
27955,47279,46.132359,300000000.0,8,0
20898,47280,46.132842,0B4,8,0000000000000000000000000000000010001100000010010110100010111001
15816,47281,46.13341,1C6,8,0000000000000000000000000000000110010000000100110000000000000000
41546,47251,46.135589,0BA,5,1100011000000000000000000000000010111110
34000,47285,46.137401,1C4,8,0000111010100101000110110000000000000000000000000000000010011011
34904,47287,46.137909,3C3,8,0100011000011110100100100100111011101110010110010000001110001000
35363,15403,46.138667,386,7,10100100000000000000000000000000000000000000000010000000
31523,47288,46.139076,44D,8,0100001000000010000000000000000000000001000000000000000000000000
6205,47290,46.141179,25,8,0000111111111101000000000000000111010000000000000000000000001010
10208,47291,46.141425,260,8,0000000000000000000000000000000000000000000000000010001110001101
26412,47292,46.141858,0AA,8,0010010000011000001001000001110100100100000001000010010000000100
41547,15759,46.143079,0BA,5,0010100100000000000000000000011100101011
41548,31520,46.150568,0BA,5,0100111100000000000000000000000000101110
6206,47295,46.151199,25,8,0000111111111101000000000000000111010000000000000000000000001010
30543,47296,46.151442,24,8,0000000111111110000000100001001101000001111111011000000011111110
26413,47297,46.15182,0AA,8,0010010000010100001001000001101000100100000000110010010000001001
20899,47298,46.152827,0B4,8,0000000000000000000000000000000010010000000010010110110111000010
18126,47302,46.156831,226,8,0000000000000000000100000000000000000000000000000000000000000000
34001,47303,46.157394,1C4,8,0000111010101100000110110000000000000000000000000000000010100010
41549,31524,46.158058,0BA,5,1110000000100101001101000000000010101110
6207,47306,46.16117,25,8,0000111111111101000000000000000111010000000000000000000000001010
10209,47307,46.161414,260,8,0000000000000000000000000000000000000000000000000010001110001101
12827,47308,46.161652,2C1,8,0000000000000010101111000000001001100000110000000001000010111011
26414,47309,46.161886,0AA,8,0010010000010100001001000001110000100011111111010010010000001100
27935,47310,46.162136,3000000000.0,8,0
15817,47312,46.163373,1C6,8,0000000000000000000000000000000110001111000100110000000000000000
214,47313,46.163828,3B7,8,1000
41550,47283,46.165547,0BA,5,1100011000000000000000000000000010111110
16329,47315,46.166615,4C1,8,0000000100000000000000010000000100000000000000000000000000000000
7699,47317,46.17021,611,8,0010000100000000000000000001000000000000000000000011110101101100
6208,47319,46.171159,25,8,0000111111111101000000000000000111010000000000000000000000001010
30544,47320,46.171401,24,8,0000000111111110000000100001000101000001111111011000000011111100
26415,47321,46.171838,0AA,8,0010010000011101001001000001110000100011111111100010010000010001
20900,47322,46.172822,0B4,8,0000000000000000000000000000000010010100000010010110110111000110
41551,15770,46.173037,0BA,5,0010100100000000000000000000010000101000
1246,47324,46.17482,320,8,0000000000100000000000000000000000000000000000000000000001001011
34002,47325,46.177377,1C4,8,0000111010111011000110110000000000000000000000000000000010110001
41552,31543,46.180526,0BA,5,0100111100000000000000000000000000101110
10210,47328,46.181383,260,8,0000000000000000000000000000000000000000000000000010001110001101
6209,47330,46.18218,25,8,0000111111111101000000000000000111010000000000000000000000001010
11117,47331,46.18243,620,8,0001000000000000000000000000000000000000000000000000000000000000
26416,47332,46.182799,0AA,8,0010010000011110001001000010001000100100000000010010010000001011
34798,47335,46.184242,4DF,8,0010000000000000000000000000000100000000000000000000000000000000
18127,47337,46.18581,226,8,0000000000000000000100000000000000000000000000000000000000000000
41553,31545,46.188016,0BA,5,1110000000100101001101000000000010101110
6210,47342,46.191171,25,8,0000111111111101000000000000000111010000000000000000000000001010
30545,47343,46.191416,24,8,0000000111111110000000100000111101000001111110101000000011110111
12828,47344,46.191653,2C1,8,0000000000000010101011000000001001001100110000000001000010010111
26417,47345,46.1919,0AA,8,0010010000011110001001000010010000100100000010100010010000001001
20901,47346,46.192799,0B4,8,0000000000000000000000000000000010011000000010010111001111010000
15818,47347,46.193367,1C6,8,0000000000000000000000000000000110001111000100110000000000000000
41554,47311,46.195506,0BA,5,1100011000000000000000000000000010111110
11271,47350,46.196222,4C8,8,0000100100000000000000000000000000000000000000000000000000000000
34003,47351,46.197368,1C4,8,0000111011000001000110110000000000000000000000000000000010110111
6211,47355,46.201139,25,8,0000111111111101000000000000000111010000000000000000000000001010
10211,47356,46.201384,260,8,0000000000000000000000000000000000000000000000000001011110000001
26418,47357,46.201824,0AA,8,0010010000011110001001000010011100100100000000100010010000010101
41555,15780,46.202995,0BA,5,0010100100000000000000000000011100101011
41556,31563,46.210485,0BA,5,0100111100000000000000000000000000101110
6212,47359,46.211139,25,8,0000111111111101000000000000000111100000000000000000000000011010
30546,47360,46.211382,24,8,0000000111111110000000100001000101000001111110111000000011111010
26419,47361,46.211806,0AA,8,0010010000100001001001000010100000100100000001100010010000010100
20902,47362,46.212816,0B4,8,0000000000000000000000000000000010011000000010010111001111010000
18128,47367,46.216788,226,8,0000000000000000000100000000000000000000000000000000000000000000
34004,47368,46.217351,1C4,8,0000111011001111000110110000000000000000000000000000000011000101
41557,31567,46.217974,0BA,5,1110000000100101001101000000000010101110
35234,47148,46.21883,3D3,3,111001010000001110001111
6213,47371,46.22113,25,8,0000111111111101000000000000000111100000000000000000000000011010
10212,47372,46.221375,260,8,0000000000000000000000000000000000000000000000000010001110001101
12829,47373,46.221613,2C1,8,0000000000000010101000110000001000110110110000000001000001111000
26420,47374,46.221842,0AA,8,0010010000100011001001000010011000100100000010010010010000011001
15819,47376,46.223623,1C6,8,0000000000000000000000000000000110001111000100110000000000000000
1247,47377,46.223869,320,8,0000000000100000000000000000000000000000000000000000000001001011
41558,47349,46.225464,0BA,5,1100011000000000000000000000000010111110
6214,47380,46.231144,25,8,0000111111111101000000000000000111110000000000000000000000101010
30547,47381,46.231391,24,8,0000000111111111000000100001001101000001111110111000000011111101
26421,47382,46.231761,0AA,8,0010010000100110001001000010100000100100000011010010010000010001
20903,47383,46.23277,0B4,8,0000000000000000000000000000000010011100000010010111100011011001
41559,15792,46.232953,0BA,5,0010100100000000000000000000010000101000
34005,47386,46.23738,1C4,8,0000111011010101000110110000000000000000000000000000000011001011
14170,47388,46.239184,442,8,0100001100000010000000000000000000000010000000000000000000000000
41560,31580,46.240443,0BA,5,0100111100000000000000000000000000101110
10213,47389,46.241126,260,8,0000000000000000000000000000000000000000000000000010001110001101
6215,47391,46.242141,25,8,0000111111111101000000000000000111110000000000000000000000101010
26422,47392,46.242758,0AA,8,0010010000101001001001000010100000100100000010100010010000010011
18129,47395,46.245771,226,8,0000000000000000000100000000000000000000000000000000000000000000
41561,31585,46.247932,0BA,5,1110000000100101010000000000000010111010
6216,47400,46.2511,25,8,0000111111111101000000000000000111110000000000000000000000101010
30548,47401,46.251343,24,8,0000000111111110000000100001000101000001111111011000000011111100
12830,47402,46.251577,2C1,8,0000000000000010100100110000001000100011110000000001000001010101
26423,47403,46.251806,0AA,8,0010010000101001001001000011000100100100000100100010010000010011
20904,47404,46.252758,0B4,8,0000000000000000000000000000000010100000000010010111111011100011
15820,47405,46.253333,1C6,8,0000000000000000000000000000000110010000000100110000000000000000
41562,47375,46.255422,0BA,5,1100011000000000000000000000000010111110
34006,47409,46.257359,1C4,8,0000111011100000000110110000000000000000000000000000000011010110
10214,47412,46.261088,260,8,0000000000000000000000000000000000000000000000000010111110011001
6217,47413,46.261333,25,8,0000111111111101000000000000000100000000000000000000000000111010
26424,47414,46.261768,0AA,8,0010010000101100001001000011100000100100000011110010010000010101
41563,15797,46.262911,0BA,5,0010100100000000000000000000011100101011
28114,47416,46.263793,6C0,8,1110010000000000000000001110000010000000000000000000000000000000
41564,31603,46.270401,0BA,5,0100111100000000000000000000000000101110
6218,47418,46.271085,25,8,0000111111111101000000000000000100010000000000000000000001001010
30549,47419,46.271331,24,8,0000000111111111000000100001000101000001111111111000000011111111
26425,47420,46.271762,0AA,8,0010010000101000001001000011011000100100000011100010010000010100
20905,47421,46.272774,0B4,8,0000000000000000000000000000000010100000000010010111111011100011
18130,47425,46.276745,226,8,0000000000000000000100000000000000000000000000000000000000000000
34007,47426,46.277376,1C4,8,0000111011100011000110110000000000000000000000000000000011011001
1248,47428,46.277786,320,8,0000000000100000000000000000000000000000000000000000000001001011
41565,31606,46.277891,0BA,5,1110000000100101011011000000000011100110
10215,47431,46.281036,260,8,0000000000000000000000000000000000000000000000000011101010100100
6219,47432,46.281284,25,8,0000111111111101000000000000000100010000000000000000000001001010
12831,47433,46.281518,2C1,8,0000000000000010100001100000001000101001110000000001000001001110
26426,47434,46.281753,0AA,8,0010010000101001001001000011010100100100000101110010010000011010
15821,47436,46.283297,1C6,8,0000000000000000000000000000000110010000000100110000000000000000
41566,47408,46.28538,0BA,5,1100011000000000000000000000000010111110
6220,47439,46.291098,25,8,0000111111111101000000000000000100010000000000000000000001001010
30550,47440,46.291342,24,8,0000000111111111000000100001001101000001111111011000000011111111
26427,47441,46.291719,0AA,8,0010010000101100001001000011011100100100000100100010010000011110
43596,46704,46.292247,423,2,1000100000000
20906,47442,46.292727,0B4,8,0000000000000000000000000000000010100100000010011000010011101101
41567,15812,46.29287,0BA,5,0010100100000000000000000000010000101000
34008,47445,46.2973,1C4,8,0000111011101010000110110000000000000000000000000000000011100000
41568,31627,46.300359,0BA,5,0100111100000000000000000000000000101110
10216,47448,46.301046,260,8,0000000000000000000000000000000000000000000000000011101010100100
6221,47449,46.30129,25,8,0000111111111101000000000000000100010000000000000000000001001010
26428,47450,46.301735,0AA,8,0010010000101110001001000011100100100100000110010010010000100010
7866,47451,46.302048,610,8,0010000000000000000110000110010011000000000000000111110001000000
18131,47454,46.304727,226,8,0000000000000000000100000000000000000000000000000000000000000000
41569,31631,46.307849,0BA,5,1110000000100101011100000000000011101010
6222,47457,46.311085,25,8,0000111111111101000000000000000100010000000000000000000001001010
30551,47458,46.311336,24,8,0000000111111111000000100001000101000001111111011000000011111101
12832,47459,46.311573,2C1,8,0000000000000010100000000000001000100011110000000000111101000001
26429,47460,46.311801,0AA,8,0010010000110001001001000100001000100100000110100010010000100111
20907,47463,46.312714,0B4,8,0000000000000000000000000000000010101000000010011000100111110110
15822,47464,46.313289,1C6,8,0000000000000000000000000000000110010000000100110000000000000000
41570,47435,46.315338,0BA,5,1100011000000000000000000000000010111110
16530,47467,46.316881,3F9,8,0111010100011000000000100000001010000000000000000000000000010101
34009,47468,46.317533,1C4,8,0000111011101110000110110000000000000000000000000000000011100100
10217,47471,46.320818,260,8,0000000000000000000000000000000000000000000000000011101010100100
6223,47473,46.322083,25,8,0000111111111101000000000000000100010000000000000000000001001010
26430,47474,46.322698,0AA,8,0010010000110011001001000100000000100100001000110010010000100111
41571,15819,46.322828,0BA,5,0010100100000000000000000000011100101011
1249,47475,46.323714,320,8,0000000000100000000000000000000000000000000000000000000001001011
41572,31643,46.330317,0BA,5,0100111100000000000000000000000000101110
6224,47478,46.331041,25,8,0000111111111101000000000000000100010000000000000000000001001010
30552,47479,46.331283,24,8,0000000111111110000000100001000101000001111111011000000011111100
26431,47480,46.331715,0AA,8,0010010000110110001001000100000000100100001000010010010000110010
20908,47481,46.332704,0B4,8,0000000000000000000000000000000010101000000010011000111111111100
18132,47485,46.336703,226,8,0000000000000000000100000000000000000000000000000000000000000000
21745,47486,46.336942,443,8,0100110100000010000000000010111100000110000000000000000000000000
34010,47487,46.337276,1C4,8,0000111011110011000110110000000000000000000000000000000011101001
41573,31647,46.337807,0BA,5,1110000000100101011100000000000011101010
10218,47491,46.340914,260,8,0000000000000000000000000000000000000000000000000011101010100100
6225,47492,46.341109,25,8,0000111111111101000000000000000100010000000000000000000001001010
12833,47493,46.341352,2C1,8,0000000000000010011110010000001000010011110000000000111100101010
13938,47494,46.341601,622,8,0001001000000000000000000000000000000000000000000000000000000000
26432,47495,46.341828,0AA,8,0010010000111100001001000100000100100100001001100010010000110001
15823,47497,46.343257,1C6,8,0000000000000000000000000000000110010000000100110000000000000000
41574,47466,46.345296,0BA,5,1100011000000000000000000000000010111110
6226,47500,46.351055,25,8,0000111111111101000000000000000100100000000000000000000001011010
30553,47501,46.351296,24,8,0000000111111110000000100001001101000001111110111000000011111100
13877,47502,46.351541,4C6,8,0000011100000000000000110000000000000000000000000000000000000000
26433,47503,46.351767,0AA,8,0010010001000000001001000100010100100100001000000010010000110010
20909,47504,46.352683,0B4,8,0000000000000000000000000000000010101100000010011000111100000000
41575,15830,46.352786,0BA,5,0010100100000000000000000000010000101000
34011,47506,46.357576,1C4,8,0000111011110110000110110000000000000000000000000000000011101100
41576,31664,46.360276,0BA,5,0100111100000000000000000000000000101110
10219,47509,46.360854,260,8,0000000000000000000000000000000000000000000000000011101010100100
6227,47510,46.361103,25,8,0000111111111101000000000000000100100000000000000000000001011010
26434,47512,46.361694,0AA,8,0010010000111111001001000100011100100100001011100010010000101100
18133,47515,46.364684,226,8,0000000000000000000100000000000000000000000000000000000000000000
41577,31668,46.367765,0BA,5,1110000000100101101100000000000000101010
6228,47518,46.371014,25,8,0000111111111101000000000000000100100000000000000000000001011010
30554,47519,46.371257,24,8,0000000111111110000000100001000101000001111110111000000011111010
12834,47520,46.371497,2C1,8,0000000000000010011010010000001000011001110000000000111000011111
26435,47521,46.371724,0AA,8,0010010001000011001001000100011000100100001011100010010000110100
20910,47522,46.372666,0B4,8,0000000000000000000000000000000010110000000010011001010100001010
15824,47523,46.373249,1C6,8,0000000000000000000000000000000110010000000100110000000000000000
41578,47496,46.375255,0BA,5,1100011000000000000000000000000010111110
1250,47526,46.375673,320,8,0000000000100000000000000000000000000000000000000000000001001011
34012,47528,46.377249,1C4,8,0000111011111100000110110000000000000000000000000000000011110010
10220,47531,46.380775,260,8,0000000000000000000000000000000000000000000000000100011110110001
6229,47533,46.382036,25,8,0000111111111101000000000000000100110000000000000000000001101010
26436,47534,46.38265,0AA,8,0010010001000110001001000100011100100100001010010010010000111000
41579,15838,46.382744,0BA,5,0010100100000000000000000000011100101011
41580,31687,46.390234,0BA,5,0100111100000000000000000000000000101110
6230,47538,46.391001,25,8,0000111111111101000000000000000100110000000000000000000001101010
30555,47539,46.391245,24,8,0000000111111110000000100001000101000001111110111000000011111010
26437,47540,46.391668,0AA,8,0010010001001010001001000100101000100100001101000010010000110001
31676,47541,46.391916,389,8,0000000000100000000000000000000000000000000000000000000000000000
20911,47542,46.392657,0B4,8,0000000000000000000000000000000010110000000010011001101000001111
18134,47547,46.396658,226,8,0000000000000000000100000000000000000000000000000000000000000000
34013,47548,46.397547,1C4,8,0000111011111110000110110000000000000000000000000000000011110100
41581,31691,46.397723,0BA,5,1110000000100101101101000000000000101110
10221,47550,46.400703,260,8,0000000000000000000000000000000000000000000000000100011110110001
13470,47552,46.400975,394,3,0
6231,47553,46.401221,25,8,0000111111111101000000000000000101000000000000000000000001111010
12835,47554,46.401459,2C1,8,0000000000000010011000000000001000010011110000000000111000010000
26438,47555,46.401685,0AA,8,0010010001001100001001000100101100100100001101000010010000110010
15825,47557,46.403216,1C6,8,0000000000000000000000000000000110010000000100110000000000000000
41582,47525,46.405213,0BA,5,1100011000000000000000000000000010111110
6232,47560,46.411011,25,8,0000111111111101000000000000000101000000000000000000000001111010
30556,47561,46.411255,24,8,0000000111111110000000100001000101000001111111011000000011111100
26439,47562,46.411626,0AA,8,0010010000111101001001000100110000100100001100100010010000110110
20912,47563,46.41264,0B4,8,0000000000000000000000000000000010110100000010011010000000011001
41583,15854,46.412702,0BA,5,0010100100000000000000000000010000101000
34014,47566,46.417224,1C4,8,0000111100000011000110110000000000000000000000000000000011111010
41584,31703,46.420192,0BA,5,0100111100000000000000000000000000101110
10222,47568,46.420658,260,8,0000000000000000000000000000000000000000000000000100011110110001
6233,47570,46.421177,25,8,0000111111111101000000000000000101010000000000000000000010001010
26440,47571,46.421646,0AA,8,0010010001001011001001000100110000100100001100100010010001000010
43794,47002,46.423232,3BB,5,0111000000000000001000001010011000000000
18135,47574,46.424639,226,8,0000000000000000000100000000000000000000000000000000000000000000
1251,47576,46.425702,320,8,0000000000100000000000000000000000000000000000000000000001001011
13683,47577,46.425936,4B7,8,1110001001011111001000001111000000001000111010100000000100001000
41585,31708,46.427681,0BA,5,1110000000100101101101000000000000101110
6234,47580,46.430999,25,8,0000111111111101000000000000000101010000000000000000000010001010
30557,47581,46.431247,24,8,0000000111111110000000100000111101000001111111111000000011111100
12836,47582,46.431491,2C1,8,0000000000000010010100000000001000001100110000000000111011111001
26441,47583,46.431713,0AA,8,0010010001001100001001000100110100100100001011100010010000111000
20913,47584,46.432623,0B4,8,0000000000000000000000000000000010111000000010011010000000011101
15826,47585,46.433207,1C6,8,0000000000000000000000000000000110010000000100110000000000000000
41586,47556,46.435171,0BA,5,1100011000000000000000000000000010111110
34015,47589,46.437532,1C4,8,0000111100000101000110110000000000000000000000000000000011111100
31524,47591,46.438349,44D,8,0100001000000010000000000000000000000001000000000000000000000000
10223,47592,46.440577,260,8,0000000000000000000000000000000000000000000000000100011110110001
6235,47595,46.441211,25,8,0000111111111101000000000000000101010000000000000000000010001010
26442,47596,46.441641,0AA,8,0010010001010000001001000101010100100100001100100010010000111101
41587,15860,46.442661,0BA,5,0010100100000000000000000000011100101011
41588,31726,46.45015,0BA,5,0100111100000000000000000000000000101110
6236,47600,46.450955,25,8,0000111111111101000000000000000101010000000000000000000010001010
30558,47601,46.451197,24,8,0000000111111110000000100001000101000001111111011000000011111100
26443,47602,46.451629,0AA,8,0010010001001110001001000101000100100100001101110010010000111111
307,47603,46.451877,38F,8,0000000100000000000000000000000000000000000000000000000000000000
20914,47604,46.452616,0B4,8,0000000000000000000000000000000010111100000010011010000000100001
18136,47608,46.456616,226,8,0000000000000000000100000000000000000000000000000000000000000000
34016,47609,46.457199,1C4,8,0000111100001100000111000000000000000000000000000000000000000100
41589,31730,46.45764,0BA,5,1110000000100101101101000000000000101110
10224,47613,46.460782,260,8,0000000000000000000000000000000000000000000000000011101010100100
6237,47614,46.46103,25,8,0000111111111101000000000000000101010000000000000000000010001010
12837,47615,46.461272,2C1,8,0000000000000010010000000000000111110110110000000000111011010010
26444,47616,46.46162,0AA,8,0010010001010001001001000101011100100100001101000010010001000100
15827,47618,46.463178,1C6,8,0000000000000000000000000000000110001001000100110000000000000000
215,47619,46.463617,3B7,8,1000
41590,47587,46.465129,0BA,5,1100011000000000000000000000000010111110
11118,47620,46.469857,620,8,0001000000000000000000000000000000000000000000000000000000000000
6238,47622,46.470967,25,8,0000111111111101000000000000000101100000000000000000000010011010
30559,47623,46.471215,24,8,0000000111111111000000100001000101000001111111111000000011111111
26445,47624,46.471584,0AA,8,0010010001010010001001000101011000100100001110000010010001000111
20915,47625,46.472594,0B4,8,0000000000000000000000000000000010111100000010011010010100100110
41591,15874,46.472619,0BA,5,0010100100000000000000000000010000101000
1252,47627,46.474604,320,8,0000000000100000000000000000000000000000000000000000000001001011
34017,47629,46.477344,1C4,8,0000111100001110000111000000000000000000000000000000000000000110
35235,5881,46.478486,3D3,3,011011000000001000000000
41592,31747,46.480108,0BA,5,0100111100000000000000000000000000101110
10225,47631,46.480554,260,8,0000000000000000000000000000000000000000000000000011101010100100
6239,47633,46.481961,25,8,0000111111111101000000000000000101100000000000000000000010011010
34740,47634,46.482217,380,8,0
26446,47636,46.482657,0AA,8,0010010001010011001001000101011100100100010000000010010000111110
18137,47640,46.485595,226,8,0000000000000000000100000000000000000000000000000000000000000000
41593,31751,46.487598,0BA,5,1110000000100101111010000000000001100010
6240,47643,46.490954,25,8,0000111111111101000000000000000101100000000000000000000010011010
30560,47644,46.491202,24,8,0000000111111111000000100000111101000001111111011000000011111011
12838,47645,46.491443,2C1,8,0000000000000010001110010000000111110000110000000000111011000101
26447,47646,46.491669,0AA,8,0010010001011000001001000101011100100100001110010010010001000011
20916,47648,46.492579,0B4,8,0000000000000000000000000000000011000000000010011010101100110000
15828,47649,46.493165,1C6,8,0000000000000000000000000000000110000011000100110000000000000000
41594,47617,46.495087,0BA,5,1100011000000000000000000000000010111110
34018,47652,46.497199,1C4,8,0000111100010110000111000000000000000000000000000000000000001110
10226,47654,46.500567,260,8,0000000000000000000000000000000000000000000000000011101010100100
6241,47656,46.501081,25,8,0000111111111101000000000000000101100000000000000000000010011010
26448,47657,46.501593,0AA,8,0010010001011000001001000101100000100100001111000010010000111101
41595,15881,46.502577,0BA,5,0010100100000000000000000000011100101011
41596,31766,46.510066,0BA,5,0100111100000000000000000000000000101110
6242,47661,46.510937,25,8,0000111111111101000000000000000101100000000000000000000010011010
30561,47662,46.511188,24,8,0000000111111111000000100000111101000001111111111000000011111101
26449,47663,46.511556,0AA,8,0010010001011000001001000110001000100100001111000010010001000110
20917,47664,46.512598,0B4,8,0000000000000000000000000000000011000100000010011011000100111010
18138,47669,46.51657,226,8,0000000000000000000100000000000000000000000000000000000000000000
34019,47670,46.517154,1C4,8,0000111100011000000111000000000000000000000000000000000000010000
41597,31772,46.517556,0BA,5,1110000000100101111101000000000001101110
10227,47672,46.520485,260,8,0000000000000000000000000000000000000000000000000011101010100100
6243,47674,46.521064,25,8,0000111111111101000000000000000101100000000000000000000010011010
12839,47675,46.521306,2C1,8,0000000000000010001100000000000111001001110000000000111010010101
26450,47676,46.521575,0AA,8,0010010001010100001001000110000100100100010000100010010001000010
15829,47678,46.523139,1C6,8,0000000000000000000000000000000101111101000100110000000000000000
1253,47679,46.523571,320,8,0000000000100000000000000000000000000000000000000000000001001011
41598,47651,46.525046,0BA,5,1100011000000000000000000000000010111110
6244,47683,46.530896,25,8,0000111111111101000000000000000101100000000000000000000010011010
30562,47684,46.531146,24,8,0000000111111111000000100000111101000001111111111000000011111101
26451,47685,46.531568,0AA,8,0010010001011000001001000110010000100100010001000010010001001000
41599,15892,46.532535,0BA,5,0010100100000000000000000000010000101000
20918,47686,46.532551,0B4,8,0000000000000000000000000000000011000100000010011011000100111010
34020,47689,46.537167,1C4,8,0000111100011111000111000000000000000000000000000000000000010111
14171,47691,46.538759,442,8,0100001100000010000000000000000000000010000000000000000000000000
41600,31790,46.540025,0BA,5,0100111100000000000000000000000000101110
10228,47692,46.540371,260,8,0000000000000000000000000000000000000000000000000100011110110001
6245,47694,46.540955,25,8,0000111111111101000000000000000101100000000000000000000010011010
26452,47696,46.54156,0AA,8,0010010001011100001001000110010100100100010000110010010001001000
18139,47699,46.544559,226,8,0000000000000000000100000000000000000000000000000000000000000000
41601,31794,46.547514,0BA,5,1110000000100101111101000000000001101110
6246,47702,46.55091,25,8,0000111111111101000000000000000101110000000000000000000010101010
30563,47703,46.551158,24,8,0000000111111111000000100000110101000001111111111000000011111011
12840,47704,46.551397,2C1,8,0000000000000010001000000000000111001100110000000000111010001000
26453,47705,46.551625,0AA,8,0010010001011100001001000110000000100100010001100010010001010000
20919,47706,46.552535,0B4,8,0000000000000000000000000000000011001000000010011011011001000011
15830,47707,46.55313,1C6,8,0000000000000000000000000000000101111101000100110000000000000000
41602,47677,46.555004,0BA,5,1100011000000000000000000000000010111110
34982,47710,46.55554,4C3,8,0000001100000000000000000000000100000000000000000000000000000000
34021,47711,46.557129,1C4,8,0000111100100000000111000000000000000000000000000000000000011000
10229,47714,46.560357,260,8,0000000000000000000000000000000000000000000000000100011110110001
6247,47716,46.560939,25,8,0000111111111101000000000000000101110000000000000000000010101010
26454,47717,46.561555,0AA,8,0010010001011011001001000110100000100100010010000010010001001101
41603,15899,46.562493,0BA,5,0010100100000000000000000000011100101011
28115,47718,46.563083,6C0,8,1110010000000000000000001110000010000000000000000000000000000000
16531,47719,46.567176,3F9,8,0111010100011000000000100000001010000000000000000000000000010101
41604,31813,46.569983,0BA,5,0100111100000000000000000000000000101110
6248,47722,46.57087,25,8,0000111111111101000000000000000101110000000000000000000010101010
30564,47723,46.571116,24,8,0000000111111111000000100000110101000001111111011000000011111001
26455,47724,46.571537,0AA,8,0010010001011110001001000110011100100100010011010010010001001100
20920,47725,46.572524,0B4,8,0000000000000000000000000000000011001100000010011011011001000111
18140,47730,46.576528,226,8,0000000000000000000100000000000000000000000000000000000000000000
34022,47731,46.577111,1C4,8,0000111100100110000111000000000000000000000000000000000000011110
41605,31817,46.577472,0BA,5,1110000000100101111101000000000001101110
1254,47733,46.577523,320,8,0000000000100000000000000000000000000000000000000000000001001011
14262,47735,46.57852,60.0,8,1010000100000000000000000000000000000000011100000000000000000000
10230,47736,46.580192,260,8,0000000000000000000000000000000000000000000000000101001010111100
6249,47738,46.580864,25,8,0000111111111101000000000000000101110000000000000000000010101010
12841,47739,46.581108,2C1,8,0000000000000010000010010000000110110011110000000000111001011000
26456,47740,46.58153,0AA,8,0010010001100001001001000110100100100100010100010010010001011011
15831,47742,46.583095,1C6,8,0000000000000000000000000000000110000000000100110000000000000000
41606,47709,46.584962,0BA,5,1100011000000000000000000000000010111110
30565,47747,46.590955,24,8,0000000111111111000000100000110101000001111111111000000011111011
6250,47748,46.591196,25,8,0000111111111110000000000000000110010000000000100000000011001101
26457,47749,46.591494,0AA,8,0010010001100011001001000110101100100100010100010010010001010111
41607,15914,46.592451,0BA,5,0010100100000000000000000000010000101000
20921,47750,46.592526,0B4,8,0000000000000000000000000000000011001100000010011011110001001101
7759,47752,46.596749,435,8,1000000000000101000001011111111111100000001111110000000000000011
34023,47753,46.597101,1C4,8,0000111100101001000111000000000000000000000000000000000000100001
41608,31831,46.599941,0BA,5,0100111100000000000000000000000000101110
10231,47755,46.600138,260,8,0000000000000000000000000000000000000000000000000100011110110001
6251,47757,46.601874,25,8,0000111111111110000000000000000110010000000000100000000011001101
26458,47758,46.602487,0AA,8,0010010001101010001001000110101100100100010011100010010001011100
10949,47760,46.60375,436,8,0
18141,47763,46.605507,226,8,0000000000000000000100000000000000000000000000000000000000000000
41609,31835,46.60743,0BA,5,1110000000100110000111000000000010010111
6252,47766,46.610867,25,8,0000111111111110000000000000000110100000000000100000000011011101
30566,47767,46.611112,24,8,0000000111111111000000100000110101000001111111011000000011111001
12842,47768,46.611352,2C1,8,0000000000000010000011000000000111011001110000000000111010000001
26459,47769,46.611575,0AA,8,0010010001100100001001000110111000100100011000010010010001010111
20922,47770,46.612494,0B4,8,0000000000000000000000000000000011010000000010011011110001010001
15832,47771,46.613089,1C6,8,0000000000000000000000000000000110000011000100110000000000000000
41610,47741,46.61492,0BA,5,1100011000000000000000000000000010111110
34024,47774,46.617087,1C4,8,0000111100110000000111000000000000000000000000000000000000101000
10232,47776,46.620103,260,8,0000000000000000000000000000000000000000000000000101001010111100
6253,47778,46.620832,25,8,0000111111111110000000000000000110100000000000100000000011011101
26460,47779,46.621505,0AA,8,0010010001101011001001000110111000100100010110010010010001011100
41611,15919,46.62241,0BA,5,0010100100000000000000000000011100101011
1255,47780,46.622493,320,8,0000000000100000000000000000000000000000000000000000000001001011
43597,3120,46.627698,423,2,11100000000
41612,31852,46.629899,0BA,5,0100111100000000000000000000000000101110
6254,47783,46.630822,25,8,0000111111111110000000000000000110110000000000100000000011101101
30567,47784,46.631067,24,8,0000000111111111000000100000110101000001111111011000000011111001
26461,47785,46.631497,0AA,8,0010010001101011001001000111000100100100010110000010010001011011
13815,47786,46.631748,434,8,0100001000000000000000000000000000000000000000000000000000000000
20923,47787,46.632481,0B4,8,0000000000000000000000000000000011010100000010011011110001010101
18142,47792,46.636486,226,8,0000000000000000000100000000000000000000000000000000000000000000
21746,47793,46.636731,443,8,0100110100000010000000000010111100000110000000000000000000000000
34025,47794,46.637076,1C4,8,0000111100110011000111000000000000000000000000000000000000101011
41613,31854,46.637389,0BA,5,1110000000100110001101000000000010101111
34905,47797,46.637706,3C3,8,0100011000011110100100100100111011101110010110010000001110001000
28206,47798,46.638727,437,8,1111110011111111111111111111111111111111111111111111111111111111
10233,47800,46.640094,260,8,0000000000000000000000000000000000000000000000000101001010111100
6255,47802,46.640816,25,8,0000111111111110000000000000000110110000000000100000000011101101
12843,47803,46.64107,2C1,8,0000000000000010000011000000000111001100110000000000110101110011
26462,47804,46.641493,0AA,8,0010010001110100001001000111000100100100010111010010010001011000
15833,47807,46.643054,1C6,8,0000000000000000000000000000000110000011000100110000000000000000
41614,47773,46.644878,0BA,5,1100011000000000000000000000000010111110
6256,47809,46.650839,25,8,0000111111111110000000000000000111000000000000100000000011111101
30568,47810,46.651087,24,8,0000000111111111000000100000110001000001111111011000000011111000
26463,47811,46.651452,0AA,8,0010010001110100001001000110111000100100010111110010010001011110
41615,15935,46.652368,0BA,5,0010100100000000000000000000010000101000
20924,47812,46.652497,0B4,8,0000000000000000000000000000000011011000000010011100001001011111
34026,47815,46.657057,1C4,8,0000111100111100000111000000000000000000000000000000000000110100
41616,31873,46.659857,0BA,5,0100111100000000000000000000000000101110
10234,47817,46.660112,260,8,0000000000000000000000000000000000000000000000000101001010111100
6257,47819,46.660818,25,8,0000111111111110000000000000000111010000000000100000000000001101
26464,47820,46.661476,0AA,8,0010010001101000001001000110111100100100010111000010010001011100
18143,47823,46.664465,226,8,0000000000000000000100000000000000000000000000000000000000000000
41617,31878,46.667347,0BA,5,1110000000100110001110000000000010110011
31294,47827,46.670628,4A6,8,0000000000000000000000000000000000000000000100100000000000000000
6258,47828,46.670871,25,8,0000111111111110000000000000000111010000000000100000000000001101
30569,47829,46.671119,24,8,0000000111111111000000100000110001000001111111011000000011111000
12844,47830,46.671357,2C1,8,0000000000000001111111000000000111000110110000000000110101011100
26465,47831,46.671582,0AA,8,0010010001110101001001000111000000100100010101110010010001100001
20925,47833,46.672517,0B4,8,0000000000000000000000000000000011011000000010011100011101100100
15834,47834,46.673049,1C6,8,0000000000000000000000000000000101111101000100110000000000000000
41618,47805,46.674836,0BA,5,1100011000000000000000000000000010111110
1256,47837,46.675452,320,8,0000000000100000000000000000000000000000000000000000000001001011
34027,47838,46.677048,1C4,8,0000111101000101000111000000000000000000000000000000000000111101
10235,47840,46.680106,260,8,0000000000000000000000000000000000000000000000000101001010111100
6259,47842,46.68182,25,8,0000111111111110000000000000000111110000000001010000000000110000
41619,15941,46.682326,0BA,5,0010100100000000000000000000011100101011
26466,47843,46.682429,0AA,8,0010010001110101001001000111011000100100010110010010010001100000
41620,31893,46.689815,0BA,5,0100111100000000000000000000000000101110
6260,47847,46.690789,25,8,0000111111111110000000000000000111110000000001010000000000110000
30570,47848,46.691039,24,8,0000000111111111000000100000110001000001111111111000000011111010
26467,47849,46.691452,0AA,8,0010010001111000001001000111101000100100010111000010010001100010
20926,47850,46.692436,0B4,8,0000000000000000000000000000000011011100000010011100011101101000
18144,47854,46.696441,226,8,0000000000000000000100000000000000000000000000000000000000000000
34028,47855,46.697035,1C4,8,0000111101001001000111000000000000000000000000000000000001000001
41621,31898,46.697305,0BA,5,1110000000100110011001000000000011011111
10236,47858,46.699981,260,8,0000000000000000000000000000000000000000000000000101001010111100
13471,47859,46.700132,394,3,0
6261,47861,46.700784,25,8,0000111111111110000000000000000100000000000001010000000001000000
12845,47862,46.701147,2C1,8,0000000000000001111011000000000110111100110000000000110101000010
26468,47863,46.701445,0AA,8,0010010001110110001001000111100000100100011000010010010001100001
15835,47865,46.703015,1C6,8,0000000000000000000000000000000101110111000100110000000000000000
41622,47836,46.704795,0BA,5,1100011000000000000000000000000010111110
6262,47869,46.710789,25,8,0000111111111110000000000000000100010000000001010000000001010000
30571,47870,46.711039,24,8,0000000111111111000000100000110001000001111111111000000011111010
26469,47871,46.711405,0AA,8,0010010001110101001001000111101100100100010111010010010001100110
41623,15953,46.712284,0BA,5,0010100100000000000000000000010000101000
20927,47872,46.712422,0B4,8,0000000000000000000000000000000011100000000010011100110101110010
34029,47874,46.717048,1C4,8,0000111101010001000111000000000000000000000000000000000001001001
41624,31914,46.719774,0BA,5,0100111100000000000000000000000000101110
10237,47876,46.719971,260,8,0000000000000000000000000000000000000000000000000101001010111100
6263,47878,46.720762,25,8,0000111111111110000000000000000100110000000010100000000001110101
43795,1601,46.720817,3BB,5,1011101100000000000000000000000000100110
26470,47879,46.721429,0AA,8,0010010001111000001001000111101000100100011000010010010001101010
18145,47883,46.724421,226,8,0000000000000000000100000000000000000000000000000000000000000000
1257,47885,46.725417,320,8,0000000000100000000000000000000000000000000000000000000001001011
41625,31916,46.727263,0BA,5,1110000000100110011110000000000011110011
6264,47887,46.730748,25,8,0000111111111110000000000000000100110000000010100000000001110101
30572,47888,46.730997,24,8,0000000111111111000000100000110101000001111111111000000011111011
12846,47889,46.731235,2C1,8,0000000000000001111000110000000110110110110000000000110100110011
26471,47890,46.73146,0AA,8,0010010001111010001001000111101000100100011000110010010001100011
20928,47891,46.732408,0B4,8,0000000000000000000000000000000011100000000010011100110101110010
15836,47892,46.733005,1C6,8,0000000000000000000000000000000101110001000100110000000000000000
41626,47864,46.734753,0BA,5,1100011000000000000000000000000010111110
34030,47896,46.737,1C4,8,0000111101010101000111000000000000000000000000000000000001001101
31525,47898,46.737632,44D,8,0100001000000010000000000000000000000001000000000000000000000000
35364,17718,46.73787,386,7,11000100000000000000000000000000000000000000000010101100
35236,47681,46.738142,3D3,3,111001010000001100010100
10238,47900,46.739977,260,8,0000000000000000000000000000000000000000000000000101001010111100
6265,47902,46.740742,25,8,0000111111111110000000000000000101010000000010100000000010010101
26472,47903,46.741413,0AA,8,0010010001111111001001000111101000100100011000010010010001100111
41627,15962,46.742242,0BA,5,0010100100000000000000000000011100101011
14004,47904,46.742655,38E,8,0
41628,31935,46.749732,0BA,5,0100111100000000000000000000000000101110
6266,47906,46.75076,25,8,0000111111111110000000000000000101100000000010100000000010100101
30573,47907,46.751004,24,8,0000000111111111000000100000110101000010000000001000000011111101
26473,47908,46.75138,0AA,8,0010010001111000001001001000000000100100011000010010010001100011
20929,47909,46.75242,0B4,8,0000000000000000000000000000000011100100000010011101001001111011
18146,47914,46.756398,226,8,0000000000000000000100000000000000000000000000000000000000000000
34031,47915,46.756991,1C4,8,0000111101011011000111000000000000000000000000000000000001010011
41629,31940,46.757221,0BA,5,1110000000100110011110000000000011110011
10239,47917,46.759919,260,8,0000000000000000000000000000000000000000000000000101001010111100
6267,47919,46.76073,25,8,0000111111111110000000000000000101110000000010100000000010110101
12847,47920,46.76099,2C1,8,0000000000000001111000000000000110101001110000000000110100100011
26474,47921,46.761408,0AA,8,0010010001111011001001001000011000100100011000100010010001101100
15837,47923,46.762977,1C6,8,0000000000000000000000000000000101101011000100110000000000000000
216,47924,46.763395,3B7,8,1000
41630,47894,46.764711,0BA,5,1100011000000000000000000000000010111110
11119,47926,46.769497,620,8,0001000000000000000000000000000000000000000000000000000000000000
6268,47929,46.770751,25,8,0000111111111111000000000000000110010000000010100000000011010110
30574,47930,46.770992,24,8,0000001000000000000000100000110001000010000000001000000011111110
26475,47931,46.771394,0AA,8,0010010001111011001001001000010000100100011001100010010001100101
41631,15975,46.7722,0BA,5,0010100100000000000000000000010000101000
20930,47932,46.772381,0B4,8,0000000000000000000000000000000011101000000010011101001001111111
1258,47935,46.774384,320,8,0000000000100000000000000000000000000000000000000000000001001011
34032,47936,46.776974,1C4,8,0000111101011110000111000000000000000000000000000000000001010110
41632,31954,46.77969,0BA,5,0100111100000000000000000000000000101110
10240,47938,46.779878,260,8,0000000000000000000000000000000000000000000000000111011011100000
6269,47940,46.780712,25,8,0000111111111111000000000000000110100000000010100000000011100110
26476,47941,46.781389,0AA,8,0010010010000001001001001000000100100100011010010010010001101001
18147,47944,46.784378,226,8,0000000000000000000100000000000000000000000000000000000000000000
41633,31960,46.78718,0BA,5,1110000000100110011110000000000011110011
6270,47949,46.790731,25,8,0000111111111111000000000000000110110000000010100000000011110110
30575,47950,46.790977,24,8,0000001000000000000000100000110101000001111111111000000011111101
12848,47951,46.791214,2C1,8,0000000000000001110101100000000110101001110000000000110100011001
26477,47952,46.79144,0AA,8,0010010001111110001001001000010100100100011001000010010001101010
20931,47953,46.792366,0B4,8,0000000000000000000000000000000011101100000010011101001010000011
15838,47954,46.792962,1C6,8,0000000000000000000000000000000101100110000100110000000000000000
41634,47922,46.794669,0BA,5,1100011000000000000000000000000010111110
34033,47957,46.797048,1C4,8,0000111101100011000111000000000000000000000000000000000001011011
7867,47959,46.799521,610,8,0010000000000000000110010110010011000000000000000111110001000000
10241,47960,46.799831,260,8,0000000000000000000000000000000000000000000000000101001010111100
6271,47962,46.800703,25,8,0000111111111111000000000000000111000000000010100000000000000110
26478,47963,46.801371,0AA,8,0010010010000000001001001000101000100100011011000010010001110101
13749,47964,46.80164,3A5,8,100000000
41635,15979,46.802159,0BA,5,0010100100000000000000000000011100101011
13623,47966,46.806837,4DD,8,0001111000000000000000000000000000000000000000000000000000000000
41636,31977,46.809648,0BA,5,0100111100000000000000000000000000101110
6272,47968,46.81069,25,8,0000111111111111000000000000000111010000000010100000000000010110
30576,47969,46.810933,24,8,0000001000000000000000100000110001000010000000001000000011111110
26479,47970,46.811366,0AA,8,0010010010000000001001001000110100100100011010110010010001110001
31357,47971,46.81161,640,8,1010100000000000000000000011011100000001111000000000000000000000
20932,47972,46.812347,0B4,8,0000000000000000000000000000000011101100000010011101100010001001
18148,47976,46.816355,226,8,0000000000000000000100000000000000000000000000000000000000000000
16532,47977,46.816637,3F9,8,0111010100011000000000100000001010000000000000000000000000010101
34034,47978,46.816951,1C4,8,0000111101100101000111000000000000000000000000000000000001011101
41637,31981,46.817138,0BA,5,1110000000100110011110000000000011110011
10242,47981,46.819874,260,8,0000000000000000000000000000000000000000000000000110101011010100
6273,47983,46.82069,25,8,0000111111111111000000000000000111100000000010110000000000100111
12849,47984,46.820947,2C1,8,0000000000000001110011000000000110100000110000000000110000000101
26480,47985,46.82136,0AA,8,0010010010000010001001001000101000100100011100000010010001110000
15839,47987,46.822987,1C6,8,0000000000000000000000000000000101100011000100110000000000000000
1259,47988,46.823348,320,8,0000000000100000000000000000000000000000000000000000000001001011
41638,47956,46.824627,0BA,5,1100011000000000000000000000000010111110
6274,47991,46.830711,25,8,0000111111111111000000000000000100000000000010110000000001000111
30577,47992,46.830958,24,8,0000001000000000000000100000110001000001111111111000000011111100
26481,47993,46.831322,0AA,8,0010010010001001001001001000100100100100011101000010010001111100
35043,47994,46.831605,413,8,0000000100000001000000010000100100000000000000000000000000000000
41639,15995,46.832117,0BA,5,0010100100000000000000000000010000101000
20933,47995,46.832334,0B4,8,0000000000000000000000000000000011110000000010011101100010001101
34035,47999,46.836936,1C4,8,0000111101100111000111000000000000000000000000000000000001011111
14172,48002,46.8384,442,8,0100001100000010000000000000000000000010000000000000000000000000
41640,32000,46.839606,0BA,5,0100111100000000000000000000000000101110
10243,48003,46.839725,260,8,0000000000000000000000000000000000000000000000000110101011010100
6275,48005,46.840673,25,8,0000111111111111000000000000000100000000000010110000000001000111
26482,48006,46.841341,0AA,8,0010010010001010001001001000100100100100011101000010010001111011
18149,48009,46.844335,226,8,0000000000000000000100000000000000000000000000000000000000000000
41641,32003,46.847096,0BA,5,1110000000100110101000000000000000011011
6276,48012,46.850691,25,8,0000111111111111000000000000000100010000000010110000000001010111
30578,48013,46.850937,24,8,0000001000000000000000100000110101000001111111011000000011111011
12850,48014,46.851178,2C1,8,0000000000000001101111000000000110001100110000000000101111100000
26483,48015,46.851408,0AA,8,0010010010001011001001001001000000100100011100000010010001111101
20934,48016,46.852323,0B4,8,0000000000000000000000000000000011110100000010011101111010010111
15840,48018,46.852927,1C6,8,0000000000000000000000000000000101100000000100110000000000000000
41642,47986,46.854585,0BA,5,1100011000000000000000000000000010111110
34036,48021,46.857202,1C4,8,0000111101101000000111000000000000000000000000000000000001100000
10244,48023,46.859589,260,8,0000000000000000000000000000000000000000000000000101001010111100
6277,48025,46.860658,25,8,0000111111111111000000000000000100100000000010100000000001100110
26484,48026,46.861329,0AA,8,0010010010001011001001001000111100100100011111110010010001110111
41643,16002,46.862075,0BA,5,0010100100000000000000000000011100101011
28116,48027,46.862341,6C0,8,1110010000000000000000001110000010000000000000000000000000000000
41644,32016,46.869565,0BA,5,0100111100000000000000000000000000101110
6278,48031,46.870652,25,8,0000111111111111000000000000000100110000000010010000000001110101
30579,48032,46.870898,24,8,0000001000000000000000100000110101000001111111011000000011111011
26485,48033,46.871319,0AA,8,0010010010001111001001001000111000100100011110110010010001111011
20935,48034,46.872313,0B4,8,0000000000000000000000000000000011110100000010011101111010010111
18150,48038,46.87631,226,8,0000000000000000000100000000000000000000000000000000000000000000
34037,48039,46.876911,1C4,8,0000111101101011000111000000000000000000000000000000000001100011
41645,32021,46.877054,0BA,5,1110000000100110101110000000000000110011
1260,48041,46.877323,320,8,0000000000100000000000000000000000000000000000000000000001001011
10245,48042,46.879498,260,8,0000000000000000000000000000000000000000000000000101111011001000
6279,48044,46.880641,25,8,0000111111111111000000000000000101000000000010010000000010000101
12851,48045,46.880903,2C1,8,0000000000000001101011000000000101110110110000000000101010111001
26486,48046,46.881315,0AA,8,0010010010010100001001001000111000100100011110110010010001111110
15841,48048,46.883059,1C6,8,0000000000000000000000000000000101011101000100110000000000000000
41646,48020,46.884544,0BA,5,1100011000000000000000000000000010111110
6280,48052,46.890663,25,8,0000111111111111000000000000000101010000000010010000000010010101
30580,48053,46.890909,24,8,0000001000000000000000100000110101000001111111111000000011111101
26487,48054,46.891279,0AA,8,0010010010010101001001001001000000100100100000000010010001111011
41647,16015,46.892033,0BA,5,0010100100000000000000000000010000101000
20936,48055,46.892292,0B4,8,0000000000000000000000000000000011111000000010011101111010011011
34038,48058,46.896931,1C4,8,0000111101101101000111000000000000000000000000000000000001100101
41648,32037,46.899523,0BA,5,0100111100000000000000000000000000101110
10246,48060,46.899526,260,8,0000000000000000000000000000000000000000000000000101111011001000
6281,48062,46.900629,25,8,0000111111111111000000000000000101010000000010010000000010010101
26488,48063,46.901302,0AA,8,0010010010010110001001001001001100100100011111110010010001111110
18151,48068,46.904293,226,8,0000000000000000000100000000000000000000000000000000000000000000
41649,32040,46.907012,0BA,5,1110000000100110101110000000000000110011
6282,48071,46.910647,25,8,0000111111111111000000000000000101100000000010010000000010100101
30581,48072,46.910888,24,8,0000001000000000000000100000110001000010000000011000000011111111
12852,48073,46.911124,2C1,8,0000000000000001101000110000000101100011110000000000100110011100
26489,48074,46.911355,0AA,8,0010010010010000001001001001010000100100011111110010010001111011
20937,48075,46.912278,0B4,8,0000000000000000000000000000000011111100000010011110001110100100
15842,48076,46.91289,1C6,8,0000000000000000000000000000000101011010000100110000000000000000
41650,48047,46.914502,0BA,5,1100011000000000000000000000000010111110
27845,48079,46.915281,420,8,0000000000000000000000000000000011111111000000001000000010101011
34039,48081,46.916891,1C4,8,0000111101101110000111000000000000000000000000000000000001100110
10247,48084,46.919442,260,8,0000000000000000000000000000000000000000000000000110101011010100
6283,48086,46.920621,25,8,0000111111111111000000000000000101110000000010000000000010110100
26490,48087,46.921289,0AA,8,0010010010010101001001001001010100100100011111000010010010000100
41651,16024,46.921991,0BA,5,0010100100000000000000000000011100101011
1261,48088,46.922279,320,8,0000000000100000000000000000000000000000000000000000000001001011
31616,48089,46.927166,633,8,1000000100000000000000000000000000000000000000000000000000000000
41652,32056,46.929481,0BA,5,0100111100000000000000000000000000101110
6284,48091,46.930613,25,8,0000000000000000000000000000000110010000000010000000000011000110
30582,48092,46.930856,24,8,0000001000000000000000100000110001000010000000011000000011111111
26491,48093,46.931286,0AA,8,0010010010011000001001001001010100100100011111010010010001111011
20938,48094,46.932269,0B4,8,0000000000000000000000000000000000000000000010011110001110101000
18152,48099,46.936271,226,8,0000000000000000000100000000000000000000000000000000000000000000
7639,48100,46.93652,3BC,8,0
21747,48101,46.936787,443,8,0100110100000010000000000010111100000110000000000000000000000000
41653,32060,46.93697,0BA,5,1110000000100110110001000000000000111111
34040,48102,46.937001,1C4,8,0000111101110000000111000000000000000000000000000000000001101000
43445,465,46.937692,3000000.0,6,000010000000000000000000000000000000000000101000
10248,48106,46.939426,260,8,0000000000000000000000000000000000000000000000000110101011010100
6285,48108,46.940605,25,8,0000000000000000000000000000000110010000000010000000000011000110
12853,48109,46.940866,2C1,8,0000000000000001100101100000000100101001110000000000100101010101
26492,48110,46.941272,0AA,8,0010010010010110001001001001010100100100011110100010010001111111
15843,48112,46.942856,1C6,8,0000000000000000000000000000000101011010000100110000000000000000
41654,48078,46.94446,0BA,5,1100011000000000000000000000000010111110
6286,48114,46.950627,25,8,0000000000000000000000000000000110100000000010000000000011010110
30583,48115,46.950869,24,8,0000001000000000000000100000110001000010000000001000000011111110
26493,48117,46.951277,0AA,8,0010010010011000001001001001100100100100011111110010010010000101
41655,16037,46.951949,0BA,5,0010100100000000000000000000010000101000
20939,48118,46.952252,0B4,8,0000000000000000000000000000000000000000000010011110001110101000
34041,48121,46.956943,1C4,8,0000111101110000000111000000000000000000000000000000000001101000
10249,48123,46.959411,260,8,0000000000000000000000000000000000000000000000000101111011001000
41656,32073,46.959439,0BA,5,0100111100000000000000000000000000101110
6287,48125,46.960589,25,8,0000000000000000000000000000000110100000000010000000000011010110
26494,48126,46.961259,0AA,8,0010010010010110001001001001011100100100011111000010010010000111
27906,48127,46.961718,4DC,8,0001110100000000000000000000000000000000000000000000000000000000
43598,12015,46.963149,423,2,10101000010000
18153,48131,46.964411,226,8,0000000000000000000100000000000000000000000000000000000000000000
41657,32078,46.966929,0BA,5,1110000000100110111001000000000001011111
6288,48135,46.970604,25,8,0000000000000000000000000000000110110000000010000000000011100110
30584,48136,46.970848,24,8,0000001000000001000000100000101001000001111111111000000011111011
12854,48137,46.971085,2C1,8,0000000000000001100000110000000100010000110000000000100100101001
26495,48138,46.971316,0AA,8,0010010010011010001001001001010100100100011111010010010010001100
20940,48139,46.972234,0B4,8,0000000000000000000000000000000000000100000010011110100110110010
15844,48140,46.972847,1C6,8,0000000000000000000000000000000101100000000100110000000000000000
41658,48111,46.974418,0BA,5,1100011000000000000000000000000010111110
1262,48143,46.975241,320,8,0000000000100000000000000000000000000000000000000000000001001011
34042,48144,46.976848,1C4,8,0000111101110000000111000000000000000000000000000000000001101000
10250,48146,46.979348,260,8,0000000000000000000000000000000000000000000000000101111011001000
6289,48148,46.980572,25,8,0000000000000000000000000000000110110000000010000000000011100110
26496,48149,46.981247,0AA,8,0010010010011110001001001001010100100100100001010010010010000000
1570,48150,46.981516,6F3,8,0010000000000000000000000000000000000000000000000000000000000000
41659,16043,46.981908,0BA,5,0010100100000000000000000000011100101011
41660,32097,46.989397,0BA,5,0100111100000000000000000000000000101110
6290,48154,46.990593,25,8,0000000000000000000000000000000111000000000001110000000011110101
30585,48155,46.990836,24,8,0000001000000001000000100000101001000001111111111000000011111011
26497,48156,46.991213,0AA,8,0010010010011100001001001001011100100100011111100010010010000101
20941,48157,46.992252,0B4,8,0000000000000000000000000000000000001000000010011110100110110110
13563,48161,46.99616,399,8,0000000000000000000000000000000000000000111111110000000000000000
18154,48162,46.996412,226,8,0000000000000000000100000000000000000000000000000000000000000000
34043,48163,46.996836,1C4,8,0000111101110001000111000000000000000000000000000000000001101001
41661,32099,46.996887,0BA,5,1110000000100110111110000000000001110011
35237,5945,46.997799,3D3,3,011011000000001000000000
10251,48165,46.999328,260,8,0000000000000000000000000000000000000000000000000101001010111100
13472,48166,46.999482,394,3,0
6291,48169,47.00056,25,8,0000000000000000000000000000000111000000000001100000000011110100
12855,48170,47.000834,2C1,8,0000000000000001011101100000000100000011110000000000100100001111
26498,48171,47.001236,0AA,8,0010010010010011001001001010000100100100100000100010010010000000
15845,48173,47.002816,1C6,8,0000000000000000000000000000000101100110000100110000000000000000
41662,48142,47.004376,0BA,5,1100011000000000000000000000000010111110
11211,48174,47.006963,39A,8,0000000000000000000000000000000100000000000000000000000000000000
6292,48176,47.01055,25,8,0000000000000000000000000000000111010000000001010000000000000011
30586,48177,47.010791,24,8,0000001000000001000000100000101001000010000000001000000011111101
26499,48178,47.011224,0AA,8,0010010010010011001001001001111100100100100001000010010010000110
41663,16056,47.011866,0BA,5,0010100100000000000000000000010000101000
20942,48179,47.012207,0B4,8,0000000000000000000000000000000000001000000010011110100110110110
47,48182,47.016684,3B1,8,0000000000000000000000100000101000000000000010000000000000000000
34044,48183,47.016926,1C4,8,0000111101110000000111000000000000000000000000000000000001101000
43796,3212,47.018402,3BB,5,1010010100000000000000000000000000000000
41664,32116,47.019355,0BA,5,0100111100000000000000000000000000101110
10252,48185,47.019407,260,8,0000000000000000000000000000000000000000000000000111011011100000
6293,48188,47.021572,25,8,0000000000000000000000000000000111100000000001010000000000010011
26500,48189,47.022189,0AA,8,0010010010011001001001001001100100100100100000110010010010000001
18155,48193,47.025206,226,8,0000000000000000000100000000000000000000000000000000000000000000
1263,48194,47.026201,320,8,0000000000100000000000000000000000000000000000000000000001001011
41665,32120,47.026845,0BA,5,1110000000100110111111000000000001110111
6294,48196,47.030565,25,8,0000000000000000000000000000000111100000000001010000000000010011
30587,48197,47.030805,24,8,0000001000000001000000100000100001000010000000001000000011111011
12856,48198,47.031045,2C1,8,0000000000000001011010010000000011101100110000000000011111101000
26501,48199,47.03127,0AA,8,0010010010011110001001001001101000100100100001110010010010000010
20943,48200,47.032195,0B4,8,0000000000000000000000000000000000001100000010011110111111000000
15846,48203,47.032806,1C6,8,0000000000000000000000000000000101101010000100110000000000000000
41666,48172,47.034334,0BA,5,1100011000000000000000000000000010111110
34045,48207,47.036803,1C4,8,0000111101110001000111000000000000000000000000000000000001101001
31526,48209,47.037211,44D,8,0100001000000010000000000000000000000001000000000000000000000000
10253,48210,47.039195,260,8,0000000000000000000000000000000000000000000000000110101011010100
6295,48212,47.040531,25,8,0000000000000000000000000000000111100000000001010000000000010011
26502,48213,47.041202,0AA,8,0010010010011010001001001001101000100100100000010010010010001011
41667,16066,47.041824,0BA,5,0010100100000000000000000000011100101011
41668,32134,47.049314,0BA,5,0100111100000000000000000000000000101110
6296,48217,47.050528,25,8,0000000000000000000000000000000111110000000001010000000000100011
30588,48218,47.050771,24,8,0000001000000001000000100000100001000010000000001000000011111011
26503,48219,47.051194,0AA,8,0010010010010110001001001010010100100100100011000010010010001101
20944,48220,47.05218,0B4,8,0000000000000000000000000000000000010000000010011110111111000100
18156,48224,47.056181,226,8,0000000000000000000100000000000000000000000000000000000000000000
34046,48225,47.056794,1C4,8,0000111101110011000111000000000000000000000000000000000001101011
41669,32138,47.056803,0BA,5,1110000000100110111111000000000001110111
10254,48227,47.059148,260,8,0000000000000000000000000000000000000000000000000110101011010100
6297,48229,47.060522,25,8,0000000000000000000000000000000111110000000001010000000000100011
12857,48230,47.060795,2C1,8,0000000000000001010100000000000100000110110000000000010111101000
26504,48231,47.061183,0AA,8,0010010010010101001001001010001000100100100011100010010010001011
15847,48233,47.062782,1C6,8,0000000000000000000000000000000101100101000100110000000000000000
217,48234,47.063181,3B7,8,1000
41670,48205,47.064293,0BA,5,1100011000000000000000000000000010111110
16533,48236,47.066981,3F9,8,0111010100011000000000100000001010000000000000000000000000010101
11120,48237,47.069138,620,8,0001000000000000000000000000000000000000000000000000000000000000
6298,48239,47.070512,25,8,0000000000000000000000000000000100000000000001010000000000110011
30589,48240,47.070751,24,8,0000001000000001000000100000100001000010000000001000000011111011
26505,48241,47.071176,0AA,8,0010010010100000001001001010001000100100100100110010010010001100
41671,16081,47.071782,0BA,5,0010100100000000000000000000010000101000
20945,48242,47.072164,0B4,8,0000000000000000000000000000000000010100000010011110111111001000
1264,48244,47.07417,320,8,0000000000100000000000000000000000000000000000000000000001001011
16330,48245,47.076099,4C1,8,0000000100000000000000010000000100000000000000000000000000000000
34047,48246,47.07678,1C4,8,0000111101110111000111000000000000000000000000000000000001101111
10255,48248,47.079024,260,8,0000000000000000000000000000000000000000000000000111011011100000
41672,32157,47.079272,0BA,5,0100111100000000000000000000000000101110
6299,48250,47.081525,25,8,0000000000000000000000000000000100010000000001010000000001000011
26506,48252,47.082147,0AA,8,0010010010100011001001001010001000100100100011110010010010010111
18157,48256,47.085164,226,8,0000000000000000000100000000000000000000000000000000000000000000
41673,32159,47.086761,0BA,5,1110000000100111000000000000000001111100
6300,48260,47.090489,25,8,0000000000000000000000000000000100010000000001010000000001000011
30590,48261,47.090737,24,8,0000001000000000000000100000011001000010000000001000000011111000
12858,48262,47.090974,2C1,8,0000000000000001001110010000000011111001110000000000010011000010
26507,48263,47.091197,0AA,8,0010010010100011001001001010001100100100100011000010010010011100
20946,48264,47.092149,0B4,8,0000000000000000000000000000000000010100000010011110111111001000
15848,48265,47.092766,1C6,8,0000000000000000000000000000000101100010000100110000000000000000
41674,48232,47.094251,0BA,5,1100011000000000000000000000000010111110
34048,48268,47.09677,1C4,8,0000111101111110000111000000000000000000000000000000000001110110
10256,48272,47.099015,260,8,0000000000000000000000000000000000000000000000000111011011100000
6301,48274,47.100482,25,8,0000000000000000000000000000000100010000000001010000000001000011
26508,48275,47.101161,0AA,8,0010010010100000001001001010010100100100100101010010010010010000
41675,16088,47.10174,0BA,5,0010100100000000000000000000011100101011
41676,32175,47.10923,0BA,5,0100111100000000000000000000000000101110
6302,48277,47.110506,25,8,0000000000000000000000000000000100100000000001010000000001010011
30591,48278,47.110752,24,8,0000001000000000000000100000011001000010000000001000000011111000
26509,48279,47.111119,0AA,8,0010010010100101001001001010001100100100100110100010010010010000
20947,48280,47.112169,0B4,8,0000000000000000000000000000000000011000000010011111010011010001
18158,48285,47.116137,226,8,0000000000000000000100000000000000000000000000000000000000000000
41677,32179,47.116719,0BA,5,1110000000100111000111000000000010011000
34049,48286,47.11676,1C4,8,0000111110000001000111000000000000000000000000000000000001111001
10257,48288,47.118981,260,8,0000000000000000000000000000000000000000000000000111011011100000
6303,48290,47.120474,25,8,0000000000000000000000000000000100100000000001000000000001010010
12859,48291,47.120747,2C1,8,0000000000000001001000000000000011000011110000000000001101110010
26510,48292,47.12114,0AA,8,0010010010101001001001001010010100100100100101100010010010010001
15849,48294,47.122734,1C6,8,0000000000000000000000000000000101011111000100110000000000000000
1265,48295,47.123133,320,8,0000000000100000000000000000000000000000000000000000000001001011
41678,48267,47.124209,0BA,5,1100011000000000000000000000000010111110
6304,48297,47.130502,25,8,0000000000000000000000000000000100110000000001000000000001100010
30592,48298,47.130741,24,8,0000001000000000000000100000010101000010000000001000000011110111
26511,48300,47.131147,0AA,8,0010010010101100001001001010010100100100100100000010010010011001
41679,16100,47.131699,0BA,5,0010100100000000000000000000010000101000
20948,48301,47.132123,0B4,8,0000000000000000000000000000000000011100000010011111010011010101
34050,48304,47.136776,1C4,8,0000111110000101000111000000000000000000000000000000000001111101
34906,48306,47.137247,3C3,8,0100011000011110100100100100111011101110010110010000001110001000
14173,48307,47.138041,442,8,0100001100000010000000000000000000000010000000000000000000000000
10258,48308,47.138892,260,8,0000000000000000000000000000000000000000000000000111011011100000
41680,32194,47.139188,0BA,5,0100111100000000000000000000000000101110
6305,48310,47.140461,25,8,0000000000000000000000000000000100110000000001000000000001100010
26512,48311,47.14113,0AA,8,0010010010101001001001001010010000100100100110100010010010010010
18159,48315,47.14414,226,8,0000000000000000000100000000000000000000000000000000000000000000
41681,32199,47.146678,0BA,5,1110000000100111000011000000000010001000
6306,48319,47.150477,25,8,0000000000000000000000000000000100110000000001000000000001100010
30593,48320,47.15072,24,8,0000001000000000000000100000010101000001111111111000000011110101
12860,48321,47.150966,2C1,8,0000100000000000111111000000000010010000110000000000000000011111
26513,48322,47.151196,0AA,8,0010010010011111001001001010010000100100100101010010010010010010
20949,48323,47.152112,0B4,8,0000000000000000000000000000000000100000000010011111101011011111
15850,48324,47.152728,1C6,8,0000000000000000100000000000000101011100000100110000000000000000
41682,48293,47.154167,0BA,5,1100011000000000000000000000000010111110
34051,48327,47.156771,1C4,8,0000111110001000000111000000000000000000000000000000000010000000
10259,48329,47.158907,260,8,0000000000000000000000000000000000000000000000000101111011001000
6307,48331,47.160442,25,8,0000000000000000000000000000000100110000000001000000000001100010
26514,48332,47.161116,0AA,8,0010010010101000001001001010010000100100100100100010010010010000
41683,16105,47.161657,0BA,5,0010100100000000000000000000011100101011
7700,48336,47.168015,611,8,0010000100000000000000000001000000000000000000000011110101101100
41684,32215,47.169146,0BA,5,0100111100000000000000000000000000101110
6308,48338,47.170435,25,8,0000000000000000000000000000000100110000000001000000000001100010
30594,48339,47.170678,24,8,0000001000000000000000100000001101000001111111111000000011110011
26515,48340,47.171111,0AA,8,0010010010101000001001001010010000100100100011110010010010010101
28117,48341,47.17159,6C0,8,1110010000000000000000001110000010000000000000000000000000000000
20950,48342,47.172094,0B4,8,0000000000000000000000000000000000100000000010011111101011011111
11272,48344,47.173945,4C8,8,0000100100000000000000000000000000000000000000000000000000000000
18160,48347,47.176098,226,8,0000000000000000000100000000000000000000000000000000000000000000
41685,32218,47.176636,0BA,5,1110000000100110111111000000000001110111
34052,48348,47.176718,1C4,8,0000111110001001000111000000000000000000000000000000000010000001
1266,48350,47.177131,320,8,0000000000100000000000000000000000000000000000000000000001001011
10260,48351,47.178863,260,8,0000000000000000000000000000000000000000000000000101111011001000
6309,48354,47.180434,25,8,0000000000000000000000000000000101000000000001000000000001110010
12861,48355,47.180715,2C1,8,0000100000000000110000000000000001010011110000000000000010100110
26516,48356,47.181097,0AA,8,0010010010101010001001001010011100100100100001110010010010010101
15851,48358,47.182694,1C6,8,0000000000000000100000000000000101011001000100110000000000000000
41686,48326,47.184125,0BA,5,1100011000000000000000000000000010111110
6310,48361,47.190451,25,8,0000000000000000000000000000000100110000000001000000000001100010
30595,48362,47.190694,24,8,0000001000000000000000100000001101000001111111111000000011110011
26517,48363,47.191062,0AA,8,0010010010100111001001001010010000100100100101100010010010010001
41687,16121,47.191615,0BA,5,0010100100000000000000000000010000101000
20951,48364,47.192079,0B4,8,0000000000000000000000000000000000100100000010011111101011100011
34053,48367,47.196705,1C4,8,0000111110001001000111000000000000000000000000000000000010000001
10261,48369,47.198834,260,8,0000000000000000000000000000000000000000000000000101001010111100
41688,32237,47.199104,0BA,5,0100111100000000000000000000000000101110
6311,48371,47.200414,25,8,0000000000000000000000000000000100110000000001000000000001100010
26518,48372,47.20109,0AA,8,0010010010100100001001001010100000100100100100000010010010010101
18161,48376,47.204079,226,8,0000000000000000000100000000000000000000000000000000000000000000
41689,32242,47.206594,0BA,5,1110000000100111000110000000000010010100
6312,48378,47.210434,25,8,0000000000000000000000000000000100110000000001000000000001100010
30596,48379,47.210671,24,8,0000001000000001000000100000001101000010000000001000000011110110
12862,48380,47.21091,2C1,8,0000100000000000001100000000000000101001110000000000000011101100
26519,48381,47.211138,0AA,8,0010010010100011001001001010010000100100100100000010010010010111
20952,48382,47.212067,0B4,8,0000000000000000000000000000000000101000000010011111101011100111
15852,48384,47.212812,1C6,8,0000000000000000100000000000000101010110000100110000000000000000
34799,48386,47.213668,4DF,8,0010000000000000000000000000000100000000000000000000000000000000
41690,48357,47.214084,0BA,5,1100011000000000000000000000000010111110
34054,48389,47.21669,1C4,8,0000111110000111000111000000000000000000000000000000000001111111
10262,48391,47.218811,260,8,0000000000000000000000000000000000000000000000000100011110110001
6313,48393,47.221427,25,8,0000000000000000000000000000000100110000000001000000000001100010
41691,16128,47.221573,0BA,5,0010100100000000000000000000011100101011
26520,48394,47.22205,0AA,8,0010010010101000001001001010001000100100100101000010010010010101
1267,48395,47.223065,320,8,0000000000100000000000000000000000000000000000000000000001001011
41692,32256,47.229063,0BA,5,0100111100000000000000000000000000101110
6314,48399,47.230393,25,8,0000000000000000000000000000000100110000000001000000000001100010
30597,48400,47.230629,24,8,0000001000000001000000100000001101000010000000001000000011110110
26521,48401,47.231063,0AA,8,0010010010100111001001001010001000100100100100010010010010001111
20953,48402,47.232052,0B4,8,0000000000000000000000000000000000101000000010011111101011100111
18162,48406,47.236054,226,8,0000000000000000000100000000000000000000000000000000000000000000
21748,48407,47.236313,443,8,0100110100000010000000000010111100000110000000000000000000000000
41693,32260,47.236552,0BA,5,1110000000100111000111000000000010011000
34055,48408,47.236685,1C4,8,0000111110000101000111000000000000000000000000000000000001111101
10263,48411,47.238773,260,8,0000000000000000000000000000000000000000000000000011101010100100
6315,48413,47.240386,25,8,0000000000000000000000000000000100110000000001000000000001100010
12863,48414,47.240671,2C1,8,0000100000000000000000001111111111111010110000000000000010001100
26522,48415,47.241059,0AA,8,0010010010100111001001001010100100100100100011110010010010001010
15853,48417,47.242655,1C6,8,0000000000000000100000000000000101010011000100110100000000000000
41694,48387,47.244042,0BA,5,1100011000000000000000000000000010111110
6316,48420,47.250405,25,8,0000000000000000000000000000000100110000000000110000000001100001
30598,48421,47.250642,24,8,0000001000000010000000100000000101000010000000011000000011110110
26523,48422,47.251021,0AA,8,0010010010100011001001001010101100100100100100010010010010010101
41695,16138,47.251531,0BA,5,0010100100000000000000000000010000101000
20954,48423,47.252037,0B4,8,0000000000000000000000000000000000101100000010011111101011101011
34056,48425,47.256669,1C4,8,0000111110000001000111000000000000000000000000000000000001111001
35238,48214,47.257455,3D3,3,111001010000001010101101
10264,48427,47.258741,260,8,0000000000000000000000000000000000000000000000000011101010100100
41696,32278,47.259021,0BA,5,0100111100000000000000000000000000101110
6317,48429,47.260374,25,8,0000000000000000000000000000000100110000000000110000000001100001
26524,48430,47.26104,0AA,8,0010010010011110001001001010100100100100100100010010010010001110
18163,48435,47.264034,226,8,0000000000000000000100000000000000000000000000000000000000000000
41697,32283,47.26651,0BA,5,1110000000100111001101000000000010110000
6318,48437,47.270389,25,8,0000000000000000000000000000000100110000000000110000000001100001
30599,48438,47.270629,24,8,0000001000000010000000100000001101000010000000001000000011110111
12864,48439,47.270876,2C1,8,0000100011111111110100001111111111010111110000000000000000111000
26525,48440,47.271102,0AA,8,0010010010100000001001001010010100100100100011110010010010010011
20955,48441,47.272023,0B4,8,0000000000000000000000000000000000110000000010011111101011101111
15854,48442,47.272651,1C6,8,0000000000000000100000000000000101010000000100110100000000000000
41698,48416,47.274,0BA,5,1100011000000000000000000000000010111110
1268,48445,47.275024,320,8,0000000000100000000000000000000000000000000000000000000001001011
34057,48446,47.276647,1C4,8,0000111101111101000111000000000000000000000000000000000001110101
10265,48449,47.278697,260,8,0000000000000000000000000000000000000000000000000010001110001101
6319,48452,47.280362,25,8,0000000000000000000000000000000100110000000000110000000001100001
26526,48453,47.281029,0AA,8,0010010010100000001001001010010000100100100011110010010010001110
41699,16146,47.281489,0BA,5,0010100100000000000000000000011100101011
41700,32304,47.288979,0BA,5,0100111100000000000000000000000000101110
6320,48456,47.290348,25,8,0000000000000000000000000000000100110000000000110000000001100001
30600,48457,47.290587,24,8,0000001000000010000000100000000101000010000000001000000011110101
26527,48458,47.291026,0AA,8,0010010010100010001001001011001000100100100100110010010010010101
20956,48460,47.292013,0B4,8,0000000000000000000000000000000000110100000010011111101011110011
18164,48465,47.296012,226,8,0000000000000000000100000000000000000000000000000000000000000000
41701,32307,47.296469,0BA,5,1110000000100111001101000000000010110000
34058,48466,47.296648,1C4,8,0000111101111010000111000000000000000000000000000000000001110010
43599,47744,47.2986,423,2,1000100000000
10266,48468,47.298726,260,8,0000000000000000000000000000000000000000111111111101000000111001
13473,48469,47.298945,394,3,0
7868,48470,47.299856,610,8,0010000000000000000110100110010011000000000000000111110001000000
6321,48472,47.30044,25,8,0000000000000000000000000000000101000000000000100000000001110000
12865,48473,47.300678,2C1,8,0000100011111111101111011111111111001010110000000000000000011000
26528,48474,47.301014,0AA,8,0010010010100000001001001010100100100100100101000010010010010110
15855,48476,47.302617,1C6,8,0000000000000000100000000000000101001101000100110100000000000000
41702,48444,47.303958,0BA,5,1100011000000000000000000000000010111110
6322,48478,47.310369,25,8,0000000000000000000000000000000100110000000000100000000001100000
30601,48479,47.310612,24,8,0000001000000001000000100000000101000001111111111000000011110010
13878,48480,47.310856,4C6,8,0000011100000000000000110000000000000000000000000000000000000000
26529,48481,47.311084,0AA,8,0010010010100011001001001010100100100100100110100010010010010000
41703,16159,47.311448,0BA,5,0010100100000000000000000000010000101000
20957,48483,47.311993,0B4,8,0000000000000000000000000000000000110100000010011111101011110011
43797,48028,47.315987,3BB,5,0111000000000000001000001010011000000000
16534,48485,47.316269,3F9,8,0111010100011000000000100000001010000000000000000000000000010101
34059,48486,47.316622,1C4,8,0000111101110011000111000000000000000000000000000000000001101011
10267,48488,47.318455,260,8,0000000000000000000000000000000000000000111111111010110100010110
41704,32319,47.318937,0BA,5,0100111100000000000000000000000000101110
6323,48490,47.321361,25,8,0000000000000000000000000000000100110000000000100000000001100000
26530,48491,47.32197,0AA,8,0010010010100100001001001010001100100100100101100010010010011110
18165,48495,47.324991,226,8,0000000000000000000100000000000000000000000000000000000000000000
1269,48496,47.325988,320,8,0000000000100000000000000000000000000000000000000000000001001011
41705,32323,47.326427,0BA,5,1110000000100111001010000000000010100100
6324,48499,47.330352,25,8,0000000000000000000000000000000100110000000000100000000001100000
30602,48500,47.330597,24,8,0000001000000001000000100000000101000001111111111000000011110010
12866,48501,47.330835,2C1,8,0000100011111111101000001111111110101010110000000000000011011011
26531,48502,47.331063,0AA,8,0010010010101001001001001010010000100100100101010010010010011011
20958,48503,47.331978,0B4,8,0000000000000000000000000000000000111000000010011111101011110111
15856,48504,47.332608,1C6,8,0000000000000000100000000000000101001010000100110100000000000000
41706,48475,47.333916,0BA,5,1100011000000000000000000000000010111110
34060,48508,47.336608,1C4,8,0000111101110000000111000000000000000000000000000000000001101000
35365,47155,47.337074,386,7,01010100000000000000000000000000000000000000000000000000
10268,48510,47.338411,260,8,0000000000000000000000000000000000000000111111111010110100010110
13939,48511,47.338816,622,8,0001001000000000000000000000000000000000000000000000000000000000
6325,48513,47.34032,25,8,0000000000000000000000000000000100110000000000100000000001100000
26532,48514,47.340986,0AA,8,0010010010101000001001001010100000100100100101000010010010011110
31527,48515,47.341226,44D,8,0100001000000010000000000000000000000001000000000000000000000000
41707,16164,47.341406,0BA,5,0010100100000000000000000000011100101011
41708,32342,47.348895,0BA,5,0100111100000000000000000000000000101110
6326,48519,47.350313,25,8,0000000000000000000000000000000100110000000000100000000001100000
30603,48520,47.35056,24,8,0000001000000001000000100000000001000001111111111000000011110001
26533,48521,47.350989,0AA,8,0010010010101000001001001010010100100100101000000010010010010001
20959,48522,47.351968,0B4,8,0000000000000000000000000000000000111100000010011111101011111011
18166,48526,47.355967,226,8,0000000000000000000100000000000000000000000000000000000000000000
41709,32345,47.356385,0BA,5,1110000000100111000010000000000010000100
34061,48528,47.356598,1C4,8,0000111101100110000111000000000000000000000000000000000001011110
10269,48530,47.35835,260,8,0000000000000000000000000000000000000000111111111110100001010001
6327,48533,47.360321,25,8,0000000000000000000000000000000100110000000000100000000001100000
12867,48534,47.360591,2C1,8,0000100011111111100000001111111110001010110000000000000010011011
26534,48535,47.360972,0AA,8,0010010010100011001001001010011100100100100111100010010010010000
15857,48537,47.362573,1C6,8,0000000000000000100000000000000101000111000100110100000000000000
218,48538,47.362968,3B7,8,1000
41710,48506,47.363874,0BA,5,1100011000000000000000000000000010111110
11121,48539,47.368783,620,8,0001000000000000000000000000000000000000000000000000000000000000
6328,48541,47.370299,25,8,0000000000000000000000000000000100110000000000100000000001100000
30604,48542,47.370545,24,8,0000001000000000000000100000000001000001111111111000000011110000
26535,48543,47.370966,0AA,8,0010010010100111001001001010011100100100100100000010010010011001
41711,16182,47.371364,0BA,5,0010100100000000000000000000010000101000
20960,48544,47.371955,0B4,8,0000000000000000000000000000000000111100000010011111101011111011
1270,48546,47.373954,320,8,0000000000100000000000000000000000000000000000000000000001001011
34062,48548,47.376583,1C4,8,0000111101011001000111000000000000000000000000000000000001010001
10270,48550,47.378358,260,8,0000000000000000000000000000000000000000000000000000000001101010
41712,32363,47.378853,0BA,5,0100111100000000000000000000000000101110
6329,48552,47.380293,25,8,0000000000000000000000000000000100110000000000010000000001011111
26536,48553,47.380957,0AA,8,0010010010100000001001001010010000100100100101010010010010010100
18167,48557,47.383951,226,8,0000000000000000000100000000000000000000000000000000000000000000
41713,32366,47.386343,0BA,5,1110000000100111000101000000000010010000
6330,48560,47.39031,25,8,0000000000000000000000000000000100110000000000010000000001011111
30605,48561,47.390556,24,8,0000001000000000000000100000000001000001111111111000000011110000
12868,48562,47.390795,2C1,8,0000100011111111011001111111111101111010110000000000000001110010
26537,48563,47.391022,0AA,8,0010010010100110001001001010001100100100100101010010010010010011
31677,48564,47.391267,389,8,0000000000100000000000000000000000000000000000000000000000000000
20961,48565,47.39194,0B4,8,0000000000000000000000000000000001000000000010011111101011111111
15858,48566,47.392569,1C6,8,0000000000000000100000000000000101000100000100110100000000000000
41714,48536,47.393833,0BA,5,1100011000000000000000000000000010111110
34063,48570,47.396585,1C4,8,0000111101010010000111000000000000000000000000000000000001001010
10271,48572,47.398292,260,8,0000000000000000000000000000000000000000111111111110100001010001
6331,48574,47.400275,25,8,0000000000000000000000000000000100110000000000010000000001011111
26538,48575,47.400951,0AA,8,0010010010101000001001001010001100100100100110010010010010001100
41715,16187,47.401322,0BA,5,0010100100000000000000000000011100101011
41716,32379,47.408812,0BA,5,0100111100000000000000000000000000101110
6332,48579,47.410294,25,8,0000000000000000000000000000000100110000000000010000000001011111
30606,48580,47.41054,24,8,0000001000000000000000100000000001000001111111111000000011110000
26539,48581,47.410906,0AA,8,0010010010100100001001001010010100100100100011110010010010010010
20962,48582,47.411926,0B4,8,0000000000000000000000000000000001000100000010011111101000000011
18168,48586,47.415926,226,8,0000000000000000000100000000000000000000000000000000000000000000
41717,32383,47.416301,0BA,5,1110000000100111000010000000000010000100
34064,48588,47.41656,1C4,8,0000111101000011000111000000000000000000000000000000000000111011
10272,48590,47.418243,260,8,0000000000000000000000000000000000000000111111111110100001010001
6333,48592,47.420262,25,8,0000000000000000000000000000000100110000000000010000000001011111
12869,48593,47.420549,2C1,8,0000100011111111010011011111111101010100110000000000000000110010
26540,48594,47.420934,0AA,8,0010010010101000001001001010100100100100100010100010010010001110
15859,48597,47.422534,1C6,8,0000000000000000100000000000000101000001000100110100000000000000
1271,48598,47.42292,320,8,0000000000100000000000000000000000000000000000000000000001001011
41718,48569,47.423791,0BA,5,1100011000000000000000000000000010111110
13684,48600,47.425651,4B7,8,1110001101011111001000101111000000001000111010100000000100001000
6334,48602,47.430254,25,8,0000000000000000000000000000000100110000000000010000000001011111
30607,48603,47.430498,24,8,0000001000000001000000011111111101000001111111111000000011101111
26541,48604,47.430919,0AA,8,0010010010101010001001001010011100100100100011110010010010010001
41719,16200,47.43128,0BA,5,0010100100000000000000000000010000101000
20963,48605,47.431916,0B4,8,0000000000000000000000000000000001001000000010011111101000000111
34065,48608,47.436552,1C4,8,0000111100111110000111000000000000000000000000000000000000110110
10273,48610,47.438232,260,8,0000000000000000000000000000000000000000111111111101110001000101
41720,32403,47.43877,0BA,5,0100111100000000000000000000000000101110
6335,48612,47.440246,25,8,0000000000000000000000000000000100110000000000010000000001011111
26542,48613,47.440916,0AA,8,0010010010101010001001001010100000100100100011110010010010010000
18169,48618,47.443907,226,8,0000000000000000000100000000000000000000000000000000000000000000
41721,32406,47.446259,0BA,5,1110000000100111000010000000000010000100
14174,48619,47.449672,442,8,0100001100000010000000000000000000000010000000000000000000000000
6336,48621,47.450266,25,8,0000000000000000000000000000000100110000000000010000000001011111
30608,48622,47.450509,24,8,0000001000000001000000100000000001000001111111111000000011110001
12870,48623,47.450747,2C1,8,0000100011111111001101001111111100111101110000000000000000000010
26543,48624,47.450973,0AA,8,0010010010100011001001001001111000100100100100010010010010001010
308,48625,47.451222,38F,8,0000000100000000000000000000000000000000000000000000000000000000
20964,48626,47.451897,0B4,8,0000000000000000000000000000000001001000000010011111101000000111
15860,48627,47.452754,1C6,8,0000000000000000100000000000000100111111000100110100000000000000
41722,48596,47.453749,0BA,5,1100011000000000000000000000000010111110
34066,48630,47.45659,1C4,8,0000111100101110000111000000000000000000000000000000000000100110
10274,48633,47.458409,260,8,0000000000000000000000000000000000000000111111111101110001000101
6337,48635,47.460233,25,8,0000000000000000000000000000000100110000000000010000000001011111
26544,48636,47.460901,0AA,8,0010010010011001001001001001100100100100100011000010010010010101
28118,48637,47.461143,6C0,8,1110010000000000000000001110000010000000000000000000000000000000
41723,16207,47.461238,0BA,5,0010100100000000000000000000011100101011
31295,48638,47.467655,4A6,8,0000000000000000000000000000000000000000000100100000000000000000
41724,32426,47.468728,0BA,5,0100111100000000000000000000000000101110
6338,48640,47.470225,25,8,0000000000000000000000000000000100110000000000010000000001011111
30609,48641,47.470464,24,8,0000001000000001000000100000000001000010000000001000000011110011
26545,48642,47.470894,0AA,8,0010010010011010001001001001010100100100100100000010010010001110
20965,48643,47.47188,0B4,8,0000000000000000000000000000000001001100000010011111101000001011
18170,48649,47.475882,226,8,0000000000000000000100000000000000000000000000000000000000000000
41725,32430,47.476218,0BA,5,1110000000100111000001000000000010000000
34067,48650,47.47652,1C4,8,0000111100100011000111000000000000000000000000000000000000011011
1272,48652,47.476932,320,8,0000000000100000000000000000000000000000000000000000000001001011
10275,48653,47.478217,260,8,0000000000000000000000000000000000000000111111111101110001000101
6339,48655,47.480219,25,8,0000000000000000000000000000000100110000000000010000000001011111
12871,48656,47.48051,2C1,8,0000100011111111000111011111111100110000110000000000000011011110
26546,48657,47.480884,0AA,8,0010010010011001001001001001111100100100100010110010010010001100
34741,48658,47.481393,380,8,0
15861,48661,47.482496,1C6,8,0000000000000000100000000000000100111111000100110100000000000000
41726,48629,47.483707,0BA,5,1100011000000000000000000000000010111110
34983,48663,47.483874,4C3,8,0000001100000000000000000000000100000000000000000000000000000000
6340,48666,47.490238,25,8,0000000000000000000000000000000100110000000000010000000001011111
30610,48667,47.490478,24,8,0000001000000001000000011111110101000010000000001000000011101111
26547,48668,47.490852,0AA,8,0010010010100010001001001010011000100100100010100010010010000110
41727,16220,47.491197,0BA,5,0010100100000000000000000000010000101000
20966,48670,47.491865,0B4,8,0000000000000000000000000000000001010000000010011111010000001001
34068,48672,47.496524,1C4,8,0000111100010100000111000000000000000000000000000000000000001100
10276,48674,47.498156,260,8,0000000000000000000000000000000000000000111111111101110001000101
41728,32444,47.498686,0BA,5,0100111100000000000000000000000000101110
6341,48676,47.500206,25,8,0000000000000000000000000000000100110000000000010000000001011111
26548,48677,47.500873,0AA,8,0010010010010100001001001001011100100100100010100010010010000110
18171,48681,47.503863,226,8,0000000000000000000100000000000000000000000000000000000000000000
41729,32448,47.506176,0BA,5,1110000000100111000000000000000001111100
6342,48684,47.510222,25,8,0000000000000000000000000000000100110000000000010000000001011111
30611,48685,47.510464,24,8,0000001000000010000000011111110101000010000000001000000011110000
12872,48686,47.510708,2C1,8,0000100011111111000001111111111100010111110000000000000010101111
26549,48687,47.510938,0AA,8,0010010010010001001001001001000000100100100001110010010010001000
20967,48688,47.511853,0B4,8,0000000000000000000000000000000001010100000010011111010000001101
15862,48689,47.512491,1C6,8,0000000000000000100000000000000100111111000100110100000000000000
41730,48660,47.513665,0BA,5,1100011000000000000000000000000010111110
34069,48692,47.516496,1C4,8,0000111100001110000111000000000000000000000000000000000000000110
35239,6009,47.517111,3D3,3,011011000000001000000000
10277,48694,47.518136,260,8,0000000000000000000000000000000000000000111111111101110001000101
6343,48696,47.520189,25,8,0000000000000000000000000000000100110000000000010000000001011111
26550,48697,47.520858,0AA,8,0010010010000110001001001000110000100100100011110010010010001000
41731,16225,47.521155,0BA,5,0010100100000000000000000000011100101011
1273,48698,47.521849,320,8,0000000000100000000000000000000000000000000000000000000001001011
41732,32467,47.528644,0BA,5,0100111100000000000000000000000000101110
6344,48701,47.530197,25,8,0000000000000000000000000000000100110000000000010000000001011111
30612,48702,47.530435,24,8,0000001000000001000000011111101101000010000000001000000011101101
26551,48703,47.530849,0AA,8,0010010010001100001001001001001000100100100010100010010010001010
20968,48704,47.531834,0B4,8,0000000000000000000000000000000001010100000010011110111100001000
18172,48708,47.535835,226,8,0000000000000001000100000000000000000000000000000000000000000000
41733,32470,47.536134,0BA,5,1110000000100110111111000000000001110111
34070,48709,47.536485,1C4,8,0000111100001000000111000000000000000000000000000000000000000000
10278,48713,47.538022,260,8,0000000000000000000000000000000000000000111111111110100001010001
6345,48716,47.540276,25,8,0000000000000000000000000000000100110000000000010000000001011111
12873,48717,47.540518,2C1,8,0000100011111110111101001111111011111010110000000000000001111101
26552,48718,47.54084,0AA,8,0010010010000111001001001001010000100100100010100010010010000101
15863,48720,47.542458,1C6,8,0000000000000000100000000000000100111111000100110100000000000000
41734,48691,47.543623,0BA,5,1100011000000000000000000000000010111110
21749,48721,47.546107,443,8,0100110100000010000000000010111100000110000000000000000000000000
6346,48723,47.550195,25,8,0000000000000000000000000000000100110000000000010000000001011111
30613,48724,47.550431,24,8,0000001000000001000000011111001101000010000000011000000011100110
26553,48726,47.550809,0AA,8,0010010010001000001001001000111100100100100001100010010010000111
41735,16240,47.551113,0BA,5,0010100100000000000000000000010000101000
20969,48727,47.551825,0B4,8,0000000000000000000000000000000001011000000010011110001100000000
34071,48730,47.556642,1C4,8,0000111100001110000111000000000000000000000000000000000000000110
10279,48732,47.55801,260,8,0000000000000000000000000000000000000000000000000000000001101010
41736,32488,47.558603,0BA,5,0100111100000000000000000000000000101110
6347,48734,47.560162,25,8,0000000000000000000000000000000100110000000000010000000001011111
26554,48735,47.560827,0AA,8,0010010010000110001001001000001000100100100001100010010010000101
18173,48739,47.563821,226,8,0000000000000000000100000000000000000000000000000000000000000000
41737,32492,47.566092,0BA,5,1110000000100111001011000000000010101000
16535,48741,47.566502,3F9,8,0111010100011000000000100000001010000000000000000000000000010101
6348,48743,47.570167,25,8,0000000000000000000000000000000100110000000000010000000001011111
30614,48744,47.570403,24,8,0000001000000001000000011111000101000010000000001000000011100011
12874,48745,47.57064,2C1,8,0000100011111110110110101111111011011101110000000000000001000110
26555,48746,47.570867,0AA,8,0010010010000001001001000111111100100100100001010010010010000111
20970,48747,47.57181,0B4,8,0000000000000000000000000000000001011100000010011101111011111111
15864,48748,47.57245,1C6,8,0000000000000000100000000000000100111111000100110100000000000000
41738,48719,47.573582,0BA,5,1100011000000000000000000000000010111110
1274,48752,47.574811,320,8,0000000000100000000000000000000000000000000000000000000001001011
14263,48753,47.575809,60.0,8,1010000100000000000000000000000000000000011100000000000000000000
34072,48754,47.576449,1C4,8,0000111100011110000111000000000000000000000000000000000000010110
10280,48756,47.577991,260,8,0000000000000000000000000000000000000000000000000000000001101010
6349,48758,47.58015,25,8,0000000000000000000000000000000100110000000000010000000001011111
26556,48759,47.580817,0AA,8,0010010010000000001001000111110100100100100000000010010010000111
41739,16246,47.581071,0BA,5,0010100100000000000000000000011100101011
41740,32507,47.588561,0BA,5,0100111100000000000000000000000000101110
6350,48763,47.590138,25,8,0000000000000000000000000000000100110000000000010000000001011111
30615,48764,47.590379,24,8,0000001000000001000000011110110101000001111111111000000011011101
26557,48765,47.590811,0AA,8,0010010001111110001001000111110100100100100000010010010001111011
20971,48766,47.591794,0B4,8,0000000000000000000000000000000001011100000010011101111011111111
18174,48771,47.595798,226,8,0000000000000000000100000000000000000000000000000000000000000000
41741,32511,47.59605,0BA,5,1110000000100111100100000000000000001100
7760,48772,47.596084,435,8,1000000000000101000001011111111111100000001111110000000000000011
34073,48773,47.596459,1C4,8,0000111100101000000111000000000000000000000000000000000000100000
10281,48775,47.597799,260,8,0000000000000000000000000000000000000000000000000000000001101010
13474,48776,47.59796,394,3,0
6351,48778,47.600134,25,8,0000000000000000000000000000000100110000000000010000000001011111
12875,48779,47.600431,2C1,8,0000100011111110101100001111111011110100110000000000000000110011
26558,48780,47.600809,0AA,8,0010010001111111001001000111110100100100100000010010010001111101
15865,48783,47.602417,1C6,8,0000000000000000100000000000000100111111000100110100000000000000
10950,48784,47.603087,436,8,0
41742,48751,47.60354,0BA,5,1100011000000000000000000000000010111110
6352,48787,47.610152,25,8,0000000000000000000000000000000100110000000000010000000001011111
30616,48788,47.610399,24,8,0000001000000001000000011110110001000001111111111000000011011100
26559,48789,47.610765,0AA,8,0010010001111011001001000111101000100100011111000010010001110110
41743,16260,47.611029,0BA,5,0010100100000000000000000000010000101000
20972,48790,47.61178,0B4,8,0000000000000000000000000000000001100000000010011101100011111101
43798,1631,47.613572,3BB,5,1011101100000000000000000000000000100110
34074,48794,47.616427,1C4,8,0000111100111110000111000000000000000000000000000000000000110110
10282,48796,47.617755,260,8,0000000000000000000000000000000000000000000000000000101101110101
41744,32527,47.618519,0BA,5,0100111100000000000000000000000000101110
6353,48798,47.620118,25,8,0000000000000000000000000000000100110000000000010000000001011111
26560,48799,47.620783,0AA,8,0010010001111011001001000111010100100100011101100010010001110110
18175,48804,47.623776,226,8,0000000000000000000100000000000000000000000000000000000000000000
1275,48805,47.624772,320,8,0000000000100000000000000000000000000000000000000000000001001011
41745,32529,47.626008,0BA,5,1110000000101000001001000000000010100001
6354,48807,47.630134,25,8,0000000000000000000000000000000100110000000000000000000001011110
30617,48808,47.630373,24,8,0000001000000001000000011110110001000010000000001000000011011110
12876,48809,47.630608,2C1,8,0000100011111110100010101111111010011010110000000000000010110011
26561,48810,47.630835,0AA,8,0010010001111011001001000111010100100100011110100010010001110000
13816,48811,47.631084,434,8,0100001000000000000000000000000000000000000000000000000000000000
20973,48812,47.631762,0B4,8,0000000000000000000000000000000001100100000010011101001011111011
15866,48813,47.632413,1C6,8,0000000000000000100000000000000100111111000100110100000000000000
41746,48782,47.633498,0BA,5,1100011000000000000000000000000010111110
43600,3192,47.634051,423,2,11100000000
34075,48817,47.636419,1C4,8,0000111101001010000111000000000000000000000000000000000001000010
34907,48819,47.63681,3C3,8,0100011000011110100100100100111011101110010110010000001110001000
10283,48820,47.637715,260,8,0000000000000000000000000000000000000000000000000000101101110101
28207,48821,47.638105,437,8,1111110011111111111111111111111111111111111111111111111111111111
6355,48824,47.6401,25,8,0000000000000000000000000000000100110000000000000000000001011110
26562,48825,47.640771,0AA,8,0010010001110101001001000111001100100100011100110010010001101111
41747,16271,47.640988,0BA,5,0010100100000000000000000000011100101011
41748,32549,47.648477,0BA,5,0100111100000000000000000000000000101110
6356,48827,47.650121,25,8,0000000000000000000000000000000100110000000000000000000001011110
30618,48828,47.650359,24,8,0000001000000001000000011110110001000010000000001000000011011110
31528,48829,47.650644,44D,8,0100001000000010000000000000000000000001000000000000000000000000
26563,48830,47.650872,0AA,8,0010010001110101001001000111000100100100011011000010010001101010
20974,48831,47.651751,0B4,8,0000000000000000000000000000000001101000000010011101001011111111
18176,48836,47.655753,226,8,0000000000000000000100000000000000000000000000000000000000000000
41749,32553,47.655967,0BA,5,1110000000101000110111000000000001011001
34076,48837,47.65641,1C4,8,0000111101011000000111000000000000000000000000000000000001010000
10284,48839,47.6577,260,8,0000000000000000000000000000000000000000000000000000101101110101
6357,48841,47.66009,25,8,0000000000000000000000000000000100110000000000000000000001011110
12877,48842,47.660396,2C1,8,0000100011111110010111011111111010000111110000000000000001110011
26564,48843,47.660755,0AA,8,0010010001101111001001000111000100100100011001110010010001100100
15867,48845,47.662378,1C6,8,0000000000000000100000000000000100111111000100110100000000000000
219,48846,47.662753,3B7,8,1000
41750,48815,47.663456,0BA,5,1100011000000000000000000000000010111110
11122,48849,47.668425,620,8,0001000000000000000000000000000000000000000000000000000000000000
6358,48851,47.670078,25,8,0000000000000000000000000000000100110000000000000000000001011110
30619,48852,47.670316,24,8,0000001000000001000000011110110001000010000000011000000011011111
26565,48853,47.670752,0AA,8,0010010001110001001001000111000000100100011001010010010001100100
41751,16284,47.670946,0BA,5,0010100100000000000000000000010000101000
20975,48855,47.671739,0B4,8,0000000000000000000000000000000001101000000010011100110111111010
1276,48857,47.67374,320,8,0000000000100000000000000000000000000000000000000000000001001011
34077,48858,47.676624,1C4,8,0000111101100101000111000000000000000000000000000000000001011101
10285,48860,47.677708,260,8,0000000000000000000000000000000000000000000000000000101101110101
41752,32566,47.678435,0BA,5,0100111100000000000000000000000000101110
6359,48863,47.681101,25,8,0000000000000000000000000000000100110000000000000000000001011110
26566,48864,47.681713,0AA,8,0010010001110011001001000110111100100100011001010010010001100000
18177,48868,47.684733,226,8,0000000000000000000100000000000000000000000000000000000000000000
41753,32570,47.685925,0BA,5,1110000000101001011010000000000011100110
6360,48872,47.690096,25,8,0000000000000000000000000000000100110000000000000000000001011110
30620,48873,47.690332,24,8,0000001000000001000000011110110101000010000000011000000011100000
12878,48874,47.690573,2C1,8,0000100011111110010010101111111001001010110000000000000000100011
26567,48875,47.690797,0AA,8,0010010001110001001001000110111100100100010111010010010001100001
20976,48876,47.69172,0B4,8,0000000000000000000000000000000001101100000010011100011111111000
15868,48877,47.69237,1C6,8,0000000000000000100000000000000100111111000100110100000000000000
41754,48844,47.693414,0BA,5,1100011000000000000000000000000010111110
34078,48880,47.696384,1C4,8,0000111101100111000111000000000000000000000000000000000001011111
10286,48882,47.697631,260,8,0000000000000000000000000000000000000000000000000000101101110101
6361,48884,47.700059,25,8,0000000000000000000000000000000100110000000000000000000001011110
26568,48885,47.700729,0AA,8,0010010001101011001001000110101100100100010110000010010001011101
41755,16288,47.700904,0BA,5,0010100100000000000000000000011100101011
41756,32587,47.708393,0BA,5,0100111100000000000000000000000000101110
6362,48888,47.710075,25,8,0000000000000000000000000000000100110000000000000000000001011110
30621,48889,47.710316,24,8,0000001000000010000000011111000101000010000000001000000011100100
26569,48890,47.710692,0AA,8,0010010001101011001001000110100000100100010110010010010001011001
20977,48891,47.711708,0B4,8,0000000000000000000000000000000001110000000010011100011111111100
18178,48895,47.71571,226,8,0000000000000000000100000000000000000000000000000000000000000000
41757,32591,47.715883,0BA,5,1110000000101001111010000000000001100110
34079,48896,47.71636,1C4,8,0000111101101011000111000000000000000000000000000000000001100011
10287,48898,47.71763,260,8,0000000000000000000000000000000000000000000000000000101101110101
6363,48900,47.720044,25,8,0000000000000000000000000000000100110000000000000000000001011110
12879,48902,47.72046,2C1,8,0000100011111110001101001111111000111010110000000000000011111101
26570,48903,47.720721,0AA,8,0010010001101011001001000110010100100100010101010010010001010110
15869,48905,47.722336,1C6,8,0000000000000000100000000000000100111111000100110100000000000000
1277,48906,47.722706,320,8,0000000000100000000000000000000000000000000000000000000001001011
41758,48879,47.723372,0BA,5,1100011000000000000000000000000010111110
6364,48908,47.730051,25,8,0000000000000000000000000000000100110000000000000000000001011110
30622,48909,47.730292,24,8,0000001000000010000000011111001101000001111111111000000011100100
26571,48911,47.730705,0AA,8,0010010001101011001001000110110000100100010100000010010001001101
41759,16303,47.730862,0BA,5,0010100100000000000000000000010000101000
20978,48912,47.731694,0B4,8,0000000000000000000000000000000001110000000010011100011111111100
34080,48915,47.736345,1C4,8,0000111101100111000111000000000000000000000000000000000001011111
10288,48918,47.737629,260,8,0000000000000000000000000000000000000000000000000000000001101010
41760,32610,47.738352,0BA,5,0100111100000000000000000000000000101110
14005,48920,47.741007,38E,8,0
6365,48921,47.741249,25,8,0000000000000000000000000000000100110000000000000000000001011110
26572,48922,47.74167,0AA,8,0010010001100110001001000110110000100100010010110010010001010001
18179,48926,47.744689,226,8,0000000000000000000100000000000000000000000000000000000000000000
41761,32614,47.745841,0BA,5,1110000000101010010010000000000011000111
6366,48929,47.750051,25,8,0000000000000000000000000000000100110000000000000000000001011110
30623,48930,47.750291,24,8,0000001000000010000000011111001101000010000000001000000011100110
12880,48931,47.750532,2C1,8,0000100011111110001000001111111000110000110000000000000011011111
26573,48932,47.750763,0AA,8,0010010001100001001001000110100000100100010011000010010001001011
20979,48933,47.751678,0B4,8,0000000000000000000000000000000001110100000010011100001011111011
15870,48934,47.752333,1C6,8,0000000000000000100000000000000100111111000100110100000000000000
41762,48904,47.753331,0BA,5,1100011000000000000000000000000010111110
34081,48938,47.756334,1C4,8,0000111101011001000111000000000000000000000000000000000001010001
10289,48940,47.757588,260,8,0000000000000000000000000000000000000000000000000000000001101010
14175,48941,47.758305,442,8,0100001100000010000000000000000000000010000000000000000000000000
6367,48943,47.760015,25,8,0000000000000000000000000000000100110000000000000000000001011110
28119,48944,47.760262,6C0,8,1110010000000000000000001110000010000000000000000000000000000000
26574,48945,47.760694,0AA,8,0010010001100000001001000110010100100100010010110010010001001101
41763,16314,47.76082,0BA,5,0010100100000000000000000000011100101011
41764,32629,47.76831,0BA,5,0100111100000000000000000000000000101110
6368,48948,47.770005,25,8,0000000000000000000000000000000100110000000000000000000001011110
30624,48949,47.770251,24,8,0000001000000010000000011111011001000001111111111000000011100111
26575,48950,47.770677,0AA,8,0010010001011100001001000110010000100100010100110010010001001100
20980,48951,47.771665,0B4,8,0000000000000000000000000000000001111000000010011100001011111111
18180,48955,47.775668,226,8,0000000000000000000100000000000000000000000000000000000000000000
41765,32635,47.775799,0BA,5,1110000000101010100001000000000000000011
34082,48956,47.776323,1C4,8,0000111101001110000111000000000000000000000000000000000001000110
1278,48958,47.776732,320,8,0000000000100000000000000000000000000000000000000000000001001011
35240,48740,47.776768,3D3,3,111001010000000110100000
10290,48959,47.777462,260,8,0000000000000000000000000000000000000000000000000000000001101010
6369,48961,47.780002,25,8,0000000000000000000000000000000100110000000000000000000001011110
12881,48962,47.780609,2C1,8,0000100011111110000101111111111000101101110000000000000011010011
26576,48963,47.780846,0AA,8,0010010001011111001001000110100100100100010011010010010001001110
15871,48965,47.782302,1C6,8,0000000000000000100000000000000100111111000100110100000000000000
41766,48937,47.783289,0BA,5,1100011000000000000000000000000010111110
6370,48969,47.79002,25,8,0000000000000000000000000000000100110000000000000000000001011110
30625,48970,47.790265,24,8,0000001000000010000000011111101001000001111111111000000011101011
26577,48971,47.790637,0AA,8,0010010001011100001001000110000100100100010011000010010001001101
41767,16324,47.790778,0BA,5,0010100100000000000000000000010000101000
20981,48972,47.791654,0B4,8,0000000000000000000000000000000001111100000010011011110011111101
34083,48975,47.796322,1C4,8,0000111100111010000111000000000000000000000000000000000000110010
10291,48977,47.797489,260,8,0000000000000000000000000000000000000000000000000000000001101010
41768,32652,47.798268,0BA,5,0100111100000000000000000000000000101110
6371,48979,47.799992,25,8,0000000000000000000000000000000100110000000000000000000001011110
7869,48980,47.800256,610,8,0010000010000000000110010110010011000000000000000011100001000000
26578,48981,47.800656,0AA,8,0010010001100000001001000110000100100100010100010010010001001110
13750,48982,47.800965,3A5,8,100000000
18181,48987,47.803651,226,8,0000000000000000000100000000000000000000000000000000000000000000
41769,32655,47.805757,0BA,5,1110000000101010101111000000000000111011
6372,48989,47.810007,25,8,0000000000000000000000000000000100110000000000000000000001011110
30626,48990,47.810245,24,8,0000001000000001000000011111101001000010000000001000000011101100
12882,48991,47.810485,2C1,8,0000100011111101110111011111110111011101110000000000000001000111
26579,48992,47.810707,0AA,8,0010010001011101001001000110000100100100010011010010010001010100
20982,48994,47.811643,0B4,8,0000000000000000000000000000000001111100000010011011110011111101
31358,48995,47.812245,640,8,1010100000000000000000000011011100000001111000000000000000000000
15872,48996,47.812486,1C6,8,0000000000000000100000000000000100111111000100110100000000000000
41770,48964,47.813247,0BA,5,1100011000000000000000000000000010111110
16536,48999,47.815973,3F9,8,0111010100011000000000100000001010000000000000000000000000010101
13624,49000,47.816219,4DD,8,0001111000000000000000000000000000000000000000000000000000000000
34084,49001,47.816459,1C4,8,0000111100101101000111000000000000000000000000000000000000100101
10292,49003,47.817366,260,8,0000000000000000000000000000000000000000111111111111010001011101
41771,16335,47.820737,0BA,5,0010100100000000000000000000011100101011
6373,49006,47.821001,25,8,0000000000000000000000000000000100110000000000000000000001011110
26580,49007,47.821614,0AA,8,0010010001011101001001000101111100100100010100010010010001010000
1279,49008,47.822636,320,8,0000000000100000000000000000000000000000000000000000000001001011
41772,32672,47.828226,0BA,5,0100111100000000000000000000000000101110
6374,49010,47.829965,25,8,0000000000000000000000000000000100110000000000000000000001011110
30627,49011,47.830203,24,8,0000001000000001000000011111101001000010000000001000000011101100
26581,49012,47.830637,0AA,8,0010010001011001001001000101110000100100010010000010010001010110
35044,49013,47.830944,413,8,0000000100000001000000010000100100000000000000000000000000000000
20983,49014,47.831627,0B4,8,0000000000000000000000000000000010000000000010011011110000000001
18182,49019,47.835623,226,8,0000000000000000000100000000000000000000000000000000000000000000
41773,32675,47.835716,0BA,5,1110000000101010110011000000000001001011
34085,49020,47.836287,1C4,8,0000111100010001000111000000000000000000000000000000000000001001
10293,49023,47.837367,260,8,0000000000000000000000000000000000000000111111111111010001011101
6375,49025,47.83996,25,8,0000000000000000000000000000000100110000000000000000000001011110
12883,49026,47.84028,2C1,8,0000100011111101111000001111110111100000110000000000000001001101
26582,49027,47.840637,0AA,8,0010010001011000001001000101011100100100010011110010010001000111
15873,49029,47.842262,1C6,8,0000000000000000100000000000000100111111000100110100000000000000
41774,48998,47.843205,0BA,5,1100011000000000000000000000000010111110
6376,49031,47.849982,25,8,0000000000000000000000000000000100110000000000000000000001011110
30628,49032,47.850224,24,8,0000001000000001000000011111101001000001111111111000000011101010
26583,49033,47.850593,0AA,8,0010010001011001001001000101101100100100010011000010010001001010
41775,16346,47.850695,0BA,5,0010100100000000000000000000010000101000
20984,49035,47.851609,0B4,8,0000000000000000000000000000000010000100000010011011011011111111
21750,49037,47.855903,443,8,0100110100000010000000000010111100000110000000000000000000000000
34086,49038,47.856269,1C4,8,0000111100000011000111000000000000000000000000000000000011111011
10294,49040,47.857181,260,8,0000000000000000000000000000000000000000111111111111010001011101
41776,32688,47.858184,0BA,5,0100111100000000000000000000000000101110
6377,49043,47.859945,25,8,0000000000000000000000000000000100110000000000000000000001011110
26584,49044,47.860616,0AA,8,0010010001011000001001000101100000100100010010010010010001001011
18183,49048,47.863608,226,8,0000000000000000000100000000000000000000000000000000000000000000
41777,32693,47.865674,0BA,5,1110000000101010110011000000000001001011
6378,49051,47.869968,25,8,0000000000000000000000000000000100110000000000000000000001011110
30629,49052,47.870206,24,8,0000001000000001000000011111011001000010000000001000000011101000
12884,49053,47.870444,2C1,8,0000100011111101110110101111110111011010110000000000000001000001
26585,49054,47.870668,0AA,8,0010010001010110001001000101001100100100010001110010010001001010
20985,49055,47.871593,0B4,8,0000000000000000000000000000000010000100000010011011011011111111
15874,49056,47.872254,1C6,8,0000000000000000100000000000000100111111000100110100000000000000
41778,49028,47.873163,0BA,5,1100011000000000000000000000000010111110
1280,49059,47.874598,320,8,0000000000100000000000000000000000000000000000000000000001001011
34087,49061,47.876254,1C4,8,0000111011101010000111000000000000000000000000000000000011100001
10295,49063,47.877147,260,8,0000000000000000000000000000000000000000000000000000000001101010
41779,16351,47.880653,0BA,5,0010100100000000000000000000011100101011
6379,49065,47.880962,25,8,0000000000000000000000000000000100110000000000000000000001011110
26586,49066,47.881574,0AA,8,0010010001010011001001000100110100100100010010010010010001000100
41780,32711,47.888142,0BA,5,0100111100000000000000000000000000101110
6380,49070,47.889922,25,8,0000000000000000000000000000000100110000000000000000000001011110
30630,49071,47.890168,24,8,0000001000000000000000011111100001000001111111111000000011100111
26587,49072,47.890592,0AA,8,0010010001001101001001000100110000100100010010010010010001000110
20986,49073,47.89158,0B4,8,0000000000000000000000000000000010001000000010011011000111111110
18184,49077,47.895585,226,8,0000000000000000000100000000000000000000000000000000000000000000
41781,32714,47.895632,0BA,5,1110000000101010110011000000000001001011
34088,49078,47.896241,1C4,8,0000111011100001000111000000000000000000000000000000000011011000
10296,49080,47.897131,260,8,0000000000000000000000000000000000000000000000000000000001101010
13475,49081,47.897287,394,3,0
6381,49083,47.899928,25,8,0000000000000000000000000000000100110000000000000000000001011110
12885,49085,47.900468,2C1,8,0000100011111101110111011111110111011101110000000000000001000111
26588,49086,47.900699,0AA,8,0010010001001101001001000100011100100100010000000010010001000101
15875,49088,47.902223,1C6,8,0000000000000000100000000000000100111111000100110100000000000000
41782,49058,47.903122,0BA,5,1100011000000000000000000000000010111110
6382,49090,47.909937,25,8,0000000000000000000000000000000100110000000000000000000001011110
30631,49091,47.910186,24,8,0000001000000000000000011111010001000001111111111000000011100011
26589,49092,47.910554,0AA,8,0010010001001011001001000100101100100100010000000010010001000011
41783,16366,47.910611,0BA,5,0010100100000000000000000000010000101000
43799,3271,47.911157,3BB,5,1010010100000000000000000000000000000000
20987,49093,47.911567,0B4,8,0000000000000000000000000000000010001100000010011010101111111100
27846,49095,47.913569,420,8,0000000000000000000000000000000011111111000000001000000010101011
34089,49097,47.916226,1C4,8,0000111011010001000111000000000000000000000000000000000011001000
10297,49100,47.917103,260,8,0000000000000000000000000000000000000000111111111111010001011101
41784,32731,47.918101,0BA,5,0100111100000000000000000000000000101110
6383,49102,47.919904,25,8,0000000000000000000000000000000100110000000000000000000001011110
26590,49103,47.920575,0AA,8,0010010001000101001001000100011000100100001110100010010000111110
18185,49107,47.923566,226,8,0000000000000000000100000000000000000000000000000000000000000000
1281,49109,47.92456,320,8,0000000000100000000000000000000000000000000000000000000001001011
31617,49110,47.924809,633,8,1000000100000000000000000000000000000000000000000000000000000000
41785,32736,47.92559,0BA,5,1110000000101010110011000000000001001011
6384,49112,47.929921,25,8,0000000000000000000000000000000100110000000000000000000001011110
30632,49113,47.93016,24,8,0000001000000010000000011111000101000010000000001000000011100100
12886,49114,47.930397,2C1,8,0000100011111101110111011111110111011101110000000000000001000111
26591,49115,47.93063,0AA,8,0010010001000001001001000100010000100100001111110010010000111011
20988,49116,47.931553,0B4,8,0000000000000000000000000000000010001100000010011010010111110110
15876,49117,47.932262,1C6,8,0000000000000000100000000000000100111111000100110100000000000000
41786,49087,47.93308,0BA,5,1100011000000000000000000000000010111110
7640,49122,47.935649,3BC,8,0
34090,49123,47.936213,1C4,8,0000111011001100000111000000000000000000000000000000000011000011
35366,47189,47.936277,386,7,11011011000000000000000000000000000001100000000000000011
43446,47219,47.936366,3000000.0,6,101011000000000000000000000000000000000000000000
10298,49125,47.937097,260,8,0000000000000000000000000000000000000000111111111111010001011101
6385,49128,47.939893,25,8,0000000000000000000000000000000100110000000000000000000001011110
26592,49129,47.94056,0AA,8,0010010000111101001001000011111000100100001101000010010001000001
41787,16375,47.940569,0BA,5,0010100100000000000000000000011100101011
41788,32750,47.948059,0BA,5,0100111100000000000000000000000000101110
6386,49132,47.949932,25,8,0000000000000000000000000000000100110000000000000000000001011110
30633,49133,47.95017,24,8,0000001000000001000000011110111101000010000000001000000011100001
26593,49134,47.950553,0AA,8,0010010000111010001001000011100000100100001101110010010000110111
20989,49135,47.951541,0B4,8,0000000000000000000000000000000010010000000010011010000011110101
18186,49139,47.955542,226,8,0000000000000000000100000000000000000000000000000000000000000000
41789,32756,47.955548,0BA,5,1110000000101010110011000000000001001011
34091,49140,47.956208,1C4,8,0000111011000111000111000000000000000000000000000000000010111110
10299,49142,47.957072,260,8,0000000000000000000000000000000000000000111111111111010001011101
31529,49144,47.959706,44D,8,0100001000000010000000000000000000000001000000000000000000000000
6387,49145,47.959948,25,8,0000000000000000000000000000000100110000000000000000000001011110
12887,49146,47.960201,2C1,8,0000100011111101111000001111110111100000110000000000000001001101
26594,49147,47.960544,0AA,8,0010010000111010001001000011001100100100001101010010010000110111
27907,49148,47.961079,4DC,8,0001110100000000000000000000000000000000000000000000000000000000
15877,49150,47.962183,1C6,8,0000000000000000100000000000000100111111000100110100000000000000
220,49151,47.962551,3B7,8,1000
41790,49120,47.963038,0BA,5,1100011000000000000000000000000010111110
11123,49153,47.968134,620,8,0001000000000000000000000000000000000000000000000000000000000000
43601,12265,47.969502,423,2,10101000010001
6388,49155,47.969877,25,8,0000000000000000000000000000000100110000000000000000000001011110
30634,49156,47.970115,24,8,0000001000000001000000011110110101000010000000001000000011011111
41791,16387,47.970527,0BA,5,0010100100000000000000000000010000101000
26595,49157,47.970543,0AA,8,0010010000111000001001000011001100100100001100000010010000101110
20990,49158,47.971522,0B4,8,0000000000000000000000000000000010010100000010011001101011110011
1282,49160,47.973533,320,8,0000000000100000000000000000000000000000000000000000000001001011
34092,49161,47.97619,1C4,8,0000111011000111000111000000000000000000000000000000000010111110
10300,49163,47.977013,260,8,0000000000000000000000000000000000000000000000000000000001101010
41792,32772,47.978017,0BA,5,0100111100000000000000000000000000101110
6389,49165,47.979862,25,8,0000000000000000000000000000000100110000000000000000000001011110
26596,49166,47.980533,0AA,8,0010010000110001001001000011100000100100001010000010010000101100
1571,49167,47.980853,6F3,8,0010000000000000000000000000000000000000000000000000000000000000
18187,49172,47.983523,226,8,0000000000000000000100000000000000000000000000000000000000000000
16331,49174,47.985501,4C1,8,0000000100000000000000010000000100000000000000000000000000000000
41793,32775,47.985507,0BA,5,1110000000101010110100000000000001001111
6390,49177,47.98988,25,8,0000000000000000000000000000000100110000000000000000000001011110
30635,49178,47.990118,24,8,0000001000000001000000011110110001000010000000011000000011011111
12888,49179,47.990359,2C1,8,0000100011111101111000001111110111100000110000000000000001001101
26597,49180,47.990585,0AA,8,0010010000101110001001000011100000100100001001010010010000101000
20991,49181,47.991509,0B4,8,0000000000000000000000000000000010011000000010011001010111110010
15878,49182,47.992179,1C6,8,0000000000000000100000000000000100111111000100110100000000000000
41794,49149,47.992996,0BA,5,1100011000000000000000000000000010111110
13564,49185,47.995824,399,8,0000000000000000000000000000000000000000111111110000000000000000
34093,49186,47.996179,1C4,8,0000111011000111000111000000000000000000000000000000000010111110
10301,49188,47.997028,260,8,0000000000000000000000000000000000000000000000000000000001101010
6391,49191,47.999849,25,8,0000000000000000000000000000000100110000000000000000000001011110
41795,16396,48.000486,0BA,5,0010100100000000000000000000011100101011
26598,49192,48.000519,0AA,8,0010010000101110001001000011000000100100001000110010010000100010
11212,49194,48.006723,39A,8,0000000000000000000000000000000100000000000000000000000000000000
41796,32793,48.007975,0BA,5,0100111100000000000000000000000000101110
6392,49196,48.009842,25,8,0000000000000000000000000000000100110000000000000000000001011110
30636,49197,48.010078,24,8,0000001000000001000000011110101001000010000000011000000011011101
26599,49198,48.010509,0AA,8,0010010000101010001001000010110000100100001000010010010000011101
20992,49199,48.011496,0B4,8,0000000000000000000000000000000010011000000010011000111111101100
41797,32798,48.015465,0BA,5,1110000000101010101111000000000000111011
18188,49204,48.015497,226,8,0000000000000000000100000000000000000000000000000000000000000000
48,49205,48.016046,3B1,8,0000000000000000000000100000101000000000000010000000000000000000
34094,49206,48.016284,1C4,8,0000111011001011000111000000000000000000000000000000000011000010
10302,49208,48.017042,260,8,0000000000000000000000000000000000000000000000000000000001101010
6393,49210,48.019832,25,8,0000000000000000000000000000000100110000000000000000000001011110
12889,49211,48.020165,2C1,8,0000100011111101111000001111110111100000110000000000000001001101
26600,49212,48.020505,0AA,8,0010010000100100001001000010100000100100001000100010010000011001
15879,49214,48.022146,1C6,8,0000000000000000100000000000000100111111000100110100000000000000
1283,49215,48.022502,320,8,0000000000100000000000000000000000000000000000000000000001001011
41798,49184,48.022954,0BA,5,1100011000000000000000000000000010111110
6394,49217,48.029824,25,8,0000000000000000000000000000000100110000000000000000000001011110
30637,49218,48.030058,24,8,0000001000000001000000011110101001000010000000011000000011011101
41799,16409,48.030444,0BA,5,0010100100000000000000000000010000101000
26601,49219,48.030502,0AA,8,0010010000011111001001000010110000100100000110000010010000011100
20993,49221,48.031479,0B4,8,0000000000000000000000000000000010011100000010011000100111101010
34095,49224,48.036151,1C4,8,0000111011001110000111000000000000000000000000000000000011000101
35241,6076,48.036424,3D3,3,011011000000001000000000
10303,49227,48.036943,260,8,0000000000000000000000000000000000000000000000000000000001101010
41800,32815,48.037933,0BA,5,0100111100000000000000000000000000101110
6395,49229,48.03982,25,8,0000000000000000000000000000000100110000000000000000000001011110
26602,49230,48.040492,0AA,8,0010010000011100001001000010011100100100000110010010010000011001
18189,49234,48.043484,226,8,0000000000000000000100000000000000000000000000000000000000000000
41801,32821,48.045423,0BA,5,1110000000101010100111000000000000011011
6396,49237,48.049838,25,8,0000000000000000000000000000000100110000000000000000000001011110
30638,49238,48.050074,24,8,0000001000000001000000011110101001000010000000011000000011011101
12890,49239,48.050315,2C1,8,0000100011111101110101111111110111010111110000000000000000111011
26603,49240,48.050545,0AA,8,0010010000100001001001000010010000100100000101110010010000010100
20994,49241,48.051465,0B4,8,0000000000000000000000000000000010100000000010011000010011101001
15880,49242,48.052138,1C6,8,0000000000000000100000000000000100111111000100110100000000000000
41802,49213,48.052912,0BA,5,1100011000000000000000000000000010111110
34096,49246,48.056132,1C4,8,0000111011010011000111000000000000000000000000000000000011001010
10304,49248,48.056873,260,8,0000000000000000000000000000000000000000000000000000000001101010
14176,49249,48.05795,442,8,0100001100000010000000000000000000000010000000000000000000000000
28120,49251,48.059637,6C0,8,1110010000000000000000001110000010000000000000000000000000000000
6397,49252,48.05988,25,8,0000000000000000000000000000000100110000000000000000000001011110
41803,16414,48.060402,0BA,5,0010100100000000000000000000011100101011
26604,49253,48.060483,0AA,8,0010010000011011001001000001111000100100000101000010010000010001
16537,49255,48.066182,3F9,8,0111010100011000000000100000001010000000000000000000000000010101
41804,32836,48.067892,0BA,5,0100111100000000000000000000000000101110
6398,49258,48.069902,25,8,0000000000000000000000000000000100110000000000000000000001011110
30639,49259,48.07014,24,8,0000001000000001000000011110110001000010000000001000000011011110
26605,49260,48.070473,0AA,8,0010010000011100001001000001101000100100000011110010010000010101
20995,49261,48.071456,0B4,8,0000000000000000000000000000000010100000000010010111111011100011
41805,32839,48.075381,0BA,5,1110000000101010100101000000000000010011
18190,49265,48.075459,226,8,0000000000000000000100000000000000000000000000000000000000000000
34097,49266,48.076125,1C4,8,0000111011010101000111000000000000000000000000000000000011001100
1284,49268,48.076533,320,8,0000000000100000000000000000000000000000000000000000000001001011
10305,49269,48.076861,260,8,0000000000000000000000000000000000000000000000000000000001101010
6399,49271,48.079793,25,8,0000000000000000000000000000000100110000000000000000000001011110
12891,49272,48.080123,2C1,8,0000100011111101110101111111110111010111110000000000000000111011
26606,49274,48.080588,0AA,8,0010010000010100001001000001100100100100000011000010010000010011
15881,49276,48.082107,1C6,8,0000000000000000100000000000000100111111000100110100000000000000
41806,49245,48.082871,0BA,5,1100011000000000000000000000000010111110
6400,49280,48.089809,25,8,0000000000000000000000000000000100110000000000000000000001011110
30640,49281,48.090053,24,8,0000001000000001000000011110110001000001111111111000000011011100
41807,16430,48.09036,0BA,5,0010100100000000000000000000010000101000
26607,49282,48.090432,0AA,8,0010010000011010001001000001100100100100000010100010010000001000
20996,49283,48.091438,0B4,8,0000000000000000000000000000000010100100000010010111100011100001
34098,49285,48.096109,1C4,8,0000111011010111000111000000000000000000000000000000000011001110
10306,49287,48.096674,260,8,0000000000000000000000000000000000000000111111111111010001011101
41808,32857,48.09785,0BA,5,0100111100000000000000000000000000101110
6401,49290,48.099781,25,8,0000000000000000000000000000000100110000000000000000000001011110
26608,49291,48.100451,0AA,8,0010010000100001001001000001001100100100000011100010010000001000
18191,49295,48.103441,226,8,0000000000000000000100000000000000000000000000000000000000000000
41809,32861,48.105339,0BA,5,1110000000101010100100000000000000001111
6402,49297,48.109796,25,8,0000000000000000000000000000000100110000000000000000000001011110
30641,49298,48.110036,24,8,0000001000000001000000011110110101000001111111111000000011011101
12892,49299,48.110276,2C1,8,0000100011111101110111011111110111011101110000000000000001000111
26609,49300,48.110508,0AA,8,0010010000011010001001000001001100100100000011100010010000000100
20997,49301,48.111428,0B4,8,0000000000000000000000000000000010101000000010010111001111100000
15882,49302,48.1121,1C6,8,0000000000000000100000000000000100111111000100110100000000000000
41810,49275,48.112829,0BA,5,1100011000000000000000000000000010111110
34099,49306,48.116366,1C4,8,0000111011010110000111000000000000000000000000000000000011001101
10307,49308,48.116773,260,8,0000000000000000000000000000000000000000111111111111010001011101
6403,49311,48.119765,25,8,0000000000000000000000000000000100110000000000000000000001011110
41811,16439,48.120318,0BA,5,0010100100000000000000000000011100101011
26610,49312,48.120439,0AA,8,0010010000001000001001000001000100100100000000110010010000000100
1285,49313,48.121424,320,8,0000000000100000000000000000000000000000000000000000000001001011
41812,32874,48.127808,0BA,5,0100111100000000000000000000000000101110
6404,49316,48.129779,25,8,0000000000000000000000000000000100110000000000000000000001011110
30642,49317,48.130015,24,8,0000001000000010000000011110111101000010000000001000000011100010
26611,49318,48.130433,0AA,8,0010010000010001001001000001000000100100000010010010001111111110
20998,49319,48.131408,0B4,8,0000000000000000000000000000000010101000000010010110110111011010
41813,32880,48.135297,0BA,5,1110000000101010100011000000000000001011
18192,49324,48.135413,226,8,0000000000000000000100000000000000000000000000000000000000000000
34100,49325,48.136087,1C4,8,0000111011010000000111000000000000000000000000000000000011000111
10308,49328,48.136707,260,8,0000000000000000000000000000000000000000111111111111010001011101
34908,49329,48.13693,3C3,8,0100011000011110100100100100111011101110010110010000001110001000
6405,49331,48.139748,25,8,0000000000000000000000000000000100110000000000000000000001011110
12893,49332,48.140084,2C1,8,0000100011111101111000001111110111100000110000000000000001001101
26612,49333,48.140423,0AA,8,0010010000001110001001000001000000100100000001110010001111111101
15883,49335,48.142068,1C6,8,0000000000000000100000000000000100111110000100110100000000000000
41814,49305,48.142787,0BA,5,1100011000000000000000000000000010111110
6406,49338,48.149768,25,8,0000000000000000000000000000000100110000000000000000000001011110
30643,49339,48.150011,24,8,0000001000000001000000011110111101000001111111111000000011011111
41815,16450,48.150276,0BA,5,0010100100000000000000000000010000101000
26613,49340,48.150398,0AA,8,0010010000011010001001000000110100100100000000000010001111111001
20999,49341,48.151399,0B4,8,0000000000000000000000000000000010101100000010010110100011011001
11273,49342,48.151648,4C8,8,0000100100000000000000000000000000000000000000000000000000000000
21751,49344,48.155707,443,8,0100110100000010000000000010111100000110000000000000000000000000
34101,49345,48.156074,1C4,8,0000111011001100000111000000000000000000000000000000000011000011
10309,49347,48.156529,260,8,0000000000000000000000000000000000000000111111111111010001011101
41816,32896,48.157766,0BA,5,0100111100000000000000000000000000101110
6407,49349,48.160764,25,8,0000000000000000000000000000000100110000000000000000000001011110
26614,49350,48.161386,0AA,8,0010010000010010001001000000100000100011111101010010001111111010
18193,49355,48.164396,226,8,0000000000000000000100000000000000000000000000000000000000000000
41817,32901,48.165256,0BA,5,1110000000101010100011000000000000001011
7701,49357,48.168824,611,8,0010000100000000000000000001000000000000000000000011110101101100
6408,49359,48.169724,25,8,0000000000000000000000000000000100110000000000000000000001011110
30644,49360,48.169967,24,8,0000001000000001000000011111001101000001111111111000000011100011
12894,49361,48.170206,2C1,8,0000100011111101110101111111110111010111110000000000000000111011
26615,49362,48.17044,0AA,8,0010010000000100001001000000100000100011111101110010001111110111
21000,49363,48.171381,0B4,8,0000000000000000000000000000000010110000000010010110100011011101
15884,49364,48.172058,1C6,8,0000000000000000100000000000000100111011000100110100000000000000
41818,49334,48.172745,0BA,5,1100011000000000000000000000000010111110
1286,49367,48.174387,320,8,0000000000100000000000000000000000000000000000000000000001001011
34102,49368,48.176061,1C4,8,0000111010111111000111000000000000000000000000000000000010110110
10310,49370,48.176556,260,8,0000000000000000000000000000000000000000111111111111010001011101
6409,49373,48.179719,25,8,0000000000000000000000000000000100110000000000000000000001011110
41819,16460,48.180235,0BA,5,0010100100000000000000000000011100101011
26616,49374,48.180399,0AA,8,0010001111111110001001000000010000100011111110000010001111110001
41820,32919,48.187724,0BA,5,0100111100000000000000000000000000101110
6410,49378,48.189739,25,8,0000000000000000000000000000000100110000000000000000000001011110
30645,49379,48.189982,24,8,0000001000000010000000011111001101000001111111111000000011100100
26617,49380,48.190363,0AA,8,0010010000001000001001000000010000100011111101110010001111110000
21001,49381,48.191369,0B4,8,0000000000000000000000000000000010110000000010010110001011010111
41821,32922,48.195214,0BA,5,1110000000101010100011000000000000001011
18194,49386,48.195372,226,8,0000000000000000000100000000000000000000000000000000000000000000
34103,49387,48.196049,1C4,8,0000111010111000000111000000000000000000000000000000000010101111
10311,49389,48.196533,260,8,0000000000000000000000000000000000000000111111111110100001010001
13476,49390,48.196688,394,3,0
6411,49393,48.199705,25,8,0000000000000000000000000000000100110000000000000000000001011110
12895,49394,48.200044,2C1,8,0000100011111101111000001111110111100000110000000000000001001101
26618,49395,48.200391,0AA,8,0010010000010000001000111111111100100011111011110010001111110010
15885,49397,48.202025,1C6,8,0000000000000000100000000000000100111000000100110100000000000000
41822,49366,48.202703,0BA,5,1100011000000000000000000000000010111110
43800,48793,48.208741,3BB,5,0111000000000000000000001010011000000000
6412,49399,48.209724,25,8,0000000000000000000000000000000100110000000000000000000001011110
30646,49400,48.209966,24,8,0000001000000001000000011111001101000001111111011000000011100001
41823,16474,48.210193,0BA,5,0010100100000000000000000000010000101000
26619,49401,48.210347,0AA,8,0010010000001010001000111111110000100011111010110010001111110001
21002,49402,48.211361,0B4,8,0000000000000000000000000000000010110100000010010110001011011011
34104,49405,48.216032,1C4,8,0000111010100101000111000000000000000000000000000000000010011100
10312,49407,48.216519,260,8,0000000000000000000000000000000000000000111111111101110001000101
41824,32936,48.217682,0BA,5,0100111100000000000000000000000000101110
6413,49409,48.219696,25,8,0000000000000000000000000000000100110000000000000000000001011110
26620,49410,48.220371,0AA,8,0010001111111110001000111111100100100011111011110010001111101010
18195,49414,48.223355,226,8,0000000000000000000100000000000000000000000000000000000000000000
1287,49415,48.22435,320,8,0000000000100000000000000000000000000000000000000000000001001011
41825,32941,48.225172,0BA,5,1110000000101010100011000000000000001011
6414,49418,48.229684,25,8,0000000000000000000000000000000100110000000000000000000001011110
30647,49419,48.229929,24,8,0000001000000010000000011111011001000001111111111000000011100111
12896,49420,48.230169,2C1,8,0000100011111101111000001111110111100000110000000000000001001101
26621,49421,48.230401,0AA,8,0010001111110100001000111111101000100011111011110010001111101010
21003,49422,48.231341,0B4,8,0000000000000000000000000000000010111000000010010101110011011001
15886,49423,48.232026,1C6,8,0000000000000000100000000000000100110101000100110100000000000000
41826,49396,48.232661,0BA,5,1100011000000000000000000000000010111110
34105,49427,48.236029,1C4,8,0000111010011100000111000000000000000000000000000000000010010011
10313,49429,48.236465,260,8,0000000000000000000000000000000000000000111111111101110001000101
6415,49431,48.239677,25,8,0000000000000000000000000000000100110000000000000000000001011110
41827,16480,48.240151,0BA,5,0010100100000000000000000000011100101011
26622,49432,48.240355,0AA,8,0010001111110100001000111111111100100011111001010010001111100100
34800,49433,48.243109,4DF,8,0010000000000000000000000000000100000000000000000000000000000000
41828,32957,48.247641,0BA,5,0100111100000000000000000000000000101110
6416,49437,48.249683,25,8,0000000000000000000000000000000100110000000000000000000001011110
30648,49438,48.24992,24,8,0000001000000010000000011111010001000010000000011000000011101000
26623,49439,48.250346,0AA,8,0010001111110111001000111111110100100011111001000010001111101001
21004,49440,48.251329,0B4,8,0000000000000000000000000000000010111000000010010101011111010100
41829,32960,48.25513,0BA,5,1110000000101010100011000000000000001011
18196,49444,48.25533,226,8,0000000000000000000100000000000000000000000000000000000000000000
34106,49445,48.256015,1C4,8,0000111010000111000111000000000000000000000000000000000001111110
10314,49447,48.256421,260,8,0000000000000000000000000000000000000000111111111101110001000101
31530,49448,48.258973,44D,8,0100001000000010000000000000000000000001000000000000000000000000
6417,49450,48.259662,25,8,0000000000000000000000000000000100110000000000000000000001011110
12897,49451,48.259999,2C1,8,0000100011111101111001001111110111100100110000000000000001010101
26624,49452,48.260344,0AA,8,0010001111110111001000111111001100100011111001000010001111100001
15887,49455,48.261983,1C6,8,0000000000000000100000000000000100110010000100110100000000000000
221,49456,48.262329,3B7,8,1000
41830,49425,48.26262,0BA,5,1100011000000000000000000000000010111110
31296,49458,48.267708,4A6,8,0000000000000000000000000000000000000000000100100000000000000000
11124,49459,48.267972,620,8,0001000000000000000000000000000000000000000000000000000000000000
13879,49461,48.269515,4C6,8,0000011100000000000000110000000000000000000000000000000000000000
6418,49462,48.269758,25,8,0000000000000000000000000000000100110000000000000000000001011110
30649,49463,48.269995,24,8,0000001000000010000000011111010001000010000000001000000011100111
41831,16496,48.270109,0BA,5,0010100100000000000000000000010000101000
26625,49464,48.270313,0AA,8,0010001111101011001000111111010000100011111000100010001111100000
21005,49465,48.271317,0B4,8,0000000000000000000000000000000010111100000010010101011111011000
1288,49467,48.273318,320,8,0000000000100000000000000000000000000000000000000000000001001011
34107,49468,48.276002,1C4,8,0000111001111100000111000000000000000000000000000000000001110011
10315,49470,48.276409,260,8,0000000000000000000000000000000000000000111111111101110001000101
41832,32977,48.277599,0BA,5,0100111100000000000000000000000000101110
6419,49473,48.279653,25,8,0000000000000000000000000000000100110000000000000000000001011110
26626,49474,48.280326,0AA,8,0010001111101000001000111111010100100011111001100010001111100100
18197,49478,48.283312,226,8,0000000000000000000100000000000000000000000000000000000000000000
41833,32981,48.285088,0BA,5,1110000000101010100010000000000000000111
6420,49481,48.289671,25,8,0000000000000000000000000000000100110000000000000000000001011110
30650,49482,48.289909,24,8,0000001000000001000000011111011001000010000000001000000011101000
12898,49483,48.290146,2C1,8,0000100011111101111001001111110111100100110000000000000001010101
26627,49484,48.290378,0AA,8,0010001111101011001000111111111000100011110111110010001111100100
21006,49485,48.291301,0B4,8,0000000000000000000000000000000011000000000010010100101111010000
15888,49486,48.291981,1C6,8,0000000000000000100000000000000100101111000100110100000000000000
41834,49454,48.292578,0BA,5,1100011000000000000000000000000010111110
34108,49490,48.295983,1C4,8,0000111001100111000111000000000000000000000000000000000001011110
35242,49278,48.29608,3D3,3,111001010000000001101110
10316,49492,48.296393,260,8,0000000000000000000000000000000000000000111111111110100001010001
7870,49493,48.29767,610,8,0010000000000000000110000110010011000000000000000011100001000000
6421,49495,48.299635,25,8,0000000000000000000000000000000100110000000000000000000001011110
41835,16503,48.300067,0BA,5,0010100100000000000000000000011100101011
26628,49496,48.300315,0AA,8,0010001111101110001000111111000100100011111000000010001111100000
43602,48767,48.304953,423,2,1000100000000
41836,32995,48.307557,0BA,5,0100111100000000000000000000000000101110
6422,49499,48.309795,25,8,0000000000000000000000000000000100110000000000000000000001011110
30651,49500,48.310035,24,8,0000001000000001000000011111010001000001111111011000000011100010
26629,49501,48.310304,0AA,8,0010001111101111001000111110101100100011110111010010001111011111
21007,49503,48.311284,0B4,8,0000000000000000000000000000000011000000000010010100101111010000
41837,33001,48.315046,0BA,5,1110000000101010100010000000000000000111
18198,49507,48.315288,226,8,0000000000000000000100000000000000000000000000000000000000000000
16538,49508,48.315525,3F9,8,0111010100011000000000100000001010000000000000000000000000010101
34109,49509,48.315972,1C4,8,0000111001011110000111000000000000000000000000000000000001010101
10317,49511,48.316381,260,8,0000000000000000000000000000000000000000111111111110100001010001
6423,49513,48.319621,25,8,0000000000000000000000000000000100110000000000000000000001011110
12899,49514,48.319963,2C1,8,0000100011111101111001001111110111100100110000000000000001010101
26630,49515,48.320304,0AA,8,0010001111101001001000111110100000100011111000010010001111100001
15889,49517,48.321951,1C6,8,0000000000000000100000000000000100101100000100110100000000000000
1289,49518,48.32228,320,8,0000000000100000000000000000000000000000000000000000000001001011
41838,49489,48.322536,0BA,5,1100011000000000000000000000000010111110
6424,49522,48.329622,25,8,0000000000000000000000000000000100110000000000000000000001011110
30652,49523,48.329861,24,8,0000001000000001000000011111010001000001111111011000000011100010
41839,16513,48.330026,0BA,5,0010100100000000000000000000010000101000
26631,49524,48.330299,0AA,8,0010001111100101001000111110100000100011110110000010001111100001
21008,49525,48.331269,0B4,8,0000000000000000000000000000000011000100000010010100011011001111
34110,49528,48.335967,1C4,8,0000111001010110000111000000000000000000000000000000000001001101
10318,49530,48.336367,260,8,0000000000000000000000000000000000000000111111111111010001011101
13940,49531,48.336632,622,8,0001001000000000000000000000000000000000000000000000000000000000
41840,33020,48.337515,0BA,5,0100111100000000000000000000000000101110
6425,49533,48.339608,25,8,0000000000000000000000000000000100110000000000000000000001011110
26632,49534,48.340284,0AA,8,0010001111100001001000111110011000100011110111010010001111011111
18199,49539,48.34327,226,8,0000000000000000000100000000000000000000000000000000000000000000
41841,33022,48.345005,0BA,5,1110000000101010100001000000000000000011
6426,49541,48.349626,25,8,0000000000000000000000000000000100110000000000000000000001011110
30653,49542,48.34987,24,8,0000001000000001000000011111000101000001111111111000000011100001
12900,49543,48.350109,2C1,8,0000100011111101111001111111110111100111110000000000000001011011
26633,49544,48.350341,0AA,8,0010001111100011001000111110000100100011110110000010001111011011
21009,49545,48.351255,0B4,8,0000000000000000000000000000000011001000000010010100011011010011
15890,49546,48.351941,1C6,8,0000000000000000100000000000000100101001000100110100000000000000
41842,49516,48.352494,0BA,5,1100011000000000000000000000000010111110
34111,49549,48.355943,1C4,8,0000111001001001000111000000000000000000000000000000000001000000
10319,49551,48.356355,260,8,0000000000000000000000000000000000000000111111111111010001011101
14177,49552,48.357594,442,8,0100001100000010000000000000000000000010000000000000000000000000
28121,49554,48.358912,6C0,8,1110010000000000000000001110000010000000000000000000000000000000
6427,49556,48.359601,25,8,0000000000000000000000000000000100110000000000000000000001011110
41843,16524,48.359984,0BA,5,0010100100000000000000000000011100101011
26634,49557,48.360265,0AA,8,0010001111100100001000111101110100100011111000000010001111010011
41844,33038,48.367473,0BA,5,0100111100000000000000000000000000101110
6428,49559,48.369585,25,8,0000000000000000000000000000000100110000000000000000000001011110
30654,49560,48.369828,24,8,0000001000000001000000011111000101000001111111111000000011100001
26635,49561,48.370265,0AA,8,0010001111100011001000111110000000100011110110000010001111010110
21010,49562,48.371249,0B4,8,0000000000000000000000000000000011001000000010010100000011001101
41845,33041,48.374963,0BA,5,1110000000101010011101000000000011110011
18200,49567,48.375294,226,8,0000000000000000000100000000000000000000000000000000000000000000
34112,49569,48.375932,1C4,8,0000111001000100000111000000000000000000000000000000000000111011
10320,49571,48.376343,260,8,0000000000000000000000000000000000000000111111111111010001011101
1290,49572,48.376588,320,8,0000000000100000000000000000000000000000000000000000000001001011
6429,49574,48.379579,25,8,0000000000000000000000000000000100110000000000000000000001011110
12901,49575,48.379923,2C1,8,0000100011111101110111011111110111011101110000000000000001000111
26636,49576,48.38025,0AA,8,0010001111011100001000111101111000100011110100000010001111011000
15891,49578,48.381932,1C6,8,0000000000000000100000000000000100100110000100110100000000000000
41846,49548,48.382452,0BA,5,1100011000000000000000000000000010111110
6430,49581,48.389596,25,8,0000000000000000000000000000000100110000000000000000000001011110
30655,49582,48.389832,24,8,0000001000000001000000011111000101000010000000001000000011100011
41847,16536,48.389942,0BA,5,0010100100000000000000000000010000101000
26637,49583,48.390212,0AA,8,0010001111011111001000111101100100100011110111010010001111001011
31678,49584,48.390573,389,8,0000000000100000000000000000000000000000000000000000000000000000
21011,49585,48.391225,0B4,8,0000000000000000000000000000000011001100000010010011101111001100
10321,49589,48.395967,260,8,0000000000000000000000000000000000000000111111111111010001011101
34113,49590,48.396231,1C4,8,0000111000111110000111000000000000000000000000000000000000110101
41848,33054,48.397431,0BA,5,0100111100000000000000000000000000101110
6431,49593,48.399561,25,8,0000000000000000000000000000000100110000000000000000000001011110
26638,49594,48.400229,0AA,8,0010001111010011001000111101001100100011110110100010001111001111
18201,49598,48.403238,226,8,0000000000000000000100000000000000000000000000000000000000000000
41849,33059,48.404921,0BA,5,1110000000101010011011000000000011101011
6432,49601,48.409582,25,8,0000000000000000000000000000000100110000000000000000000001011110
30656,49602,48.40982,24,8,0000001000000001000000011110111101000010000000001000000011100001
12902,49603,48.410057,2C1,8,0000100011111101111001111111110111100111110000000000000001011011
26639,49604,48.410287,0AA,8,0010001111011000001000111101001000100011110100000010001111001011
21012,49605,48.411208,0B4,8,0000000000000000000000000000000011010000000010010011010111001010
15892,49606,48.4119,1C6,8,0000000000000000100000000000000100100011000100110100000000000000
41850,49577,48.412411,0BA,5,1100011000000000000000000000000010111110
34984,49609,48.414212,4C3,8,0000001100000000000000000000000100000000000000000000000000000000
10322,49611,48.415891,260,8,0000000000000000000000000000000000000000111111111111010001011101
34114,49612,48.416132,1C4,8,0000111000111101000111000000000000000000000000000000000000110100
6433,49615,48.419547,25,8,0000000000000000000000000000000100110000000000000000000001011110
41851,16542,48.4199,0BA,5,0010100100000000000000000000011100101011
26640,49616,48.420216,0AA,8,0010001111010101001000111101010000100011110001010010001111001100
1291,49617,48.421208,320,8,0000000000100000000000000000000000000000000000000000000001001011
13685,49619,48.425235,4B7,8,1110001101011111001000101111000000001000111010100000000100001000
41852,33076,48.42739,0BA,5,0100111100000000000000000000000000101110
6434,49621,48.42954,25,8,0000000000000000000000000000000100110000000000000000000001011110
30657,49622,48.429778,24,8,0000001000000001000000011110110001000010000000001000000011011110
26641,49623,48.430214,0AA,8,0010001111010010001000111101010000100011110000000010001111000000
21013,49624,48.431199,0B4,8,0000000000000000000000000000000011010000000010010010111111000100
41853,33079,48.434879,0BA,5,1110000000101010100000000000000011111111
18202,49628,48.4352,226,8,0000000000000000000100000000000000000000000000000000000000000000
10323,49629,48.435877,260,8,0000000000000000000000000000000000000000111111111111010001011101
34115,49630,48.436159,1C4,8,0000111000111101000111000000000000000000000000000000000000110100
6435,49634,48.439534,25,8,0000000000000000000000000000000100110000000000000000000001011110
12903,49636,48.439904,2C1,8,0000100011111101111001111111110111100111110000000000000001011011
26642,49637,48.440207,0AA,8,0010001111010000001000111100110000100011110000010010001111000100
15893,49640,48.441873,1C6,8,0000000000000000100000000000000100100000000100110100000000000000
41854,49608,48.442369,0BA,5,1100011000000000000000000000000010111110
6436,49642,48.449526,25,8,0000000000000000000000000000000100110000000000000000000001011110
30658,49643,48.449773,24,8,0000001000000001000000011110110001000001111111111000000011011100
41855,16556,48.449858,0BA,5,0010100100000000000000000000010000101000
26643,49644,48.450195,0AA,8,0010001111001011001000111100011000100011110010010010001110111100
309,49645,48.450539,38F,8,0000000100000000000000000000000000000000000000000000000000000000
21014,49646,48.451185,0B4,8,0000000000000000000000000000000011010100000010010010111111001000
21752,49648,48.455509,443,8,0100110100000010000000000010111100000110000000000000000000000000
34116,49649,48.455879,1C4,8,0000111000111110000111000000000000000000000000000000000000110101
10324,49651,48.456293,260,8,0000000000000000000000000000000000000000111111111110100001010001
41856,33095,48.457348,0BA,5,0100111100000000000000000000000000101110
6437,49655,48.459518,25,8,0000000000000000000000000000000100110000000000000000000001011110
26644,49656,48.460192,0AA,8,0010001111000111001000111100010000100011101110100010001111000000
18203,49660,48.463185,226,8,0000000000000000000100000000000000000000000000000000000000000000
41857,33099,48.464837,0BA,5,1110000000101010011101000000000011110011
6438,49662,48.469538,25,8,0000000000000000000000000000000100110000000000000000000001011110
30659,49663,48.469776,24,8,0000001000000001000000011110110101000010000000001000000011011111
12904,49664,48.470013,2C1,8,0000100011111101110111011111110111011101110000000000000001000111
26645,49665,48.470241,0AA,8,0010001111000001001000111100000100100011101101010010001110111011
21015,49666,48.471167,0B4,8,0000000000000000000000000000000011011000000010010010101011000111
15894,49667,48.471861,1C6,8,0000000000000000100000000000000100011101000100110100000000000000
41858,49639,48.472327,0BA,5,1100011000000000000000000000000010111110
1292,49671,48.474174,320,8,0000000000100000000000000000000000000000000000000000000001001011
10325,49672,48.47586,260,8,0000000000000000000000000000000000000000111111111111010001011101
34117,49673,48.476101,1C4,8,0000111000111111000111000000000000000000000000000000000000110110
6439,49676,48.479505,25,8,0000000000000000000000000000000100110000000000000000000001011110
41859,16562,48.479816,0BA,5,0010100100000000000000000000011100101011
26646,49677,48.480177,0AA,8,0010001111000101001000111011111000100011101100110010001110111011
34742,49678,48.480754,380,8,0
41860,33114,48.487306,0BA,5,0100111100000000000000000000000000101110
6440,49682,48.489496,25,8,0000000000000000000000000000000100110000000000000000000001011110
30660,49683,48.48973,24,8,0000001000000010000000011110101001000010000000001000000011011101
26647,49685,48.49017,0AA,8,0010001111000001001000111011110000100011101110000010001110101100
21016,49686,48.491156,0B4,8,0000000000000000000000000000000011011000000010010010010011000001
41861,33119,48.494795,0BA,5,1110000000101010011101000000000011110011
18204,49690,48.495157,226,8,0000000000000000000100000000000000000000000000000000000000000000
10326,49691,48.495818,260,8,0000000000000000000000000000000000000000000000000000000001101010
34118,49692,48.496061,1C4,8,0000111001000001000111000000000000000000000000000000000000111000
13477,49694,48.496374,394,3,0
6441,49696,48.499498,25,8,0000000000000000000000000000000100110000000000000000000001011110
12905,49697,48.499849,2C1,8,0000100011111101111001111111110111100111110000000000000001011011
26648,49698,48.500166,0AA,8,0010001110111100001000111011110000100011101100010010001110101011
15895,49700,48.501828,1C6,8,0000000000000000100000000000000100011010000100110100000000000000
41862,49669,48.502285,0BA,5,1100011000000000000000000000000010111110
43801,1659,48.506326,3BB,5,1011101100000000000000000000000000100110
6442,49704,48.509516,25,8,0000000000000000000000000000000100110000000000000000000001011110
30661,49705,48.509753,24,8,0000001000000010000000011110110001000010000000001000000011011111
41863,16573,48.509775,0BA,5,0010100100000000000000000000010000101000
26649,49706,48.510126,0AA,8,0010001110110101001000111011110100100011101010010010001110101000
21017,49707,48.51115,0B4,8,0000000000000000000000000000000011011100000010010001111010111111
10327,49709,48.515792,260,8,0000000000000000000000000000000000000000000000000000000001101010
34119,49710,48.516055,1C4,8,0000111001000000000111000000000000000000000000000000000000110111
41864,33136,48.517264,0BA,5,0100111100000000000000000000000000101110
6443,49713,48.520509,25,8,0000000000000000000000000000000100110000000000000000000001011110
26650,49715,48.521126,0AA,8,0010001110110100001000111011100100100011100111110010001110101001
18205,49720,48.524143,226,8,0000000000000000000100000000000000000000000000000000000000000000
41865,33139,48.524754,0BA,5,1110000000101010011000000000000011011111
1293,49721,48.525137,320,8,0000000000100000000000000000000000000000000000000000000001001011
6444,49723,48.529473,25,8,0000000000000000000000000000000100110000000000000000000001011110
30662,49724,48.529707,24,8,0000001000000010000000011110110101000010000000011000000011100001
12906,49725,48.529945,2C1,8,0000100011111101111001111111110111100111110000000000000001011011
26651,49726,48.530173,0AA,8,0010001110110011001000111011010100100011101001010010001110100111
21018,49727,48.531128,0B4,8,0000000000000000000000000000000011100000000010010001100110111110
15896,49728,48.532123,1C6,8,0000000000000000100000000000000100010111000100110100000000000000
41866,49699,48.532243,0BA,5,1100011000000000000000000000000010111110
35367,834,48.535481,386,7,01001110000000000000000000000000000000000000000010110001
10328,49732,48.535693,260,8,0000000000000000000000000000000000000000000000000000000001101010
34120,49733,48.535933,1C4,8,0000111000111101000111000000000000000000000000000000000000110100
6445,49737,48.539465,25,8,0000000000000000000000000000000100110000000000000000000001011110
41867,16584,48.539733,0BA,5,0010100100000000000000000000011100101011
26652,49738,48.540138,0AA,8,0010001110101111001000111011000100100011101010010010001110100001
41868,33157,48.547222,0BA,5,0100111100000000000000000000000000101110
6446,49740,48.549487,25,8,0000000000000000000000000000000100110000000000000000000001011110
30663,49741,48.549722,24,8,0000001000000010000000011110111101000010000000011000000011100011
26653,49742,48.550102,0AA,8,0010001110101101001000111011000000100011101001010010001110011100
21019,49743,48.551116,0B4,8,0000000000000000000000000000000011100000000010010001001110111000
41869,33162,48.554712,0BA,5,1110000000101010010011000000000011001011
18206,49747,48.555121,226,8,0000000000000000000100000000000000000000000000000000000000000000
10329,49749,48.55564,260,8,0000000000000000000000000000000000000000000000000000000001101010
35243,6140,48.555737,3D3,3,011011000000001000000000
34121,49750,48.555878,1C4,8,0000111000111010000111000000000000000000000000000000000000110001
31531,49752,48.55828,44D,8,0100001000000010000000000000000000000001000000000000000000000000
6447,49754,48.559453,25,8,0000000000000000000000000000000100110000000000000000000001011110
12907,49755,48.55981,2C1,8,0000100011111101110111011111110111011101110000000000000001000111
26654,49756,48.560124,0AA,8,0010001110101011001000111011010100100011100111110010001110100000
15897,49758,48.561792,1C6,8,0000000000000000100000000000000100011000000100110100000000000000
222,49759,48.562117,3B7,8,1000
41870,49730,48.562201,0BA,5,1100011000000000000000000000000010111110
16539,49760,48.565965,3F9,8,0111010100011000000000100000001010000000000000000000000000010101
11125,49761,48.567362,620,8,0001000000000000000000000000000000000000000000000000000000000000
6448,49764,48.569443,25,8,0000000000000000000000000000000100110000000000000000000001011110
30664,49765,48.569681,24,8,0000001000000010000000011111000101000010000000011000000011100101
41871,16599,48.569691,0BA,5,0010100100000000000000000000010000101000
26655,49766,48.570116,0AA,8,0010001110101011001000111010111100100011100111110010001110100001
21020,49767,48.571101,0B4,8,0000000000000000000000000000000011100100000010010000111010110111
1294,49770,48.573108,320,8,0000000000100000000000000000000000000000000000000000000001001011
14264,49771,48.574105,60.0,8,1010000100000000000000000000000000000000011100000000000000000000
10330,49772,48.575657,260,8,0000000000000000000000000000000000000000000000000000000001101010
34122,49773,48.575897,1C4,8,0000111000110110000111000000000000000000000000000000000000101101
41872,33175,48.57718,0BA,5,0100111100000000000000000000000000101110
6449,49776,48.580467,25,8,0000000000000000000000000000000100110000000000000000000001011110
26656,49778,48.581082,0AA,8,0010001110101100001000111011000000100011101000110010001110011011
18207,49781,48.584102,226,8,0000000000000000000100000000000000000000000000000000000000000000
41873,33180,48.58467,0BA,5,1110000000101010011000000000000011011111
6450,49786,48.589458,25,8,0000000000000000000000000000000100110000000000000000000001011110
30665,49787,48.589698,24,8,0000001000000001000000011111001101000010000000111000000011101000
12908,49788,48.589935,2C1,8,0000100011111101111001111111110111100111110000000000000001011011
26657,49789,48.59016,0AA,8,0010001110101011001000111010111100100011101000010010001110011100
21021,49790,48.591087,0B4,8,0000000000000000000000000000000011101000000010010000100010110101
15898,49791,48.591787,1C6,8,0000000000000000100000000000000100011000000100110100000000000000
41874,49757,48.59216,0BA,5,1100011000000000000000000000000010111110
7761,49794,48.595432,435,8,1000000000000101000001011111111111100000001111110000000000000011
10331,49795,48.595677,260,8,0000000000000000000000000000000000000000000000000000101101110101
34123,49796,48.595916,1C4,8,0000111000101010000111000000000000000000000000000000000000100001
6451,49800,48.599426,25,8,0000000000000000000000000000000100110000000000000000000001011110
41875,16606,48.599649,0BA,5,0010100100000000000000000000011100101011
26658,49801,48.600101,0AA,8,0010001110101100001000111010111100100011101000010010001110011111
10951,49802,48.602433,436,8,0
41876,33196,48.607139,0BA,5,0100111100000000000000000000000000101110
6452,49807,48.609426,25,8,0000000000000000000000000000000100110000000000000000000001011110
30666,49808,48.609667,24,8,0000001000000001000000011111010001000010000000011000000011100111
26659,49809,48.610086,0AA,8,0010001110101010001000111010110000100011100110110010001110100011
21022,49810,48.611073,0B4,8,0000000000000000000000000000000011101000000010010000100010110101
41877,33200,48.614628,0BA,5,1110000000101010010011000000000011001011
18208,49814,48.615077,226,8,0000000000000000000100000000000000000000000000000000000000000000
10332,49815,48.615415,260,8,0000000000000000000000000000000000000000000000000001011110000001
34124,49816,48.615777,1C4,8,0000111000100100000111000000000000000000000000000000000000011011
6453,49819,48.619413,25,8,0000000000000000000000000000000101000000000000000000000001101110
12909,49820,48.61977,2C1,8,0000100011111101111001111111110111100111110000000000000001011011
26660,49821,48.62008,0AA,8,0010001110101000001000111010011000100011100101110010001110010111
15899,49824,48.621788,1C6,8,0000000000000000100000000000000100011000000100110100000000000000
1295,49825,48.622069,320,8,0000000000100000000000000000000000000000000000000000000001001011
41878,49793,48.622118,0BA,5,1100011000000000000000000000000010111110
6454,49827,48.629431,25,8,0000000000000000000000000000000101000000000000000000000001101110
41879,16620,48.629607,0BA,5,0010100100000000000000000000010000101000
30667,49828,48.629674,24,8,0000001000000001000000011111010001000001111111111000000011100100
26661,49829,48.630046,0AA,8,0010001110100111001000111010010100100011100110100010001110010101
13817,49830,48.630412,434,8,0100001000000000000000000000000000000000000000000000000000000000
21023,49831,48.63106,0B4,8,0000000000000000000000000000000011101100000010010000001010110011
10333,49835,48.635375,260,8,0000000000000000000000000000000000000000000000000010001110001101
34125,49836,48.635761,1C4,8,0000111000010011000111000000000000000000000000000000000000001010
34909,49838,48.636244,3C3,8,0100011000011110100100110100111011101110010110010000001110001000
41880,33220,48.637097,0BA,5,0100111100000000000000000000000000101110
28208,49840,48.637411,437,8,1111110011111111111111111111111111111111111111111111111111111111
6455,49842,48.639411,25,8,0000000000000000000000000000000101000000000000000000000001101110
26662,49843,48.640067,0AA,8,0010001110100101001000111010000100100011100101010010001110010001
43603,3253,48.640404,423,2,11100000000
18209,49847,48.643061,226,8,0000000000000000000100000000000000000000000000000000000000000000
41881,33223,48.644586,0BA,5,1110000000101010010011000000000011001011
6456,49849,48.649418,25,8,0000000000000000000000000000000101010000000000000000000001111110
30668,49850,48.64966,24,8,0000001000000001000000011111001101000001111111011000000011100001
12910,49851,48.649898,2C1,8,0000100011111101110111011111110111011101110000000000000001000111
26663,49852,48.650128,0AA,8,0010001110011111001000111001111100100011100011010010001110010101
21024,49853,48.651048,0B4,8,0000000000000000000000000000000011110000000010010000001010110111
15900,49854,48.651748,1C6,8,0000000000000000100000000000000100011000000100110100000000000000
41882,49823,48.652076,0BA,5,1100011000000000000000000000000010111110
10334,49859,48.655366,260,8,0000000000000000000000000000000000000000000000000100011110110001
34126,49860,48.655751,1C4,8,0000111000001011000111000000000000000000000000000000000000000010
14178,49862,48.657242,442,8,0100001100000010000000000000000000000010000000000000000000000000
6457,49864,48.659386,25,8,0000000000000000000000000000000101010000000000000000000001111110
41883,16628,48.659565,0BA,5,0010100100000000000000000000011100101011
26664,49865,48.660051,0AA,8,0010001110100000001000111001110000100011100011110010001110001100
28122,49866,48.663005,6C0,8,1110010000000000000000001110000010000000000000000000000000000000
41884,33235,48.667055,0BA,5,0100111100000000000000000000000000101110
6458,49869,48.669374,25,8,0000000000000000000000000000000101100000000000000000000010001110
30669,49870,48.669617,24,8,0000001000000010000000011111001101000001111110111000000011100000
26665,49872,48.670048,0AA,8,0010001110011101001000111001101100100011100100000010001110010000
21025,49873,48.671035,0B4,8,0000000000000000000000000000000011110000000010001111110110110001
41885,33241,48.674545,0BA,5,1110000000101010010011000000000011001011
18210,49877,48.675034,226,8,0000000000000000000100000000000000000000000000000000000000000000
10335,49878,48.675356,260,8,0000000000000000000000000000000000000000000000000101001010111100
34127,49879,48.675742,1C4,8,0000110111111000000111000000000000000000000000000000000011101110
1296,49881,48.676155,320,8,0000000000100000000000000000000000000000000000000000000001001011
6459,49883,48.679369,25,8,0000000000000000000000000000000101100000000000000000000010001110
12911,49884,48.679735,2C1,8,0000100011111101111000001111110111100000110000000000000001001101
26666,49885,48.680041,0AA,8,0010001110100000001000111001101100100011100011010010001110001100
15901,49887,48.681715,1C6,8,0000000000000000100000000000000100011000000100110100000000000000
41886,49856,48.682034,0BA,5,1100011000000000000000000000000010111110
6460,49891,48.689414,25,8,0000000000000000000000000000000101110000000000000000000010011110
41887,16638,48.689524,0BA,5,0010100100000000000000000000010000101000
30670,49892,48.689655,24,8,0000001000000010000000011111010001000001111111011000000011100011
26667,49893,48.69,0AA,8,0010001110011011001000111001101100100011100011000010001110001011
21026,49894,48.691018,0B4,8,0000000000000000000000000000000011110100000010001111011110101111
10336,49896,48.695289,260,8,0000000000000000000000000000000000000000000000000101001010111100
34128,49897,48.695725,1C4,8,0000110111110000000111000000000000000000000000000000000011100110
41888,33258,48.697013,0BA,5,0100111100000000000000000000000000101110
6461,49901,48.699358,25,8,0000000000000001000000000000000110100000000000000000000011001111
26668,49902,48.700028,0AA,8,0010001110011001001000111001100000100011100001110010001110000010
18211,49907,48.703016,226,8,0000000000000000000100000000000000000000000000000000000000000000
41889,33262,48.704503,0BA,5,1110000000101010010011000000000011001011
6462,49909,48.709406,25,8,0000000000000001000000000000000111010000000000000000000011111111
30671,49910,48.709648,24,8,0000001000000010000000011111001101000001111111011000000011100010
12912,49911,48.709884,2C1,8,0000100011111101111010101111110111101010110000000000000001100001
26669,49912,48.710112,0AA,8,0010001110010111001000111001010000100011100000010010001110000101
21027,49913,48.711006,0B4,8,0000000000000000000000000000000011111000000010001111011110110011
15902,49914,48.711708,1C6,8,0000000000000000100000000000000100011000000100110100000000000000
41890,49886,48.711992,0BA,5,1100011000000000000000000000000010111110
10337,49917,48.71534,260,8,0000000000000000000000000000000000000000000000000101001010111100
34129,49918,48.715711,1C4,8,0000110111101000000111000000000000000000000000000000000011011110
41891,16650,48.719482,0BA,5,0010100100000000000000000000011100101011
6463,49923,48.719489,25,8,0000000000000001000000000000000111110000000101100000000000110101
26670,49924,48.720013,0AA,8,0010001110010110001000111001001000100011100010000010001110000001
1297,49925,48.721002,320,8,0000000000100000000000000000000000000000000000000000000001001011
41892,33280,48.726971,0BA,5,0100111100000000000000000000000000101110
6464,49927,48.72933,25,8,0000000000000001000000000000000100010000000101100000000001010101
30672,49928,48.729571,24,8,0000001000000010000000011111000101000001111110111000000011011110
26671,49929,48.730006,0AA,8,0010001110010000001000111000101100100011011111000010001110001000
21028,49930,48.730989,0B4,8,0000000000000000000000000000000011111000000010001111000110101101
41893,33283,48.734461,0BA,5,1110000000101010011001000000000011100011
18212,49934,48.734993,226,8,0000000000000000000100000000000000000000000000000000000000000000
10338,49935,48.73526,260,8,0000000000000000000000000000000000000000000000000101111011001000
34130,49937,48.735697,1C4,8,0000110111011010000111000000000000000000000000000000000011010000
6465,49941,48.739323,25,8,0000000000000001000000000000000101000000000101110000000010000110
12913,49942,48.739691,2C1,8,0000100011111101111010101111110111101010110000000000000001100001
26672,49943,48.740003,0AA,8,0010001110001010001000111000101100100011011111100010001110000000
14006,49944,48.740354,38E,8,0
15903,49946,48.741677,1C6,8,0000000000000000100000000000000100010111000100110100000000000000
41894,49916,48.74195,0BA,5,1100011000000000000000000000000010111110
6466,49948,48.749374,25,8,0000000000000001000000000000000101110000000101110000000010110110
41895,16662,48.74944,0BA,5,0010100100000000000000000000010000101000
30673,49949,48.749615,24,8,0000001000000010000000011111001101000001111111011000000011100010
26673,49950,48.749964,0AA,8,0010001110001010001000111000011000100011011111000010001110000010
21029,49951,48.750976,0B4,8,0000000000000000000000000000000011111100000010001110110010101100
10339,49954,48.755259,260,8,0000000000000000000000000000000000000000000000001000001011101100
21753,49955,48.755498,443,8,0100110100000010000000000010111100000110000000000000000000000000
34131,49956,48.755737,1C4,8,0000110111010011000111000000000000000000000000000000000011001001
41896,33295,48.75693,0BA,5,0100111100000000000000000000000000101110
6467,49959,48.759316,25,8,0000000000000010000000000000000111000000000111110000000000001111
26674,49960,48.759989,0AA,8,0010001110001010001000111000100000100011011111010010001101110100
18213,49965,48.762974,226,8,0000000000000000000100000000000000000000000000000000000000000000
41897,33300,48.764419,0BA,5,1110000000101011001101000000000010110100
6468,49968,48.769369,25,8,0000000000000010000000000000000111110000001000110000000001000011
30674,49969,48.769601,24,8,0000001000000010000000011111000101000010000000001000000011100100
12914,49970,48.769839,2C1,8,0000100011111101111000001111110111100000110000000000000001001101
26675,49971,48.770063,0AA,8,0010001110000110001000111000011100100011011101100010001101111010
21030,49972,48.770963,0B4,8,0000000000000000000000000000000000000000000010001110011010101010
15904,49973,48.771673,1C6,8,0000000000000000100000000000000100010111000100110100000000000000
41898,49945,48.771909,0BA,5,1100011000000000000000000000000010111110
1298,49976,48.773965,320,8,0000000000100000000000000000000000000000000000000000000001001011
10340,49977,48.775187,260,8,0000000000000000000000000000000000000000000000001010011000010000
34132,49978,48.775669,1C4,8,0000110111001101000111000000000000000000000000000000000011000011
6469,49981,48.779298,25,8,0000000000000010000000000000000100110000001000110000000010000011
41899,16667,48.779398,0BA,5,0010100100000000000000000000011100101011
26676,49982,48.77997,0AA,8,0010001110000001001000111000011100100011011101000010001101110101
41900,33322,48.786888,0BA,5,0100111100000000000000000000000000101110
6470,49987,48.789287,25,8,0000000000000010000000000000000101110000001000110000000011000011
30675,49988,48.789524,24,8,0000001000000010000000011111000101000010000000011000000011100101
26677,49989,48.789966,0AA,8,0010001101111100001000110111111000100011011011110010001101111000
21031,49990,48.790948,0B4,8,0000000000000000000000000000000000000000000010001110011010101010
41901,33324,48.794377,0BA,5,1110000000101100110010000000000001001001
18214,49994,48.794952,226,8,0000000000000000000100000000000000000000000000000000000000000000
10341,49995,48.795197,260,8,0000000000000000000000000000000000000000000000001011000100011011
13478,49996,48.795347,394,3,0
34133,49997,48.795658,1C4,8,0000110111000100000111000000000000000000000000000000000010111010
7871,49999,48.798155,610,8,0010000000000000000101110110010011000000000000000011100001000000
6471,50001,48.799314,25,8,0000000000000011000000000000000111000000001001100000000000010111
12915,50002,48.799659,2C1,8,0000100011111101111000001111110111100000110000000000000001001101
26678,50003,48.799963,0AA,8,0010001101111100001000110111110000100011011101000010001101101110
13751,50004,48.800313,3A5,8,100000000
15905,50007,48.801638,1C6,8,0000000000000000100000000000000100010111000100110100000000000000
41902,49975,48.801867,0BA,5,1100011000000000000000000000000010111110
43802,3334,48.803911,3BB,5,1010010100000000000000000000000000000000
6472,50009,48.80933,25,8,0000000000000011000000000000000100000000001010010000000001011010
41903,16680,48.809356,0BA,5,0010100100000000000000000000010000101000
30676,50010,48.809567,24,8,0000001000000010000000011111000101000010000000001000000011100100
26679,50011,48.809925,0AA,8,0010001101111000001000110111100100100011011100000010001101110011
31359,50012,48.810168,640,8,1010100000000000000000000011011100000001111000000000000000000000
21032,50013,48.810934,0B4,8,0000000000000000000000000000000000000100000010001110000110101001
10342,50015,48.814942,260,8,0000000000000000000000000000000000000000000000001010011000010000
16540,50016,48.815381,3F9,8,0111010100011000000000100000001010000000000000000000000000010101
35244,49805,48.815393,3D3,3,111001010000000000000000
34134,50017,48.815646,1C4,8,0000110110111111000111000000000000000000000000000000000010110101
41904,33343,48.816846,0BA,5,0100111100000000000000000000000000101110
6473,50022,48.820322,25,8,0000000000000011000000000000000101000000001001100000000010010111
26680,50023,48.820912,0AA,8,0010001101111000001000110111101000100011011011000010001101101101
18215,50026,48.823933,226,8,0000000000000000000100000000000000000000000000000000000000000000
41905,33348,48.824335,0BA,5,1110000000101110000001000000000010000111
1299,50027,48.824929,320,8,0000000000100000000000000000000000000000000000000000000001001011
13625,50028,48.825494,4DD,8,0001111000000000000000000000000000000000000000000000000000000000
6474,50031,48.829316,25,8,0000000000000100000000000000000110100000001101110000000000001001
30677,50032,48.829558,24,8,0000001000000010000000011110111101000010000000111000000011100101
12916,50033,48.829794,2C1,8,0000100011111101111000001111110111100000110000000000000001001101
26681,50034,48.830021,0AA,8,0010001101110011001000110111101100100011011010000010001101101111
35045,50035,48.830293,413,8,0000000100000001000000010000100100000000000000000000000000000000
21033,50036,48.830919,0B4,8,0000000000000000000000000000000000001000000010001101101110100111
15906,50037,48.831635,1C6,8,0000000000000000100000000000000100010111000100110100000000000000
41906,50006,48.831825,0BA,5,1100011000000000000000000000000010111110
10343,50042,48.835078,260,8,0000000000000000000000000000000000000000000000001011110100100111
34135,50043,48.83564,1C4,8,0000110110111001000111000000000000000000000000000000000010101111
6475,50046,48.839285,25,8,0000000000000100000000000000000111100000001011010000000000111111
41907,16689,48.839315,0BA,5,0010100100000000000000000000011100101011
26682,50047,48.839928,0AA,8,0010001101110001001000110111011000100011011010110010001101101100
41908,33361,48.846804,0BA,5,0100111100000000000000000000000000101110
6476,50050,48.849273,25,8,0000000000000100000000000000000100100000001011010000000001111111
30678,50051,48.849513,24,8,0000001000000010000000011110111101000010000001101000000011101000
26683,50053,48.850091,0AA,8,0010001101110010001000110111010000100011011010110010001101101100
21034,50054,48.850902,0B4,8,0000000000000000000000000000000000001000000010001101010110100001
41909,33366,48.854294,0BA,5,1110000000101111000010000000000010001100
10344,50058,48.854887,260,8,0000000000000000000000000000000000000000000000001100100100110011
18216,50059,48.855133,226,8,0000000000000000000100000000000000000000000000000000000000000000
34136,50060,48.85562,1C4,8,0000110110110110000111000000000000000000000000000000000010101100
31532,50062,48.85754,44D,8,0100001000000010000000000000000000000001000000000000000000000000
6477,50064,48.859269,25,8,0000000000000100000000000000000101100000001010010000000010111011
12917,50065,48.859621,2C1,8,0000100011111101111000001111110111100000110000000000000001001101
26684,50066,48.859909,0AA,8,0010001101110010001000110111000100100011011010110010001101101000
15907,50068,48.861601,1C6,8,0000000000000000100000000000000100010111000100110100000000000000
41910,50039,48.861783,0BA,5,1100011000000000000000000000000010111110
223,50069,48.861906,3B7,8,1000
11126,50071,48.867007,620,8,0001000000000000000000000000000000000000000000000000000000000000
6478,50073,48.869264,25,8,0000000000000101000000000000000110110000001010010000000000001100
41911,16699,48.869273,0BA,5,0010100100000000000000000000010000101000
30679,50074,48.869501,24,8,0000001000000010000000011110111101000010000010001000000011101010
26685,50075,48.869905,0AA,8,0010001101110011001000110111000100100011011001000010001101101100
21035,50076,48.870891,0B4,8,0000000000000000000000000000000000001100000010001101000010100000
1300,50078,48.872898,320,8,0000000000100000000000000000000000000000000000000000000001001011
10345,50079,48.87482,260,8,0000000000000000000000000000000000000000000000001110110101010111
34137,50080,48.875611,1C4,8,0000110110110100000111000000000000000000000000000000000010101010
41912,33381,48.876762,0BA,5,0100111100000000000000000000000000101110
6479,50084,48.880285,25,8,0000000000000101000000000000000111110000001001100000000001001001
26686,50085,48.880866,0AA,8,0010001101101100001000110110111000100011011000100010001101100111
18217,50089,48.883891,226,8,0000000000000000000100000000000000000000000000000000000000000000
41913,33383,48.884252,0BA,5,1110000000101111101010000000000000101100
6480,50092,48.889274,25,8,0000000000000101000000000000000100110000001011000000000010001111
30680,50093,48.889514,24,8,0000001000000010000000011110111101000010000001101000000011101000
12918,50094,48.889764,2C1,8,0000100011111101111000001111110111100000110000000000000001001101
26687,50095,48.889995,0AA,8,0010001101101110001000110110101000100011011000010010001101101000
21036,50097,48.89098,0B4,8,0000000000000000000000000000000000010000000010001101000010100100
15908,50098,48.891595,1C6,8,0000000000000000100000000000000100010111000100110100000000000000
41914,50067,48.891741,0BA,5,1100011000000000000000000000000010111110
10346,50101,48.894808,260,8,0000000000000000000000000000000000000000000000001110110101010111
16332,50102,48.895056,4C1,8,0000000100000000000000010000000100000000000000000000000000000000
34138,50103,48.895597,1C4,8,0000110110110000000111000000000000000000000000000000000010100110
41915,16709,48.899231,0BA,5,0010100100000000000000000000011100101011
6481,50107,48.899253,25,8,0000000000000101000000000000000101100000001001100000000010111001
26688,50108,48.899886,0AA,8,0010001101101011001000110110100000100011011010000010001101011101
41916,33402,48.90672,0BA,5,0100111100000000000000000000000000101110
6482,50110,48.909233,25,8,0000000000000110000000000000000110100000000111110000000011110011
30681,50111,48.909472,24,8,0000001000000011000000011110111101000010000001011000000011101000
26689,50112,48.90988,0AA,8,0010001101101100001000110110010100100011010111100010001101011100
21037,50113,48.910864,0B4,8,0000000000000000000000000000000000010000000010001100101010011110
41917,33407,48.91421,0BA,5,1110000000110000001100000000000010110101
10347,50118,48.914727,260,8,0000000000000000000000000000000000000000000000001110000101001011
18218,50119,48.914976,226,8,0000000000000000000100000000000000000000000000000000000000000000
34139,50122,48.915588,1C4,8,0000110110101110000111000000000000000000000000000000000010100100
27847,50124,48.915996,420,8,0000000000000000000000000000000011111111000000001000000010101011
6483,50126,48.91923,25,8,0000000000000110000000000000000111010000000111110000000000100011
12919,50127,48.919582,2C1,8,0000100011111101111000001111110111100000110000000000000001001101
26690,50128,48.919871,0AA,8,0010001101100110001000110110000100100011010110110010001101010111
15909,50130,48.921562,1C6,8,0000000000000000100000000000000100010111000100110100000000000000
41918,50100,48.921699,0BA,5,1100011000000000000000000000000010111110
1301,50131,48.92186,320,8,0000000000100000000000000000000000000000000000000000000001001011
31618,50132,48.922402,633,8,1000000100000000000000000000000000000000000000000000000000000000
41919,16719,48.929189,0BA,5,0010100100000000000000000000010000101000
6484,50134,48.929224,25,8,0000000000000110000000000000000111110000000110110000000000111111
30682,50135,48.92946,24,8,0000001000000011000000011110110101000010000001011000000011100110
26691,50136,48.929867,0AA,8,0010001101101101001000110101110000100011010110100010001101001111
21038,50137,48.930854,0B4,8,0000000000000000000000000000000000010100000010001100010010011100
10348,50141,48.93475,260,8,0000000000000000000000000000000000000000000000001101010100111111
43447,272,48.935041,3000000.0,6,110000010000110000011101000000010000000000000000
7641,50142,48.935265,3BC,8,0
34140,50143,48.93557,1C4,8,0000110110101100000111000000000000000000000000000000000010100010
41920,33422,48.936679,0BA,5,0100111100000000000000000000000000101110
6485,50146,48.939214,25,8,0000000000000110000000000000000100100000000110110000000001101111
26692,50148,48.939855,0AA,8,0010001101011110001000110101011100100011010111010010001101001010
18219,50151,48.94285,226,8,0000000000000000000100000000000000000000000000000000000000000000
41921,33428,48.944168,0BA,5,1110000000110000011000000000000011100101
6486,50154,48.949229,25,8,0000000000000110000000000000000100110000000101010000000001111001
30683,50155,48.949466,24,8,0000001000000100000000011110111101000010000001101000000011101010
12920,50156,48.949783,2C1,8,0000100011111101111000001111110111100000110000000000000001001101
26693,50157,48.950008,0AA,8,0010001101100010001000110101011100100011010110000010001101001101
21039,50158,48.950847,0B4,8,0000000000000000000000000000000000010100000010001011111110010111
15910,50159,48.951554,1C6,8,0000000000000000100000000000000100010111000100110100000000000000
41922,50129,48.951658,0BA,5,1100011000000000000000000000000010111110
10349,50162,48.954765,260,8,0000000000000000000000000000000000000000000000001100100100110011
34141,50164,48.955556,1C4,8,0000110110100111000111000000000000000000000000000000000010011101
14179,50166,48.956891,442,8,0100001100000010000000000000000000000010000000000000000000000000
28123,50167,48.95735,6C0,8,1110010000000000000000001110000010000000000000000000000000000000
41923,16724,48.959147,0BA,5,0010100100000000000000000000011100101011
6487,50169,48.959201,25,8,0000000000000110000000000000000101000000000101010000000010001001
26694,50170,48.959846,0AA,8,0010001101011110001000110101100000100011010011110010001101001000
27908,50171,48.96045,4DC,8,0001110100000000000000000000000000000000000000000000000000000000
41924,33444,48.966637,0BA,5,0100111100000000000000000000000000101110
6488,50174,48.969187,25,8,0000000000000110000000000000000101010000000101010000000010011001
30684,50175,48.969425,24,8,0000001000000110000000011110111101000010000010001000000011101110
26695,50176,48.969835,0AA,8,0010001101011101001000110101010000100011010011110010001101000110
21040,50177,48.970825,0B4,8,0000000000000000000000000000000000011000000010001011100110010101
41925,33447,48.974126,0BA,5,1110000000110000100111000000000000100001
10350,50181,48.974664,260,8,0000000000000000000000000000000000000000000000001100100100110011
18220,50182,48.974913,226,8,0000000000000000000100000000000000000000000000000000000000000000
34142,50183,48.975546,1C4,8,0000110110100100000111000000000000000000000000000000000010011010
43604,12524,48.975855,423,2,10101000010001
1302,50185,48.975962,320,8,0000000000100000000000000000000000000000000000000000000001001011
6489,50188,48.979183,25,8,0000000000000110000000000000000101010000000011110000000010010011
12921,50189,48.979545,2C1,8,0000100011111101111000001111110111100000110000000000000001001101
26696,50190,48.979826,0AA,8,0010001101011100001000110100111100100011010011110010001100111011
1572,50191,48.980196,6F3,8,0010000000000000000000000000000000000000000000000000000000000000
15911,50194,48.981524,1C6,8,0000000000000000100000000000000100010111000100110100000000000000
41926,50161,48.981616,0BA,5,1100011000000000000000000000000010111110
41927,16739,48.989105,0BA,5,0010100100000000000000000000010000101000
6490,50197,48.989204,25,8,0000000000000110000000000000000101010000000010110000000010001111
30685,50198,48.989442,24,8,0000001000000110000000011110111101000010000001101000000011101100
26697,50199,48.989798,0AA,8,0010001101011000001000110100110100100011010011010010001100111111
21041,50200,48.99081,0B4,8,0000000000000000000000000000000000011100000010001011010010010100
10351,50202,48.994646,260,8,0000000000000000000000000000000000000000000000001001100100000011
13565,50203,48.995101,399,8,0000000000000000000000000000000000000000111111110000000000000000
34143,50204,48.995533,1C4,8,0000110110011100000111000000000000000000000000000000000010010010
41928,33467,48.996595,0BA,5,0100111100000000000000000000000000101110
6491,50208,48.999173,25,8,0000000000000110000000000000000101010000000010010000000010001101
26698,50210,48.999816,0AA,8,0010001101010111001000110100110100100011010010010010001100111111
18221,50213,49.00281,226,8,0000000000000000000100000000000000000000000000000000000000000000
41929,33472,49.004084,0BA,5,1110000000110000011100000000000011110101
11213,50214,49.006495,39A,8,0000000000000000000000000000000100000000000000000000000000000000
6492,50216,49.00919,25,8,0000000000000110000000000000000101010000000001110000000010001011
30686,50217,49.009431,24,8,0000001000000111000000011111000101000010000001101000000011101111
12922,50218,49.009673,2C1,8,0000100011111101111000001111110111100000110000000000000001001101
26699,50219,49.009898,0AA,8,0010001101010010001000110100100000100011010001000010001100111011
21042,50221,49.010795,0B4,8,0000000000000000000000000000000000011100000010001010111010001110
15912,50222,49.011519,1C6,8,0000000000000000100000000000000100010111000100110100000000000000
41930,50192,49.011574,0BA,5,1100011000000000000000000000000010111110
10352,50226,49.014693,260,8,0000000000000000000000000000000000000000000000000110101011010100
49,50227,49.01539,3B1,8,0000000000000000000000100000101000000000000010000000000000000000
34144,50228,49.015629,1C4,8,0000110110010111000111000000000000000000000000000000000010001101
41931,16747,49.019064,0BA,5,0010100100000000000000000000011100101011
6493,50231,49.019156,25,8,0000000000000110000000000000000101010000000001100000000010001010
26700,50233,49.019909,0AA,8,0010001101010010001000110100001100100011010000110010001100111000
1303,50234,49.020792,320,8,0000000000100000000000000000000000000000000000000000000001001011
41932,33487,49.026553,0BA,5,0100111100000000000000000000000000101110
6494,50236,49.029152,25,8,0000000000000110000000000000000101000000000001100000000001111010
30687,50237,49.029394,24,8,0000001000000111000000011111000101000010000001011000000011101110
26701,50238,49.029791,0AA,8,0010001101010010001000110100001000100011010001010010001100110101
21043,50240,49.030777,0B4,8,0000000000000000000000000000000000100000000010001010111010010010
41933,33492,49.034043,0BA,5,1110000000110000011010000000000011101101
10353,50244,49.03457,260,8,0000000000000000000000000000000000000000111111111111010001011101
18222,50245,49.034817,226,8,0000000000000000000100000000000000000000000000000000000000000000
34145,50246,49.035516,1C4,8,0000110110010001000111000000000000000000000000000000000010000111
6495,50250,49.039142,25,8,0000000000000110000000000000000101000000000001010000000001111001
12923,50251,49.0395,2C1,8,0000000011111110001101111111110111100000110000000000100110100110
26702,50252,49.039798,0AA,8,0010001101010001001000110100010000100011010000000010001100101101
15913,50255,49.041486,1C6,8,0000000000000000100000000000000100011000000100110100000000000000
41934,50224,49.041532,0BA,5,1100011000000000000000000000000010111110
41935,16757,49.049022,0BA,5,0010100100000000000000000000010000101000
6496,50259,49.049166,25,8,0000000000000110000000000000000100110000000001000000000001101000
30688,50260,49.049408,24,8,0000001000000111000000011111000101000010000001011000000011101110
26703,50261,49.049749,0AA,8,0010001101001010001000110100011100100011001101000010001100101010
21044,50262,49.050769,0B4,8,0000000000000000000000000000000000100100000010001010100010010000
10354,50264,49.05447,260,8,0000000000000000000000000000000000000000111111111101000000111001
21754,50265,49.055123,443,8,0100110100000010000000000010111100000110000000000000000000000000
34146,50266,49.055496,1C4,8,0000110110000100000111000000000000000000000000000000000001111010
41936,33509,49.056511,0BA,5,0100111100000000000000000000000000101110
6497,50269,49.059132,25,8,0000000000000110000000000000000100110000000001000000000001101000
26704,50271,49.059775,0AA,8,0010001101000101001000110100000100100011001110100010001100100011
18223,50274,49.062768,226,8,0000000000000000000100000000000000000000000000000000000000000000
41937,33513,49.064001,0BA,5,1110000000110000010110000000000011011101
16541,50276,49.06553,3F9,8,0111010100011000000000100000001010000000000000000000000000010101
31297,50277,49.067766,4A6,8,0000000000000000000000000000000000000000000100100000000000000000
6498,50279,49.069122,25,8,0000000000000110000000000000000100110000000001000000000001101000
30689,50280,49.069361,24,8,0000001000001000000000011111001101000010000001011000000011110001
12924,50281,49.069601,2C1,8,0000000011111110110010101111110111100000110000000001011001000110
26705,50282,49.069827,0AA,8,0010001101000100001000110011100100100011001110000010001100101000
21045,50284,49.07076,0B4,8,0000000000000000000000000000000000100100000010001010001110001011
15914,50285,49.071484,1C6,8,0000000000000000100000000000000100011000000100110000000000000000
41938,50254,49.07149,0BA,5,1100011000000000000000000000000010111110
1304,50288,49.073756,320,8,0000000000100000000000000000000000000000000000000000000001001011
10355,50289,49.074491,260,8,0000000000000000000000000000000000000000111111111100010100101110
35245,6214,49.075049,3D3,3,011011000000001000000000
34147,50290,49.075487,1C4,8,0000110101111101000111000000000000000000000000000000000001110011
41939,16766,49.07898,0BA,5,0010100100000000000000000000011100101011
6499,50293,49.079117,25,8,0000000000000110000000000000000100110000000000110000000001100111
26706,50295,49.079766,0AA,8,0010001101000011001000110011100000100011001101010010001100100000
41940,33532,49.086469,0BA,5,0100111100000000000000000000000000101110
6500,50299,49.089124,25,8,0000000000000110000000000000000100110000000000110000000001100111
30690,50300,49.089359,24,8,0000001000000111000000011111001101000010000000011000000011101100
26707,50301,49.089757,0AA,8,0010001100111111001000110011100000100011001101100010001100101000
21046,50302,49.090736,0B4,8,0000000000000000000000000000000000101000000010001010001110001111
41941,33536,49.093959,0BA,5,1110000000110000001111000000000011000001
10356,50306,49.094284,260,8,0000000000000000000000000000000000000000111111111011100000100001
13479,50307,49.094434,394,3,0
18224,50308,49.094741,226,8,0000000000000000000100000000000000000000000000000000000000000000
34148,50309,49.095469,1C4,8,0000110101111000000111000000000000000000000000000000000001101110
6501,50313,49.099104,25,8,0000000000000110000000000000000100110000000000110000000001100111
12925,50314,49.099463,2C1,8,0000000011111111001101001111111100001010110000000001101111100010
26708,50315,49.099747,0AA,8,0010001100111110001000110011100100100011001011110010001100100001
13305,50316,49.100091,30000000.0,7,0
41942,50287,49.101449,0BA,5,1100011000000000000000000000000010111110
15915,50318,49.101449,1C6,8,0000000000000000100000000000000100011000000100110000000000000000
43803,49804,49.101496,3BB,5,0111000000000000000000001010010100000000
41943,16782,49.108938,0BA,5,0010100100000000000000000000010000101000
6502,50321,49.109124,25,8,0000000000000110000000000000000100110000000000110000000001100111
30691,50322,49.109363,24,8,0000001000000111000000011111010001000010000000011000000011101101
26709,50323,49.109709,0AA,8,0010001100111011001000110011100100100011001100100010001100100101
21047,50324,49.110723,0B4,8,0000000000000000000000000000000000101000000010001001110110001001
10357,50327,49.114303,260,8,0000000000000000000000000000000000000000111111111011100000100001
34149,50328,49.115457,1C4,8,0000110110001010000111000000000000000000000000000000000010000000
41944,33549,49.116428,0BA,5,0100111100000000000000000000000000101110
6503,50331,49.119092,25,8,0000000000000110000000000000000100110000000000100000000001100110
26710,50333,49.119731,0AA,8,0010001100111110001000110011010000100011001100100010001100100010
18225,50336,49.122726,226,8,0000000000000000000100000000000000000000000000000000000000000000
1305,50337,49.123722,320,8,0000000000100000000000000000000000000000000000000000000001001011
41945,33554,49.123917,0BA,5,1110000000110000001010000000000010101101
6504,50341,49.12911,25,8,0000000000000110000000000000000100110000000000100000000001100110
30692,50342,49.129348,24,8,0000001000000111000000011111010001000010000000111000000011101111
12926,50343,49.129587,2C1,8,0000000011111111100101111111111101010000110000000001110110001101
26711,50344,49.129815,0AA,8,0010001101000010001000110011011000100011001011100010001100100001
11274,50345,49.130063,4C8,8,0000100100000000000000000000000000000000000000000000000000000000
27956,50346,49.130317,300000000.0,8,0
21048,50347,49.130706,0B4,8,0000000000000000000000000000000000101100000010001001011110000111
41946,50317,49.131407,0BA,5,1100011000000000000000000000000010111110
15916,50348,49.131454,1C6,8,0000000000000000100000000000000100011000000100110000000000000000
10358,50352,49.134252,260,8,0000000000000000000000000000000000000000111111111011100000100001
35368,16428,49.134684,386,7,10100100000000000000000000000000000000000000000010000000
34150,50353,49.135443,1C4,8,0000110110011101000111000000000000000000000000000000000010010011
34910,50355,49.135884,3C3,8,0100011000011110100100110100111011101110010110010000001110001000
41947,16788,49.138896,0BA,5,0010100100000000000000000000011100101011
6505,50358,49.139076,25,8,0000000000000110000000000000000100110000000000100000000001100110
26712,50359,49.139717,0AA,8,0010001101000010001000110011011000100011001011100010001100100001
41948,33569,49.146386,0BA,5,0100111100000000000000000000000000101110
6506,50363,49.149201,25,8,0000000000000110000000000000000100110000000000100000000001100110
30693,50364,49.14944,24,8,0000001000000111000000011111011001000010000000111000000011110001
26713,50365,49.149683,0AA,8,0010001101000000001000110011100000100011001010110010001100101001
21049,50366,49.150694,0B4,8,0000000000000000000000000000000000110000000010001001011110001011
41949,33572,49.153875,0BA,5,1110000000110000001010000000000010101101
10359,50370,49.154164,260,8,0000000000000000000000000000000000000000111111111011100000100001
18226,50371,49.154699,226,8,0000000000000000000100000000000000000000000000000000000000000000
34151,50372,49.155433,1C4,8,0000110110101010000111000000000000000000000000000000000010100000
31533,50374,49.156838,44D,8,0100001000000010000000000000000000000001000000000000000000000000
6507,50376,49.159065,25,8,0000000000000110000000000000000100110000000000100000000001100110
12927,50377,49.159426,2C1,8,0000000000000000000000001111111101111010110000000001111100100011
26714,50378,49.159704,0AA,8,0010001101000000001000110011011100100011001010100010001100100100
27936,50379,49.160074,3000000000.0,8,0
41950,50350,49.161365,0BA,5,1100011000000000000000000000000010111110
15917,50382,49.161415,1C6,8,0000000000000000000000000000000100010100000100110000000000000000
224,50383,49.161695,3B7,8,1000
7702,50385,49.166649,611,8,0010000100000000000000000001000000000000000000000011110101101100
41951,16802,49.168854,0BA,5,0010100100000000000000000000010000101000
6508,50387,49.169063,25,8,0000000000000110000000000000000100110000000000100000000001100110
30694,50388,49.169301,24,8,0000001000000111000000011111101101000010000000001000000011110011
26715,50389,49.169701,0AA,8,0010001101000011001000110011001100100011001010000010001100100010
21050,50390,49.170684,0B4,8,0000000000000000000000000000000000110000000010001001011110001011
1306,50393,49.172687,320,8,0000000000100000000000000000000000000000000000000000000001001011
10360,50394,49.174196,260,8,0000000000000000000000000000000000000000111111111011100000100001
34152,50395,49.175417,1C4,8,0000110110111001000111000000000000000000000000000000000010101111
41952,33589,49.176344,0BA,5,0100111100000000000000000000000000101110
11127,50398,49.178644,620,8,0001000000000000000000000000000000000000000000000000000000000000
6509,50401,49.180078,25,8,0000000000000110000000000000000100110000000000100000000001100110
26716,50402,49.180661,0AA,8,0010001101000100001000110011001100100011001100100010001100011011
18227,50405,49.183681,226,8,0000000000000000000100000000000000000000000000000000000000000000
41953,33593,49.183834,0BA,5,1110000000110000001010000000000010101101
6510,50408,49.18907,25,8,0000000000000110000000000000000100110000000000100000000001100110
30695,50409,49.189308,24,8,0000001000000110000000011111110101000010000000001000000011110100
12928,50410,49.189559,2C1,8,0000000000000000010110011111111111100000110000000010000111100100
26717,50411,49.189787,0AA,8,0010001101000101001000110011001100100011001010010010001100100000
21051,50412,49.190668,0B4,8,0000000000000000000000000000000000110100000010001001011110001111
41954,50380,49.191323,0BA,5,1100011000000000000000000000000010111110
15918,50413,49.191404,1C6,8,0000000000000000000000000000000100010001000100110000000000000000
10361,50417,49.19419,260,8,0000000000000000000000000000000000000000111111111010110100010110
34153,50418,49.195413,1C4,8,0000110110111110000111000000000000000000000000000000000010110100
41955,16809,49.198813,0BA,5,0010100100000000000000000000011100101011
6511,50421,49.199045,25,8,0000000000000110000000000000000100110000000000010000000001100101
26718,50422,49.19968,0AA,8,0010001101000000001000110011010000100011001010010010001100011011
41956,33606,49.206302,0BA,5,0100111100000000000000000000000000101110
6512,50424,49.209023,25,8,0000000000000110000000000000000100110000000000010000000001100101
30696,50425,49.209284,24,8,0000001000000110000000011111111101000010000000011000000011110111
26719,50426,49.209668,0AA,8,0010001101000100001000110011001000100011001001110010001100011101
21052,50428,49.210653,0B4,8,0000000000000000000000000000000000111000000010001001001010001110
41957,33612,49.213792,0BA,5,1110000000110000001010000000000010101101
10362,50433,49.21416,260,8,0000000000000000000000000000000000000000111111111010110100010110
18228,50434,49.214658,226,8,0000000000000000000100000000000000000000000000000000000000000000
34154,50435,49.215389,1C4,8,0000110111000000000111000000000000000000000000000000000010110110
6513,50438,49.219021,25,8,0000000000000110000000000000000100110000000000010000000001100101
12929,50439,49.219451,2C1,8,0000000000000000101100110000000001001100110000000010001110101101
26720,50440,49.219679,0AA,8,0010001100111000001000110011000100100011001011100010001100011001
41958,50415,49.221281,0BA,5,1100011000000000000000000000000010111110
15919,50442,49.221375,1C6,8,0000000000000000000000000000000100001110000100110000000000000000
1307,50443,49.221652,320,8,0000000000100000000000000000000000000000000000000000000001001011
13880,50445,49.228549,4C6,8,0000011100000000000000110000000000000000000000000000000000000000
41959,16820,49.228771,0BA,5,0010100100000000000000000000010000101000
6514,50447,49.229125,25,8,0000000000000110000000000000000100110000000000010000000001100101
30697,50448,49.229368,24,8,0000001000000110000000100000000001000010000000011000000011111001
26721,50449,49.229656,0AA,8,0010001100111110001000110010110100100011001010010010001100011011
21053,50450,49.230639,0B4,8,0000000000000000000000000000000000111000000010001001001010001110
10363,50453,49.234098,260,8,0000000000000000000000000000000000000000111111111010000100001010
34155,50454,49.235379,1C4,8,0000110111001000000111000000000000000000000000000000000010111110
41960,33630,49.23626,0BA,5,0100111100000000000000000000000000101110
6515,50459,49.239122,25,8,0000000000000110000000000000000100110000000000010000000001100101
26722,50460,49.239647,0AA,8,0010001100111101001000110010110000100011001001000010001100010101
18229,50463,49.242642,226,8,0000000000000000000100000000000000000000000000000000000000000000
41961,33633,49.24375,0BA,5,1110000000101111111111000000000010000000
6516,50466,49.249024,25,8,0000000000000110000000000000000100110000000000010000000001100101
30698,50467,49.249268,24,8,0000001000000110000000100000000001000010000000011000000011111001
12930,50468,49.249502,2C1,8,0000000000000001000001100000000010100011110000000010010001011001
26723,50469,49.249726,0AA,8,0010001100111101001000110010110100100011001000000010001100010111
21054,50470,49.250625,0B4,8,0000000000000000000000000000000000111100000010001001001010010010
41962,50441,49.251239,0BA,5,1100011000000000000000000000000010111110
15920,50471,49.251368,1C6,8,0000000000000000000000000000000100001101000100110000000000000000
10364,50474,49.25409,260,8,0000000000000000000000000000000000000000111111111011100000100001
34156,50475,49.255364,1C4,8,0000110111001111000111000000000000000000000000000000000011000101
14180,50477,49.256537,442,8,0100001100000010000000000000000000000010000000000000000000000000
28124,50478,49.256781,6C0,8,1110010000000000000000001110000010000000000000000000000000000000
41963,16830,49.258729,0BA,5,0010100100000000000000000000011100101011
6517,50480,49.258992,25,8,0000000000000110000000000000000100110000000000010000000001100101
26724,50482,49.259631,0AA,8,0010001100111010001000110010110000100011001001010010001100010100
41964,33651,49.266219,0BA,5,0100111100000000000000000000000000101110
6518,50484,49.268983,25,8,0000000000000110000000000000000100110000000000010000000001100101
30699,50485,49.269226,24,8,0000001000000111000000011111111101000010000000011000000011111000
26725,50486,49.269625,0AA,8,0010001100111001001000110010110100100011001001110010001100011010
21055,50487,49.270612,0B4,8,0000000000000000000000000000000000111100000010001001001010010010
34801,50489,49.272558,4DF,8,0010000000000000000000000000000100000000000000000000000000000000
41965,33655,49.273708,0BA,5,1110000000101111111001000000000001101000
10365,50492,49.273979,260,8,0000000000000000000000000000000000000000111111111110100001010001
18230,50493,49.274616,226,8,0000000000000000000100000000000000000000000000000000000000000000
34157,50494,49.27535,1C4,8,0000110111100001000111000000000000000000000000000000000011010111
1308,50497,49.275941,320,8,0000000000100000000000000000000000000000000000000000000001001011
6519,50500,49.278982,25,8,0000000000000110000000000000000100100000000000010000000001010101
12931,50501,49.279345,2C1,8,0000000000000001010101100000000100110000110000000010010000110111
26726,50502,49.279617,0AA,8,0010001100111001001000110011000100100011001001000010001100011011
41966,50473,49.281198,0BA,5,1100011000000000000000000000000010111110
15921,50504,49.281337,1C6,8,0000000000000000000000000000000100001101000100110000000000000000
41967,16843,49.288687,0BA,5,0010100100000000000000000000010000101000
6520,50507,49.288997,25,8,0000000000000110000000000000000100100000000000010000000001010101
30700,50508,49.289241,24,8,0000001000000111000000100000000001000010000000011000000011111010
26727,50509,49.289589,0AA,8,0010001100111000001000110010110000100011000111110010001100011111
21056,50510,49.290603,0B4,8,0000000000000000000000000000000001000000000010001001001010010110
10366,50513,49.29402,260,8,0000000000000000000000000000000000000000111111111110100001010001
34158,50514,49.295337,1C4,8,0000110111101101000111000000000000000000000000000000000011100011
41968,33672,49.296177,0BA,5,0100111100000000000000000000000000101110
7872,50516,49.298494,610,8,0010000000000000000101100110010011000000000000000011100001000000
6521,50519,49.299092,25,8,0000000000000110000000000000000100100000000000010000000001010101
26728,50520,49.299604,0AA,8,0010001100111100001000110010110100100011001010010010001100011011
18231,50524,49.302599,226,8,0000000000000000000100000000000000000000000000000000000000000000
41969,33677,49.303666,0BA,5,1110000000101111111001000000000001101000
6522,50527,49.308984,25,8,0000000000000110000000000000000100100000000000010000000001010101
30701,50528,49.309227,24,8,0000001000000111000000100000000001000010000000011000000011111010
12932,50529,49.309463,2C1,8,0000000000000001100111000000000101000110110000000010010010010011
26729,50530,49.309687,0AA,8,0010001101000000001000110010111000100011001001010010001100011101
21057,50531,49.310586,0B4,8,0000000000000000000000000000000001000100000010001001001010011010
41970,50503,49.311156,0BA,5,1100011000000000000000000000000010111110
43605,49799,49.311306,423,2,1000100000000
15922,50532,49.31133,1C6,8,0000000000000000000000000000000100001101000100110000000000000000
10367,50535,49.313908,260,8,0000000000000000000000000000000000000000111111111110100001010001
16542,50536,49.315237,3F9,8,0111010100011000000000100000001010000000000000000000000000010101
34159,50537,49.315481,1C4,8,0000110111111100000111000000000000000000000000000000000011110010
41971,16849,49.318645,0BA,5,0010100100000000000000000000011100101011
6523,50540,49.318948,25,8,0000000000000110000000000000000100100000000000010000000001010101
26730,50541,49.319593,0AA,8,0010001101000110001000110011100000100011001000110010001100010110
1309,50542,49.320585,320,8,0000000000100000000000000000000000000000000000000000000001001011
41972,33692,49.326135,0BA,5,0100111100000000000000000000000000101110
6524,50545,49.328941,25,8,0000000000000110000000000000000100100000000000010000000001010101
30702,50546,49.329182,24,8,0000001000000111000000100000001101000010000000111000000011111111
26731,50547,49.329585,0AA,8,0010001101001010001000110100010000100011000111110010001100011110
21058,50548,49.330568,0B4,8,0000000000000000000000000000000001000100000010001001001010011010
41973,33694,49.333624,0BA,5,1110000000101111111001000000000001101000
10368,50552,49.333759,260,8,0000000000000000000000000000000000000000111111111110100001010001
18232,50553,49.334575,226,8,0000000000000000000100000000000000000000000000000000000000000000
35246,50338,49.334706,3D3,3,111001010000000000000000
34160,50554,49.335321,1C4,8,0000111000001110000111000000000000000000000000000000000000000101
13941,50557,49.337459,622,8,0001001000000000000000000000000000000000000000000000000000000000
6525,50559,49.338935,25,8,0000000000000110000000000000000100100000000000010000000001010101
12933,50560,49.339311,2C1,8,0000000000000001111000000000000110000000110000000010010000010001
26732,50561,49.339575,0AA,8,0010001101001100001000110100011100100011001001110010001100010001
41974,50534,49.341114,0BA,5,1100011000000000000000000000000010111110
15923,50564,49.341302,1C6,8,0000000000000000000000000000000100001110000100110000000000000000
34985,50565,49.341566,4C3,8,0000001100000000000000000000000100000000000000000000000000000000
41975,16862,49.348603,0BA,5,0010100100000000000000000000010000101000
6526,50568,49.348955,25,8,0000000000000110000000000000000100100000000000010000000001010101
30703,50569,49.349193,24,8,0000001000000111000000100000101001000010000001011000000000001000
26733,50570,49.349541,0AA,8,0010001101001100001000110100010100100011001010000010001100011001
21059,50571,49.350557,0B4,8,0000000000000000000000000000000001001000000010001001011110100011
10369,50573,49.353684,260,8,0000000000000000000000000000000000000000111111111110100001010001
21755,50574,49.354931,443,8,0100110100000010000000000010111100000110000000000000000000000000
34161,50575,49.355306,1C4,8,0000111000010000000111000000000000000000000000000000000000000111
41976,33710,49.356093,0BA,5,0100111100000000000000000000000000101110
6527,50580,49.359011,25,8,0000000000000110000000000000000100100000000000010000000001010101
26734,50581,49.359565,0AA,8,0010001101001110001000110100010000100011001010000010001100010111
18233,50584,49.362557,226,8,0000000000000000000100000000000000000000000000000000000000000000
41977,33714,49.363583,0BA,5,1110000000101111111001000000000001101000
6528,50587,49.368941,25,8,0000000000000110000000000000000100100000000000010000000001010101
30704,50588,49.369176,24,8,0000001000000111000000100001001101000010000000111000000000001111
12934,50589,49.369412,2C1,8,0000000000000010001000110000000111111001110000000010010011001110
26735,50590,49.36964,0AA,8,0010001101010011001000110100101000100011001010010010001100100000
21060,50591,49.37054,0B4,8,0000000000000000000000000000000001001100000010001001110110101101
41978,50562,49.371072,0BA,5,1100011000000000000000000000000010111110
15924,50592,49.371289,1C6,8,0000000000000000000000000000000100010001000100110000000000000000
1310,50595,49.373547,320,8,0000000000100000000000000000000000000000000000000000000001001011
10370,50596,49.373789,260,8,0000000000000000000000000000000000000000111111111110100001010001
34162,50598,49.375301,1C4,8,0000111000001000000111000000000000000000000000000000000011111111
41979,16870,49.378562,0BA,5,0010100100000000000000000000011100101011
6529,50601,49.378905,25,8,0000000000000110000000000000000100100000000000010000000001010101
26736,50602,49.379549,0AA,8,0010001101011000001000110100111100100011001011110010001100100010
41980,33731,49.386051,0BA,5,0100111100000000000000000000000000101110
6530,50605,49.388898,25,8,0000000000000110000000000000000100100000000000010000000001010101
30705,50606,49.389136,24,8,0000001000000110000000100001011001000010000000111000000000010001
26737,50607,49.389544,0AA,8,0010001101010111001000110101100100100011001011110010001100100101
31679,50608,49.389922,389,8,0000000000100000000000000000000000000000000000000000000000000000
21061,50610,49.390527,0B4,8,0000000000000000000000000000000001001100000010001010100010111000
41981,33736,49.393541,0BA,5,1110000000101111111001000000000001101000
10371,50614,49.39372,260,8,0000000000000000000000000000000000000000111111111101110001000101
13480,50615,49.39387,394,3,0
18234,50616,49.394533,226,8,0000000000000000000100000000000000000000000000000000000000000000
34163,50617,49.395282,1C4,8,0000111000000001000111000000000000000000000000000000000011111000
6531,50620,49.398893,25,8,0000000000000110000000000000000100100000000000010000000001010101
43804,1691,49.399081,3BB,5,1011101100000000000000000000000000100110
12935,50621,49.399287,2C1,8,0000000000000010011000000000001001101100110000000010001101111110
26738,50622,49.399539,0AA,8,0010001101011010001000110101101100100011001101110010001100100111
41982,50594,49.40103,0BA,5,1100011000000000000000000000000010111110
15925,50624,49.401259,1C6,8,0000000000000000000000000000000100010100000100110000000000000000
41983,16881,49.40852,0BA,5,0010100100000000000000000000010000101000
6532,50628,49.408883,25,8,0000000000000110000000000000000100100000000000010000000001010101
30706,50629,49.409155,24,8,0000001000000110000000100001101101000010000000111000000000010110
26739,50630,49.409529,0AA,8,0010001101100001001000110101101100100011001110010010001100101110
21062,50631,49.410512,0B4,8,0000000000000000000000000000000001010000000010001010111011000010
10372,50633,49.413567,260,8,0000000000000000000000000000000000000000111111111101110001000101
34164,50634,49.415265,1C4,8,0000110111111001000111000000000000000000000000000000000011101111
41984,33750,49.416009,0BA,5,0100111100000000000000000000000000101110
6533,50639,49.41888,25,8,0000000000000110000000000000000100100000000000010000000001010101
26740,50640,49.419524,0AA,8,0010001101100110001000110101110100100011001111100010001100101110
18235,50643,49.422517,226,8,0000000000000000000100000000000000000000000000000000000000000000
41985,33755,49.423499,0BA,5,1110000000101111111001000000000001101000
1311,50645,49.423515,320,8,0000000000100000000000000000000000000000000000000000000001001011
13686,50646,49.425016,4B7,8,1110001001011111001000001111000000001000111010100000000100001000
6534,50648,49.428883,25,8,0000000000000110000000000000000100100000000000010000000001010101
30707,50649,49.429146,24,8,0000001000000110000000100010000101000010000000011000000000011010
12936,50650,49.429381,2C1,8,0000000000000010100110010000001011000110110000000010001100010001
26741,50651,49.429612,0AA,8,0010001101101011001000110101111100100011010000000010001100111100
21063,50652,49.430498,0B4,8,0000000000000000000000000000000001010000000010001011010011001000
41986,50623,49.430988,0BA,5,1100011000000000000000000000000010111110
15926,50654,49.431302,1C6,8,0000000000000000000000000000000100010111000100110000000000000000
10373,50658,49.433714,260,8,0000000000000000000000000000000000000000111111111101000000111001
34165,50659,49.435246,1C4,8,0000110111100011000111000000000000000000000000000000000011011001
41987,16892,49.438478,0BA,5,0010100100000000000000000000011100101011
6535,50662,49.438865,25,8,0000000000000110000000000000000100100000000000010000000001010101
26742,50664,49.439517,0AA,8,0010001101101111001000110110100000100011010001010010001100111111
41988,33773,49.445968,0BA,5,0100111100000000000000000000000000101110
6536,50666,49.448858,25,8,0000000000000110000000000000000100100000000000000000000001010100
30708,50667,49.449106,24,8,0000001000000110000000100010010001000010000000001000000000011100
26743,50668,49.449503,0AA,8,0010001101110100001000110110100000100011010010010010001101001000
310,50669,49.449884,38F,8,0000000100000000000000000000000000000000000000000000000000000000
21064,50670,49.450487,0B4,8,0000000000000000000000000000000001010100000010001011100111010001
41989,33778,49.453457,0BA,5,1110000000101111111001000000000001101000
10374,50674,49.453678,260,8,0000000000000000000000000000000000000000111111111100010100101110
18236,50675,49.454491,226,8,0000000000000000000100000000000000000000000000000000000000000000
34166,50676,49.455233,1C4,8,0000110111010110000111000000000000000000000000000000000011001100
31534,50679,49.456124,44D,8,0100001000000010000000000000000000000001000000000000000000000000
6537,50681,49.458858,25,8,0000000000000110000000000000000100100000000000000000000001010100
12937,50682,49.459233,2C1,8,0000000000000010110100000000001011101100110000000010001101101110
26744,50683,49.459495,0AA,8,0010001101110110001000110110101100100011010100100010001101000100
41990,50656,49.460947,0BA,5,1100011000000000000000000000000010111110
15927,50685,49.461219,1C6,8,0000000000000000000000000000000100010111000100110000000000000000
225,50686,49.461489,3B7,8,1000
11128,50687,49.466305,620,8,0001000000000000000000000000000000000000000000000000000000000000
41991,16903,49.468436,0BA,5,0010100100000000000000000000010000101000
6538,50689,49.468847,25,8,0000000000000110000000000000000100100000000000000000000001010100
30709,50690,49.469085,24,8,0000001000000101000000100010001001000010000000001000000000011001
26745,50691,49.469491,0AA,8,0010001101111100001000110110111000100011010011110010001101000011
21065,50692,49.470481,0B4,8,0000000000000000000000000000000001011000000010001100010011100000
1312,50696,49.472481,320,8,0000000000100000000000000000000000000000000000000000000001001011
10375,50697,49.473542,260,8,0000000000000000000000000000000000000000111111111101000000111001
34167,50698,49.475224,1C4,8,0000110110111100000111000000000000000000000000000000000010110010
41992,33791,49.475926,0BA,5,0100111100000000000000000000000000101110
6539,50702,49.479839,25,8,0000000000000110000000000000000100100000000000000000000001010100
34743,50703,49.480133,380,8,0
26746,50705,49.480568,0AA,8,0010001101111001001000110111000100100011010101100010001101000110
41993,33796,49.483415,0BA,5,1110000000101111110111000000000001100000
18237,50708,49.483473,226,8,0000000000000000000100000000000000000000000000000000000000000000
6540,50712,49.488989,25,8,0000000000000110000000000000000100100000000000000000000001010100
30710,50713,49.489228,24,8,0000001000000101000000100010001001000010000000001000000000011001
26747,50714,49.489458,0AA,8,0010001101111111001000110111000100100011010110010010001101001101
12938,50715,49.489688,2C1,8,0000000000000010111111000000001100010110110000000010001111000101
21066,50716,49.490461,0B4,8,0000000000000000000000000000000001011000000010001100101011100110
41994,50684,49.490905,0BA,5,1100011000000000000000000000000010111110
15928,50717,49.491212,1C6,8,0000000000000000000000000000000100010111000100110000000000000000
10376,50720,49.493548,260,8,0000000000000000000000000000000000000000111111111011100000100001
34168,50721,49.495211,1C4,8,0000110110110000000111000000000000000000000000000000000010100110
41995,16911,49.498394,0BA,5,0010100100000000000000000000011100101011
6541,50725,49.49882,25,8,0000000000000110000000000000000100100000000000000000000001010100
26748,50726,49.499485,0AA,8,0010001101111111001000110111010000100011011010000010001101001110
41996,33814,49.505884,0BA,5,0100111100000000000000000000000000101110
6542,50729,49.508809,25,8,0000000000000110000000000000000100010000000000000000000001000100
30711,50730,49.509066,24,8,0000001000000110000000100010001001000010000000001000000000011010
26749,50731,49.509459,0AA,8,0010001110000100001000110111011000100011011001010010001101010100
21067,50732,49.510445,0B4,8,0000000000000000000000000000000001011100000010001101000011110000
41997,33820,49.513373,0BA,5,1110000000101111111000000000000001100100
10377,50736,49.513636,260,8,0000000000000000000000000000000000000000111111111100010100101110
18238,50737,49.514451,226,8,0000000000000000000100000000000000000000000000000000000000000000
34169,50738,49.515198,1C4,8,0000110110100111000111000000000000000000000000000000000010011101
6543,50741,49.518802,25,8,0000000000000110000000000000000100000000000000000000000000110100
12939,50742,49.519193,2C1,8,0000000000000011001010010000001101001001110000000010001000100101
26750,50743,49.519454,0AA,8,0010001110000111001000110111101000100011011010000010001101011010
41998,50719,49.520863,0BA,5,1100011000000000000000000000000010111110
15929,50745,49.521181,1C6,8,0000000000000000000000000000000100010111000100110000000000000000
1313,50747,49.521609,320,8,0000000000100000000000000000000000000000000000000000000001001011
41999,16924,49.528353,0BA,5,0010100100000000000000000000010000101000
6544,50749,49.528792,25,8,0000000000000110000000000000000100000000000000000000000000110100
30712,50750,49.529056,24,8,0000001000000110000000100001111101000010000000001000000000010111
26751,50751,49.529447,0AA,8,0010001110001010001000111000000000100011011001000010001101100001
21068,50752,49.530434,0B4,8,0000000000000000000000000000000001100000000010001101010111111001
10378,50755,49.533352,260,8,0000000000000000000000000000000000000000111111111011100000100001
34170,50756,49.535188,1C4,8,0000110110011110000111000000000000000000000000000000000010010100
42000,33838,49.535842,0BA,5,0100111100000000000000000000000000101110
6545,50762,49.539797,25,8,0000000000000110000000000000000111110000000000000000000000100100
26752,50763,49.540417,0AA,8,0010001110001100001000110111110100100011011011000010001101011111
42001,33842,49.543332,0BA,5,1110000000101111110111000000000001100000
18239,50766,49.543432,226,8,0000000000000000000100000000000000000000000000000000000000000000
6546,50768,49.54879,25,8,0000000000000110000000000000000111100000000000000000000000010100
30713,50769,49.549042,24,8,0000001000000110000000100001101101000010000000001000000000010011
12940,50770,49.549278,2C1,8,0000000000000011010100110000001101100110110000000010001001101100
26753,50771,49.549506,0AA,8,0010001110001011001000110111111000100011011011010010001101100010
21069,50772,49.550421,0B4,8,0000000000000000000000000000000001100000000010001101101111111111
42002,50744,49.550821,0BA,5,1100011000000000000000000000000010111110
15930,50773,49.55125,1C6,8,0000000000000000000000000000000100010111000100110000000000000000
10379,50776,49.553345,260,8,0000000000000000000000000000000000000000111111111011100000100001
34171,50778,49.555179,1C4,8,0000110110100000000111000000000000000000000000000000000010010110
28125,50780,49.555928,6C0,8,1110010000000000000000001110000010000000000000000000000000000000
14181,50781,49.556186,442,8,0100001100000010000000000000000000000010000000000000000000000000
42003,16932,49.558311,0BA,5,0010100100000000000000000000011100101011
6547,50783,49.558762,25,8,0000000000000110000000000000000111010000000000000000000000000100
26754,50784,49.559426,0AA,8,0010001110001010001000111000000000100011011100110010001101100111
16543,50785,49.565252,3F9,8,0111010100011000000000100000001010000000000000000000000000010101
42004,33856,49.5658,0BA,5,0100111100000000000000000000000000101110
6548,50788,49.568752,25,8,0000000000000110000000000000000111000000000000000000000011110100
30714,50789,49.569031,24,8,0000001000000110000000100001101001000010000000001000000000010010
26755,50790,49.569419,0AA,8,0010001110001010001000111000000100100011011011110010001101101101
21070,50792,49.570511,0B4,8,0000000000000000000000000000000001100100000010001110000100001001
42005,33863,49.57329,0BA,5,1110000000101111111000000000000001100100
10380,50795,49.573323,260,8,0000000000000000000000000000000000000000111111111011100000100001
18240,50797,49.574408,226,8,0000000000000000000100000000000000000000000000000000000000000000
34172,50798,49.575159,1C4,8,0000110110100110000111000000000000000000000000000000000010011100
1314,50800,49.57557,320,8,0000000000100000000000000000000000000000000000000000000001001011
14265,50801,49.576403,60.0,8,1010000100000000000000000000000000000000011100000000000000000000
6549,50803,49.578745,25,8,0000000000000110000000000000000110110000000000000000000011100100
12941,50804,49.579155,2C1,8,0000000000000011011101100000001111001001110000000010001011110010
26756,50805,49.579416,0AA,8,0010001110001110001000111000001000100011011110000010001101101111
42006,50775,49.580779,0BA,5,1100011000000000000000000000000010111110
15931,50807,49.581142,1C6,8,0000000000000000000000000000000100010111000100110000000000000000
42007,16944,49.588269,0BA,5,0010100100000000000000000000010000101000
6550,50811,49.588763,25,8,0000000000000110000000000000000110100000000000000000000011010100
30715,50812,49.589019,24,8,0000001000000110000000100001011001000010000000001000000000001110
26757,50813,49.589377,0AA,8,0010001110010110001000111000001100100011011111000010001101110110
21071,50814,49.590391,0B4,8,0000000000000000000000000000000001101000000010001110000100001101
10381,50816,49.593117,260,8,0000000000000000000000000000000000000000111111111011100000100001
35247,6286,49.594362,3D3,3,011011000000001000000000
7762,50817,49.594787,435,8,1000000000000101000001011111111111100000001111110000000000000011
34173,50818,49.595152,1C4,8,0000110110111110000111000000000000000000000000000000000010110100
42008,33879,49.595758,0BA,5,0100111100000000000000000000000000101110
6551,50822,49.598732,25,8,0000000000000110000000000000000110100000000000000000000011010100
26758,50823,49.599409,0AA,8,0010001110010100001000111000100000100011011111010010001101101110
10952,50827,49.601788,436,8,0
18241,50828,49.60239,226,8,0000000000000000000100000000000000000000000000000000000000000000
42009,33882,49.603248,0BA,5,1110000000101111101010000000000000101100
6552,50833,49.608755,25,8,0000000000000110000000000000000110011111111110000000000011001011
30716,50834,49.609037,24,8,0000001000000110000000100001010001000001111111111000000000001010
12942,50835,49.609272,2C1,8,0000000000000011100101100000001111011001110000000010000100100001
26759,50836,49.609503,0AA,8,0010001110010101001000111001000000100011011110010010001101111001
21072,50837,49.610379,0B4,8,0000000000000000000000000000000001101000000010001110011000010010
42010,50806,49.610738,0BA,5,1100011000000000000000000000000010111110
15932,50838,49.611135,1C6,8,0000000000000000000000000000000100010111000100110000000000000000
10382,50841,49.613146,260,8,0000000000000000000000000000000000000000111111111011100000100001
34174,50842,49.615132,1C4,8,0000110111001110000111000000000000000000000000000000000011000100
42011,16954,49.618227,0BA,5,0010100100000000000000000000011100101011
6553,50845,49.618719,25,8,0000000000000101000000000000000101111111111110000000000010101010
26760,50846,49.619388,0AA,8,0010001110010000001000111001000000100011100000000010001101110010
1315,50848,49.620375,320,8,0000000000100000000000000000000000000000000000000000000001001011
42012,33898,49.625717,0BA,5,0100111100000000000000000000000000101110
6554,50851,49.628711,25,8,0000000000000101000000000000000101111111111110000000000010101010
30717,50852,49.629009,24,8,0000001000000110000000100001001101000010000000001000000000001011
26761,50853,49.62938,0AA,8,0010001110010111001000111001000100100011100000010010001101110101
13818,50854,49.629768,434,8,0100001000000000000000000000000000000000000000000000000000000000
21073,50855,49.63036,0B4,8,0000000000000000000000000000000001101100000010001110110000011100
10383,50858,49.633047,260,8,0000000000000000000000000000000000000000111111111011100000100001
42013,33901,49.633206,0BA,5,1110000000101111101110000000000000111100
18242,50860,49.634366,226,8,0000000000000000000100000000000000000000000000000000000000000000
34175,50861,49.635132,1C4,8,0000110111110000000111000000000000000000000000000000000011100110
34911,50864,49.635727,3C3,8,0100011000011110100100110100111011101110010110010000001110001000
28209,50866,49.636765,437,8,1111110011111111111111111111111111111111111111111111111111111111
6555,50868,49.638703,25,8,0000000000000101000000000000000101111111111110000000000010101010
12943,50869,49.639118,2C1,8,0000000000000011101101100000001110101001110000000010000000010000
26762,50870,49.639366,0AA,8,0010001110010110001000111001001100100011100010000010001101110011
42014,50840,49.640696,0BA,5,1100011000000000000000000000000010111110
15933,50872,49.641102,1C6,8,0000000000000000000000000000000100010111000100110000000000000000
43606,3319,49.646757,423,2,11100000000
42015,16965,49.648185,0BA,5,0010100100000000000000000000010000101000
6556,50875,49.648722,25,8,0000000000000101000000000000000101111111111110000000000010101010
30718,50876,49.648979,24,8,0000001000000110000000100001001101000010000000001000000000001011
26763,50877,49.649333,0AA,8,0010001110011011001000111001001000100011100001110010001101111110
21074,50878,49.65035,0B4,8,0000000000000000000000000000000001101100000010001110110000011100
10384,50881,49.65303,260,8,0000000000000000000000000000000000000000111111111011100000100001
21756,50882,49.65474,443,8,0100110100000010000000000010111100000110000000000000000000000000
34176,50883,49.65511,1C4,8,0000111000000011000111000000000000000000000000000000000011111010
42016,33915,49.655675,0BA,5,0100111100000000000000000000000000101110
6557,50887,49.658688,25,8,0000000000000101000000000000000101111111111110000000000010101010
26764,50888,49.659361,0AA,8,0010001110011100001000111010000100100011100010000010001101111110
18243,50891,49.662349,226,8,0000000000000000000100000000000000000000000000000000000000000000
42017,33921,49.663164,0BA,5,1110000000101111101110000000000000111100
6558,50896,49.668752,25,8,0000000000000101000000000000000101111111111110010000000010101011
30719,50897,49.668991,24,8,0000001000000101000000100001010001000010000000011000000000001100
12944,50898,49.669227,2C1,8,0000000000000011110011000000001110011001110000000001111000010100
26765,50899,49.669459,0AA,8,0010001110100000001000111001111100100011100010000010001110000001
21075,50900,49.670333,0B4,8,0000000000000000000000000000000001110000000010001110110000100000
42018,50871,49.670654,0BA,5,1100011000000000000000000000000010111110
15934,50901,49.6711,1C6,8,0000000000000000000000000000000100010111000100110000000000000000
10385,50904,49.67311,260,8,0000000000000000000000000000000000000000111111111100010100101110
1316,50905,49.673355,320,8,0000000000100000000000000000000000000000000000000000000001001011
34177,50906,49.675412,1C4,8,0000111000010101000111000000000000000000000000000000000000001100
42019,16972,49.678143,0BA,5,0010100100000000000000000000011100101011
6559,50909,49.679701,25,8,0000000000000101000000000000000101101111111110100000000010011100
26766,50910,49.68032,0AA,8,0010001110101000001000111010001100100011100100000010001110000011
42020,33941,49.685633,0BA,5,0100111100000000000000000000000000101110
6560,50914,49.68866,25,8,0000000000000101000000000000000101101111111110110000000010011101
30720,50915,49.688949,24,8,0000001000000101000000100001011001000010000000001000000000001101
26767,50916,49.689332,0AA,8,0010001110101100001000111010010000100011100101100010001110001000
21076,50917,49.690318,0B4,8,0000000000000000000000000000000001110100000010001111000100101001
10386,50921,49.692968,260,8,0000000000000000000000000000000000000000111111111101000000111001
13481,50922,49.693119,394,3,0
42021,33943,49.693122,0BA,5,1110000000101111101101000000000000111000
18244,50924,49.694324,226,8,0000000000000000000100000000000000000000000000000000000000000000
34178,50925,49.695092,1C4,8,0000111000110001000111000000000000000000000000000000000000101000
43805,3393,49.696665,3BB,5,1010010100000000000000000000000000000000
6561,50928,49.698664,25,8,0000000000000101000000000000000101101111111110110000000010011101
12945,50929,49.699082,2C1,8,0000000000000011110111000000001110010011110000000001110100011101
26768,50930,49.699328,0AA,8,0010001110110000001000111010011000100011100101100010001110010000
42022,50903,49.700612,0BA,5,1100011000000000000000000000000010111110
15935,50932,49.701065,1C6,8,0000000000000000000000000000000100010111000100110000000000000000
42023,16985,49.708102,0BA,5,0010100100000000000000000000010000101000
6562,50935,49.708681,25,8,0000000000000101000000000000000101101111111111000000000010011110
30721,50936,49.708943,24,8,0000001000000101000000100001011001000010000000001000000000001101
26769,50937,49.709295,0AA,8,0010001110110000001000111010110100100011100101110010001110010111
21077,50938,49.710307,0B4,8,0000000000000000000000000000000001110100000010001111011100101111
10387,50940,49.712972,260,8,0000000000000000000000000000000000000000111111111101000000111001
34179,50941,49.71508,1C4,8,0000111000111011000111000000000000000000000000000000000000110010
42024,33959,49.715591,0BA,5,0100111100000000000000000000000000101110
6563,50946,49.718651,25,8,0000000000000101000000000000000101101111111111000000000010011110
26770,50947,49.71931,0AA,8,0010001110110110001000111010111100100011100111000010001110010110
18245,50950,49.722306,226,8,0000000000000000000100000000000000000000000000000000000000000000
42025,33962,49.723081,0BA,5,1110000000101111101010000000000000101100
1317,50951,49.723304,320,8,0000000000100000000000000000000000000000000000000000000001001011
6564,50953,49.728661,25,8,0000000000000101000000000000000101101111111111010000000010011111
30722,50954,49.728926,24,8,0000001000000100000000100001101001000010000000011000000000010001
12946,50955,49.729161,2C1,8,0000000000000011111010010000001111000011110000000001110001011001
26771,50956,49.729395,0AA,8,0010001110111011001000111011000000100011101001100010001110011000
21078,50958,49.730296,0B4,8,0000000000000000000000000000000001111000000010010000001000111111
42026,50931,49.73057,0BA,5,1100011000000000000000000000000010111110
15936,50959,49.731059,1C6,8,0000000000000000000000000000000100010111000100110000000000000000
10388,50962,49.732968,260,8,0000000000000000000000000000000000000000111111111101110001000101
35369,18838,49.733887,386,7,11000100000000000000000000000000000000000000000010101100
34180,50965,49.735058,1C4,8,0000111001010011000111000000000000000000000000000000000001001010
42027,16993,49.73806,0BA,5,0010100100000000000000000000011100101011
6565,50968,49.738631,25,8,0000000000000101000000000000000101111111111111010000000010101111
26772,50969,49.739301,0AA,8,0010001111000001001000111011011100100011101011000010001110011011
14007,50970,49.7397,38E,8,0
42028,33975,49.745549,0BA,5,0100111100000000000000000000000000101110
6566,50972,49.748623,25,8,0000000000000101000000000000000101101111111111010000000010011111
30723,50973,49.748905,24,8,0000001000000100000000100001101101000010000000011000000000010010
26773,50974,49.749305,0AA,8,0010001111000010001000111011101000100011101010000010001110011111
21079,50975,49.750285,0B4,8,0000000000000000000000000000000001111100000010010000100001001001
10389,50979,49.752936,260,8,0000000000000000000000000000000000000000111111111110100001010001
42029,33980,49.753039,0BA,5,1110000000101111101010000000000000101100
18246,50981,49.754281,226,8,0000000000000000000100000000000000000000000000000000000000000000
34181,50982,49.75505,1C4,8,0000111001011100000111000000000000000000000000000000000001010011
31535,50984,49.75546,44D,8,0100001000000010000000000000000000000001000000000000000000000000
6567,50987,49.758616,25,8,0000000000000101000000000000000101101111111111010000000010011111
26774,50988,49.759284,0AA,8,0010001111001001001000111011110000100011101010000010001110011110
12947,50989,49.759522,2C1,8,0000000000000011111100110000001110110110110000000001101101010101
42030,50961,49.760528,0BA,5,1100011000000000000000000000000010111110
15937,50991,49.761028,1C6,8,0000000000000000000000000000000100011000000100110000000000000000
226,50992,49.761281,3B7,8,1000
11129,50993,49.765954,620,8,0001000000000000000000000000000000000000000000000000000000000000
42031,17004,49.768018,0BA,5,0010100100000000000000000000010000101000
6568,50996,49.768608,25,8,0000000000000101000000000000000101101111111111100000000010100000
30724,50997,49.768893,24,8,0000001000000011000000100001111101000010000000011000000000010101
26775,50998,49.769279,0AA,8,0010001111001000001000111100001100100011101101100010001110100011
21080,50999,49.770265,0B4,8,0000000000000000000000000000000001111100000010010001001101010100
1318,51001,49.772272,320,8,0000000000100000000000000000000000000000000000000000000001001011
10390,51002,49.772821,260,8,0000000000000000000000000000000000000000111111111110100001010001
34182,51003,49.775035,1C4,8,0000111001101010000111000000000000000000000000000000000001100001
42032,33998,49.775507,0BA,5,0100111100000000000000000000000000101110
6569,51007,49.778606,25,8,0000000000000101000000000000000101101111111111100000000010100000
26776,51008,49.779272,0AA,8,0010001111010000001000111100010100100011101101100010001110100101
18247,51011,49.782264,226,8,0000000000000000000100000000000000000000000000000000000000000000
42033,34001,49.782997,0BA,5,1110000000101111101010000000000000101100
6570,51015,49.788622,25,8,0000000000000101000000000000000101101111111111100000000010100000
30725,51016,49.788888,24,8,0000001000000011000000100001111101000010000000011000000000010101
12948,51017,49.789125,2C1,8,0000000000000011111100110000001110010110110000000001100100110011
26777,51018,49.789352,0AA,8,0010001111010011001000111100101100100011101101010010001110101100
21081,51019,49.790253,0B4,8,0000000000000000000000000000000010000000000010010001100101011110
42034,50990,49.790487,0BA,5,1100011000000000000000000000000010111110
15938,51020,49.791079,1C6,8,0000000000000000000000000000000100011000000100110000000000000000
10391,51023,49.792862,260,8,0000000000000000000000000000000000000000111111111111010001011101
34183,51025,49.795027,1C4,8,0000111001110000000111000000000000000000000000000000000001100111
7873,51027,49.795907,610,8,0010000010000000000101110110010011000000000000000111001001000000
42035,17013,49.797976,0BA,5,0010100100000000000000000000011100101011
6571,51029,49.79859,25,8,0000000000000101000000000000000101101111111111100000000010100000
26778,51030,49.799257,0AA,8,0010001111010111001000111101010000100011101100100010001110110000
13752,51032,49.799764,3A5,8,100000000
16333,51033,49.804256,4C1,8,0000000100000000000000010000000100000000000000000000000000000000
42036,34018,49.805466,0BA,5,0100111100000000000000000000000000101110
31360,51034,49.8079,640,8,1010100000000000000000000011011100000001111000000000000000000000
6572,51036,49.808592,25,8,0000000000000101000000000000000101111111111111100000000010110000
30726,51037,49.808908,24,8,0000001000000011000000100001111101000010000000011000000000010101
26779,51038,49.809261,0AA,8,0010001111011000001000111101001000100011101110010010001110110011
21082,51039,49.810237,0B4,8,0000000000000000000000000000000010000100000010010010010001101101
10392,51042,49.8127,260,8,0000000000000000000000000000000000000000111111111111010001011101
42037,34022,49.812955,0BA,5,1110000000101111101010000000000000101100
18248,51044,49.814241,226,8,0000000000000000000100000000000000000000000000000000000000000000
34184,51045,49.81501,1C4,8,0000111001110000000111000000000000000000000000000000000001100111
16544,51047,49.815413,3F9,8,0111010100011000000000100000001010000000000000000000000000010101
12949,51049,49.819012,2C1,8,0000000000000011111100000000001111000000110000000001100101011010
6573,51051,49.819601,25,8,0000000000000101000000000000000101111111111111100000000010110000
26780,51052,49.82022,0AA,8,0010001111011110001000111101100000100011101111000010001110101111
42038,51022,49.820445,0BA,5,1100011000000000000000000000000010111110
15939,51054,49.820994,1C6,8,0000000000000000000000000000000100011000000100110000000000000000
1319,51056,49.822237,320,8,0000000000100000000000000000000000000000000000000000000001001011
42039,17024,49.827934,0BA,5,0010100100000000000000000000010000101000
6574,51058,49.82857,25,8,0000000000000101000000000000000101101111111111100000000010100000
30727,51059,49.828883,24,8,0000001000000100000000100010000101000010000000001000000000010111
26781,51060,49.829237,0AA,8,0010001111011110001000111101100000100011110001000010001110110101
35046,51061,49.829637,413,8,0000000100000001000000010000100100000000000000000000000000000000
21083,51062,49.830221,0B4,8,0000000000000000000000000000000010000100000010010010101001110011
10393,51066,49.832624,260,8,0000000000000000000000000000000000000000111111111111010001011101
13626,51067,49.834859,4DD,8,0001111000000000000000000000000000000000000000000000000000000000
34185,51068,49.835101,1C4,8,0000111001110011000111000000000000000000000000000000000001101010
42040,34037,49.835424,0BA,5,0100111100000000000000000000000000101110
6575,51072,49.838564,25,8,0000000000000101000000000000000101101111111111100000000010100000
26782,51073,49.839237,0AA,8,0010001111100100001000111101101000100011110000000010001111000000
18249,51076,49.842226,226,8,0000000000000000000100000000000000000000000000000000000000000000
42041,34042,49.842913,0BA,5,1110000000101111101010000000000000101100
6576,51078,49.848581,25,8,0000000000000101000000000000000101101111111111100000000010100000
30728,51080,49.848995,24,8,0000001000000101000000100010001001000010000000001000000000011001
26783,51081,49.849231,0AA,8,0010001111101000001000111101110100100011110010000010001111000001
12950,51082,49.84947,2C1,8,0000000000000011111011000000001111100011110000000001011101110111
21084,51083,49.850214,0B4,8,0000000000000000000000000000000010001000000010010010111101111100
42042,51055,49.850403,0BA,5,1100011000000000000000000000000010111110
15940,51084,49.850989,1C6,8,0000000000000000000000000000000100011000000100110000000000000000
10394,51087,49.852713,260,8,0000000000000000000000000000000000000000000000000000000001101010
35248,50873,49.854019,3D3,3,111001010000001011111000
34186,51088,49.854983,1C4,8,0000111001110110000111000000000000000000000000000000000001101101
28126,51090,49.855392,6C0,8,1110010000000000000000001110000010000000000000000000000000000000
14182,51091,49.855835,442,8,0100001100000010000000000000000000000010000000000000000000000000
42043,17029,49.857892,0BA,5,0010100100000000000000000000011100101011
6577,51094,49.858551,25,8,0000000000000101000000000000000101111111111111110000000010110001
26784,51095,49.859223,0AA,8,0010001111101101001000111101111100100011110011110010001111000101
31298,51096,49.864836,4A6,8,0000000000000000000000000000000000000000000100000000000000000000
42044,34057,49.865382,0BA,5,0100111100000000000000000000000000101110
6578,51099,49.86854,25,8,0000000000000101000000000000000101101111111111110000000010100001
30729,51100,49.868829,24,8,0000001000000101000000100010000101000010000000001000000000011000
26785,51101,49.869214,0AA,8,0010001111101010001000111110100100100011110100010010001111000001
21085,51102,49.870208,0B4,8,0000000000000000000000000000000010001100000010010011010110000110
10395,51105,49.872489,260,8,0000000000000000000000000000000000000000000000000000000001101010
42045,34060,49.872872,0BA,5,1110000000101111101010000000000000101100
18250,51107,49.874201,226,8,0000000000000000000100000000000000000000000000000000000000000000
34187,51108,49.874973,1C4,8,0000111001110111000111000000000000000000000000000000000001101110
1320,51110,49.875388,320,8,0000000000100000000000000000000000000000000000000000000001001011
6579,51112,49.878538,25,8,0000000000000101000000000000000101101111111111110000000010100001
12951,51113,49.878969,2C1,8,0000000000000011111001100000001111110110110000000001011010000011
26786,51114,49.879211,0AA,8,0010001111101011001000111110110100100011110100000010001111001100
42046,51086,49.880361,0BA,5,1100011000000000000000000000000010111110
15941,51116,49.880954,1C6,8,0000000000000000000000000000000100011000000100110000000000000000
42047,17046,49.887851,0BA,5,0010100100000000000000000000010000101000
6580,51121,49.888527,25,8,0000000000000101000000000000000101101111111111110000000010100001
30730,51122,49.888818,24,8,0000001000000110000000100010000101000010000000001000000000011001
26787,51123,49.889198,0AA,8,0010001111101100001000111110110100100011110101010010001111000101
21086,51124,49.890184,0B4,8,0000000000000000000000000000000010001100000010010011101110001100
10396,51126,49.892448,260,8,0000000000000000000000000000000000000000000000000000101101110101
34188,51128,49.894958,1C4,8,0000111001111001000111000000000000000000000000000000000001110000
42048,34078,49.89534,0BA,5,0100111100000000000000000000000000101110
6581,51133,49.899558,25,8,0000000000000101000000000000000101101111111111110000000010100001
26788,51134,49.900165,0AA,8,0010001111110100001000111110111000100011110110010010001111001111
42049,34082,49.90283,0BA,5,1110000000101111101010000000000000101100
18251,51137,49.903183,226,8,0000000000000000000100000000000000000000000000000000000000000000
6582,51139,49.908542,25,8,0000000000000101000000000000000101111111111111110000000010110001
30731,51140,49.908815,24,8,0000001000000110000000100010001001000010000000001000000000011010
12952,51141,49.909055,2C1,8,0000000000000011110111000000001111100110110000000001010001100111
26789,51142,49.909283,0AA,8,0010001111110111001000111111010000100011110111010010001111001011
21087,51143,49.910169,0B4,8,0000000000000000000000000000000010010000000010010100000010010101
42050,51115,49.910319,0BA,5,1100011000000000000000000000000010111110
15942,51144,49.910951,1C6,8,0000000000000000000000000000000100011000000100110000000000000000
10397,51147,49.912438,260,8,0000000000000000000000000000000000000000000000000001011110000001
27848,51148,49.913174,420,8,0000000000000000000000000000000011111111000000001000000010101011
34189,51151,49.914952,1C4,8,0000111001111101000111000000000000000000000000000000000001110100
42051,17052,49.917809,0BA,5,0010100100000000000000000000011100101011
6583,51154,49.918513,25,8,0000000000000101000000000000000101101111111111110000000010100001
26790,51155,49.919182,0AA,8,0010001111111101001000111111101000100011111001010010001111010101
31619,51156,49.920054,633,8,1000000100000000000000000000000000000000000000000000000000000000
1321,51157,49.920301,320,8,0000000000100000000000000000000000000000000000000000000001001011
42052,34094,49.925298,0BA,5,0100111100000000000000000000000000101110
6584,51160,49.928501,25,8,0000000000000101000000000000000101111111111111110000000010110001
30732,51161,49.928791,24,8,0000001000000101000000100010001001000010000000011000000000011010
26791,51162,49.929175,0AA,8,0010001111111110001000111111111100100011111000100010001111011100
21088,51163,49.930154,0B4,8,0000000000000000000000000000000010010100000010010100101110100100
10398,51167,49.932426,260,8,0000000000000000000000000000000000000000000000000010001110001101
42053,34100,49.932788,0BA,5,1110000000101111101010000000000000101100
43448,494,49.933715,3000000.0,6,000010000000000000000000000000000000000000101000
18252,51169,49.934159,226,8,0000000000000000000100000000000000000000000000000000000000000000
7642,51170,49.934407,3BC,8,0
34190,51171,49.934936,1C4,8,0000111001111111000111000000000000000000000000000000000001110110
6585,51175,49.938495,25,8,0000000000000101000000000000000101111111111111110000000010110001
12953,51176,49.938958,2C1,8,0000000000000011110100000000001111110000110000000001010001100101
26792,51177,49.939192,0AA,8,0010010000000011001000111111111100100011111010010010001111100100
42054,51146,49.940277,0BA,5,1100011000000000000000000000000010111110
15943,51179,49.940914,1C6,8,0000000000000000000000000000000100010111000100110000000000000000
42055,17065,49.947767,0BA,5,0010100100000000000000000000010000101000
6586,51182,49.948514,25,8,0000000000000101000000000000000101101111111111110000000010100001
30733,51183,49.948788,24,8,0000001000000101000000100010000101000010000000001000000000011000
26793,51184,49.949132,0AA,8,0010010000000111001001000000000100100011111011110010001111100010
21089,51186,49.95014,0B4,8,0000000000000000000000000000000010010100000010010101000110101010
10399,51188,49.952408,260,8,0000000000000000000000000000000000000000000000000010111110011001
21757,51189,49.954548,443,8,0100110100000010000000000010111100000110000000000000000000000000
34191,51190,49.95492,1C4,8,0000111010000111000111000000000000000000000000000000000001111110
42056,34115,49.955257,0BA,5,0100111100000000000000000000000000101110
6587,51194,49.958483,25,8,0000000000000101000000000000000101101111111111110000000010100001
26794,51195,49.959157,0AA,8,0010010000001101001001000000011000100011111110000010001111101010
27909,51196,49.959829,4DC,8,0001110100000000000000000000000000000000000000000000000000000000
18253,51199,49.962144,226,8,0000000000000000000100000000000000000000000000000000000000000000
42057,34120,49.962746,0BA,5,1110000000101111101010000000000000101100
6588,51202,49.968472,25,8,0000000000000101000000000000000101111111111111110000000010110001
30734,51203,49.968768,24,8,0000001000000101000000100001111101000010000000001000000000010110
12954,51204,49.969004,2C1,8,0000000000000011110001100000001111010110110000000001010001000001
26795,51205,49.969241,0AA,8,0010010000010000001001000000101000100011111101000010001111110001
21090,51206,49.970128,0B4,8,0000000000000000000000000000000010011000000010010101011110110100
42058,51178,49.970236,0BA,5,1100011000000000000000000000000010111110
15944,51207,49.970909,1C6,8,0000000000000000000000000000000100010111000100110000000000000000
10400,51210,49.972375,260,8,0000000000000000000000000000000000000000000000000011101010100100
1322,51211,49.973131,320,8,0000000000100000000000000000000000000000000000000000000001001011
34192,51212,49.974907,1C4,8,0000111010001010000111000000000000000000000000000000000010000001
42059,17075,49.977725,0BA,5,0010100100000000000000000000011100101011
6589,51215,49.978467,25,8,0000000000000101000000000000000101111111111111110000000010110001
26796,51216,49.979141,0AA,8,0010010000010010001001000000110000100011111110100010001111111011
1573,51217,49.979551,6F3,8,0010000000000000000000000000000000000000000000000000000000000000
43607,12780,49.982208,423,2,10101000010010
42060,34139,49.985215,0BA,5,0100111100000000000000000000000000101110
6590,51222,49.988495,25,8,0000000000000101000000000000000101101111111111110000000010100001
30735,51223,49.988774,24,8,0000001000000101000000100010000101000001111111111000000000010110
26797,51224,49.989105,0AA,8,0010010000010111001001000000110000100011111111100010001111111011
21091,51225,49.990112,0B4,8,0000000000000000000000000000000010011100000010010101110010111101
10401,51228,49.992326,260,8,0000000000000000000000000000000000000000000000000011101010100100
13482,51229,49.992486,394,3,0
42061,34142,49.992704,0BA,5,1110000000101111101010000000000000101100
18254,51231,49.994117,226,8,0000000000000000000100000000000000000000000000000000000000000000
43806,50830,49.99425,3BB,5,0111000000000000000000001010010100000000
13566,51232,49.994523,399,8,0000000000000000000000000000000000000000111111110000000000000000
34193,51233,49.994895,1C4,8,0000111010010000000111000000000000000000000000000000000010000111
6591,51237,49.998452,25,8,0000000000000101000000000000000101101111111111110000000010100001
12955,51238,49.998954,2C1,8,0000000000000011101111000000001111000000110000000001010000100001
26798,51239,49.999183,0AA,8,0010010000011101001001000000111000100100000011010010001111110101
42062,51209,50.000194,0BA,5,1100011000000000000000000000000010111110
15945,51241,50.000877,1C6,8,0000000000000000000000000000000100010111000100110000000000000000
11214,51242,50.006274,39A,8,0000000000000000000000000000000100000000000000000000000000000000
42063,17087,50.007683,0BA,5,0010100100000000000000000000010000101000
6592,51244,50.00847,25,8,0000000000000101000000000000000101111111111111110000000010110001
30736,51245,50.008782,24,8,0000001000000100000000100001110101000001111111011000000000001111
26799,51246,50.009096,0AA,8,0010010000100000001001000001001000100100000010000010001111111111
21092,51247,50.010098,0B4,8,0000000000000000000000000000000010011100000010010110100011001001
10402,51249,50.012299,260,8,0000000000000000000000000000000000000000000000000011101010100100
50,51251,50.014759,3B1,8,0000000000000000000000100000101000000000000010000000000000000000
34194,51252,50.014996,1C4,8,0000111010011100000111000000000000000000000000000000000010010011
42064,34155,50.015173,0BA,5,0100111100000000000000000000000000101110
6593,51257,50.018447,25,8,0000000000000101000000000000000101101111111111110000000010100001
26800,51258,50.019115,0AA,8,0010010000100011001001000001001000100100000001000010001111111110
18255,51261,50.0221,226,8,0000000000000000000100000000000000000000000000000000000000000000
42065,34161,50.022662,0BA,5,1110000000101111101010000000000000101100
1323,51262,50.023096,320,8,0000000000100000000000000000000000000000000000000000000001001011
6594,51264,50.02843,25,8,0000000000000101000000000000000101101111111111110000000010100001
30737,51265,50.028755,24,8,0000001000000100000000100001101001000010000000001000000000010000
26801,51267,50.029171,0AA,8,0010010000011100001001000001010100100100000010100010010000000100
12956,51268,50.029408,2C1,8,0000000000000011101100000000001110100000110000000001010011110101
21093,51269,50.030087,0B4,8,0000000000000000000000000000000010100000000010010110110111010010
42066,51240,50.030152,0BA,5,1100011000000000000000000000000010111110
15946,51270,50.030872,1C6,8,0000000000000000000000000000000100010111000100110000000000000000
10403,51273,50.032294,260,8,0000000000000000000000000000000000000000000000000011101010100100
34195,51275,50.034876,1C4,8,0000111010100011000111000000000000000000000000000000000010011010
42067,17094,50.037642,0BA,5,0010100100000000000000000000011100101011
6595,51278,50.038428,25,8,0000000000000101000000000000000101101111111111110000000010100001
26802,51279,50.039098,0AA,8,0010010000100100001001000001100100100100000100110010010000000000
42068,34176,50.045131,0BA,5,0100111100000000000000000000000000101110
6596,51282,50.048416,25,8,0000000000000101000000000000000101111111111111110000000010110001
30738,51283,50.048717,24,8,0000001000000100000000100001101001000010000000011000000000010001
26803,51284,50.049092,0AA,8,0010010000100111001001000001111000100100000100110010010000000101
21094,51285,50.050072,0B4,8,0000000000000000000000000000000010100100000010010111001111011100
10404,51289,50.052254,260,8,0000000000000000000000000000000000000000000000000010111110011001
42069,34180,50.052621,0BA,5,1110000000101111101010000000000000101100
18256,51291,50.054078,226,8,0000000000000000000100000000000000000000000000000000000000000000
31536,51292,50.054684,44D,8,0100001000000010000000000000000000000001000000000000000000000000
34196,51293,50.054921,1C4,8,0000111010110011000111000000000000000000000000000000000010101010
6597,51296,50.058412,25,8,0000000000000101000000000000000101111111111111110000000010110001
12957,51297,50.058851,2C1,8,0000000000000011101001100000001110000000110000000001010011001011
26804,51298,50.059082,0AA,8,0010010000101100001001000010010000100100000011000010010000001000
42070,51272,50.06011,0BA,5,1100011000000000000000000000000010111110
15947,51300,50.060839,1C6,8,0000000000000000000000000000000100010111000100110000000000000000
227,51301,50.061088,3B7,8,1000
16545,51303,50.064954,3F9,8,0111010100011000000000100000001010000000000000000000000000010101
11130,51304,50.065605,620,8,0001000000000000000000000000000000000000000000000000000000000000
42071,17111,50.0676,0BA,5,0010100100000000000000000000010000101000
6598,51306,50.068406,25,8,0000000000000101000000000000000101101111111111110000000010100001
30739,51307,50.068703,24,8,0000001000000100000000100001101001000010000000111000000000010011
26805,51308,50.069076,0AA,8,0010010000101110001001000010000100100100000100010010010000010010
21095,51309,50.070057,0B4,8,0000000000000000000000000000000010101000000010010111100011100101
10405,51311,50.072022,260,8,0000000000000000000000000000000000000000000000000010111110011001
1324,51312,50.072266,320,8,0000000000100000000000000000000000000000000000000000000001001011
34197,51313,50.074847,1C4,8,0000111010111100000111000000000000000000000000000000000010110011
42072,34199,50.075089,0BA,5,0100111100000000000000000000000000101110
6599,51318,50.078423,25,8,0000000000000101000000000000000101101111111111110000000010100001
26806,51319,50.079069,0AA,8,0010010000101011001001000010011000100100000100010010010000001000
18257,51323,50.08206,226,8,0000000000000000000100000000000000000000000000000000000000000000
42073,34202,50.082579,0BA,5,1110000000101111101010000000000000101100
6600,51326,50.088418,25,8,0000000000000101000000000000000101101111111111110000000010100001
30740,51327,50.0887,24,8,0000001000000100000000100001100001000010000000111000000000010001
12958,51328,50.089035,2C1,8,0000000000000011100110010000001101010011110000000001010010010001
26807,51329,50.089267,0AA,8,0010010000101011001001000010011000100100000111010010010000010001
21096,51330,50.090048,0B4,8,0000000000000000000000000000000010101000000010010111111011101011
42074,51299,50.090068,0BA,5,1100011000000000000000000000000010111110
15948,51331,50.090836,1C6,8,0000000000000000000000000000000100010111000100110000000000000000
10406,51333,50.092017,260,8,0000000000000000000000000000000000000000000000000010001110001101
34198,51336,50.094835,1C4,8,0000111011001100000111000000000000000000000000000000000011000011
42075,17117,50.097558,0BA,5,0010100100000000000000000000011100101011
6601,51339,50.098387,25,8,0000000000000101000000000000000101101111111111110000000010100001
26808,51340,50.099057,0AA,8,0010010000110001001001000010100000100100000101010010010000011000
42076,34214,50.105047,0BA,5,0100111100000000000000000000000000101110
11275,51341,50.107051,4C8,8,0000100100000000000000000000000000000000000000000000000000000000
6602,51343,50.108375,25,8,0000000000000101000000000000000101110000000000000000000010100011
30741,51344,50.108682,24,8,0000001000000100000000100001011001000010000001011000000000010001
26809,51345,50.109047,0AA,8,0010010000110111001001000010101100100100000110010010010000011001
21097,51346,50.11003,0B4,8,0000000000000000000000000000000010101100000010011000010011110101
10407,51349,50.111995,260,8,0000000000000000000000000000000000000000000000000001011110000001
42077,34219,50.112537,0BA,5,1110000000101111101010000000000000101100
35249,6344,50.113675,3D3,3,011011000000001000000000
18258,51352,50.114034,226,8,0000000000000000000100000000000000000000000000000000000000000000
34199,51353,50.11482,1C4,8,0000111011010100000111000000000000000000000000000000000011001011
6603,51357,50.118371,25,8,0000000000000101000000000000000101110000000000000000000010100011
12959,51358,50.118811,2C1,8,0000000000000011100100000000001100010011110000000001010001001000
26810,51359,50.119047,0AA,8,0010010000110101001001000010101000100100000111110010010000011111
42078,51334,50.120026,0BA,5,1100011000000000000000000000000010111110
15949,51361,50.1208,1C6,8,0000000000000000000000000000000100010111000100110000000000000000
1325,51362,50.121045,320,8,0000000000100000000000000000000000000000000000000000000001001011
42079,17127,50.127516,0BA,5,0010100100000000000000000000010000101000
6604,51365,50.128363,25,8,0000000000000101000000000000000101100000000000000000000010010011
30742,51366,50.128664,24,8,0000001000000100000000100001011001000010000000111000000000001111
26811,51367,50.129034,0AA,8,0010010000111010001001000011100000100100001000100010010000010100
21098,51368,50.13002,0B4,8,0000000000000000000000000000000010110000000010011000010011111001
10408,51370,50.131916,260,8,0000000000000000000000000000000000000000000000000000101101110101
34200,51372,50.134808,1C4,8,0000111011100000000111000000000000000000000000000000000011010111
42080,34238,50.135006,0BA,5,0100111100000000000000000000000000101110
34912,51374,50.135475,3C3,8,0100011000011110100100110100111011101110010110010000001110001000
6605,51377,50.13836,25,8,0000000000000101000000000000000101110000000000000000000010100011
26812,51378,50.139032,0AA,8,0010010000110011001001000011100000100100001000110010010000011111
18259,51381,50.142017,226,8,0000000000000000000100000000000000000000000000000000000000000000
42081,34240,50.142495,0BA,5,1110000000101111101010000000000000101100
6606,51385,50.148374,25,8,0000000000000101000000000000000101110000000000000000000010100011
30743,51386,50.148657,24,8,0000001000000101000000100001011001000010000000111000000000010000
12960,51387,50.148907,2C1,8,0000000000000011100000110000001011110000110000000001010000010111
26813,51388,50.149124,0AA,8,0010010000111100001001000011011100100100001000010010010000011001
42082,51360,50.149985,0BA,5,1100011000000000000000000000000010111110
21099,51389,50.150003,0B4,8,0000000000000000000000000000000010110000000010011000100111111110
15950,51390,50.1508,1C6,8,0000000000000000000000000000000100011000000100110000000000000000
10409,51392,50.151874,260,8,0000000000000000000000000000000000000000000000000000101101110101
28127,51394,50.154488,6C0,8,1110010000000000000000001110000010000000000000000000000000000000
34201,51395,50.154798,1C4,8,0000111011100101000111000000000000000000000000000000000011011100
14183,51397,50.155486,442,8,0100001100000010000000000000000000000010000000000000000000000000
42083,17137,50.157474,0BA,5,0010100100000000000000000000011100101011
6607,51399,50.158348,25,8,0000000000000101000000000000000101100000000000000000000010010011
26814,51400,50.159017,0AA,8,0010010000111111001001000011011100100100001001110010010000100011
7703,51402,50.164482,611,8,0010000100000000000000000001000000000000000000000011110101101100
42084,34259,50.164964,0BA,5,0100111100000000000000000000000000101110
6608,51406,50.168334,25,8,0000000000000101000000000000000101110000000000000000000010100011
30744,51407,50.168644,24,8,0000001000000101000000100001011001000010000000011000000000001110
26815,51408,50.169005,0AA,8,0010010001000010001001000011011000100100001001100010010000011011
21100,51409,50.169995,0B4,8,0000000000000000000000000000000010110100000010011000111100001000
10410,51411,50.171875,260,8,0000000000000000000000000000000000000000000000000000101101110101
42085,34262,50.172453,0BA,5,1110000000101111101010000000000000101100
18260,51414,50.173995,226,8,0000000000000000000100000000000000000000000000000000000000000000
34202,51415,50.174782,1C4,8,0000111011110001000111000000000000000000000000000000000011101000
1326,51417,50.17519,320,8,0000000000100000000000000000000000000000000000000000000001001011
6609,51420,50.178328,25,8,0000000000000101000000000000000101100000000000000000000010010011
12961,51421,50.178779,2C1,8,0000000000000011011101100000001011110000110000000001001000001000
26816,51422,50.178994,0AA,8,0010010000111101001001000100011000100100001100010010010000100110
42086,51393,50.179943,0BA,5,1100011000000000000000000000000010111110
15951,51425,50.180766,1C6,8,0000000000000000000000000000000100011000000100110000000000000000
42087,17149,50.187432,0BA,5,0010100100000000000000000000010000101000
13881,51427,50.187636,4C6,8,0000011100000000000000110000000000000000000000000000000000000000
6610,51429,50.188349,25,8,0000000000000101000000000000000101100000000000000000000010010011
30745,51430,50.188632,24,8,0000001000000101000000100001010001000010000000011000000000001100
26817,51431,50.188961,0AA,8,0010010001000001001001000100001100100100001011010010010000100010
21101,51432,50.189975,0B4,8,0000000000000000000000000000000010111000000010011001010100010010
10411,51434,50.191802,260,8,0000000000000000000000000000000000000000000000000000101101110101
34203,51436,50.194771,1C4,8,0000111011110110000111000000000000000000000000000000000011101101
42088,34279,50.194922,0BA,5,0100111100000000000000000000000000101110
6611,51440,50.198315,25,8,0000000000000101000000000000000101100000000000000000000010010011
26818,51441,50.198985,0AA,8,0010010001000111001001000100011100100100001100110010010000101101
18261,51444,50.201977,226,8,0000000000000000000100000000000000000000000000000000000000000000
42089,34285,50.202411,0BA,5,1110000000101111101010000000000000101100
6612,51446,50.208337,25,8,0000000000000101000000000000000101100000000000000000000010010011
30746,51447,50.208646,24,8,0000001000000101000000100001011001000010000000011000000000001110
26819,51449,50.209062,0AA,8,0010010001001101001001000100011100100100001110000010010000101110
12962,51450,50.209295,2C1,8,0000000000000011011000110000001100010110110000000000111000011000
42090,51423,50.209901,0BA,5,1100011000000000000000000000000010111110
21102,51452,50.209961,0B4,8,0000000000000000000000000000000010111000000010011001101000010111
15952,51453,50.210763,1C6,8,0000000000000000000000000000000100011000000100110000000000000000
10412,51455,50.211867,260,8,0000000000000000000000000000000000000000000000000000101101110101
34204,51457,50.214761,1C4,8,0000111100000011000111000000000000000000000000000000000011111011
42091,17155,50.217391,0BA,5,0010100100000000000000000000011100101011
6613,51460,50.218301,25,8,0000000000000101000000000000000101100000000000000000000010010011
26820,51461,50.218972,0AA,8,0010010001010011001001000100100100100100010000100010010000101101
1327,51462,50.219962,320,8,0000000000100000000000000000000000000000000000000000000001001011
42092,34301,50.22488,0BA,5,0100111100000000000000000000000000101110
6614,51465,50.228296,25,8,0000000000000101000000000000000101100000000000000000000010010011
30747,51466,50.228629,24,8,0000001000000101000000100001011001000010000000001000000000001101
26821,51467,50.228971,0AA,8,0010010001010100001001000100101100100100010000010010010000111000
21103,51468,50.229946,0B4,8,0000000000000000000000000000000010111100000010011001101000011011
10413,51470,50.231778,260,8,0000000000000000000000000000000000000000000000000000000001101010
42093,34303,50.23237,0BA,5,1110000000101111101010000000000000101100
18262,51473,50.233954,226,8,0000000000000000000100000000000000000000000000000000000000000000
34205,51474,50.234759,1C4,8,0000111100001000000111000000000000000000000000000000000000000000
6615,51479,50.23829,25,8,0000000000000101000000000000000101100000000000000000000010010011
12963,51480,50.238745,2C1,8,0000000000000011010000110000001011011100110000000000100110111000
26822,51481,50.238971,0AA,8,0010010001010111001001000100110000100100001111110010010000111010
42094,51456,50.239859,0BA,5,1100011000000000000000000000000010111110
15953,51483,50.240726,1C6,8,0000000000000000000000000000000100010111000100110000000000000000
42095,17168,50.247349,0BA,5,0010100100000000000000000000010000101000
6616,51487,50.24829,25,8,0000000000000101000000000000000101110000000000000000000010100011
30748,51488,50.24859,24,8,0000001000000101000000100001010001000010000000001000000000001011
26823,51489,50.248949,0AA,8,0010010001011101001001000101000100100100010001100010010000111110
21104,51490,50.249936,0B4,8,0000000000000000000000000000000011000000000010011010000000100101
10414,51492,50.251734,260,8,0000000000000000000000000000000000000000000000000000000001101010
21758,51493,50.254357,443,8,0100110100000010000000000010111100000110000000000000000000000000
34206,51494,50.254733,1C4,8,0000111100010111000111000000000000000000000000000000000000001111
42096,34320,50.254838,0BA,5,0100111100000000000000000000000000101110
6617,51499,50.25829,25,8,0000000000000101000000000000000101110000000000000000000010100011
26824,51500,50.258943,0AA,8,0010010001100001001001000101011000100100010011000010010000110111
18263,51503,50.261938,226,8,0000000000000000000100000000000000000000000000000000000000000000
42097,34325,50.262328,0BA,5,1110000000101111101001000000000000101000
6618,51505,50.268292,25,8,0000000000000101000000000000000101110000000000000000000010100011
30749,51506,50.268583,24,8,0000001000000101000000100001010001000001111111111000000000001001
12964,51507,50.268821,2C1,8,0000000000000011000100000000001011011001110000000000000101111010
26825,51508,50.269054,0AA,8,0010010001101001001001000101010100100100010011010010010000111011
42098,51482,50.269817,0BA,5,1100011000000000000000000000000010111110
21105,51509,50.269923,0B4,8,0000000000000000000000000000000011000000000010011010101100110000
15954,51510,50.27072,1C6,8,0000000000000000000000000000000100010111000100110000000000000000
10415,51512,50.2717,260,8,0000000000000000000000000000000000000000000000000000101101110101
1328,51514,50.272925,320,8,0000000000100000000000000000000000000000000000000000000001001011
34986,51515,50.273921,4C3,8,0000001100000000000000000000000100000000000000000000000000000000
34207,51518,50.274721,1C4,8,0000111100011110000111000000000000000000000000000000000000010110
42099,17175,50.277307,0BA,5,0010100100000000000000000000011100101011
6619,51521,50.278264,25,8,0000000000000101000000000000000101110000000000000000000010100011
26826,51522,50.278928,0AA,8,0010010001011101001001000101011000100100010010100010010000111110
42100,34342,50.284796,0BA,5,0100111100000000000000000000000000101110
6620,51525,50.288251,25,8,0000000000000101000000000000000101100000000000000000000010010011
30750,51526,50.288567,24,8,0000001000000101000000100001011001000010000000001000000000001101
26827,51527,50.288928,0AA,8,0010010001100111001001000101011100100100010110000010010001000001
21106,51528,50.289908,0B4,8,0000000000000000000000000000000011000100000010011011000100111010
10416,51531,50.291704,260,8,0000000000000000000000000000000000000000000000000000000001101010
43807,1721,50.291835,3BB,5,1011101100000000000000000000000000100110
13483,51533,50.292024,394,3,0
42101,34348,50.292286,0BA,5,1110000000101111101000000000000000100100
18264,51535,50.293911,226,8,0000000000000000000100000000000000000000000000000000000000000000
34208,51536,50.29471,1C4,8,0000111100101110000111000000000000000000000000000000000000100110
7874,51538,50.296329,610,8,0010000000000000000110010110010011000000000000000111001001000000
6621,51540,50.298252,25,8,0000000000000101000000000000000101110000000000000000000010100011
12965,51541,50.298696,2C1,8,0000100000000010101100110000001001100011110000000000000010101101
26828,51542,50.29892,0AA,8,0010010001100111001001000101101100100100010100100010010001000111
42102,51513,50.299776,0BA,5,1100011000000000000000000000000010111110
15955,51544,50.300689,1C6,8,0000000000000000000000000000000100010111000100110000000000000000
34802,51545,50.302019,4DF,8,0010000000000000000000000000000100000000000000000000000000000000
42103,17184,50.307265,0BA,5,0010100100000000000000000000010000101000
6622,51548,50.308265,25,8,0000000000000101000000000000000101110000000000000000000010100011
30751,51549,50.308555,24,8,0000001000000101000000100001010001000010000000011000000000001100
26829,51550,50.308879,0AA,8,0010010001101010001001000110010100100100010100110010010001000100
21107,51552,50.309896,0B4,8,0000000000000000000000000000000011001000000010011011011001000011
10417,51554,50.31157,260,8,0000000000000000000000000000000000000000111111111111010001011101
16546,51555,50.314227,3F9,8,0111010100011000000000100000001010000000000000000000000000010101
34209,51556,50.314693,1C4,8,0000111100110010000111000000000000000000000000000000000000101010
42104,34362,50.314755,0BA,5,0100111100000000000000000000000000101110
43608,50831,50.317659,423,2,1000100000000
6623,51560,50.319261,25,8,0000000000000101000000000000000101110000000000000000000010100011
26830,51561,50.319872,0AA,8,0010010001101110001001000110001000100100010011100010010001001011
42105,34365,50.322244,0BA,5,1110000000101111101001000000000000101000
18265,51564,50.322893,226,8,0000000000000000000100000000000000000000000000000000000000000000
1329,51566,50.323887,320,8,0000000000100000000000000000000000000000000000000000000001001011
6624,51568,50.328225,25,8,0000000000000101000000000000000101100000000000000000000010010011
30752,51569,50.328541,24,8,0000001000000101000000100001001101000010000000011000000000001011
12966,51570,50.328775,2C1,8,0000100000000010011100110000000111100110110000000000000011101111
26831,51571,50.329002,0AA,8,0010010001101110001001000110010100100100010100000010010001001011
42106,51543,50.329734,0BA,5,1100011000000000000000000000000010111110
21108,51572,50.329876,0B4,8,0000000000000000000000000000000011001100000010011011110001001101
15956,51573,50.330682,1C6,8,0000000000000000000000000000000100010111000100110000000000000000
10418,51575,50.331546,260,8,0000000000000000000000000000000000000000111111111111010001011101
35370,50220,50.333091,386,7,01010100000000000000000000000000000000000000000000000000
34210,51578,50.334689,1C4,8,0000111100110111000111000000000000000000000000000000000000101111
13942,51580,50.335291,622,8,0001001000000000000000000000000000000000000000000000000000000000
42107,17196,50.337223,0BA,5,0010100100000000000000000000011100101011
6625,51582,50.338234,25,8,0000000000000101000000000000000101100000000000000000000010010011
26832,51583,50.33889,0AA,8,0010010001101110001001000110010100100100010110000010010001001110
42108,34384,50.344713,0BA,5,0100111100000000000000000000000000101110
6626,51587,50.348242,25,8,0000000000000101000000000000000101110000000000000000000010100011
30753,51588,50.348532,24,8,0000001000000101000000100001010001000010000000011000000000001100
26833,51589,50.348856,0AA,8,0010010001101110001001000110010100100100010101110010010001001111
21109,51590,50.349867,0B4,8,0000000000000000000000000000000011001100000010011100001001010011
10419,51592,50.351349,260,8,0000000000000000000000000000000000000000111111111110100001010001
42109,34389,50.352202,0BA,5,1110000000101111100010000000000000001100
18266,51595,50.35387,226,8,0000000000000000000100000000000000000000000000000000000000000000
34211,51596,50.354767,1C4,8,0000111100110101000111000000000000000000000000000000000000101101
6627,51600,50.35821,25,8,0000000000000101000000000000000101110000000000000000000010100011
12967,51601,50.358665,2C1,8,0000100000000010001010010000000101011100110000000000000000011011
26834,51602,50.358889,0AA,8,0010010001101111001001000110011000100100010110110010010001010101
31537,51603,50.359129,44D,8,0100001000000010000000000000000000000001000000000000000000000000
42110,51576,50.359692,0BA,5,1100011000000000000000000000000010111110
15957,51605,50.360651,1C6,8,0000000000000000000000000000000100010111000100110100000000000000
228,51606,50.360899,3B7,8,1000
11131,51607,50.365257,620,8,0001000000000000000000000000000000000000000000000000000000000000
42111,17209,50.367181,0BA,5,0010100100000000000000000000010000101000
6628,51609,50.368217,25,8,0000000000000101000000000000000101100000000000000000000010010011
30754,51610,50.368518,24,8,0000001000000101000000100001010001000010000000011000000000001100
26835,51611,50.368868,0AA,8,0010010001110000001001000110011100100100010110000010010001011000
21110,51612,50.369853,0B4,8,0000000000000000000000000000000011010000000010011100001001010111
10420,51614,50.371326,260,8,0000000000000000000000000000000000000000111111111110100001010001
1330,51615,50.371859,320,8,0000000000100000000000000000000000000000000000000000000001001011
35250,51403,50.373331,3D3,3,111001010000010000110111
34212,51618,50.374662,1C4,8,0000111100100111000111000000000000000000000000000000000000011111
42112,34403,50.374671,0BA,5,0100111100000000000000000000000000101110
6629,51622,50.379219,25,8,0000000000000101000000000000000101100000000000000000000010010011
26836,51623,50.379834,0AA,8,0010010001110000001001000110111100100100010111100010010001011000
42113,34408,50.382161,0BA,5,1110000000101111101001000000000000101000
18267,51626,50.382851,226,8,0000000000000000000100000000000000000000000000000000000000000000
6630,51629,50.388214,25,8,0000000000000101000000000000000101100000000000000000000010010011
30755,51630,50.388504,24,8,0000001000000101000000100001001101000010000000011000000000001011
12968,51631,50.388745,2C1,8,0000100000000001110110010000000010100011110000000000000000010000
26837,51632,50.388973,0AA,8,0010010001110000001001000110111100100100010110110010010001010101
31680,51634,50.389402,389,8,0000000000100000000000000000000000000000000000000000000000000000
42114,51604,50.38965,0BA,5,1100011000000000000000000000000010111110
21111,51635,50.389837,0B4,8,0000000000000000000000000000000011010100000010011100001001011011
15958,51636,50.390642,1C6,8,0000000000000000100000000000000100010111000100110100000000000000
10421,51638,50.391372,260,8,0000000000000000000000000000000000000000111111111110100001010001
34213,51640,50.394644,1C4,8,0000111100011101000111000000000000000000000000000000000000010101
42115,17215,50.39714,0BA,5,0010100100000000000000000000011100101011
6631,51643,50.39818,25,8,0000000000000101000000000000000101100000000000000000000010010011
26838,51644,50.398844,0AA,8,0010010001110100001001000110111000100100011000100010010001010010
42116,34425,50.404629,0BA,5,0100111100000000000000000000000000101110
6632,51648,50.408181,25,8,0000000000000101000000000000000101100000000000000000000010010011
30756,51649,50.408514,24,8,0000001000000101000000100001001101000010000000011000000000001011
26839,51650,50.408842,0AA,8,0010010001110100001001000111000000100100011000100010010001011010
21112,51651,50.409826,0B4,8,0000000000000000000000000000000011010100000010011100011101100000
10422,51653,50.411248,260,8,0000000000000000000000000000000000000000111111111110100001010001
42117,34430,50.412119,0BA,5,1110000000101111101001000000000000101000
18268,51656,50.41383,226,8,0000000000000000000100000000000000000000000000000000000000000000
34214,51658,50.414635,1C4,8,0000111100000111000111000000000000000000000000000000000011111111
6633,51661,50.418169,25,8,0000000000000101000000000000000101110000000000000000000010100011
12969,51662,50.418632,2C1,8,0000100000000001100100000000000001010110110000000000000001111010
26840,51663,50.418869,0AA,8,0010010001110001001001000110101000100100010111010010010001011000
42118,51639,50.419608,0BA,5,1100011000000000000000000000000010111110
15959,51665,50.42061,1C6,8,0000000000000000100000000000000100010111000100110100000000000000
1331,51666,50.420857,320,8,0000000000100000000000000000000000000000000000000000000001001011
13687,51668,50.424797,4B7,8,1110001101011111001000101111000000001000111010100000000100001000
42119,17228,50.427098,0BA,5,0010100100000000000000000000010000101000
6634,51670,50.42819,25,8,0000000000000101000000000000000101110000000000000000000010100011
30757,51671,50.428504,24,8,0000001000000110000000100001000101000010000000011000000000001010
26841,51672,50.4288,0AA,8,0010010001110011001001000111010000100100011010100010010001011100
21113,51673,50.429813,0B4,8,0000000000000000000000000000000011011000000010011100011101100100
10423,51675,50.431228,260,8,0000000000000000000000000000000000000000000000000000000001101010
42120,34447,50.434587,0BA,5,0100111100000000000000000000000000101110
34215,51677,50.434625,1C4,8,0000111011111011000111000000000000000000000000000000000011110010
6635,51682,50.438294,25,8,0000000000000101000000000000000101100000000000000000000010010011
26842,51684,50.438817,0AA,8,0010010001110001001001000110110000100100011010100010010001011011
18269,51687,50.441812,226,8,0000000000000000000100000000000000000000000000000000000000000000
42121,34452,50.442077,0BA,5,1110000000101111101001000000000000101000
6636,51689,50.448147,25,8,0000000000000101000000000000000101110000000000000000000010100011
30758,51690,50.448468,24,8,0000001000000101000000100000110101000010000000011000000000000101
12970,51691,50.448712,2C1,8,0000100000000001010100110000000000011100110000000000000000000011
26843,51692,50.448941,0AA,8,0010010001111000001001000110110000100100011011110010010001100000
311,51693,50.449262,38F,8,0000000100000000000000000000000000000000000000000000000000000000
42122,51664,50.449566,0BA,5,1100011000000000000000000000000010111110
21114,51694,50.449802,0B4,8,0000000000000000000000000000000011011100000010011100011101101000
15960,51695,50.450607,1C6,8,0000000000000000100000000000000100011000000100110100000000000000
10424,51697,50.45129,260,8,0000000000000000000000000000000000000000000000000000000001101010
28128,51699,50.453779,6C0,8,1110010000000000000000001110000010000000000000000000000000000000
34216,51701,50.454664,1C4,8,0000111011101000000111000000000000000000000000000000000011011111
42123,17236,50.457056,0BA,5,0010100100000000000000000000011100101011
6637,51704,50.458139,25,8,0000000000000101000000000000000101100000000000000000000010010011
26844,51705,50.458804,0AA,8,0010010001111010001001000110101100100100011010110010010001100001
14184,51706,50.464131,442,8,0100001100000010000000000000000000000010000000000000000000000000
42124,34467,50.464545,0BA,5,0100111100000000000000000000000000101110
6638,51708,50.468134,25,8,0000000000000101000000000000000101100000000000000000000010010011
30759,51709,50.468454,24,8,0000001000000110000000100000100001000010000000011000000000000001
26845,51711,50.468868,0AA,8,0010010001110110001001000110110000100100011100010010010001100001
21115,51712,50.469782,0B4,8,0000000000000000000000000000000011100000000010011100011101101100
10425,51715,50.471184,260,8,0000000000000000000000000000000000000000000000000000000001101010
42125,34473,50.472035,0BA,5,1110000000101111011100000000000011110100
18270,51718,50.473787,226,8,0000000000000000000100000000000000000000000000000000000000000000
34217,51719,50.474747,1C4,8,0000111011100010000111000000000000000000000000000000000011011001
1332,51721,50.475155,320,8,0000000000100000000000000000000000000000000000000000000001001011
6639,51723,50.478129,25,8,0000000000000101000000000000000101100000000000000000000010010011
12971,51724,50.478643,2C1,8,0000100000000001000101101111111111111101110000000000000010100110
26846,51725,50.478879,0AA,8,0010010001110101001001000110101100100100011011100010010001101000
34744,51726,50.479516,380,8,0
42126,51698,50.479525,0BA,5,1100011000000000000000000000000010111110
15961,51729,50.480572,1C6,8,0000000000000000100000000000000100011000000100110100000000000000
42127,17247,50.487014,0BA,5,0010100100000000000000000000010000101000
6640,51733,50.488147,25,8,0000000000000101000000000000000101110000000000000000000010100011
30760,51734,50.488442,24,8,0000001000000101000000100000010101000010000000111000000011111111
26847,51735,50.488755,0AA,8,0010010001110101001001000110101000100100011011100010010001100101
21116,51736,50.48977,0B4,8,0000000000000000000000000000000011100000000010011100011101101100
10426,51738,50.491195,260,8,0000000000000000000000000000000000000000000000000000000001101010
42128,34489,50.494504,0BA,5,0100111100000000000000000000000000101110
34218,51739,50.494578,1C4,8,0000111011011110000111000000000000000000000000000000000011010101
6641,51743,50.498159,25,8,0000000000000101000000000000000101110000000000000000000010100011
26848,51744,50.49878,0AA,8,0010010001110111001001000110011100100100011100110010010001101010
18271,51747,50.501773,226,8,0000000000000000000100000000000000000000000000000000000000000000
42129,34492,50.501993,0BA,5,1110000000101111100011000000000000010000
6642,51751,50.508133,25,8,0000000000000101000000000000000101100000000000000000000010010011
30761,51752,50.508433,24,8,0000001000000110000000100000000101000010000000011000000011111010
12972,51753,50.508677,2C1,8,0000100000000000111000111111111111100111110000000000000001011100
26849,51754,50.508896,0AA,8,0010010001111010001001000110111000100100011101010010010001011100
42130,51728,50.509483,0BA,5,1100011000000000000000000000000010111110
21117,51755,50.509756,0B4,8,0000000000000000000000000000000011100100000010011100011101110000
15962,51756,50.510568,1C6,8,0000000000000000100000000000000100011000000100110100000000000000
10427,51758,50.51118,260,8,0000000000000000000000000000000000000000000000000000000001101010
34219,51760,50.514569,1C4,8,0000111011011110000111000000000000000000000000000000000011010101
42131,17258,50.516972,0BA,5,0010100100000000000000000000011100101011
6643,51763,50.519122,25,8,0000000000000101000000000000000101100000000000000000000010010011
26850,51764,50.519743,0AA,8,0010010010000001001001000110111000100100011100000010010001100011
1333,51766,50.520764,320,8,0000000000100000000000000000000000000000000000000000000001001011
42132,34510,50.524462,0BA,5,0100111100000000000000000000000000101110
6644,51768,50.528131,25,8,0000000000000101000000000000000101110000000000000000000010100011
30762,51769,50.528417,24,8,0000001000000110000000100000000001000010000000011000000011111001
26851,51770,50.528755,0AA,8,0010010010000000001001000111000100100100011011000010010001100001
21118,51771,50.529739,0B4,8,0000000000000000000000000000000011101000000010011100110101111010
10428,51773,50.53103,260,8,0000000000000000000000000000000000000000000000000000000001101010
42133,34513,50.531951,0BA,5,1110000000101111100110000000000000011100
18272,51777,50.533745,226,8,0000000000000000000100000000000000000000000000000000000000000000
34220,51778,50.534558,1C4,8,0000111011100000000111000000000000000000000000000000000011010111
6645,51783,50.538098,25,8,0000000000000101000000000000000101110000000000000000000010100011
12973,51784,50.538556,2C1,8,0000100000000000110000001111111111100000110000000000000000110010
26852,51785,50.538784,0AA,8,0010010010000000001001000111000100100100011101010010010001100000
42134,51759,50.539441,0BA,5,1100011000000000000000000000000010111110
15963,51787,50.540543,1C6,8,0000000000000000100000000000000100010111000100110100000000000000
42135,17271,50.54693,0BA,5,0010100100000000000000000000010000101000
6646,51789,50.548141,25,8,0000000000000101000000000000000101110000000000000000000010100011
30763,51790,50.548404,24,8,0000001000000110000000100000000101000010000000011000000011111010
26853,51791,50.548715,0AA,8,0010010001111010001001000110111100100100011011110010010001100001
21119,51792,50.549725,0B4,8,0000000000000000000000000000000011101000000010011100110101111010
10429,51794,50.550972,260,8,0000000000000000000000000000000000000000000000000000000001101010
42136,34528,50.55442,0BA,5,0100111100000000000000000000000000101110
34221,51796,50.554541,1C4,8,0000111011100000000111000000000000000000000000000000000011010111
6647,51800,50.558124,25,8,0000000000000101000000000000000101110000000000000000000010100011
26854,51801,50.558736,0AA,8,0010010001111011001001000111001100100100011010100010010001011101
18273,51804,50.561729,226,8,0000000000000000000100000000000000000000000000000000000000000000
42137,34534,50.56191,0BA,5,1110000000101111100111000000000000100000
21759,51805,50.564159,443,8,0100110100000010000000000010111100000110000000000000000000000000
16547,51806,50.564521,3F9,8,0111010100011000000000100000001010000000000000000000000000010101
6648,51809,50.568099,25,8,0000000000000101000000000000000101100000000000000000000010010011
30764,51810,50.568393,24,8,0000001000000110000000100000000101000010000000011000000011111010
26855,51811,50.568733,0AA,8,0010010001111110001001000110111100100100011001100010010001100000
12974,51812,50.568973,2C1,8,0000100011111111110011011111111111010000110000000000000000101110
42138,51786,50.569399,0BA,5,1100011000000000000000000000000010111110
21120,51814,50.569717,0B4,8,0000000000000000000000000000000011101100000010011100110101111110
15964,51815,50.570528,1C6,8,0000000000000000100000000000000100010111000100110100000000000000
10430,51817,50.571062,260,8,0000000000000000000000000000000000000000111111111111010001011101
1334,51819,50.572719,320,8,0000000000100000000000000000000000000000000000000000000001001011
14266,51820,50.573713,60.0,8,1010000100000000000000000000000000000000011100000000000000000000
34222,51821,50.574528,1C4,8,0000111011011110000111000000000000000000000000000000000011010101
42139,17276,50.576889,0BA,5,0010100100000000000000000000011100101011
6649,51824,50.578053,25,8,0000000000000101000000000000000101110000000000000000000010100011
26856,51825,50.578724,0AA,8,0010010001111101001001000110111000100100011001100010010001011100
42140,34551,50.584378,0BA,5,0100111100000000000000000000000000101110
6650,51829,50.588119,25,8,0000000000000101000000000000000101110000000000000000000010100011
30765,51830,50.588378,24,8,0000001000000110000000011111111101000010000000011000000011110111
26857,51831,50.588685,0AA,8,0010010001110101001001000110011100100100011011100010010001011110
43808,3455,50.58942,3BB,5,1010010100000000000000000000000000000000
21121,51832,50.589701,0B4,8,0000000000000000000000000000000011110000000010011100110110000010
10431,51834,50.590875,260,8,0000000000000000000000000000000000000000111111111110100001010001
13484,51835,50.591019,394,3,0
42141,34554,50.591868,0BA,5,1110000000101111100101000000000000011000
18274,51838,50.593706,226,8,0000000000000000000100000000000000000000000000000000000000000000
7763,51839,50.59415,435,8,1000000000000101000001011111111111100000001111110000000000000011
34223,51840,50.594517,1C4,8,0000111011011100000111000000000000000000000000000000000011010011
6651,51843,50.598039,25,8,0000000000000101000000000000000101100000000000000000000010010011
12975,51845,50.59853,2C1,8,0000100011111111110001001111111111001010110000000000000000011111
26858,51846,50.598754,0AA,8,0010010001110100001001000110100000100100011001010010010001011101
42142,51818,50.599357,0BA,5,1100011000000000000000000000000010111110
15965,51848,50.600546,1C6,8,0000000000000000100000000000000100010111000100110100000000000000
10953,51849,50.601153,436,8,0
42143,17292,50.606847,0BA,5,0010100100000000000000000000010000101000
6652,51852,50.608028,25,8,0000000000000101000000000000000101110000000000000000000010100011
30766,51853,50.608392,24,8,0000001000000101000000100000000001000010000000111000000011111010
26859,51854,50.608697,0AA,8,0010010001110110001001000110111000100100011001100010010001100010
21122,51855,50.609686,0B4,8,0000000000000000000000000000000011110100000010011100110110000110
10432,51857,50.610861,260,8,0000000000000000000000000000000000000000111111111110100001010001
42144,34571,50.614336,0BA,5,0100111100000000000000000000000000101110
34224,51859,50.6145,1C4,8,0000111011011101000111000000000000000000000000000000000011010100
6653,51863,50.618026,25,8,0000000000000101000000000000000101100000000000000000000010010011
26860,51865,50.618698,0AA,8,0010010001110011001001000110111000100100011001110010010001100000
18275,51868,50.621689,226,8,0000000000000000000100000000000000000000000000000000000000000000
42145,34574,50.621826,0BA,5,1110000000101111011101000000000011111000
1335,51869,50.622684,320,8,0000000000100000000000000000000000000000000000000000000001001011
6654,51871,50.628044,25,8,0000000000000101000000000000000101100000000000000000000010010011
30767,51872,50.628381,24,8,0000001000000110000000100000000001000010000000011000000011111001
12976,51873,50.628616,2C1,8,0000100011111111101011011111111110110100110000000000000011110010
26861,51874,50.628845,0AA,8,0010010001110000001001000110111000100100011010000010010001011100
13819,51875,50.629141,434,8,0100001000000000000000000000000000000000000000000000000000000000
42146,51847,50.629315,0BA,5,1100011000000000000000000000000010111110
21123,51876,50.62967,0B4,8,0000000000000000000000000000000011110100000010011100110110000110
15966,51877,50.630488,1C6,8,0000000000000000100000000000000100010111000100110100000000000000
10433,51879,50.630901,260,8,0000000000000000000000000000000000000000111111111101110001000101
35251,6411,50.632988,3D3,3,011011000000001000000000
34225,51883,50.634491,1C4,8,0000111011100000000111000000000000000000000000000000000011010111
34913,51886,50.635069,3C3,8,0100011000011110100100110100111000000000000000000000000000000000
28210,51887,50.636127,437,8,1111110011111111111111111111111111111111111111111111111111111111
42147,17302,50.636805,0BA,5,0010100100000000000000000000011100101011
6655,51889,50.638012,25,8,0000000000000101000000000000000101100000000000000000000010010011
26862,51890,50.638679,0AA,8,0010010001100101001001000110000100100100011000110010010001011100
42148,34589,50.644295,0BA,5,0100111100000000000000000000000000101110
6656,51892,50.64803,25,8,0000000000000101000000000000000101100000000000000000000010010011
30768,51893,50.648343,24,8,0000001000000110000000011111110101000010000000011000000011110101
26863,51894,50.648648,0AA,8,0010010001101001001001000101111100100100011000110010010001010011
21124,51895,50.64966,0B4,8,0000000000000000000000000000000011111000000010011100011110000100
10434,51897,50.650829,260,8,0000000000000000000000000000000000000000111111111110100001010001
42149,34594,50.651784,0BA,5,1110000000101111011111000000000000000000
43609,3386,50.65311,423,2,11100000000
18276,51901,50.653664,226,8,0000000000000000000100000000000000000000000000000000000000000000
34226,51902,50.654477,1C4,8,0000111011101000000111000000000000000000000000000000000011011111
12977,51904,50.658473,2C1,8,0000100011111111101001001111111110101101110000000000000011100010
6657,51906,50.659051,25,8,0000000000000101000000000000000101100000000000000000000010010011
42150,51881,50.659274,0BA,5,1100011000000000000000000000000010111110
26864,51907,50.659635,0AA,8,0010010001100100001001000110000000100100011001000010010001011000
15967,51908,50.660455,1C6,8,0000000000000000100000000000000100010111000100110100000000000000
229,51910,50.661661,3B7,8,1000
31299,51913,50.664981,4A6,8,0000000000000000000000000000000000000000000100000000000000000000
11132,51914,50.665249,620,8,0001000000000000000000000000000000000000000000000000000000000000
42151,17313,50.666763,0BA,5,0010100100000000000000000000010000101000
6658,51917,50.668017,25,8,0000000000000101000000000000000101100000000000000000000010010011
31538,51918,50.66827,44D,8,0100001000000010000000000000000000000001000000000000000000000000
30769,51919,50.668507,24,8,0000001000000101000000011111011001000010000000111000000011101111
26865,51920,50.668737,0AA,8,0010010001100110001001000110000000100100011000100010010001010000
21125,51921,50.66965,0B4,8,0000000000000000000000000000000011111100000010011100001010000011
10435,51923,50.670812,260,8,0000000000000000000000000000000000000000111111111111010001011101
1336,51924,50.671652,320,8,0000000000100000000000000000000000000000000000000000000001001011
42152,34611,50.674253,0BA,5,0100111100000000000000000000000000101110
34227,51925,50.674464,1C4,8,0000111011110001000111000000000000000000000000000000000011101000
6659,51929,50.677991,25,8,0000000000000101000000000000000101100000000000000000000010010011
26866,51930,50.678652,0AA,8,0010010001011111001001000110001000100100011000100010010001010010
18277,51933,50.681645,226,8,0000000000000000000100000000000000000000000000000000000000000000
42153,34613,50.681742,0BA,5,1110000000101111100010000000000000001100
6660,51938,50.688002,25,8,0000000000000101000000000000000101100000000000000000000010010011
30770,51939,50.688314,24,8,0000001000000101000000011111011001000010000001011000000011110001
12978,51940,50.688547,2C1,8,0000100011111111100101001111111110010100110000000000000010111001
26867,51941,50.688775,0AA,8,0010010001100001001001000101111100100100011000010010010001010001
42154,51909,50.689232,0BA,5,1100011000000000000000000000000010111110
21126,51942,50.689633,0B4,8,0000000000000000000000000000000011111100000010011011110001111101
15968,51943,50.690451,1C6,8,0000000000000000100000000000000100010111000100110100000000000000
10436,51945,50.690863,260,8,0000000000000000000000000000000000000000111111111111010001011101
34228,51947,50.694453,1C4,8,0000111100000110000111000000000000000000000000000000000011111110
42155,17322,50.696721,0BA,5,0010100100000000000000000000011100101011
6661,51951,50.697975,25,8,0000000000000101000000000000000101100000000000000000000010010011
26868,51952,50.69864,0AA,8,0010010001100010001001000101111100100100011000100010010001011000
42156,34629,50.704211,0BA,5,0100111100000000000000000000000000101110
6662,51955,50.707978,25,8,0000000000000101000000000000000101100000000000000000000010010011
30771,51956,50.708301,24,8,0000001000000101000000011111011001000010000000111000000011101111
26869,51957,50.708631,0AA,8,0010010001100111001001000110000100100100011000010010010001010100
21127,51958,50.70962,0B4,8,0000000000000000000000000000000000000000000010011011110010000001
10437,51960,50.710791,260,8,0000000000000000000000000000000000000000000000000000000001101010
42157,34633,50.7117,0BA,5,1110000000101111100001000000000000001000
18278,51963,50.71362,226,8,0000000000000000000100000000000000000000000000000000000000000000
16334,51964,50.713867,4C1,8,0000000100000000000000010000000100000000000000000000000000000000
34229,51965,50.714439,1C4,8,0000111100010001000111000000000000000000000000000000000000001001
6663,51969,50.717955,25,8,0000000000000101000000000000000101100000000000000000000010010011
12979,51970,50.718439,2C1,8,0000100011111111011111011111111101100000110000000000000001101110
26870,51971,50.718667,0AA,8,0010010001100010001001000101111100100100010111000010010001001101
42158,51946,50.71919,0BA,5,1100011000000000000000000000000010111110
15969,51973,50.720418,1C6,8,0000000000000000100000000000000100010111000100110100000000000000
1337,51974,50.720664,320,8,0000000000100000000000000000000000000000000000000000000001001011
42159,17334,50.72668,0BA,5,0010100100000000000000000000010000101000
6664,51976,50.727945,25,8,0000000000000101000000000000000101100000000000000000000010010011
30772,51978,50.728298,24,8,0000001000000101000000011111010001000010000000011000000011101011
26871,51979,50.728622,0AA,8,0010010001100101001001000101110000100100010111110010010001011001
21128,51980,50.729606,0B4,8,0000000000000000000000000000000000000100000010011011110010000101
10438,51982,50.730776,260,8,0000000000000000000000000000000000000000000000000000000001101010
42160,34646,50.734169,0BA,5,0100111100000000000000000000000000101110
34230,51985,50.734426,1C4,8,0000111100100011000111000000000000000000000000000000000000011011
6665,51989,50.737941,25,8,0000000000000101000000000000000101100000000000000000000010010011
26872,51990,50.738615,0AA,8,0010010001100011001001000101011000100100010110000010010001010011
14008,51991,50.739062,38E,8,0
18279,51994,50.741604,226,8,0000000000000000000100000000000000000000000000000000000000000000
42161,34654,50.741659,0BA,5,1110000000101111100000000000000000000100
6666,51996,50.747962,25,8,0000000000000101000000000000000101100000000000000000000010010011
30773,51997,50.748275,24,8,0000001000000101000000011111001101000010000000001000000011101001
12980,51998,50.74851,2C1,8,0000100011111111010111011111111100100100110000000000000000010010
26873,51999,50.748734,0AA,8,0010010001100101001001000101010100100100010110100010010001010101
42162,51972,50.749148,0BA,5,1100011000000000000000000000000010111110
21129,52001,50.749593,0B4,8,0000000000000000000000000000000000000100000010011011011001111111
15970,52002,50.750414,1C6,8,0000000000000000100000000000000100011000000100110100000000000000
10439,52004,50.750831,260,8,0000000000000000000000000000000000000000000000000000000001101010
28129,52006,50.753084,6C0,8,1110010000000000000000001110000010000000000000000000000000000000
34231,52008,50.754418,1C4,8,0000111100101100000111000000000000000000000000000000000000100100
42163,17339,50.756638,0BA,5,0010100100000000000000000000011100101011
6667,52011,50.758956,25,8,0000000000000101000000000000000101100000000000000000000010010011
26874,52012,50.759568,0AA,8,0010010001100010001001000101011000100100010110110010010001001001
42164,34671,50.764127,0BA,5,0100111100000000000000000000000000101110
6668,52016,50.76792,25,8,0000000000000101000000000000000101100000000000000000000010010011
30774,52017,50.768264,24,8,0000001000000101000000011111010001000010000000001000000011101010
26875,52018,50.768593,0AA,8,0010010001100011001001000101101000100100010110000010010001001101
21130,52019,50.76958,0B4,8,0000000000000000000000000000000000001000000010011011011010000011
10440,52020,50.770536,260,8,0000000000000000000000000000000000000000000000000000101101110101
42165,34674,50.771617,0BA,5,1110000000101111011111000000000000000000
18280,52024,50.77358,226,8,0000000000000000000100000000000000000000000000000000000000000000
34232,52025,50.774405,1C4,8,0000111100110101000111000000000000000000000000000000000000101101
1338,52027,50.774818,320,8,0000000000100000000000000000000000000000000000000000000001001011
14185,52028,50.775764,442,8,0100001100000010000000000000000000000010000000000000000000000000
6669,52030,50.777912,25,8,0000000000000101000000000000000101100000000000000000000010010011
12981,52031,50.778399,2C1,8,0000100011111111010101001111111100011101110000000000000000000010
26876,52032,50.778621,0AA,8,0010010001100001001001000101011100100100010101100010010001001011
42166,52005,50.779106,0BA,5,1100011000000000000000000000000010111110
15971,52034,50.78038,1C6,8,0000000000000000100000000000000100011000000100110100000000000000
42167,17352,50.786596,0BA,5,0010100100000000000000000000010000101000
6670,52038,50.787934,25,8,0000000000000101000000000000000101100000000000000000000010010011
30775,52039,50.788252,24,8,0000001000000101000000011111011001000010000000011000000011101101
26877,52040,50.788546,0AA,8,0010010001100010001001000101001100100100010110110010010001000110
21131,52041,50.789563,0B4,8,0000000000000000000000000000000000001100000010011011011010000111
10441,52042,50.790493,260,8,0000000000000000000000000000000000000000111111111111010001011101
42168,34695,50.794085,0BA,5,0100111100000000000000000000000000101110
34233,52045,50.794388,1C4,8,0000111100111001000111000000000000000000000000000000000000110001
7875,52048,50.796744,610,8,0010000000000000000110010110010011000000000000000111001001000000
6671,52050,50.797901,25,8,0000000000000101000000000000000101100000000000000000000010010011
26878,52052,50.79857,0AA,8,0010010001011011001001000100111000100100010101100010010001000111
13753,52054,50.800022,3A5,8,100000000
18281,52056,50.801563,226,8,0000000000000000000100000000000000000000000000000000000000000000
42169,34699,50.801575,0BA,5,1110000000101111011010000000000011101100
6672,52058,50.80789,25,8,0000000000000101000000000000000101100000000000000000000010010011
30776,52059,50.80827,24,8,0000001000000101000000011111100001000010000000111000000011110001
12982,52060,50.808502,2C1,8,0000100011111111001111011111111100001010110000000000000011011000
26879,52061,50.808727,0AA,8,0010010001011101001001000101010000100100010011110010010001000000
31361,52062,50.80897,640,8,1010100000000000000000000011011100000001111000000000000000000000
42170,52033,50.809065,0BA,5,1100011000000000000000000000000010111110
21132,52063,50.809551,0B4,8,0000000000000000000000000000000000010000000010011011011010001011
15972,52064,50.810373,1C6,8,0000000000000000100000000000000100011000000100110100000000000000
10442,52066,50.810786,260,8,0000000000000000000000000000000000000000111111111111010001011101
16548,52068,50.814202,3F9,8,0111010100011000000000100000001010000000000000000000000000010101
34234,52069,50.814446,1C4,8,0000111101000001000111000000000000000000000000000000000000111001
42171,17361,50.816554,0BA,5,0010100100000000000000000000011100101011
6673,52073,50.817887,25,8,0000000000000101000000000000000101100000000000000000000010010011
26880,52074,50.818556,0AA,8,0010010001011101001001000101011000100100010010100010010001000101
1339,52075,50.819548,320,8,0000000000100000000000000000000000000000000000000000000001001011
42172,34711,50.824044,0BA,5,0100111100000000000000000000000000101110
6674,52078,50.827876,25,8,0000000000000101000000000000000101100000000000000000000010010011
30777,52079,50.828254,24,8,0000001000000101000000011111010001000010000000011000000011101011
26881,52080,50.828549,0AA,8,0010010001100001001001000101011100100100010000110010010000111100
35047,52081,50.829002,413,8,0000000100000001000000010000100100000000000000000000000000000000
21133,52082,50.829539,0B4,8,0000000000000000000000000000000000010000000010011011011010001011
10443,52083,50.83023,260,8,0000000000000000000000000000000000000000111111111110100001010001
42173,34716,50.831533,0BA,5,1110000000101111011011000000000011110000
18282,52088,50.833541,226,8,0000000000000000000100000000000000000000000000000000000000000000
34235,52089,50.834372,1C4,8,0000111101000011000111000000000000000000000000000000000000111011
6675,52093,50.837874,25,8,0000000000000101000000000000000101100000000000000000000010010011
12983,52094,50.838365,2C1,8,0000100011111111001001111111111100000111110000000000000010111111
26882,52095,50.838589,0AA,8,0010010001011011001001000101000100100100010010110010010000111101
42174,52067,50.839023,0BA,5,1100011000000000000000000000000010111110
15973,52097,50.840345,1C6,8,0000000000000000100000000000000100011000000100110100000000000000
13627,52098,50.844197,4DD,8,0001111000000000000000000000000000000000000000000000000000000000
42175,17371,50.846512,0BA,5,0010100100000000000000000000010000101000
6676,52101,50.847958,25,8,0000000000000101000000000000000101100000000000000000000010010011
30778,52102,50.848226,24,8,0000001000000101000000011111101001000010000000001000000011110000
26883,52103,50.848515,0AA,8,0010010001011010001001000101000000100100010000110010010000111110
21134,52104,50.849524,0B4,8,0000000000000000000000000000000000010100000010011011011010001111
10444,52105,50.850241,260,8,0000000000000000000000000000000000000000111111111101110001000101
42176,34733,50.854002,0BA,5,0100111100000000000000000000000000101110
34236,52107,50.854354,1C4,8,0000111101000011000111000000000000000000000000000000000000111011
6677,52112,50.858889,25,8,0000000000000101000000000000000101100000000000000000000010010011
26884,52113,50.859499,0AA,8,0010010001010111001001000100110000100100010001110010010001000010
42177,34740,50.861491,0BA,5,1110000000101111100101000000000000011000
18283,52116,50.862521,226,8,0000000000000000000100000000000000000000000000000000000000000000
6678,52119,50.867881,25,8,0000000000000101000000000000000101100000000000000000000010010011
30779,52120,50.868204,24,8,0000001000000110000000011111110101000010000000011000000011110101
12984,52121,50.86844,2C1,8,0000100011111111000101001111111100010000110000000000000010110101
26885,52122,50.868663,0AA,8,0010010001011011001001000100110100100100010001100010010001000010
42178,52096,50.868981,0BA,5,1100011000000000000000000000000010111110
21135,52123,50.869512,0B4,8,0000000000000000000000000000000000011000000010011011000110001110
10445,52124,50.870225,260,8,0000000000000000000000000000000000000000111111111101000000111001
15974,52125,50.870465,1C6,8,0000000000000000100000000000000100011000000100110100000000000000
1340,52128,50.872513,320,8,0000000000100000000000000000000000000000000000000000000001001011
21760,52129,50.873963,443,8,0100110100000010000000000010111100000110000000000000000000000000
34237,52130,50.874339,1C4,8,0000111101000010000111000000000000000000000000000000000000111010
42179,17381,50.87647,0BA,5,0010100100000000000000000000011100101011
6679,52133,50.87785,25,8,0000000000000101000000000000000101010000000000000000000010000011
26886,52134,50.878517,0AA,8,0010010001011000001001000101010000100100010001100010010000111011
42180,34757,50.88396,0BA,5,0100111100000000000000000000000000101110
43809,51127,50.887005,3BB,5,0111000000000000001000001010010100000000
6680,52138,50.887837,25,8,0000000000000101000000000000000101010000000000000000000010000011
30780,52139,50.888179,24,8,0000001000000110000000011111110101000010000000111000000011110111
26887,52140,50.888511,0AA,8,0010010001010111001001000101001100100100010000010010010000111100
21136,52142,50.889525,0B4,8,0000000000000000000000000000000000011000000010011011000110001110
10446,52143,50.890132,260,8,0000000000000000000000000000000000000000111111111101000000111001
13485,52144,50.890287,394,3,0
42181,34760,50.891449,0BA,5,1110000000101111011010000000000011101100
35252,51936,50.892644,3D3,3,111001010000001010011100
18284,52148,50.893501,226,8,0000000000000000000100000000000000000000000000000000000000000000
34238,52149,50.89433,1C4,8,0000111100111010000111000000000000000000000000000000000000110010
6681,52153,50.897834,25,8,0000000000000101000000000000000101010000000000000000000010000011
12985,52154,50.898324,2C1,8,0000100011111111000000001111111100011101110000000000000010101110
26888,52155,50.898549,0AA,8,0010010001010101001001000101000000100100010000110010010000110110
42182,52127,50.898939,0BA,5,1100011000000000000000000000000010111110
15975,52157,50.900307,1C6,8,0000000000000000100000000000000100011000000100110100000000000000
42183,17396,50.906429,0BA,5,0010100100000000000000000000010000101000
6682,52159,50.907854,25,8,0000000000000101000000000000000101010000000000000000000010000011
30781,52160,50.90818,24,8,0000001000000110000000011111110101000010000000111000000011110111
26889,52161,50.908464,0AA,8,0010010001010111001001000101001100100100010001010010010000111100
21137,52162,50.909481,0B4,8,0000000000000000000000000000000000011100000010011011000110010010
10447,52163,50.910088,260,8,0000000000000000000000000000000000000000111111111101000000111001
27849,52165,50.911486,420,8,0000000000000000000000000000000011111111000000001000000010101011
42184,34773,50.913918,0BA,5,0100111100000000000000000000000000101110
34239,52168,50.91431,1C4,8,0000111100110011000111000000000000000000000000000000000000101011
31620,52171,50.917718,633,8,1000000100000000000000000000000000000000000000000000000000000000
6683,52173,50.918849,25,8,0000000000000101000000000000000101010000000000000000000010000011
26890,52174,50.91946,0AA,8,0010010001010111001001000100111100100100010000100010010000110011
42185,34779,50.921408,0BA,5,1110000000101111011000000000000011100100
18285,52177,50.922482,226,8,0000000000000000000100000000000000000000000000000000000000000000
1341,52178,50.923477,320,8,0000000000100000000000000000000000000000000000000000000001001011
6684,52181,50.92781,25,8,0000000000000101000000000000000101010000000000000000000010000011
30782,52182,50.928171,24,8,0000001000000110000000011111111101000010000000111000000011111001
12986,52183,50.928403,2C1,8,0000100011111110110001111111111100101101110000000000000010000100
26891,52184,50.928629,0AA,8,0010010001010111001001000101101000100100010000110010010000110100
42186,52156,50.928897,0BA,5,1100011000000000000000000000000010111110
21138,52186,50.929488,0B4,8,0000000000000000000000000000000000100000000010011011000110010110
10448,52187,50.930138,260,8,0000000000000000000000000000000000000000111111111101000000111001
15976,52188,50.930374,1C6,8,0000000000000000100000000000000100011000000100110100000000000000
35371,50253,50.932294,386,7,11011011000000000000000000000000000001100000000000000011
43449,50283,50.932389,3000000.0,6,101011000000000000000000000000000000000000000000
7643,52192,50.933748,3BC,8,0
34240,52193,50.934299,1C4,8,0000111100100101000111000000000000000000000000000000000000011101
42187,17402,50.936387,0BA,5,0010100100000000000000000000011100101011
6685,52196,50.937811,25,8,0000000000000101000000000000000101010000000000000000000010000011
26892,52197,50.938476,0AA,8,0010010001010101001001000101000100100100010001000010010000111000
42188,34797,50.943876,0BA,5,0100111100000000000000000000000000101110
6686,52200,50.9478,25,8,0000000000000101000000000000000101010000000000000000000010000011
30783,52201,50.948162,24,8,0000001000000110000000100000000001000010000000011000000011111001
26893,52202,50.948472,0AA,8,0010010001010011001001000101000000100100010000100010010000111100
21139,52203,50.949451,0B4,8,0000000000000000000000000000000000100100000010011011000110011010
10449,52204,50.950116,260,8,0000000000000000000000000000000000000000111111111101000000111001
42189,34801,50.951366,0BA,5,1110000000101111011000000000000011100100
18286,52208,50.953458,226,8,0000000000000000000100000000000000000000000000000000000000000000
34241,52210,50.954291,1C4,8,0000111100011101000111000000000000000000000000000000000000010101
6687,52213,50.957792,25,8,0000000000000101000000000000000101010000000000000000000010000011
12987,52214,50.958287,2C1,8,0000100011111110100110101111111011100000110000000000000000001001
26894,52215,50.958512,0AA,8,0010010001010110001001000100110100100100010000100010010000111010
42190,52190,50.958855,0BA,5,1100011000000000000000000000000010111110
27910,52216,50.959215,4DC,8,0001110100000000000000000000000000000000000000000000000000000000
15977,52218,50.960268,1C6,8,0000000000000000100000000000000100010111000100110100000000000000
230,52219,50.96052,3B7,8,1000
11133,52221,50.964561,620,8,0001000000000000000000000000000000000000000000000000000000000000
42191,17418,50.966345,0BA,5,0010100100000000000000000000010000101000
6688,52223,50.967793,25,8,0000000000000101000000000000000101010000000000000000000010000011
30784,52224,50.968149,24,8,0000001000000110000000100000000001000010000000001000000011111000
26895,52225,50.968455,0AA,8,0010010001011000001001000101000100100100010001100010010000111011
21140,52226,50.96944,0B4,8,0000000000000000000000000000000000100100000010011010101110010100
10450,52227,50.970024,260,8,0000000000000000000000000000000000000000111111111101000000111001
1342,52229,50.971447,320,8,0000000000100000000000000000000000000000000000000000000001001011
42192,34818,50.973834,0BA,5,0100111100000000000000000000000000101110
34242,52230,50.974277,1C4,8,0000111100010001000111000000000000000000000000000000000000001001
31539,52233,50.977545,44D,8,0100001000000010000000000000000000000001000000000000000000000000
1574,52236,50.978919,6F3,8,0010000000000000000000000000000000000000000000000000000000000000
6689,52237,50.979165,25,8,0000000000000101000000000000000101010000000000000000000010000011
26896,52238,50.979423,0AA,8,0010010001011010001001000101000100100100010010000010010001000000
42193,34821,50.981324,0BA,5,1110000000101111011000000000000011100100
18287,52241,50.982438,226,8,0000000000000000000100000000000000000000000000000000000000000000
6690,52245,50.987805,25,8,0000000000000101000000000000000101010000000000000000000010000011
30785,52246,50.988131,24,8,0000001000000110000000011111111101000010000000001000000011110110
12988,52247,50.988362,2C1,8,0000100011111110011100001111111011001101110000000000000011001100
43610,13034,50.988561,423,2,10101000010010
26897,52248,50.988588,0AA,8,0010010001010111001001000100111000100100010001000010010001000011
42194,52217,50.988814,0BA,5,1100011000000000000000000000000010111110
21141,52249,50.989425,0B4,8,0000000000000000000000000000000000101000000010011010101110011000
10451,52250,50.990035,260,8,0000000000000000000000000000000000000000111111111100010100101110
15978,52251,50.990271,1C6,8,0000000000000000100000000000000100010111000100110100000000000000
13567,52254,50.993844,399,8,0000000000000000000000000000000000000000111111110000000000000000
34243,52255,50.994266,1C4,8,0000111011111101000111000000000000000000000000000000000011110100
42195,17423,50.996303,0BA,5,0010100100000000000000000000011100101011
6691,52259,50.997765,25,8,0000000000000101000000000000000101010000000000000000000010000011
26898,52260,50.998442,0AA,8,0010010001010010001001000100011100100100010010000010010001000110
42196,34834,51.003793,0BA,5,0100111100000000000000000000000000101110
11215,52261,51.006063,39A,8,0000000000000000000000000000000100000000000000000000000000000000
6692,52263,51.007759,25,8,0000000000000101000000000000000101010000000000000000000010000011
30786,52264,51.008157,24,8,0000001000000101000000100000000001000010000000001000000011110111
26899,52265,51.008431,0AA,8,0010010001010100001001000100011100100100010011000010010000110111
21142,52266,51.009415,0B4,8,0000000000000000000000000000000000101100000010011010101110011100
10452,52267,51.009982,260,8,0000000000000000000000000000000000000000111111111100010100101110
42197,34840,51.011282,0BA,5,1110000000101111011000000000000011100100
18288,52272,51.013418,226,8,0000000000000000000100000000000000000000000000000000000000000000
51,52273,51.014134,3B1,8,0000000000000000000000100000101000000000000010000000000000000000
34244,52274,51.014374,1C4,8,0000111011110000000111000000000000000000000000000000000011100111
6693,52277,51.017753,25,8,0000000000000101000000000000000101010000000000000000000010000011
12989,52278,51.018248,2C1,8,0000100011111110010101001111111001100111110000000000000001001010
26900,52279,51.01847,0AA,8,0010010001010111001001000100011000100100010010100010010000111010
42198,52253,51.018772,0BA,5,1100011000000000000000000000000010111110
15979,52282,51.020231,1C6,8,0000000000000000100000000000000100010111000100110100000000000000
1343,52283,51.020475,320,8,0000000000100000000000000000000000000000000000000000000001001011
42199,17435,51.026261,0BA,5,0010100100000000000000000000010000101000
6694,52286,51.027794,25,8,0000000000000101000000000000000101010000000000000000000010000011
30787,52287,51.028129,24,8,0000001000000101000000011111110101000010000000011000000011110100
26901,52288,51.028386,0AA,8,0010010001011000001001000100100100100100010001010010010000111000
21143,52289,51.0294,0B4,8,0000000000000000000000000000000000101100000010011010101110011100
10453,52290,51.029872,260,8,0000000000000000000000000000000000000000111111111100010100101110
42200,34859,51.033751,0BA,5,0100111100000000000000000000000000101110
34245,52293,51.034238,1C4,8,0000111011100010000111000000000000000000000000000000000011011001
6695,52297,51.037739,25,8,0000000000000101000000000000000101010000000000000000000010000011
26902,52298,51.03841,0AA,8,0010010001010010001001000100010100100100010011010010010000111101
42201,34863,51.04124,0BA,5,1110000000101111011000000000000011100100
18289,52301,51.041403,226,8,0000000000000000000100000000000000000000000000000000000000000000
6696,52304,51.04776,25,8,0000000000000101000000000000000101000000000000000000000001110011
30788,52305,51.048147,24,8,0000001000000110000000011111110101000010000000111000000011110111
12990,52306,51.048329,2C1,8,0000100011111110010000001111111001101101110000000000000000111100
26903,52307,51.048558,0AA,8,0010010001001100001001000100001000100100010001010010010000110011
42202,52281,51.04873,0BA,5,1100011000000000000000000000000010111110
21144,52308,51.049386,0B4,8,0000000000000000000000000000000000110000000010011010101110100000
10454,52309,51.049837,260,8,0000000000000000000000000000000000000000111111111100010100101110
15980,52310,51.050226,1C6,8,0000000000000000100000000000000100010111000100110100000000000000
34246,52314,51.054227,1C4,8,0000111011011000000111000000000000000000000000000000000011001111
42203,17444,51.056219,0BA,5,0010100100000000000000000000011100101011
6697,52317,51.057722,25,8,0000000000000101000000000000000101000000000000000000000001110011
26904,52318,51.058396,0AA,8,0010010001001001001001000100001000100100010001010010010000111011
28130,52320,51.062322,6C0,8,1110010000000000000000001110000010000000000000000000000000000000
42204,34882,51.063709,0BA,5,0100111100000000000000000000000000101110
16549,52321,51.064304,3F9,8,0111010100011000000000100000001010000000000000000000000000010101
6698,52323,51.067715,25,8,0000000000000101000000000000000101000000000000000000000001110011
30789,52324,51.068125,24,8,0000001000000101000000011111101001000010000000111000000011110011
26905,52325,51.068392,0AA,8,0010010001001011001001000100000100100100001111110010010000110100
21145,52326,51.069373,0B4,8,0000000000000000000000000000000000110100000010011010010110011110
10455,52327,51.069644,260,8,0000000000000000000000000000000000000000111111111011100000100001
42205,34886,51.071199,0BA,5,1110000000101111011001000000000011101000
18290,52331,51.073378,226,8,0000000000000000000100000000000000000000000000000000000000000000
34247,52332,51.074218,1C4,8,0000111011001000000111000000000000000000000000000000000010111111
1344,52334,51.074632,320,8,0000000000100000000000000000000000000000000000000000000001001011
6699,52337,51.077709,25,8,0000000000000101000000000000000101000000000000000000000001110011
12991,52338,51.078267,2C1,8,0000100011111110001011011111111001101010110000000000000000100110
26906,52339,51.078491,0AA,8,0010010001000101001001000100000100100100001110100010010000110101
42206,52312,51.078688,0BA,5,1100011000000000000000000000000010111110
15981,52341,51.080197,1C6,8,0000000000000000100000000000000100010111000100110100000000000000
14186,52344,51.084408,442,8,0100001100000010000000000000000000000010000000000000000000000000
11276,52345,51.084776,4C8,8,0000100100000000000000000000000000000000000000000000000000000000
42207,17458,51.086178,0BA,5,0010100100000000000000000000010000101000
6700,52347,51.087731,25,8,0000000000000101000000000000000100110000000000000000000001100011
30790,52348,51.088108,24,8,0000001000000101000000011111100001000010000000111000000011110001
26907,52349,51.088348,0AA,8,0010010001000001001001000011101100100100001111010010010000110101
21146,52350,51.08936,0B4,8,0000000000000000000000000000000000110100000010011010000010011001
10456,52351,51.089607,260,8,0000000000000000000000000000000000000000111111111011100000100001
42208,34899,51.093667,0BA,5,0100111100000000000000000000000000101110
34248,52354,51.094203,1C4,8,0000111011000011000111000000000000000000000000000000000010111010
6701,52358,51.097696,25,8,0000000000000101000000000000000100110000000000000000000001100011
26908,52359,51.098375,0AA,8,0010010000111101001001000011100000100100001101100010010000101111
42209,34904,51.101157,0BA,5,1110000000101111011000000000000011100100
18291,52362,51.101362,226,8,0000000000000000000100000000000000000000000000000000000000000000
6702,52364,51.107725,25,8,0000000000000101000000000000000100110000000000000000000001100011
30791,52365,51.108041,24,8,0000001000000101000000011111011001000010000000111000000011101111
12992,52366,51.108282,2C1,8,0000100011111110000111011111111001101010110000000000000000010110
26909,52367,51.108507,0AA,8,0010010001000000001001000011011000100100001110110010010000111000
42210,52340,51.108646,0BA,5,1100011000000000000000000000000010111110
21147,52368,51.109348,0B4,8,0000000000000000000000000000000000111000000010011001101010010111
10457,52370,51.109769,260,8,0000000000000000000000000000000000000000111111111010110100010110
15982,52371,51.110188,1C6,8,0000000000000000100000000000000100010111000100110100000000000000
34249,52374,51.114194,1C4,8,0000111010111001000111000000000000000000000000000000000010110000
42211,17465,51.116136,0BA,5,0010100100000000000000000000011100101011
6703,52378,51.118716,25,8,0000000000000101000000000000000100100000000000000000000001010011
26910,52379,51.119326,0AA,8,0010010000111100001001000011010100100100001101110010010000110001
1345,52380,51.120349,320,8,0000000000100000000000000000000000000000000000000000000001001011
42212,34921,51.123625,0BA,5,0100111100000000000000000000000000101110
6704,52383,51.12768,25,8,0000000000000101000000000000000100100000000000000000000001010011
30792,52384,51.12804,24,8,0000001000000101000000011111011001000010000000011000000011101101
26911,52385,51.128352,0AA,8,0010010000111011001001000011011100100100001101010010010000110001
21148,52386,51.129334,0B4,8,0000000000000000000000000000000000111100000010011001010110010110
10458,52387,51.129575,260,8,0000000000000000000000000000000000000000111111111010110100010110
42213,34926,51.131115,0BA,5,1110000000101111011000000000000011100100
18292,52391,51.133335,226,8,0000000000000000000100000000000000000000000000000000000000000000
34250,52392,51.134178,1C4,8,0000111010111000000111000000000000000000000000000000000010101111
34914,52395,51.134784,3C3,8,0100011000011110100100110100111000000000000000000000000000000000
6705,52397,51.137674,25,8,0000000000000101000000000000000100010000000000000000000001000011
12993,52398,51.138174,2C1,8,0000100011111110000101001111111000101101110000000000000011010000
26912,52399,51.138393,0AA,8,0010010000110101001001000011011100100100001011010010010000100110
42214,52373,51.138604,0BA,5,1100011000000000000000000000000010111110
15983,52401,51.140158,1C6,8,0000000000000000100000000000000100010111000100110100000000000000
42215,17481,51.146094,0BA,5,0010100100000000000000000000010000101000
13882,52403,51.146738,4C6,8,0000011100000000000000110000000000000000000000000000000000000000
6706,52406,51.147748,25,8,0000000000000101000000000000000100000000000000000000000000110011
30793,52407,51.148029,24,8,0000001000000110000000011111000101000010000000011000000011101001
26913,52408,51.148305,0AA,8,0010010000110110001001000011001000100100001100010010010000101000
21149,52409,51.149322,0B4,8,0000000000000000000000000000000001000000000010011001010110011010
10459,52410,51.149561,260,8,0000000000000000000000000000000000000000111111111010110100010110
35253,6472,51.1523,3D3,3,011011000000001000000000
42216,34944,51.153584,0BA,5,0100111100000000000000000000000000101110
34251,52412,51.154164,1C4,8,0000111010110101000111000000000000000000000000000000000010101100
6707,52416,51.15766,25,8,0000000000000101000000000000000111110000000000000000000000100011
26914,52417,51.158325,0AA,8,0010010000101110001001000010110100100100001010110010010000100001
42217,34948,51.161073,0BA,5,1110000000101111011000000000000011100100
18293,52421,51.161319,226,8,0000000000000000000100000000000000000000000000000000000000000000
7704,52423,51.165318,611,8,0010000100000000000000000001000000000000000000000011110101101100
6708,52425,51.167651,25,8,0000000000000101000000000000000111101111111110100000000000011100
30794,52426,51.168014,24,8,0000001000000101000000011110110101000010000000001000000011100011
12994,52427,51.168331,2C1,8,0000100011111101111000001111110111100000110000000000000001001101
26915,52428,51.168557,0AA,8,0010010000101110001001000010011000100100001001010010010000011010
42218,52400,51.168563,0BA,5,1100011000000000000000000000000010111110
21150,52429,51.169307,0B4,8,0000000000000000000000000000000001000000000010011000111110010100
10460,52430,51.16955,260,8,0000000000000000000000000000000000000000111111111010000100001010
15984,52431,51.170148,1C6,8,0000000000000000100000000000000100010111000100110100000000000000
1346,52434,51.172306,320,8,0000000000100000000000000000000000000000000000000000000001001011
34252,52435,51.174152,1C4,8,0000111010110001000111000000000000000000000000000000000010101000
42219,17486,51.176052,0BA,5,0010100100000000000000000000011100101011
6709,52439,51.177649,25,8,0000000000000101000000000000000111011111111110100000000000001100
26916,52440,51.178317,0AA,8,0010010000100110001001000010110100100100001010000010010000010110
42220,34961,51.183542,0BA,5,0100111100000000000000000000000000101110
21761,52443,51.183768,443,8,0100110100000010000000000010111100000110000000000000000000000000
43810,1754,51.18459,3BB,5,1011101100000000000000000000000000100110
6710,52445,51.187636,25,8,0000000000000101000000000000000111001111111110100000000011111100
30795,52446,51.188001,24,8,0000001000000110000000011110110001000010000000011000000011100100
26917,52447,51.188311,0AA,8,0010010000101001001001000010011100100100000111110010010000011001
21151,52448,51.189294,0B4,8,0000000000000000000000000000000001000100000010011000100110010010
10461,52449,51.189537,260,8,0000000000000000000000000000000000000000111111111001010111111110
13486,52450,51.189692,394,3,0
42221,34966,51.191031,0BA,5,1110000000101111011000000000000011100100
18294,52455,51.193293,226,8,0000000000000000000100000000000000000000000000000000000000000000
34253,52456,51.194139,1C4,8,0000111010110001000111000000000000000000000000000000000010101000
6711,52459,51.197639,25,8,0000000000000101000000000000000110101111111110100000000011011100
12995,52460,51.198145,2C1,8,0000100011111101111000001111110111100000110000000000000001001101
26918,52461,51.19837,0AA,8,0010010000100110001001000010011000100100001001000010010000011001
42222,52433,51.198521,0BA,5,1100011000000000000000000000000010111110
15985,52463,51.200119,1C6,8,0000000000000000100000000000000100010111000100110100000000000000
34987,52464,51.200363,4C3,8,0000001100000000000000000000000100000000000000000000000000000000
42223,17497,51.20601,0BA,5,0010100100000000000000000000010000101000
6712,52467,51.207649,25,8,0000000000000100000000000000000101111111111100110000000010100100
30796,52469,51.208107,24,8,0000001000000101000000011110110001000010000000001000000011100010
26919,52470,51.208289,0AA,8,0010010000101001001001000010010000100100000111010010010000010011
21152,52471,51.209278,0B4,8,0000000000000000000000000000000001001000000010011000010010010001
10462,52472,51.209521,260,8,0000000000000000000000000000000000000000111111111001010111111110
42224,34981,51.2135,0BA,5,0100111100000000000000000000000000101110
34254,52475,51.214208,1C4,8,0000111010110101000111000000000000000000000000000000000010101100
6713,52479,51.217614,25,8,0000000000000100000000000000000101011111111100110000000010000100
26920,52480,51.218289,0AA,8,0010010000100100001001000001110000100100001000100010010000010010
42225,34984,51.220989,0BA,5,1110000000101111011000000000000011100100
18295,52483,51.22128,226,8,0000000000000000000100000000000000000000000000000000000000000000
1347,52484,51.222276,320,8,0000000000100000000000000000000000000000000000000000000001001011
6714,52487,51.227635,25,8,0000000000000100000000000000000100101111111010100000000001001011
30797,52488,51.228006,24,8,0000001000000101000000011110110001000010000000001000000011100010
12996,52489,51.228248,2C1,8,0000100011111101111000001111110111100000110000000000000001001101
42226,52462,51.228479,0BA,5,1100011000000000000000000000000010111110
26921,52490,51.228481,0AA,8,0010010000100110001001000001111000100100000110010010010000010000
21153,52491,51.229269,0B4,8,0000000000000000000000000000000001001000000010010111111010001011
10463,52492,51.229512,260,8,0000000000000000000000000000000000000000111111111001010111111110
15986,52493,51.230115,1C6,8,0000000000000000100000000000000100010111000100110100000000000000
34255,52497,51.234124,1C4,8,0000111010111000000111000000000000000000000000000000000010101111
42227,17508,51.235968,0BA,5,0010100100000000000000000000011100101011
6715,52500,51.237607,25,8,0000000000000100000000000000000111111111111010100000000000011011
26922,52501,51.238286,0AA,8,0010010000011110001001000001011100100100000110010010010000011000
42228,35005,51.243458,0BA,5,0100111100000000000000000000000000101110
6716,52505,51.247592,25,8,0000000000000100000000000000000111001111111001010000000011100110
30798,52506,51.247966,24,8,0000001000000101000000011110101001000010000000001000000011100000
26923,52507,51.248275,0AA,8,0010010000011110001001000001010000100100000100100010010000001110
21154,52508,51.249253,0B4,8,0000000000000000000000000000000001001100000010010111111010001111
10464,52509,51.249497,260,8,0000000000000000000000000000000000000000111111111001010111111110
42229,35009,51.250948,0BA,5,1110000000101111011000000000000011100100
18296,52513,51.253253,226,8,0000000000000000000100000000000000000000000000000000000000000000
34256,52514,51.254108,1C4,8,0000111010111110000111000000000000000000000000000000000010110101
6717,52518,51.25759,25,8,0000000000000100000000000000000110011111110111110000000010110000
12997,52519,51.258158,2C1,8,0000100011111101111000001111110111100000110000000000000001001101
26924,52520,51.258345,0AA,8,0010010000011000001001000001000100100100000111000010010000001001
42230,52495,51.258437,0BA,5,1100011000000000000000000000000010111110
15987,52522,51.260084,1C6,8,0000000000000000100000000000000100011000000100110100000000000000
231,52523,51.260334,3B7,8,1000
11134,52524,51.264216,620,8,0001000000000000000000000000000000000000000000000000000000000000
42231,17520,51.265927,0BA,5,0010100100000000000000000000010000101000
6718,52526,51.267585,25,8,0000000000000011000000000000000101001111110111110000000001011111
30799,52527,51.267953,24,8,0000001000000101000000011110101001000010000000001000000011100000
26925,52528,51.268262,0AA,8,0010010000011101001001000001001000100100000101010010010000000011
21155,52529,51.269237,0B4,8,0000000000000000000000000000000001010000000010010111100010001101
10465,52530,51.26948,260,8,0000000000000000000000000000000000000000111111111000100111110010
1348,52532,51.271241,320,8,0000000000100000000000000000000000000000000000000000000001001011
42232,35022,51.273416,0BA,5,0100111100000000000000000000000000101110
34257,52534,51.274088,1C4,8,0000111011000001000111000000000000000000000000000000000010111000
6719,52539,51.278604,25,8,0000000000000011000000000000000100001111110101110000000000010111
26926,52540,51.279226,0AA,8,0010010000001111001001000000111100100100000011010010010000000111
42233,35028,51.280906,0BA,5,1110000000101111011000000000000011100100
18297,52543,51.282238,226,8,0000000000000000000100000000000000000000000000000000000000000000
31540,52545,51.286827,44D,8,0100001000000010000000000000000000000001000000000000000000000000
6720,52547,51.287591,25,8,0000000000000011000000000000000111001111110101000000000011010100
30800,52548,51.28794,24,8,0000001000000100000000011110110101000010000000001000000011100010
12998,52549,51.288184,2C1,8,0000100011111101111000001111110111100000110000000000000001001101
42234,52521,51.288395,0BA,5,1100011000000000000000000000000010111110
26927,52550,51.288421,0AA,8,0010010000010011001001000000110100100100000100000010010000000101
21156,52551,51.289222,0B4,8,0000000000000000000000000000000001010000000010010111001110001000
10466,52552,51.289474,260,8,0000000000000000000000000000000000000000111111110111110111100110
15988,52554,51.290077,1C6,8,0000000000000000100000000000000100011000000100110100000000000000
34258,52557,51.294076,1C4,8,0000111011000100000111000000000000000000000000000000000010111011
7876,52559,51.294479,610,8,0010000000000000000110000110010011000000000000000111001001000000
42235,17527,51.295885,0BA,5,0010100100000000000000000000011100101011
6721,52561,51.297561,25,8,0000000000000010000000000000000101111111110101110000000010000110
26928,52562,51.298245,0AA,8,0010010000010001001001000000011100100100000011100010001111111101
42236,35045,51.303374,0BA,5,0100111100000000000000000000000000101110
6722,52565,51.307583,25,8,0000000000000010000000000000000100111111110101110000000001000110
30801,52566,51.307937,24,8,0000001000000100000000011110110101000001111111111000000011100000
26929,52567,51.308239,0AA,8,0010010000010010001001000000110000100100000011010010001111111100
10467,52568,51.309139,260,8,0000000000000000000000000000000000000000111111110111000111011010
21157,52569,51.309376,0B4,8,0000000000000000000000000000000001010100000010010110110110000110
42237,35049,51.310864,0BA,5,1110000000101111011000000000000011100100
18298,52574,51.313216,226,8,0000000000000000000100000000000000000000000000000000000000000000
16550,52575,51.313594,3F9,8,0111010100011000000000100000001010000000000000000000000000010101
34259,52576,51.314066,1C4,8,0000111011000101000111000000000000000000000000000000000010111100
6723,52579,51.31755,25,8,0000000000000010000000000000000111101111110011100000000011101101
12999,52580,51.318125,2C1,8,0000100011111101111000001111110111100000110000000000000001001101
26930,52581,51.318299,0AA,8,0010010000001111001001000000101000100011111111110010001111111011
42238,52556,51.318353,0BA,5,1100011000000000000000000000000010111110
15989,52583,51.320047,1C6,8,0000000000000000100000000000000100011000000100110100000000000000
1349,52584,51.320292,320,8,0000000000100000000000000000000000000000000000000000000001001011
43611,51858,51.324013,423,2,1000100000000
42239,17540,51.325843,0BA,5,0010100100000000000000000000010000101000
6724,52587,51.327536,25,8,0000000000000010000000000000000110101111110100110000000010110010
30802,52588,51.327925,24,8,0000001000000011000000011110110101000001111111111000000011011111
26931,52589,51.328226,0AA,8,0010010000001100001001000000011100100011111110100010001111111010
10468,52590,51.329043,260,8,0000000000000000000000000000000000000000111111110110011011001111
21158,52591,51.329284,0B4,8,0000000000000000000000000000000001011000000010010110100010000101
34803,52594,51.331483,4DF,8,0010000000000000000000000000000100000000000000000000000000000000
13943,52595,51.333133,622,8,0001001000000000000000000000000000000000000000000000000000000000
42240,35069,51.333333,0BA,5,0100111100000000000000000000000000101110
34260,52596,51.334052,1C4,8,0000111011000011000111000000000000000000000000000000000010111010
6725,52601,51.337532,25,8,0000000000000001000000000000000101011111110101110000000001100101
26932,52602,51.338216,0AA,8,0010010000000010001001000000010000100011111101010010001111110000
42241,35072,51.340822,0BA,5,1110000000101111011000000000000011100100
18299,52607,51.341197,226,8,0000000000000000000100000000000000000000000000000000000000000000
6726,52609,51.347553,25,8,0000000000000001000000000000000100001111110011100000000000001100
30803,52610,51.34791,24,8,0000001000000011000000011110111101000001111111011000000011011111
13000,52611,51.348153,2C1,8,0000100011111101110101111111110111010111110000000000000000111011
42242,52582,51.348312,0BA,5,1100011000000000000000000000000010111110
26933,52612,51.348386,0AA,8,0010010000000000001001000000001100100011111110100010001111110000
10469,52613,51.349037,260,8,0000000000000000000000000000000000000000111111110101100111000010
21159,52614,51.349275,0B4,8,0000000000000000000000000000000001011000000010010110100010000101
15990,52615,51.35004,1C6,8,0000000000000000100000000000000100011000000100110100000000000000
28131,52618,51.351655,6C0,8,1110010000000000000000001110000010000000000000000000000000000000
34261,52619,51.354044,1C4,8,0000111011000000000111000000000000000000000000000000000010110111
42243,17549,51.355801,0BA,5,0010100100000000000000000000011100101011
6727,52623,51.35752,25,8,0000000000000001000000000000000111001111110101110000000011010101
26934,52624,51.358204,0AA,8,0010010000000111001001000000001100100011111011110010001111101110
42244,35084,51.363291,0BA,5,0100111100000000000000000000000000101110
6728,52626,51.36752,25,8,0000000000000000000000000000000101111111110100110000000010000000
30804,52627,51.367897,24,8,0000001000000011000000011110111101000001111111011000000011011111
26935,52628,51.368197,0AA,8,0010010000000010001000111111111000100011111011100010001111110011
10470,52629,51.36898,260,8,0000000000000000000000000000000000000000111111110101100111000010
21160,52630,51.369235,0B4,8,0000000000000000000000000000000001011100000010010110001010000011
42245,35090,51.37078,0BA,5,1110000000101111011000000000000011100100
18300,52635,51.373174,226,8,0000000000000000000100000000000000000000000000000000000000000000
34262,52636,51.374029,1C4,8,0000111010110111000111000000000000000000000000000000000010101110
1350,52638,51.374438,320,8,0000000000100000000000000000000000000000000000000000000001001011
6729,52641,51.377506,25,8,0000000000000000000000000000000100111111110101110000000001000100
13001,52642,51.378027,2C1,8,0000100011111101110101111111110111010111110000000000000000111011
42246,52617,51.37827,0BA,5,1100011000000000000000000000000010111110
26936,52643,51.378272,0AA,8,0010001111111110001000111111111100100011111100110010001111101111
15991,52645,51.38001,1C6,8,0000000000000000100000000000000100011000000100110100000000000000
42247,17559,51.385759,0BA,5,0010100100000000000000000000010000101000
6730,52648,51.387527,25,8,0000000000000000000000000000000111101111110011100000000011101011
30805,52650,51.387951,24,8,0000001000000010000000011111001101000001111110111000000011100000
26937,52651,51.388237,0AA,8,0010001111110101001000111111111100100011111011100010001111101011
31681,52652,51.388657,389,8,0000000000100000000000000000000000000000000000000000000000000000
10471,52653,51.388976,260,8,0000000000000000000000000000000000000000111111110101100111000010
21161,52654,51.389219,0B4,8,0000000000000000000000000000000001100000000010010101110010000001
42248,35105,51.393249,0BA,5,0100111100000000000000000000000000101110
34263,52656,51.394047,1C4,8,0000111010110000000111000000000000000000000000000000000010100111
14187,52659,51.396048,442,8,0100001100000010000000000000000000000010000000000000000000000000
6731,52661,51.398523,25,8,0000000000000000000000000000000110101111110101110000000010110100
26938,52662,51.399148,0AA,8,0010001111111000001000111111111100100011111010010010001111100101
42249,35109,51.400738,0BA,5,1110000000101111011000000000000011100100
18301,52665,51.402155,226,8,0000000000000000000100000000000000000000000000000000000000000000
6732,52669,51.407486,25,8,0000111111111111000000000000000101011111110101000000000001101111
30806,52670,51.407895,24,8,0000001000000010000000011111010001000001111110111000000011100001
13002,52671,51.408158,2C1,8,0000100011111101111000001111110111100000110000000000000001001101
42250,52644,51.408228,0BA,5,1100011000000000000000000000000010111110
26939,52672,51.408378,0AA,8,0010001111110011001000111111110100100011111010010010001111100011
10472,52673,51.408957,260,8,0000000000000000000000000000000000000000111111110110011011001111
21162,52674,51.409198,0B4,8,0000000000000000000000000000000001100000000010010101110010000001
15992,52675,51.410004,1C6,8,0000000000000000100000000000000100011000000100110100000000000000
35254,52465,51.411957,3D3,3,111001010000000100001001
34264,52678,51.41404,1C4,8,0000111010101000000111000000000000000000000000000000000010011111
42251,17572,51.415718,0BA,5,0010100100000000000000000000011100101011
6733,52682,51.417483,25,8,0000111111111111000000000000000100011111110111010000000000111000
26940,52683,51.418161,0AA,8,0010001111110010001000111111101000100011111001100010001111100101
1351,52684,51.419142,320,8,0000000000100000000000000000000000000000000000000000000001001011
42252,35127,51.423207,0BA,5,0100111100000000000000000000000000101110
13688,52686,51.424618,4B7,8,1110001101011111001000101111000000001000111010100000000100001000
6734,52688,51.427474,25,8,0000111111111111000000000000000111101111110110100000000000000101
30807,52689,51.427883,24,8,0000001000000010000000011111010001000001111110111000000011100001
26941,52690,51.428153,0AA,8,0010001111110010001000111111000100100011111000110010001111011100
10473,52691,51.428885,260,8,0000000000000000000000000000000000000000111111110101100111000010
21163,52692,51.429132,0B4,8,0000000000000000000000000000000001100100000010010101011110000000
42253,35130,51.430697,0BA,5,1110000000101111011000000000000011100100
18302,52696,51.433133,226,8,0000000000000000000100000000000000000000000000000000000000000000
34265,52697,51.433995,1C4,8,0000111010010110000111000000000000000000000000000000000010001101
6735,52702,51.437465,25,8,0000111111111111000000000000000110111111110110100000000011010101
13003,52703,51.437982,2C1,8,0000100011111101111001001111110111100100110000000000000001010101
42254,52677,51.438186,0BA,5,1100011000000000000000000000000010111110
26942,52704,51.438216,0AA,8,0010001111101111001000111111111000100011111000110010001111100001
15993,52706,51.440117,1C6,8,0000000000000000100000000000000100010111000100110100000000000000
42255,17583,51.445676,0BA,5,0010100100000000000000000000010000101000
6736,52709,51.447485,25,8,0000111111111110000000000000000101101111110111010000000010000111
30808,52710,51.447848,24,8,0000001000000001000000011111010001000001111110101000000011011111
26943,52711,51.448164,0AA,8,0010001111110000001000111111100000100011111000100010001111011111
312,52712,51.44862,38F,8,0000000100000000000000000000000000000000000000000000000000000000
10474,52713,51.448901,260,8,0000000000000000000000000000000000000000111111110101100111000010
21164,52714,51.449142,0B4,8,0000000000000000000000000000000001101000000010010101000101111110
42256,35142,51.453165,0BA,5,0100111100000000000000000000000000101110
34266,52718,51.454109,1C4,8,0000111010001011000111000000000000000000000000000000000010000010
6737,52721,51.457461,25,8,0000111111111110000000000000000100111111111000010000000001011011
26944,52722,51.458143,0AA,8,0010001111110010001000111111100000100011111000000010001111100010
42257,35147,51.460655,0BA,5,1110000000101111011000000000000011100100
18303,52725,51.461115,226,8,0000000000000001000100000000000000000000000000000000000000000000
31300,52726,51.464981,4A6,8,0000000000000000000000000000000000000000000100000000000000000000
6738,52728,51.467445,25,8,0000111111111110000000000000000100001111111000010000000000101011
30809,52729,51.467839,24,8,0000001000000000000000011111011001000001111110101000000011100000
13004,52730,51.468122,2C1,8,0000100011111101110110101111110111011010110000000000000001000001
42258,52705,51.468144,0BA,5,1100011000000000000000000000000010111110
26945,52731,51.468304,0AA,8,0010001111101100001000111111001100100011110111010010001111011101
10475,52732,51.468869,260,8,0000000000000000000000000000000000000000111111110101100111000010
21165,52733,51.469111,0B4,8,0000000000000000000000000000000001101000000010010101000101111110
15994,52736,51.469964,1C6,8,0000000000000000100000000000000100010111000100110100000000000000
1352,52739,51.472105,320,8,0000000000100000000000000000000000000000000000000000000001001011
34267,52740,51.473964,1C4,8,0000111001110111000111000000000000000000000000000000000001101110
42259,17587,51.475634,0BA,5,0010100100000000000000000000011100101011
6739,52743,51.478466,25,8,0000111111111110000000000000000111101111111001100000000000010000
34745,52744,51.478905,380,8,0
26946,52745,51.479141,0AA,8,0010001111100110001000111111000100100011111000000010001111011111
43811,3514,51.482174,3BB,5,1010010100000000000000000000000000000000
42260,35164,51.483123,0BA,5,0100111100000000000000000000000000101110
6740,52750,51.487427,25,8,0000111111111110000000000000000111001111111001100000000011110000
30810,52751,51.487828,24,8,0000001000000000000000011111011001000001111110101000000011100000
26947,52752,51.488141,0AA,8,0010001111101001001000111111000100100011110110110010001111011110
10476,52753,51.488838,260,8,0000000000000000000000000000000000000000111111110110011011001111
13487,52754,51.488993,394,3,0
21166,52755,51.489233,0B4,8,0000000000000000000000000000000001101100000010010100101101111100
42261,35166,51.490613,0BA,5,1110000000101111011000000000000011100100
18304,52759,51.49309,226,8,0000000000000101000100000000000000000000000000000000000000000000
21762,52760,51.493574,443,8,0100110100000010000000000010111100000110000000000000000000000000
34268,52761,51.493957,1C4,8,0000111001101100000111000000000000000000000000000000000001100011
6741,52764,51.497423,25,8,0000111111111110000000000000000110101111111010100000000011010100
13005,52765,51.497947,2C1,8,0000100011111101111001001111110111100100110000000000000001010101
42262,52738,51.498103,0BA,5,1100011000000000000000000000000010111110
26948,52766,51.498202,0AA,8,0010001111101001001000111110101100100011110111000010001111100110
15995,52768,51.499929,1C6,8,0000000000000000100000000000000100010111000100110100000000000000
42263,17601,51.505592,0BA,5,0010100100000000000000000000010000101000
6742,52772,51.507449,25,8,0000111111111101000000000000000101111111111011000000000010100101
30811,52773,51.507811,24,8,0000001000000000000000011111010001000001111101101000000011011010
26949,52774,51.508102,0AA,8,0010001111100110001000111110011000100011110101010010001111100000
10477,52775,51.508785,260,8,0000000000000000000000000000000000000000111111110101100111000010
21167,52776,51.50907,0B4,8,0000000000000000000000000000000001110000000010010100011001111011
42264,35184,51.513082,0BA,5,0100111100000000000000000000000000101110
34269,52779,51.513944,1C4,8,0000111001011001000111000000000000000000000000000000000001010000
6743,52782,51.517415,25,8,0000111111111101000000000000000101101111111011000000000010010101
26950,52783,51.518143,0AA,8,0010001111100100001000111110010100100011110111100010001111011111
42265,35189,51.520571,0BA,5,1110000000101111011000000000000011100100
18305,52787,51.521071,226,8,0000000000000110000100000000000000000000000000000000000000000000
1353,52788,51.522071,320,8,0000000000100000000000000000000000000000000000000000000001001011
6744,52790,51.527429,25,8,0000111111111101000000000000000101011111111011100000000010000111
30812,52791,51.5278,24,8,0000000111111111000000011111010001000001111101001000000011010110
13006,52792,51.528036,2C1,8,0000100011111101111001111111110111100111110000000000000001011011
42266,52767,51.528061,0BA,5,1100011000000000000000000000000010111110
26951,52793,51.528271,0AA,8,0010001111100000001000111110001100100011110110000010001111010110
10478,52794,51.528718,260,8,0000000000000000000000000000000000000000111111110101100111000010
21168,52795,51.529057,0B4,8,0000000000000000000000000000000001110000000010010100011001111011
15996,52796,51.529927,1C6,8,0000000000000000100000000000000100010111000100110100000000000000
35372,882,51.531498,386,7,01001110000000000000000000000000000000000000000010110001
34270,52800,51.53393,1C4,8,0000111001010000000111000000000000000000000000000000000001000111
42267,17609,51.53555,0BA,5,0010100100000000000000000000011100101011
6745,52805,51.537393,25,8,0000111111111101000000000000000101011111111100110000000010001100
26952,52806,51.538122,0AA,8,0010001111011011001000111101111100100011110101000010001111011001
42268,35203,51.54304,0BA,5,0100111100000000000000000000000000101110
6746,52808,51.547386,25,8,0000111111111101000000000000000101011111111101100000000010001111
30813,52809,51.54779,24,8,0000000111111111000000011111000101000001111110001000000011010111
26953,52810,51.548102,0AA,8,0010001111011110001000111101110100100011110100110010001111010110
10479,52811,51.54855,260,8,0000000000000000000000000000000000000000111111110111000111011010
21169,52812,51.549047,0B4,8,0000000000000000000000000000000001110100000010010100000001111001
42269,35210,51.550529,0BA,5,1110000000101111011000000000000011100100
18306,52817,51.553052,226,8,0000000000001000000100000000000000000000000000000000000000000000
34271,52818,51.553918,1C4,8,0000111001000011000111000000000000000000000000000000000000111010
6747,52821,51.557388,25,8,0000111111111101000000000000000101011111111110000000000010010001
13007,52822,51.557912,2C1,8,0000100011111101110111011111110111011101110000000000000001000111
42270,52798,51.558019,0BA,5,1100011000000000000000000000000010111110
26954,52823,51.558163,0AA,8,0010001111011001001000111101100000100011110100010010001111001110
15997,52825,51.559901,1C6,8,0000000000000000100000000000000100010111000100110100000000000000
232,52826,51.560151,3B7,8,1000
11135,52827,51.563868,620,8,0001000000000000000000000000000000000000000000000000000000000000
16551,52828,51.564105,3F9,8,0111010100011000000000100000001010000000000000000000000000010101
42271,17621,51.565508,0BA,5,0010100100000000000000000000010000101000
6748,52830,51.567376,25,8,0000111111111101000000000000000101011111111110010000000010010010
30814,52831,51.567777,24,8,0000000111111111000000011111000101000001111110001000000011010111
26955,52833,51.568188,0AA,8,0010001111010101001000111101110100100011110011110010001111010000
10480,52834,51.568534,260,8,0000000000000000000000000000000000000000111111111000100111110010
21170,52835,51.569033,0B4,8,0000000000000000000000000000000001111000000010010011101101111000
1354,52837,51.571037,320,8,0000000000100000000000000000000000000000000000000000000001001011
14267,52839,51.572035,60.0,8,1010000100000000000000000000000000000000011100000000000000000000
42272,35226,51.572998,0BA,5,0100111100000000000000000000000000101110
34272,52841,51.573905,1C4,8,0000111000111100000111000000000000000000000000000000000000110011
6749,52844,51.578399,25,8,0000111111111101000000000000000101011111111110100000000010010011
26956,52845,51.579014,0AA,8,0010001111001111001000111101101000100011110010010010001111001111
42273,35228,51.580488,0BA,5,1110000000101111011000000000000011100100
18307,52848,51.582035,226,8,0000000000001100000100000000000000000000000000000000000000000000
6750,52852,51.587393,25,8,0000111111111101000000000000000101011111111110110000000010010100
30815,52853,51.587762,24,8,0000000111111111000000011110111101000001111110101000000011010111
42274,52824,51.587977,0BA,5,1100011000000000000000000000000010111110
13008,52854,51.587998,2C1,8,0000100011111101111001111111110111100111110000000000000001011011
26957,52855,51.588235,0AA,8,0010001111001011001000111101010000100011110001010010001111010000
10481,52856,51.588536,260,8,0000000000000000000000000000000000000000111111111011100000100001
21171,52857,51.589018,0B4,8,0000000000000000000000000000000001111000000010010011010101110010
15998,52858,51.589891,1C6,8,0000000000000000100000000000000100010111000100110100000000000000
7764,52861,51.593525,435,8,1000000000000101000001011111111111100000001111110000000000000011
34273,52862,51.593897,1C4,8,0000111000111000000111000000000000000000000000000000000000101111
42275,17630,51.595467,0BA,5,0010100100000000000000000000011100101011
31541,52864,51.596054,44D,8,0100001000000010000000000000000000000001000000000000000000000000
6751,52866,51.597363,25,8,0000111111111101000000000000000101011111111110110000000010010100
26958,52867,51.598031,0AA,8,0010001111001001001000111101001100100011101111110010001111001010
10954,52869,51.600526,436,8,0
42276,35244,51.602956,0BA,5,0100111100000000000000000000000000101110
6752,52872,51.607351,25,8,0000111111111101000000000000000101011111111111000000000010010101
30816,52873,51.607771,24,8,0000000111111110000000011110110101000001111110111000000011010101
26959,52874,51.608023,0AA,8,0010001111000110001000111100101100100011110001010010001111001000
10482,52875,51.608421,260,8,0000000000000000000000000000000000000000000000000000000001101010
21172,52876,51.609011,0B4,8,0000000000000000000000000000000001111100000010010010111101110000
42277,35248,51.610446,0BA,5,1110000000101111011000000000000011100100
18308,52880,51.613005,226,8,0000000000001011000100000000000000100000000000000000000000000000
34274,52882,51.613881,1C4,8,0000111000110010000111000000000000000000000000000000000000101001
13009,52885,51.617874,2C1,8,0000100011111101110111011111110111011101110000000000000001000111
42278,52860,51.617935,0BA,5,1100011000000000000000000000000010111110
6753,52887,51.618459,25,8,0000111111111101000000000000000101011111111111000000000010010101
26960,52888,51.618986,0AA,8,0010001111000011001000111100110100100011101110110010001111000100
15999,52889,51.619858,1C6,8,0000000000000000100000000000000100010111000100111100000000000000
1355,52892,51.621002,320,8,0000000000100000000000000000000000000000000000000000000001001011
16335,52893,51.623179,4C1,8,0000000100000000000000010000000100000000000000000000000000000000
42279,17641,51.625425,0BA,5,0010100100000000000000000000010000101000
6754,52895,51.627332,25,8,0000111111111101000000000000000101011111111111010000000010010110
30817,52896,51.627763,24,8,0000000111111111000000011110110101000001111111011000000011011000
26961,52897,51.628011,0AA,8,0010001110111111001000111100101000100011101110100010001111001010
10483,52898,51.628384,260,8,0000000000000000000000000000000000000000000000000010001110001101
13820,52899,51.628628,434,8,0100001000000000000000000000000000000000000000000000000000000000
21173,52900,51.628992,0B4,8,0000000000000000000000000000000010000000000010010010101001101111
42280,35264,51.632914,0BA,5,0100111100000000000000000000000000101110
34275,52905,51.633877,1C4,8,0000111000110001000111000000000000000000000000000000000000101000
34915,52907,51.634274,3C3,8,0100011000011110100100110100111000000000000000000000000000000000
28211,52908,51.635499,437,8,1111110011111111111111111111111111111111111111111111111111111111
6755,52911,51.637327,25,8,0000111111111101000000000000000101011111111111010000000010010110
26962,52912,51.638003,0AA,8,0010001110111010001000111100100100100011101011010010001111000100
42281,35269,51.640404,0BA,5,1110000000101111011000000000000011100100
18309,52915,51.640986,226,8,0000000000001010000100000000000000100000000000000000000000000000
6756,52917,51.647348,25,8,0000111111111101000000000000000101011111111111010000000010010110
30818,52918,51.647724,24,8,0000000111111111000000011110110101000001111110111000000011010110
42282,52890,51.647893,0BA,5,1100011000000000000000000000000010111110
13010,52919,51.647961,2C1,8,0000100011111101110111011111110111011101110000000000000001000111
26963,52920,51.648183,0AA,8,0010001110110110001000111100010100100011101101000010001110111111
10484,52921,51.648434,260,8,0000000000000000000000000000000000000000000000000010001110001101
21174,52922,51.648977,0B4,8,0000000000000000000000000000000010000000000010010010010001101001
16000,52924,51.649911,1C6,8,0000000000000000100000000000000011110111000100111100000000000000
28132,52926,51.650945,6C0,8,1110010000000000000000001110000010000000000000000000000000000000
34276,52928,51.653853,1C4,8,0000111000101110000111000000000000000000000000000000000000100101
42283,17647,51.655383,0BA,5,0010100100000000000000000000011100101011
6757,52931,51.657314,25,8,0000111111111101000000000000000101011111111111010000000010010110
26964,52932,51.657987,0AA,8,0010001110110100001000111100000000100011101011110010001110110100
43612,3454,51.659464,423,2,11100000000
42284,35283,51.662872,0BA,5,0100111100000000000000000000000000101110
6758,52937,51.667309,25,8,0000111111111101000000000000000101011111111111100000000010010111
30819,52938,51.66771,24,8,0000000111111111000000011110110001000001111110101000000011010100
26965,52939,51.667983,0AA,8,0010001110110010001000111011111100100011101011010010001110111000
10485,52940,51.668404,260,8,0000000000000000000000000000000000000000000000000010001110001101
21175,52941,51.668964,0B4,8,0000000000000000000000000000000010000100000010010001111001100111
42285,35286,51.670362,0BA,5,1110000000101111011000000000000011100100
35255,6538,51.671613,3D3,3,011011000000001000000000
18310,52945,51.672971,226,8,0000000000001100000100000000000000100000000000000000000000000000
34277,52946,51.673847,1C4,8,0000111000101100000111000000000000000000000000000000000000100011
1356,52948,51.674258,320,8,0000000000100000000000000000000000000000000000000000000001001011
42286,52927,51.677852,0BA,5,1100011000000000000000000000000010111110
13011,52950,51.678185,2C1,8,0000100011111101110111011111110111011101110000000000000001000111
6759,52951,51.678399,25,8,0000111111111101000000000000000101011111111111100000000010010111
26966,52952,51.678946,0AA,8,0010001110101111001000111011101100100011101000010010001110101100
16001,52953,51.679823,1C6,8,0000000000000000100000000000000011001001000100111100000000000000
42287,17661,51.685341,0BA,5,0010100100000000000000000000010000101000
6760,52958,51.687299,25,8,0000111111111101000000000000000101011111111111100000000010010111
30820,52959,51.6877,24,8,0000000111111111000000011110101001000001111110111000000011010011
26967,52960,51.687967,0AA,8,0010001110101101001000111011011000100011101001100010001110101110
10486,52961,51.688308,260,8,0000000000000000000000000000000000000000000000000000000001101010
21176,52962,51.688955,0B4,8,0000000000000000000000000000000010001000000010010001100101100110
42288,35307,51.692831,0BA,5,0100111100000000000000000000000000101110
34278,52965,51.693832,1C4,8,0000111000101011000111000000000000000000000000000000000000100010
6761,52968,51.697288,25,8,0000111111111101000000000000000101011111111111100000000010010111
26968,52969,51.69796,0AA,8,0010001110101010001000111011111100100011101001100010001110100101
42289,35311,51.70032,0BA,5,1110000000101111011000000000000011100100
18311,52974,51.700953,226,8,0000000000001111000100000000000000100000000000000000000000000000
14188,52975,51.704692,442,8,0100001100000010000000000000000000000010000000000000000000000000
6762,52977,51.707306,25,8,0000111111111101000000000000000101011111111111100000000010010111
30821,52978,51.707688,24,8,0000000111111111000000011110101001000001111111011000000011010101
42290,52954,51.70781,0BA,5,1100011000000000000000000000000010111110
13012,52979,51.707924,2C1,8,0000100011111101110111011111110111011101110000000000000001000111
26969,52980,51.708166,0AA,8,0010001110101011001000111011000000100011101000110010001110101000
10487,52981,51.708398,260,8,0000000000000000000000000000000000000000111111111100010100101110
21177,52982,51.708941,0B4,8,0000000000000000000000000000000010001000000010010001001101100000
16002,52983,51.709819,1C6,8,0000000000000000100000000000000010011110000100111100000000000000
34279,52986,51.713854,1C4,8,0000111000100111000111000000000000000000000000000000000000011110
42291,17670,51.715299,0BA,5,0010100100000000000000000000011100101011
6763,52990,51.717278,25,8,0000111111111101000000000000000101011111111111100000000010010111
26970,52991,51.717945,0AA,8,0010001110100110001000111010111100100011100111100010001110100100
1357,52992,51.71894,320,8,0000000000100000000000000000000000000000000000000000000001001011
42292,35326,51.722789,0BA,5,0100111100000000000000000000000000101110
6764,52995,51.727264,25,8,0000111111111101000000000000000101011111111111100000000010010111
30822,52997,51.727676,24,8,0000000111111111000000011110101001000001111111011000000011010101
26971,52998,51.727937,0AA,8,0010001110100101001000111010101100100011100110010010001110100010
10488,52999,51.728268,260,8,0000000000000000000000000000000000000000111111111010110100010110
21178,53000,51.728925,0B4,8,0000000000000000000000000000000010001100000010010000111001011111
42293,35332,51.730278,0BA,5,1110000000101111011000000000000011100100
18312,53005,51.732923,226,8,0000000000010011000100000000000000100000000000000000000000000000
34280,53006,51.733808,1C4,8,0000111000100100000111000000000000000000000000000000000000011011
6765,53010,51.737265,25,8,0000111111111101000000000000000101011111111111100000000010010111
42294,52985,51.737768,0BA,5,1100011000000000000000000000000010111110
13013,53011,51.737802,2C1,8,0000100011111101111000001111110111100000110000000000000001001101
26972,53012,51.738037,0AA,8,0010001110100001001000111010011000100011101000000010001110100000
14009,53013,51.738442,38E,8,0
16003,53015,51.73985,1C6,8,0000000000000000100000000000000001110001000101001100000000000000
42295,17680,51.745257,0BA,5,0010100100000000000000000000010000101000
6766,53017,51.747252,25,8,0000111111111101000000000000000101011111111111100000000010010111
30823,53018,51.747663,24,8,0000000111111111000000011110100001000001111111011000000011010011
26973,53019,51.74793,0AA,8,0010001110011111001000111010010000100011100110110010001110011111
10489,53021,51.748354,260,8,0000000000000000000000000000000000000000111111111010000100001010
21179,53022,51.748914,0B4,8,0000000000000000000000000000000010010000000010010000100001011101
42296,35348,51.752747,0BA,5,0100111100000000000000000000000000101110
34281,53025,51.753853,1C4,8,0000111000011100000111000000000000000000000000000000000000010011
6767,53028,51.758279,25,8,0000111111111101000000000000000101011111111111110000000010011000
26974,53029,51.758891,0AA,8,0010001110011011001000111001110100100011100100100010001110100000
42297,35352,51.760237,0BA,5,1110000000101111011000000000000011100100
18313,53032,51.761908,226,8,0000000000011000000100000000000000100000000000000000000000000000
6768,53036,51.767239,25,8,0000111111111101000000000000000101011111111111110000000010011000
30824,53037,51.76765,24,8,0000000111111111000000011110100001000001111111011000000011010011
42298,53014,51.767726,0BA,5,1100011000000000000000000000000010111110
13014,53038,51.767886,2C1,8,0000100011111101110110101111110111011010110000000000000001000001
26975,53039,51.768154,0AA,8,0010001110011010001000111001011100100011100010110010001110011110
10490,53040,51.76835,260,8,0000000000000000000000000000000000000000111111111010000100001010
21180,53041,51.768898,0B4,8,0000000000000000000000000000000010010000000010010000001001010111
16004,53042,51.769781,1C6,8,0000000000000000100000000000000000111100000101001100000000000000
1358,53045,51.771907,320,8,0000000000100000000000000000000000000000000000000000000001001011
34282,53046,51.773782,1C4,8,0000111000010111000111000000000000000000000000000000000000001110
42299,17688,51.775216,0BA,5,0010100100000000000000000000011100101011
6769,53049,51.778267,25,8,0000111111111101000000000000000101011111111111110000000010011000
26976,53050,51.77888,0AA,8,0010001110010101001000111001010000100011100100000010001110011010
43812,52007,51.779759,3BB,5,0111000000000000000000001010010100000000
42300,35372,51.782705,0BA,5,0100111100000000000000000000000000101110
6770,53054,51.787227,25,8,0000111111111101000000000000000101011111111111110000000010011000
30825,53055,51.787644,24,8,0000000111111111000000011110011001000001111110111000000011001111
26977,53056,51.7879,0AA,8,0010001110010001001000111001001000100011100100010010001110001101
10491,53057,51.788149,260,8,0000000000000000000000000000000000000000111111111001010111111110
13488,53058,51.788295,394,3,0
21181,53059,51.788886,0B4,8,0000000000000000000000000000000010010100000010001111011101001111
42301,35375,51.790195,0BA,5,1110000000101111011000000000000011100100
18314,53064,51.792887,226,8,0000000000011011000100000000000000100000000000000000000000000000
34283,53065,51.79378,1C4,8,0000111000001000000111000000000000000000000000000000000011111111
7877,53067,51.794596,610,8,0010000010000000000101110110010011000000000000000000000001000000
6771,53070,51.797277,25,8,0000111111111101000000000000000101011111111111110000000010011000
42302,53044,51.797684,0BA,5,1100011000000000000000000000000010111110
13015,53071,51.797764,2C1,8,0000100011111101110110101111110111011010110000000000000001000001
26978,53072,51.797989,0AA,8,0010001110001111001000111000110000100011100010110010001110001011
13754,53074,51.799421,3A5,8,100000000
16005,53075,51.799751,1C6,8,0000000000000000100000000000000000001010000101001100000000000000
21763,53076,51.80341,443,8,0100110100000010000000000010111100000110000000000000000000000000
42303,17702,51.805174,0BA,5,0010100100000000000000000000010000101000
31362,53077,51.806581,640,8,1010100000000000000000000011011100000001111000000000000000000000
6772,53079,51.807217,25,8,0000111111111101000000000000000101011111111111110000000010011000
30826,53080,51.807649,24,8,0000001000000000000000011110011001000001111110111000000011010001
26979,53081,51.807887,0AA,8,0010001110000110001000111000101000100011100000100010001110000101
10492,53082,51.808152,260,8,0000000000000000000000000000000000000000111111111001010111111110
21182,53083,51.808872,0B4,8,0000000000000000000000000000000010011000000010001111000101001101
42304,35389,51.812663,0BA,5,0100111100000000000000000000000000101110
16552,53086,51.813396,3F9,8,0111010100011000000000100000001010000000000000000000000000010101
34284,53088,51.813819,1C4,8,0000110111111111000111000000000000000000000000000000000011110101
6773,53091,51.818236,25,8,0000111111111101000000000000000101011111111111110000000010011000
26980,53092,51.818852,0AA,8,0010001110000111001000111000011100100011100001000010001110001000
42305,35395,51.820153,0BA,5,1110000000101111011000000000000011100100
18315,53095,51.821859,226,8,0000000000011101000100000000000000100000000000000000000000000000
1359,53096,51.822866,320,8,0000000000100000000000000000000000000000000000000000000001001011
6774,53098,51.827207,25,8,0000111111111101000000000000000101011111111111110000000010011000
30827,53099,51.827637,24,8,0000000111111111000000011110010101000001111111011000000011010000
42306,53073,51.827642,0BA,5,1100011000000000000000000000000010111110
13016,53100,51.827874,2C1,8,0000100011111101110110101111110111011010110000000000000001000001
26981,53101,51.828153,0AA,8,0010001110000001001000111000010100100011100000100010001101111100
10493,53102,51.828351,260,8,0000000000000000000000000000000000000000111111111000100111110010
35048,53103,51.828594,413,8,0000000100000001000000010000100100000000000000000000000000000000
21183,53104,51.828854,0B4,8,0000000000000000000000000000000010011000000010001110011001000010
16006,53105,51.829741,1C6,8,0000000000000000100000001111111111011100000101011100000000000000
34285,53111,51.83375,1C4,8,0000110111110100000111000000000000000000000000000000000011101010
42307,17708,51.835132,0BA,5,0010100100000000000000000000011100101011
6775,53114,51.837195,25,8,0000111111111101000000000000000101011111111111110000000010011000
26982,53115,51.837865,0AA,8,0010001110000010001000111000010100100011011101110010001101111010
42308,35411,51.842622,0BA,5,0100111100000000000000000000000000101110
6776,53118,51.847186,25,8,0000111111111101000000000000000101011111111111110000000010011000
30828,53119,51.847603,24,8,0000000111111111000000011110011001000001111111111000000011010011
26983,53120,51.847861,0AA,8,0010001110000010001000110111111000100011011011100010001101111001
10494,53121,51.848164,260,8,0000000000000000000000000000000000000000111111111000100111110010
21184,53122,51.848843,0B4,8,0000000000000000000000000000000010011100000010001110000101000001
42309,35414,51.850111,0BA,5,1110000000101111011000000000000011100100
18316,53126,51.852845,226,8,0000000000011111000100000000000000100000000000000000000000000000
13628,53127,51.853576,4DD,8,0001111000000000000000000000000000000000000000000000000000000000
34286,53128,51.853815,1C4,8,0000110111011110000111000000000000000000000000000000000011010100
6777,53132,51.857184,25,8,0000111111111101000000000000000101011111111111110000000010011000
42310,53109,51.857601,0BA,5,1100011000000000000000000000000010111110
13017,53133,51.857729,2C1,8,0000100011111101110110101111110111011010110000000000000001000001
26984,53134,51.857956,0AA,8,0010001101111010001000111000000000100011011011110010001101111001
16007,53136,51.859718,1C6,8,0000000000000000100000001111111111000011000101011100000000000000
233,53137,51.859968,3B7,8,1000
11136,53139,51.863524,620,8,0001000000000000000000000000000000000000000000000000000000000000
42311,17722,51.86509,0BA,5,0010100100000000000000000000010000101000
6778,53141,51.867174,25,8,0000111111111101000000000000000101011111111111110000000010011000
30829,53142,51.867591,24,8,0000000111111111000000011110011001000001111111111000000011010011
10495,53143,51.867851,260,8,0000000000000000000000000000000000000000111111111000100111110010
26985,53144,51.868136,0AA,8,0010001101110010001000110111110100100011011010100010001101110000
21185,53145,51.868835,0B4,8,0000000000000000000000000000000010100000000010001101101100111111
1360,53147,51.870838,320,8,0000000000100000000000000000000000000000000000000000000001001011
42312,35430,51.87258,0BA,5,0100111100000000000000000000000000101110
34287,53149,51.873717,1C4,8,0000110111010001000111000000000000000000000000000000000011000111
6779,53152,51.878198,25,8,0000111111111101000000000000000101011111111111110000000010011000
26986,53153,51.878811,0AA,8,0010001101101100001000110111011100100011011011000010001101101111
42313,35433,51.880069,0BA,5,1110000000101111011000000000000011100100
18317,53157,51.881827,226,8,0000000000011111000100000000000000100000000000000000000000000000
6780,53160,51.887176,25,8,0000111111111101000000000000000101011111111111110000000010011000
42314,53135,51.887559,0BA,5,1100011000000000000000000000000010111110
30830,53161,51.887578,24,8,0000000111111111000000011110100001000001111111011000000011010011
10496,53162,51.887823,260,8,0000000000000000000000000000000000000000111111111000100111110010
26987,53163,51.888048,0AA,8,0010001101101111001000110110111100100011010111100010001101101110
13018,53164,51.888311,2C1,8,0000100011111101110110101111110111011010110000000000000001000001
21186,53165,51.888824,0B4,8,0000000000000000000000000000000010100000000010001101010100111001
16008,53166,51.889706,1C6,8,0000000000000000100000001111111110101011000101011100000000000000
34288,53169,51.893706,1C4,8,0000110111000100000111000000000000000000000000000000000010111010
42315,17730,51.895048,0BA,5,0010100100000000000000000000011100101011
6781,53174,51.898186,25,8,0000111111111101000000000000000101011111111111110000000010011000
26988,53175,51.898803,0AA,8,0010001101101111001000110110100000100011011000000010001101110001
42316,35450,51.902538,0BA,5,0100111100000000000000000000000000101110
31542,53176,51.905384,44D,8,0100001000000010000000000000000000000001000000000000000000000000
6782,53178,51.907144,25,8,0000111111111101000000000000000101011111111111110000000010011000
30831,53179,51.907563,24,8,0000000111111111000000011110011001000001111111011000000011010001
10497,53180,51.907806,260,8,0000000000000000000000000000000000000000111111111000100111110010
26989,53181,51.908031,0AA,8,0010001101100011001000110110100100100011010111010010001101100111
21187,53182,51.90881,0B4,8,0000000000000000000000000000000010100100000010001101000000111000
42317,35455,51.910027,0BA,5,1110000000101111011000000000000011100100
18318,53187,51.912802,226,8,0000000000011111000100000000000000100000000000000000000000000000
34289,53189,51.913691,1C4,8,0000110110101010000111000000000000000000000000000000000010100000
27850,53191,51.914102,420,8,0000000000000000000000000000000011111111000000001000000010101011
31621,53192,51.915321,633,8,1000000100000000000000000000000000000000000000000000000000000000
42318,53168,51.917517,0BA,5,1100011000000000000000000000000010111110
13019,53193,51.917688,2C1,8,0000100011111101110111011111110111011101110000000000000001000111
6783,53195,51.918274,25,8,0000111111111101000000000000000101011111111111110000000010011000
26990,53196,51.918783,0AA,8,0010001101011101001000110111000000100011010110110010001101100010
16009,53197,51.919669,1C6,8,0000000000000000100000001111111110010110000101011100000000000000
1361,53199,51.920802,320,8,0000000000100000000000000000000000000000000000000000000001001011
42319,17739,51.925007,0BA,5,0010100100000000000000000000010000101000
6784,53202,51.92713,25,8,0000111111111101000000000000000101011111111111110000000010011000
30832,53203,51.927553,24,8,0000000111111111000000011110011001000001111111111000000011010011
10498,53204,51.927798,260,8,0000000000000000000000000000000000000000111111111000100111110010
26991,53205,51.928021,0AA,8,0010001101010111001000110110111100100011010101000010001101011011
21188,53207,51.928792,0B4,8,0000000000000000000000000000000010101000000010001100010000110000
43450,292,51.931064,3000000.0,6,110000010000110000100110000000010000000000000000
35256,52993,51.931269,3D3,3,111001010000000000000011
42320,35473,51.932496,0BA,5,0100111100000000000000000000000000101110
7644,53211,51.93307,3BC,8,0
34290,53212,51.933681,1C4,8,0000110110011100000111000000000000000000000000000000000010010010
6785,53215,51.937127,25,8,0000111111111101000000000000000101011111111111110000000010011000
26992,53216,51.937799,0AA,8,0010001101011001001000110110100000100011010100100010001101011110
42321,35476,51.939986,0BA,5,1110000000101111011000000000000011100100
18319,53219,51.940782,226,8,0000000000011101000100000000000000100000000000000000000000000000
6786,53222,51.947147,25,8,0000111111111101000000000000000101011111111111110000000010011000
42322,53198,51.947475,0BA,5,1100011000000000000000000000000010111110
30833,53223,51.947541,24,8,0000000111111111000000011110011001000001111110111000000011001111
26993,53224,51.947767,0AA,8,0010001101010100001000110101011100100011010010100010001101001110
10499,53225,51.948011,260,8,0000000000000000000000000000000000000000111111111001010111111110
13020,53226,51.948256,2C1,8,0000100011111101110101111111110111010111110000000000000000111011
21189,53227,51.948777,0B4,8,0000000000000000000000000000000010101000000010001011111100101011
16010,53228,51.949664,1C6,8,0000000000000000100000001111111110010001000101101100000000000000
28133,53230,51.950246,6C0,8,1110010000000000000000001110000010000000000000000000000000000000
34291,53232,51.953679,1C4,8,0000110110000100000111000000000000000000000000000000000001111010
42323,17748,51.954965,0BA,5,0010100100000000000000000000011100101011
6787,53235,51.958181,25,8,0000111111111101000000000000000101011111111111110000000010011000
27911,53236,51.958613,4DC,8,0001110100000000000000000000000000000000000000000000000000000000
26994,53237,51.958837,0AA,8,0010001101010001001000110101001000100011010010110010001101001110
42324,35494,51.962454,0BA,5,0100111100000000000000000000000000101110
6788,53241,51.967108,25,8,0000111111111101000000000000000101011111111111110000000010011000
30834,53242,51.967532,24,8,0000000111111111000000011110011001000001111110111000000011001111
10500,53243,51.967778,260,8,0000000000000000000000000000000000000000111111110111110111100110
26995,53244,51.968007,0AA,8,0010001101001001001000110101000000100011010001110010001101000111
21190,53245,51.968767,0B4,8,0000000000000000000000000000000010101100000010001011100100101001
42325,35497,51.969944,0BA,5,1110000000101111011000000000000011100100
18320,53249,51.972761,226,8,0000000000011101000100000000000000100000000000000000000000000000
34292,53250,51.973661,1C4,8,0000110101110111000111000000000000000000000000000000000001101101
1362,53252,51.974072,320,8,0000000000100000000000000000000000000000000000000000000001001011
6789,53254,51.977104,25,8,0000111111111101000000000000000101011111111111110000000010011000
42326,53231,51.977433,0BA,5,1100011000000000000000000000000010111110
13021,53256,51.977657,2C1,8,0000100011111101110101111111110111010111110000000000000000111011
26996,53257,51.977882,0AA,8,0010001101000101001000110101001100100011010001010010001101001000
1575,53258,51.978298,6F3,8,0010000000000000000000000000000000000000000000000000000000000000
16011,53260,51.979642,1C6,8,0000000000000000100000001111111110010100000101101100000000000000
42327,17760,51.984923,0BA,5,0010100100000000000000000000010000101000
6790,53264,51.987125,25,8,0000111111111101000000000000000101001111111111110000000010001000
30835,53265,51.987519,24,8,0000001000000000000000011110001101000001111111011000000011010000
26997,53266,51.987744,0AA,8,0010001101000100001000110100111100100011001111010010001101000011
10501,53267,51.987989,260,8,0000000000000000000000000000000000000000111111111000100111110010
21191,53268,51.988752,0B4,8,0000000000000000000000000000000010101100000010001010111000011110
42328,35512,51.992412,0BA,5,0100111100000000000000000000000000101110
13568,53271,51.992942,399,8,0000000000000000000000000000000000000000111111110000000000000000
34293,53273,51.993751,1C4,8,0000110101101101000111000000000000000000000000000000000001100011
43613,13286,51.994915,423,2,10101000010011
6791,53276,51.997092,25,8,0000111111111101000000000000000101001111111111110000000010001000
26998,53277,51.997761,0AA,8,0010001101000010001000110100100100100011001111110010001101000011
42329,35518,51.999902,0BA,5,1110000000101111011000000000000011100100
18321,53280,52.000751,226,8,0000000000011111000100000000000000100000000000000000000000000000
11216,53281,52.005861,39A,8,0000000000000000000000000000000100000000000000000000000000000000
6792,53283,52.007111,25,8,0000111111111101000000000000000101000000000000000000000001111010
42330,53259,52.007391,0BA,5,1100011000000000000000000000000010111110
30836,53284,52.007534,24,8,0000000111111111000000011110001101000001111111011000000011001110
26999,53285,52.007762,0AA,8,0010001101000000001000110100000100100011001110010010001100111100
10502,53286,52.008009,260,8,0000000000000000000000000000000000000000111111110111110111100110
13022,53287,52.008348,2C1,8,0000100011111101110101111111110111010111110000000000000000111011
21192,53289,52.00875,0B4,8,0000000000000000000000000000000010110000000010001010100000011100
16012,53290,52.009634,1C6,8,0000000000000000100000001111111110010111000101101100000000000000
14189,53294,52.013339,442,8,0100001100000010000000000000000000000010000000000000000000000000
52,53295,52.013585,3B1,8,0000000000000000000000100000101000000000000010000000000000000000
34294,53296,52.013826,1C4,8,0000110101011001000111000000000000000000000000000000000001001111
42331,17766,52.014881,0BA,5,0010100100000000000000000000011100101011
6793,53299,52.017084,25,8,0000111111111101000000000000000101000000000000000000000001111010
27000,53300,52.01775,0AA,8,0010001100111010001000110011110100100011001110010010001100111011
1363,53301,52.018744,320,8,0000000000100000000000000000000000000000000000000000000001001011
42332,35536,52.022371,0BA,5,0100111100000000000000000000000000101110
6794,53305,52.027074,25,8,0000111111111101000000000000000101000000000000000000000001111010
30837,53306,52.027521,24,8,0000000111111111000000011110001101000001111111011000000011001110
27001,53307,52.027746,0AA,8,0010001100111101001000110011100100100011001011100010001100110111
10503,53308,52.027988,260,8,0000000000000000000000000000000000000000111111110111000111011010
21193,53309,52.02873,0B4,8,0000000000000000000000000000000010110100000010001001110100010101
42333,35538,52.02986,0BA,5,1110000000101111011000000000000011100100
18322,53313,52.032726,226,8,0000000000011110000100000000000000100000000000000000000000000000
34295,53314,52.033629,1C4,8,0000110101010001000111000000000000000000000000000000000001000111
6795,53318,52.037068,25,8,0000111111111101000000000000000101000000000000000000000001111010
42334,53293,52.03735,0BA,5,1100011000000000000000000000000010111110
13023,53319,52.037618,2C1,8,0000100011111101110011011111110111001101110000000000000000100111
27002,53320,52.037844,0AA,8,0010001100110111001000110011001000100011001010110010001100111010
16013,53323,52.039604,1C6,8,0000000000000000100000001111111110100010000101101100000000000000
42335,17779,52.044839,0BA,5,0010100100000000000000000000010000101000
6796,53326,52.047086,25,8,0000111111111101000000000000000101000000000000000000000001111010
30838,53327,52.047483,24,8,0000001000000000000000011101111101000001111111011000000011001100
27003,53328,52.047707,0AA,8,0010001100110010001000110010101100100011001001010010001100110001
10504,53329,52.047949,260,8,0000000000000000000000000000000000000000111111110111000111011010
21194,53330,52.048715,0B4,8,0000000000000000000000000000000010110100000010001001011100001111
42336,35555,52.052329,0BA,5,0100111100000000000000000000000000101110
34296,53334,52.053614,1C4,8,0000110101001010000111000000000000000000000000000000000001000000
6797,53337,52.057056,25,8,0000111111111101000000000000000101000000000000000000000001111010
27004,53338,52.057723,0AA,8,0010001100101010001000110010011100100011001010010010001100110001
42337,35560,52.059818,0BA,5,1110000000101111011000000000000011100100
18323,53342,52.06071,226,8,0000000000011111000100000000000000100000000000000000000000000000
11277,53343,52.062471,4C8,8,0000100100000000000000000000000000000000000000000000000000000000
16553,53344,52.063697,3F9,8,0111010100011000000000100000001010000000000000000000000000010101
6798,53346,52.067047,25,8,0000111111111101000000000000000100110000000000000000000001101010
42338,53322,52.067308,0BA,5,1100011000000000000000000000000010111110
10505,53347,52.067333,260,8,0000000000000000000000000000000000000000111111110110011011001111
30839,53348,52.067575,24,8,0000001000000000000000011101111001000001111111011000000011001011
27005,53349,52.067799,0AA,8,0010001100100100001000110010010000100011001001010010001100100011
13024,53350,52.068036,2C1,8,0000100011111101110011011111110111001101110000000000000000100111
21195,53352,52.068701,0B4,8,0000000000000000000000000000000010111000000010001000110000001000
16014,53353,52.069606,1C6,8,0000000000000000100000001111111110111100000101111100000000000000
1364,53356,52.071704,320,8,0000000000100000000000000000000000000000000000000000000001001011
34297,53357,52.073606,1C4,8,0000110100111100000111000000000000000000000000000000000000110010
42339,17785,52.074797,0BA,5,0010100100000000000000000000011100101011
6799,53361,52.077047,25,8,0000111111111101000000000000000100110000000000000000000001101010
43813,1782,52.077344,3BB,5,1011101100000000000000000000000000100110
27006,53362,52.077714,0AA,8,0010001100011111001000110010001100100011000111100010001100100000
42340,35574,52.082287,0BA,5,0100111100000000000000000000000000101110
6800,53365,52.087037,25,8,0000111111111101000000000000000100110000000000000000000001101010
10506,53366,52.087301,260,8,0000000000000000000000000000000000000000111111110111000111011010
30840,53367,52.087544,24,8,0000001000000000000000011101111001000001111111011000000011001011
27007,53368,52.087772,0AA,8,0010001100100000001000110001110000100011000101010010001100011001
13489,53369,52.087926,394,3,0
21196,53370,52.088695,0B4,8,0000000000000000000000000000000010111100000010001000011100000111
42341,35580,52.089776,0BA,5,1110000000101111011000000000000011100100
18324,53376,52.092684,226,8,0000000000100001000100000000000000100000000000000000000000000000
34298,53377,52.093587,1C4,8,0000110100110110000111000000000000000000000000000000000000101100
6801,53380,52.097025,25,8,0000111111111101000000000000000100100000000000000000000001011010
42342,53355,52.097266,0BA,5,1100011000000000000000000000000010111110
13025,53381,52.097582,2C1,8,0000100011111101110011011111110111001101110000000000000000100111
27008,53382,52.097807,0AA,8,0010001100011001001000110001100100100011000101110010001100011101
13306,53383,52.098201,30000000.0,7,0
16015,53385,52.099575,1C6,8,0000000000000000100000001111111111010100000101111100000000000000
42343,17798,52.104756,0BA,5,0010100100000000000000000000010000101000
13883,53386,52.105887,4C6,8,0000011100000000000000110000000000000000000000000000000000000000
6802,53388,52.107046,25,8,0000111111111101000000000000000100100000000000000000000001011010
10507,53389,52.107289,260,8,0000000000000000000000000000000000000000111111110100111010110111
30841,53390,52.107535,24,8,0000000111111111000000011101111101000001111111011000000011001010
27009,53391,52.107764,0AA,8,0010001100001111001000110001010100100011000101100010001100010000
21197,53393,52.108675,0B4,8,0000000000000000000000000000000010111100000010000111101111111011
42344,35596,52.112245,0BA,5,0100111100000000000000000000000000101110
21764,53396,52.113192,443,8,0100110100000010000000000010111100000110000000000000000000000000
34299,53397,52.113577,1C4,8,0000110100110000000111000000000000000000000000000000000000100110
6803,53401,52.118041,25,8,0000111111111101000000000000000100100000000000000000000001011010
27010,53402,52.118654,0AA,8,0010001100001001001000110001100000100011000011100010001100010000
42345,35598,52.119735,0BA,5,1110000000101111011000000000000011100100
18325,53405,52.121674,226,8,0000000000100010000100000000000000100000000000000000000000000000
1365,53406,52.122669,320,8,0000000000100000000000000000000000000000000000000000000001001011
6804,53409,52.127004,25,8,0000111111111101000000000000000100010000000000000000000001001010
42346,53384,52.127224,0BA,5,1100011000000000000000000000000010111110
10508,53410,52.127259,260,8,0000000000000000000000000000000000000000111111110101100111000010
30842,53411,52.127502,24,8,0000000111111111000000011101111001000001111111011000000011001001
27011,53412,52.127728,0AA,8,0010001100001001001000110000110100100010111111110010001100001100
13026,53413,52.127968,2C1,8,0000100011111101110001111111110111000111110000000000000000011011
27957,53414,52.128231,300000000.0,8,0
21198,53415,52.128663,0B4,8,0000000000000000000000000000000011000000000010000111011011111010
16016,53416,52.129571,1C6,8,0000000000000000100000001111111111101010000101111100000000000000
35373,17456,52.130701,386,7,10100100000000000000000000000000000000000000000010000000
34988,53420,52.132662,4C3,8,0000001100000000000000000000000100000000000000000000000000000000
34300,53421,52.133569,1C4,8,0000110100100100000111000000000000000000000000000000000000011010
34916,53423,52.134219,3C3,8,0100011000011110100100110100111000000000000000000000000000000000
42347,17809,52.134714,0BA,5,0010100100000000000000000000011100101011
6805,53425,52.137,25,8,0000111111111101000000000000000100000000000000000000000000111010
27012,53426,52.137674,0AA,8,0010001100001100001000110000101000100010111110110010001100001010
42348,35617,52.142203,0BA,5,0100111100000000000000000000000000101110
6806,53429,52.146993,25,8,0000111111111101000000000000000111110000000000000000000000101010
10509,53430,52.147236,260,8,0000000000000000000000000000000000000000111111110011011010011111
30843,53431,52.147478,24,8,0000001000000000000000011101110001000001111110111000000011000111
27013,53432,52.147708,0AA,8,0010001100001010001000110000010100100010111110010010001100000100
21199,53433,52.148649,0B4,8,0000000000000000000000000000000011000000000010000110101011101110
42349,35621,52.149693,0BA,5,1110000000101111011000000000000011100100
18326,53437,52.152645,226,8,0000000000100001000100000000000000100000000000000000000000000000
34301,53438,52.153549,1C4,8,0000110100011101000111000000000000000000000000000000000000010011
6807,53442,52.156991,25,8,0000111111111101000000000000000111110000000000000000000000101010
42350,53418,52.157182,0BA,5,1100011000000000000000000000000010111110
13027,53444,52.157554,2C1,8,0000100011111101110001111111110111000111110000000000000000011011
27014,53445,52.157787,0AA,8,0010001100000001001000110000000100100010111110010010001011111010
27937,53446,52.15819,3000000000.0,8,0
16017,53448,52.15954,1C6,8,0000000000000000100000000000000000011001000101111100000000000000
234,53449,52.15979,3B7,8,1000
7705,53450,52.16321,611,8,0010000100000000000000000001000000000000000000000011110101101100
42351,17821,52.164672,0BA,5,0010100100000000000000000000010000101000
6808,53453,52.166986,25,8,0000111111111101000000000000000111101111111111010000000000100110
10510,53454,52.167229,260,8,0000000000000000000000000000000000000000111111110001111010000111
30844,53455,52.167472,24,8,0000001000000000000000011101111101000001111110111000000011001010
27015,53456,52.167708,0AA,8,0010001011111001001000101111110000100010111011100010001011111001
21200,53457,52.168639,0B4,8,0000000000000000000000000000000011000100000010000110010111101101
1366,53459,52.170641,320,8,0000000000100000000000000000000000000000000000000000000001001011
42352,35634,52.172161,0BA,5,0100111100000000000000000000000000101110
34302,53461,52.173542,1C4,8,0000110100010111000111000000000000000000000000000000000000001101
11137,53464,52.175172,620,8,0001000000000000000000000000000000000000000000000000000000000000
6809,53466,52.178004,25,8,0000111111111101000000000000000111011111111111010000000000010110
27016,53467,52.178617,0AA,8,0010001011110011001000101111011000100010111010100010001011111011
42353,35639,52.179651,0BA,5,1110000000101111011000000000000011100100
18327,53471,52.181632,226,8,0000000000100000000100000000000000100000000000000000000000000000
6810,53474,52.186994,25,8,0000111111111101000000000000000111011111111111010000000000010110
42354,53447,52.187141,0BA,5,1100011000000000000000000000000010111110
10511,53475,52.187238,260,8,0000000000000000000000000000000000000000111111110011011010011111
30845,53476,52.187479,24,8,0000001000000000000000011101111101000001111111011000000011001100
27017,53477,52.187707,0AA,8,0010001011101111001000101111001100100010111001010010001011110101
13028,53478,52.187947,2C1,8,0000100011111101110001111111110111000111110000000000000000011011
21201,53479,52.188625,0B4,8,0000000000000000000000000000000011001000000010000101101011100110
16018,53480,52.189529,1C6,8,0000000000000000100000000000000001000100000110001100000000000000
35257,6607,52.190926,3D3,3,011011000000001000000000
34303,53484,52.193567,1C4,8,0000110100010000000111000000000000000000000000000000000000000110
42355,17828,52.19463,0BA,5,0010100100000000000000000000011100101011
6811,53487,52.196963,25,8,0000111111111101000000000000000111001111111111010000000000000110
27018,53488,52.197635,0AA,8,0010001011101100001000101111011000100010111001010010001011101110
42356,35656,52.20212,0BA,5,0100111100000000000000000000000000101110
6812,53491,52.206958,25,8,0000111111111101000000000000000110111111111111010000000011110110
10512,53492,52.207199,260,8,0000000000000000000000000000000000000000111111110010101010010011
30846,53493,52.207444,24,8,0000000111111111000000011101111001000001111110111000000011000111
27019,53494,52.207672,0AA,8,0010001011100011001000101111101100100010111000100010001011100110
21202,53495,52.208625,0B4,8,0000000000000000000000000000000011001000000010000101010011100000
42357,35660,52.209609,0BA,5,1110000000101111011000000000000011100100
18328,53499,52.21261,226,8,0000000000100000000100000000000000100000000000000000000000000000
34304,53500,52.213516,1C4,8,0000110011111110000111000000000000000000000000000000000011110011
31543,53502,52.214604,44D,8,0100001000000010000000000000000000000001000000000000000000000000
6813,53504,52.21695,25,8,0000111111111101000000000000000110101111111111010000000011100110
42358,53483,52.217099,0BA,5,1100011000000000000000000000000010111110
13029,53505,52.217514,2C1,8,0000100011111101110001111111110111000111110000000000000000011011
27020,53506,52.217742,0AA,8,0010001011011111001000101111001000100010110101110010001011100000
16019,53508,52.219504,1C6,8,0000000000000000100000000000000001101100000110001100000000000000
1367,53509,52.219749,320,8,0000000000100000000000000000000000000000000000000000000001001011
42359,17842,52.224588,0BA,5,0010100100000000000000000000010000101000
6814,53513,52.226944,25,8,0000111111111101000000000000000110011111111110010000000011010010
10513,53514,52.227188,260,8,0000000000000000000000000000000000000000111111110101100111000010
30847,53515,52.227429,24,8,0000000111111111000000011110000101000001111111011000000011001100
27021,53516,52.227655,0AA,8,0010001011011100001000101110011100100010110110000010001011011101
21203,53517,52.2286,0B4,8,0000000000000000000000000000000011001100000010000100111011011110
42360,35677,52.232078,0BA,5,0100111100000000000000000000000000101110
34305,53521,52.233515,1C4,8,0000110011110101000111000000000000000000000000000000000011101010
6815,53524,52.23797,25,8,0000111111111100000000000000000101111111111110010000000010110001
27022,53525,52.23858,0AA,8,0010001011011011001000101110001000100010110011010010001011010110
42361,35681,52.239567,0BA,5,1110000000101111011000000000000011100100
18329,53529,52.241593,226,8,0000000000100000000100000000000000100000000000000000000000000000
6816,53533,52.246933,25,8,0000111111111100000000000000000101101111111110010000000010100001
42362,53507,52.247057,0BA,5,1100011000000000000000000000000010111110
10514,53534,52.247177,260,8,0000000000000000000000000000000000000000111111110000011101110000
30848,53535,52.24742,24,8,0000000111111111000000011110010101000001111111011000000011010000
27023,53536,52.247644,0AA,8,0010001011010100001000101101101000100010110100010010001011010111
13030,53537,52.247885,2C1,8,0000100011111101110001111111110111000111110000000000000000011011
21204,53538,52.248588,0B4,8,0000000000000000000000000000000011001100000010000100001111010011
16020,53539,52.249493,1C6,8,0000000000000000100000000000000010100001000110001100000000000000
28134,53541,52.249907,6C0,8,1110010000000000000000001110000010000000000000000000000000000000
34306,53543,52.253527,1C4,8,0000110011101010000111000000000000000000000000000000000011011111
42363,17850,52.254546,0BA,5,0010100100000000000000000000011100101011
6817,53547,52.256927,25,8,0000111111111100000000000000000101011111111110010000000010010001
27024,53548,52.257591,0AA,8,0010001011001110001000101110011100100010110001110010001011001110
42364,35695,52.262036,0BA,5,0100111100000000000000000000000000101110
31301,53549,52.262142,4A6,8,0000000000000000000000000000000000000000000100000000000000000000
6818,53551,52.266917,25,8,0000111111111100000000000000000101001111111110010000000010000001
10515,53552,52.267159,260,8,0000000000000000000000000000000000000000111111110100001010101011
30849,53553,52.267404,24,8,0000000111111111000000011110001101000001111111011000000011001110
27025,53554,52.267629,0AA,8,0010001011001010001000101101111000100010110011000010001011001110
21205,53555,52.268577,0B4,8,0000000000000000000000000000000011010000000010000011110111010001
42365,35701,52.269526,0BA,5,1110000000101111011000000000000011100100
18330,53560,52.272573,226,8,0000000000100000000100000000000000100000000000000000000000000000
34307,53561,52.273484,1C4,8,0000110011010100000111000000000000000000000000000000000011001001
1368,53563,52.273895,320,8,0000000000100000000000000000000000000000000000000000000001001011
6819,53565,52.276915,25,8,0000111111111100000000000000000100111111111101100000000001101110
42366,53542,52.277015,0BA,5,1100011000000000000000000000000010111110
13031,53566,52.277479,2C1,8,0000100011111101110001111111110111000111110000000000000000011011
27026,53567,52.277704,0AA,8,0010001011000111001000101101010000100010110000110010001011000111
16021,53569,52.279468,1C6,8,0000000000000000100000000000000011011010000110001100000000000000
42367,17862,52.284505,0BA,5,0010100100000000000000000000010000101000
10516,53573,52.28686,260,8,0000000000000000000000000000000000000000111111110011011010011111
6820,53574,52.287101,25,8,0000111111111100000000000000000100101111111101100000000001011110
30850,53575,52.287343,24,8,0000000111111111000000011110001101000001111110101000000011001011
27027,53576,52.287571,0AA,8,0010001011001011001000101100110000100010101111100010001011000110
21206,53578,52.288561,0B4,8,0000000000000000000000000000000011010100000010000011100011010000
42368,35721,52.291994,0BA,5,0100111100000000000000000000000000101110
34308,53581,52.293467,1C4,8,0000110011000111000111000000000000000000000000000000000010111100
7878,53583,52.295063,610,8,0010000000000000000101010110010011000000000000000000000001000000
6821,53585,52.296909,25,8,0000111111111100000000000000000100001111111101100000000000111110
27028,53586,52.297569,0AA,8,0010001011001011001000101100101100100010101110110010001011000101
42369,35725,52.299484,0BA,5,1110000000101111011000000000000011100100
18331,53589,52.300557,226,8,0000000000011111000100000000000000100000000000000000000000000000
10517,53592,52.306845,260,8,0000000000000000000000000000000000000000111111110000011101110000
42370,53568,52.306973,0BA,5,1100011000000000000000000000000010111110
6822,53593,52.307088,25,8,0000111111111100000000000000000111111111111101100000000000101110
30851,53594,52.307329,24,8,0000000111111110000000011110001101000001111110101000000011001010
13032,53595,52.307566,2C1,8,0000100011111101110010101111110111001010110000000000000000100001
27029,53596,52.307793,0AA,8,0010001011000111001000101100101000100010101110110010001011000100
21207,53598,52.308549,0B4,8,0000000000000000000000000000000011010100000010000011001011001010
16022,53599,52.309459,1C6,8,0000000000000000100000000000000100001111000101111100000000000000
14190,53602,52.313072,442,8,0100001100000010000000000000000000000010000000000000000000000000
16554,53603,52.313242,3F9,8,0111010100011000000000100000001010000000000000000000000000010101
34309,53604,52.313481,1C4,8,0000110010111100000111000000000000000000000000000000000010110001
42371,17873,52.314463,0BA,5,0010100100000000000000000000011100101011
6823,53607,52.317916,25,8,0000111111111100000000000000000111101111111100110000000000011011
27030,53608,52.318528,0AA,8,0010001011000010001000101100011100100010101101100010001010111011
1369,53609,52.319549,320,8,0000000000100000000000000000000000000000000000000000000001001011
42372,35743,52.321952,0BA,5,0100111100000000000000000000000000101110
10518,53612,52.326757,260,8,0000000000000000000000000000000000000000111111110011011010011111
6824,53613,52.327,25,8,0000111111111100000000000000000111011111111100110000000000001011
30852,53614,52.327319,24,8,0000000111111110000000011110010101000001111110111000000011001101
27031,53615,52.327557,0AA,8,0010001011000000001000101100000000100010101100110010001010111111
21208,53616,52.328536,0B4,8,0000000000000000000000000000000011011000000010000010110111001001
42373,35746,52.329442,0BA,5,1110000000101111011000000000000011100100
43614,52891,52.330366,423,2,1000100000000
18332,53620,52.332535,226,8,0000000000011111000100000000000000100000000000000000000000000000
34310,53621,52.333452,1C4,8,0000110010110000000111000000000000000000000000000000000010100101
13944,53624,52.33408,622,8,0001001000000000000000000000000000000000000000000000000000000000
6825,53626,52.336873,25,8,0000111111111100000000000000000110111111111100110000000011101011
42374,53601,52.336931,0BA,5,1100011000000000000000000000000010111110
27032,53628,52.337591,0AA,8,0010001010111100001000101011100100100010101010110010001010110110
13033,53629,52.337829,2C1,8,0000100011111101110010101111110111001010110000000000000000100001
16023,53631,52.339434,1C6,8,0000000000000000100000000000000100111110000101111100000000000000
42375,17884,52.344421,0BA,5,0010100100000000000000000000010000101000
10519,53633,52.346726,260,8,0000000000000000000000000000000000000000111111110001001001111011
6826,53634,52.346966,25,8,0000111111111100000000000000000110101111111100110000000011011011
30853,53635,52.347307,24,8,0000000111111110000000011110001101000001111110101000000011001010
27033,53636,52.347534,0AA,8,0010001010110101001000101011010100100010101010100010001010110111
21209,53637,52.348528,0B4,8,0000000000000000000000000000000011011000000010000010011111000011
42376,35758,52.351911,0BA,5,0100111100000000000000000000000000101110
34311,53641,52.353435,1C4,8,0000110010010110000111000000000000000000000000000000000010001011
6827,53645,52.356862,25,8,0000111111111100000000000000000110011111111101010000000011001101
27034,53646,52.357529,0AA,8,0010001010101100001000101011000100100010101011010010001010101010
42377,35764,52.3594,0BA,5,1110000000101111011000000000000011100100
18333,53649,52.36052,226,8,0000000000100000000100000000000000100000000000000000000000000000
34804,53650,52.360974,4DF,8,0010000000000000000000000000000100000000000000000000000000000000
10520,53652,52.366689,260,8,0000000000000000000000000000000000000000111111110010101010010011
42378,53630,52.36689,0BA,5,1100011000000000000000000000000010111110
6828,53653,52.366934,25,8,0000111111111011000000000000000101111111111101010000000010101100
30854,53654,52.367296,24,8,0000000111111110000000011110000101000001111110101000000011001000
13034,53655,52.367534,2C1,8,0000100011111101110100001111110111010000110000000000000000101101
27035,53656,52.36776,0AA,8,0010001010101100001000101010101100100010101001100010001010100100
21210,53657,52.368512,0B4,8,0000000000000000000000000000000011011100000010000001110010111100
16024,53658,52.369428,1C6,8,0000000000000000100000000000000101100110000101111100000000000000
1370,53662,52.37151,320,8,0000000000100000000000000000000000000000000000000000000001001011
34312,53664,52.373425,1C4,8,0000110010001001000111000000000000000000000000000000000001111110
42379,17891,52.374379,0BA,5,0010100100000000000000000000011100101011
43814,3578,52.374929,3BB,5,1010010100000000000000000000000000000000
6829,53667,52.377871,25,8,0000111111111011000000000000000101101111111101010000000010011100
27036,53668,52.378492,0AA,8,0010001010100011001000101010100000100010100111100010001010100101
42380,35782,52.381869,0BA,5,0100111100000000000000000000000000101110
10521,53672,52.386852,260,8,0000000000000000000000000000000000000000111111110010101010010011
6830,53673,52.387089,25,8,0000111111111011000000000000000101101111111101010000000010011100
30855,53674,52.387332,24,8,0000000111111110000000011110000101000001111111011000000011001011
27037,53675,52.387559,0AA,8,0010001010100011001000101010011000100010100110110010001010100000
13490,53676,52.387714,394,3,0
31682,53677,52.388121,389,8,0000000000100000000000000000000000000000000000000000000000000000
21211,53678,52.388496,0B4,8,0000000000000000000000000000000011100000000010000001011010111010
42381,35784,52.389358,0BA,5,1110000000101111011000000000000011100100
18334,53682,52.392497,226,8,0000000000100000000100000000000000100000000000000000000000000000
34313,53683,52.393415,1C4,8,0000110001111110000111000000000000000000000000000000000001110011
6831,53686,52.396832,25,8,0000111111111011000000000000000101011111111101010000000010001100
42382,53661,52.396848,0BA,5,1100011000000000000000000000000010111110
13035,53687,52.39741,2C1,8,0000100011111101110100001111110111010000110000000000000000101101
27038,53688,52.397637,0AA,8,0010001010011010001000101010001000100010101000000010001010011111
16025,53690,52.399399,1C6,8,0000000000000000100000000000000110001011000101111100000000000000
42383,17906,52.404337,0BA,5,0010100100000000000000000000010000101000
10522,53693,52.406659,260,8,0000000000000000000000000000000000000000111111110001111010000111
6832,53694,52.406899,25,8,0000111111111011000000000000000101001111111101110000000001111110
30856,53695,52.407298,24,8,0000000111111110000000011110001101000001111111111000000011001111
27039,53696,52.407521,0AA,8,0010001010010011001000101010001100100010100100110010001010010110
21212,53697,52.408489,0B4,8,0000000000000000000000000000000011100000000010000000101110101111
42384,35801,52.411827,0BA,5,0100111100000000000000000000000000101110
21765,53700,52.413019,443,8,0100110100000010000000000010111100000110000000000000000000000000
34314,53701,52.413405,1C4,8,0000110001110010000111000000000000000000000000000000000001100111
6833,53706,52.416825,25,8,0000111111111011000000000000000100111111111101110000000001101110
27040,53707,52.417496,0AA,8,0010001010001110001000101001110100100010100100000010001010010101
42385,35806,52.419316,0BA,5,1110000000101111011000000000000011100100
18335,53711,52.420483,226,8,0000000000100000000100000000000000100000000000000000000000000000
1371,53712,52.421484,320,8,0000000000100000000000000000000000000000000000000000000001001011
13689,53713,52.424408,4B7,8,1110001101011111001000101111000000001000111010000000000100001000
10523,53715,52.426677,260,8,0000000000000000000000000000000000000000111111110101100111000010
42386,53689,52.426806,0BA,5,1100011000000000000000000000000010111110
6834,53716,52.426915,25,8,0000111111111011000000000000000100111111111101110000000001101110
30857,53717,52.427286,24,8,0000000111111110000000011110000101000001111111111000000011001101
27041,53718,52.427509,0AA,8,0010001010001110001000101001010100100010100001010010001010001101
13036,53719,52.427748,2C1,8,0000100011111101110010101111110111001010110000000000000000100001
21213,53720,52.428479,0B4,8,0000000000000000000000000000000011100100000010000000000010101000
16026,53721,52.429454,1C6,8,0000000000000000100000000000000110101101000101111100000000000000
34315,53725,52.433399,1C4,8,0000110001011011000111000000000000000000000000000000000001010000
42387,17914,52.434295,0BA,5,0010100100000000000000000000011100101011
6835,53731,52.436824,25,8,0000111111111011000000000000000100111111111101110000000001101110
27042,53732,52.437481,0AA,8,0010001010001100001000101001000100100010100001110010001010001111
42388,35820,52.441785,0BA,5,0100111100000000000000000000000000101110
10524,53734,52.446648,260,8,0000000000000000000000000000000000000000111111110110011011001111
6836,53735,52.446873,25,8,0000111111111011000000000000000100111111111101110000000001101110
30858,53736,52.447249,24,8,0000000111111110000000011101111001000001111110111000000011000110
27043,53737,52.447477,0AA,8,0010001010000101001000101000110000100010011111100010001010000100
313,53738,52.448015,38F,8,0000000100000000000000000000000000000000000000000000000000000000
21214,53739,52.448467,0B4,8,0000000000000000000000000000000011100100000001111111010010011011
42389,35826,52.449275,0BA,5,1110000000101111011000000000000011100100
35258,53530,52.450582,3D3,3,111001010000000000000000
18336,53744,52.452461,226,8,0000000000100000000100000000000000100000000000000000000000000000
34316,53745,52.45338,1C4,8,0000110001010001000111000000000000000000000000000000000001000110
42390,53723,52.456764,0BA,5,1100011000000000000000000000000010111110
6837,53748,52.456798,25,8,0000111111111011000000000000000100111111111101110000000001101110
13037,53749,52.457374,2C1,8,0000100011111101110011011111110111001101110000000000000000100111
27044,53750,52.457606,0AA,8,0010001001111111001000101000010000100010011110010010001010000011
16027,53752,52.459365,1C6,8,0000000000000000100000000000000110111100000101111100000000000000
235,53753,52.459615,3B7,8,1000
11138,53754,52.462854,620,8,0001000000000000000000000000000000000000000000000000000000000000
42391,17924,52.464254,0BA,5,0010100100000000000000000000010000101000
10525,53756,52.466622,260,8,0000000000000000000000000000000000000000111111111100010100101110
6838,53757,52.466866,25,8,0000111111111011000000000000000100111111111110000000000001101111
30859,53758,52.467241,24,8,0000000111111110000000011110000101000001111110101000000011001000
27045,53759,52.46747,0AA,8,0010001001111110001000101000001000100010011100100010001010000000
21215,53761,52.468601,0B4,8,0000000000000000000000000000000011101000000001111110111110011010
1372,53763,52.470454,320,8,0000000000100000000000000000000000000000000000000000000001001011
42392,35842,52.471743,0BA,5,0100111100000000000000000000000000101110
34317,53765,52.473374,1C4,8,0000110001000111000111000000000000000000000000000000000000111100
6839,53768,52.47781,25,8,0000111111111011000000000000000101001111111110010000000010000000
34746,53769,52.478326,380,8,0
27046,53770,52.478554,0AA,8,0010001001111010001000100111111000100010011100110010001010000001
42393,35844,52.479233,0BA,5,1110000000101111011000000000000011100100
18337,53775,52.481441,226,8,0000000000100000000100000000000000100000000000000000000000000000
10526,53779,52.486641,260,8,0000000000000000000000000000000000000000000000000000000001101010
42394,53751,52.486722,0BA,5,1100011000000000000000000000000010111110
6840,53780,52.486883,25,8,0000111111111011000000000000000101001111111110100000000010000001
30860,53781,52.487228,24,8,0000000111111110000000011110000101000001111110101000000011001000
27047,53782,52.487458,0AA,8,0010001001110101001000100111110000100010011011110010001001111000
13038,53783,52.487695,2C1,8,0000100011111101110010101111110111001010110000000000000000100001
21216,53784,52.488435,0B4,8,0000000000000000000000000000000011101000000001111110001110001110
16028,53785,52.489354,1C6,8,0000000000000000100000000000000111001000000101111100000000000000
34318,53788,52.493431,1C4,8,0000110000111110000111000000000000000000000000000000000000110011
42395,17935,52.494212,0BA,5,0010100100000000000000000000011100101011
6841,53791,52.496769,25,8,0000111111111011000000000000000101001111111110110000000010000010
27048,53792,52.497442,0AA,8,0010001001110010001000100111111100100010011010100010001001110100
42396,35863,52.501701,0BA,5,0100111100000000000000000000000000101110
10527,53796,52.506601,260,8,0000000000000000000000000000000000000000000000000000101101110101
6842,53797,52.50684,25,8,0000111111111011000000000000000101001111111110110000000010000010
30861,53798,52.50722,24,8,0000000111111111000000011101111101000001111110001000000011000101
27049,53799,52.50745,0AA,8,0010001001100111001000101000000000100010011001000010001001101111
21217,53800,52.508423,0B4,8,0000000000000000000000000000000011101100000001111101111010001101
42397,35868,52.509191,0BA,5,1110000000101111011000000000000011100100
18338,53804,52.51242,226,8,0000000000100000000100000000000000100000000000000000000000000000
34319,53805,52.513347,1C4,8,0000110000101100000111000000000000000000000000000000000000100001
31544,53807,52.514147,44D,8,0100001000000010000000000000000000000001000000000000000000000000
42398,53787,52.51668,0BA,5,1100011000000000000000000000000010111110
13039,53808,52.517342,2C1,8,0000100011111101110010101111110111001010110000000000000000100001
6843,53811,52.517953,25,8,0000111111111011000000000000000101001111111111000000000010000011
27050,53812,52.518402,0AA,8,0010001001100101001000100111011000100010010111010010001001101010
16029,53813,52.51933,1C6,8,0000000000000000100000000000000111010100000101111100000000000000
1373,53815,52.520419,320,8,0000000000100000000000000000000000000000000000000000000001001011
42399,17946,52.52417,0BA,5,0010100100000000000000000000010000101000
10528,53816,52.526399,260,8,0000000000000000000000000000000000000000000000000001011110000001
6844,53818,52.527012,25,8,0000111111111011000000000000000101001111111111000000000010000011
30862,53819,52.527253,24,8,0000000111111111000000011110000101000001111110001000000011000111
27051,53820,52.527475,0AA,8,0010001001100001001000100110110000100010010111010010001001101010
21218,53821,52.528416,0B4,8,0000000000000000000000000000000011110000000001111101100010001011
42400,35882,52.53166,0BA,5,0100111100000000000000000000000000101110
16336,53825,52.53282,4C1,8,0000000100000000000000010000000100000000000000000000000000000000
34320,53826,52.533329,1C4,8,0000110000100011000111000000000000000000000000000000000000011000
6845,53830,52.536744,25,8,0000111111111011000000000000000101001111111111010000000010000100
27052,53831,52.537417,0AA,8,0010001001011101001000100110010100100010010110010010001001011010
42401,35888,52.539149,0BA,5,1110000000101111011000000000000011100100
18339,53834,52.540411,226,8,0000000000100000000100000000000000100000000000000000000000000000
10529,53836,52.546271,260,8,0000000000000000000000000000000000000000111111111101110001000101
42402,53814,52.546639,0BA,5,1100011000000000000000000000000010111110
6846,53838,52.546876,25,8,0000111111111011000000000000000101001111111111010000000010000100
30863,53839,52.547194,24,8,0000000111111111000000011110000101000001111110101000000011001001
27053,53840,52.547417,0AA,8,0010001001011010001000100110000100100010010101000010001001011110
13040,53841,52.547653,2C1,8,0000100011111101110011011111110111001101110000000000000000100111
21219,53842,52.548402,0B4,8,0000000000000000000000000000000011110000000001111100110110000000
16030,53843,52.549322,1C6,8,0000000000000000100000000000000111011000000101111100000000000000
34321,53847,52.553326,1C4,8,0000110000011011000111000000000000000000000000000000000000010000
28135,53849,52.553833,6C0,8,1110010000000000000000001110000010000000000000000000000000000000
42403,17950,52.554128,0BA,5,0010100100000000000000000000011100101011
6847,53851,52.556731,25,8,0000111111111011000000000000000101001111111111010000000010000100
27054,53852,52.557402,0AA,8,0010001001010100001000100110110100100010010011100010001001010110
42404,35903,52.561618,0BA,5,0100111100000000000000000000000000101110
16555,53853,52.563304,3F9,8,0111010100011000000000100000001010000000000000000000000000010101
10530,53855,52.5662,260,8,0000000000000000000000000000000000000000111111111010110100010110
6848,53858,52.566846,25,8,0000111111111011000000000000000101001111111111010000000010000100
30864,53859,52.567185,24,8,0000000111111110000000011101111101000001111111111000000011001011
27055,53860,52.567411,0AA,8,0010001001001110001000100110000000100010010011010010001001010001
21220,53861,52.568389,0B4,8,0000000000000000000000000000000011110100000001111100011101111110
42405,35906,52.569107,0BA,5,1110000000101111011000000000000011100100
18340,53865,52.572381,226,8,0000000000100000000100000000000000100000000000000000000000000000
34322,53866,52.573316,1C4,8,0000110000010011000111000000000000000000000000000000000000001000
1374,53868,52.573725,320,8,0000000000100000000000000000000000000000000000000000000001001011
14268,53869,52.57438,60.0,8,1010000100000000000000000000000000000000011100000000000000000000
42406,53846,52.576597,0BA,5,1100011000000000000000000000000010111110
6849,53871,52.57672,25,8,0000111111111011000000000000000101001111111111100000000010000101
13041,53872,52.577303,2C1,8,0000100011111101110011011111110111001101110000000000000000100111
27056,53873,52.57753,0AA,8,0010001001001011001000100101100000100010010010010010001001001111
16031,53875,52.579293,1C6,8,0000000000000000100000000000000111011000000101111100000000000000
42407,17966,52.584086,0BA,5,0010100100000000000000000000010000101000
10531,53878,52.586195,260,8,0000000000000000000000000000000000000000111111111010000100001010
6850,53880,52.586799,25,8,0000111111111011000000000000000101001111111111100000000010000101
30865,53881,52.587171,24,8,0000000111111110000000011101111101000001111111011000000011001001
27057,53882,52.587395,0AA,8,0010001001001010001000100101001100100010010001000010001001001100
21221,53883,52.588383,0B4,8,0000000000000000000000000000000011110100000001111011110001110011
42408,35927,52.591576,0BA,5,0100111100000000000000000000000000101110
7765,53886,52.592926,435,8,1000000000000101000001011111111111100000001111110000000000000011
34323,53887,52.593304,1C4,8,0000110000001010000111000000000000000000000000000000000011111111
6851,53890,52.597732,25,8,0000111111111011000000000000000101001111111111100000000010000101
27058,53891,52.598353,0AA,8,0010001001001001001000100101000000100010010000010010001001001010
42409,35931,52.599065,0BA,5,1110000000101111011000000000000011100100
10955,53894,52.59993,436,8,0
18341,53896,52.601368,226,8,0000000000100000000100000000000000100000000000000000000000000000
10532,53898,52.606139,260,8,0000000000000000000000000000000000000000111111111001010111111110
42410,53874,52.606555,0BA,5,1100011000000000000000000000000010111110
6852,53900,52.606727,25,8,0000111111111011000000000000000101001111111111100000000010000101
30866,53901,52.607184,24,8,0000000111111110000000011101111001000001111110111000000011000110
27059,53902,52.607411,0AA,8,0010001001000001001000100100111000100010001101110010001001000000
13042,53903,52.607648,2C1,8,0000100011111101110011011111110111001101110000000000000000100111
21222,53904,52.608366,0B4,8,0000000000000000000000000000000011111000000001111011011001110001
16032,53906,52.609292,1C6,8,0000000000000000100000000000000111011000000101111100000000000000
14191,53909,52.612675,442,8,0100001100000010000000000000000000000010000000000000000000000000
34324,53910,52.61329,1C4,8,0000101111111001000111000000000000000000000000000000000011101101
42411,17973,52.614045,0BA,5,0010100100000000000000000000011100101011
6853,53914,52.616696,25,8,0000111111111011000000000000000101001111111111100000000010000101
27060,53915,52.617373,0AA,8,0010001001000000001000100100011100100010001101110010001000111110
1375,53916,52.61836,320,8,0000000000100000000000000000000000000000000000000000000001001011
42412,35943,52.621534,0BA,5,0100111100000000000000000000000000101110
10533,53917,52.6261,260,8,0000000000000000000000000000000000000000111111110001001001111011
6854,53919,52.626684,25,8,0000111111111011000000000000000101001111111111100000000010000101
30867,53920,52.62717,24,8,0000000111111110000000011101111001000001111110111000000011000110
27061,53921,52.627397,0AA,8,0010001000111100001000100011110100100010001100000010001000111110
13821,53923,52.627909,434,8,0100001000000000000000000000000000000000000000000000000000000000
21223,53924,52.628348,0B4,8,0000000000000000000000000000000011111000000001111011000101101100
42413,35949,52.629024,0BA,5,1110000000101111011000000000000011100100
18342,53930,52.632345,226,8,0000000000100000000100000000000000100000000000000000000000000000
34325,53931,52.63328,1C4,8,0000101111110000000111000000000000000000000000000000000011100100
34917,53934,52.633885,3C3,8,0100011000011110100100110100111000000000000000000000000000000000
28212,53935,52.634905,437,8,1111110011111111111111111111111111111111111111111111111111111111
42414,53908,52.636513,0BA,5,1100011000000000000000000000000010111110
6855,53937,52.636683,25,8,0000111111111011000000000000000100011111111111100000000001010101
13043,53938,52.637267,2C1,8,0000100011111101110011011111110111001101110000000000000000100111
27062,53939,52.637493,0AA,8,0010001000111010001000100011011100100010001100000010001000111101
16033,53941,52.639254,1C6,8,0000000000000000100000000000000111010110000101111100000000000000
42415,17983,52.644003,0BA,5,0010100100000000000000000000010000101000
10534,53942,52.646156,260,8,0000000000000000000000000000000000000000111111101111101101100011
6856,53944,52.646681,25,8,0000111111111011000000000000000111111111111111100000000000110101
30868,53945,52.647141,24,8,0000000111111110000000011101111101000001111110111000000011000111
27063,53946,52.647365,0AA,8,0010001000110101001000100011010000100010001010110010001000110010
21224,53947,52.648337,0B4,8,0000000000000000000000000000000011111100000001111010011001100101
42416,35965,52.651492,0BA,5,0100111100000000000000000000000000101110
34326,53951,52.653298,1C4,8,0000101111100101000111000000000000000000000000000000000011011001
6857,53954,52.657695,25,8,0000111111111011000000000000000110111111111111100000000011110101
27064,53955,52.658319,0AA,8,0010001000110000001000100011001000100010001000010010001000110000
42417,35969,52.658982,0BA,5,1110000000101111011000000000000011100100
18343,53958,52.661328,226,8,0000000000100010000100000000000000100000000000000000000000000000
43615,3517,52.665817,423,2,11100000000
10535,53961,52.666119,260,8,0000000000000000000000000000000000000000111111110000011101110000
42418,53940,52.666471,0BA,5,1100011000000000000000000000000010111110
6858,53963,52.666724,25,8,0000111111111011000000000000000110011111111000110000000010111010
30869,53964,52.667129,24,8,0000000111111111000000011101111101000001111110111000000011001000
27065,53965,52.667357,0AA,8,0010001000101000001000100011000000100010001010100010001000100111
13044,53966,52.667592,2C1,8,0000100011111101110011011111110111001101110000000000000000100111
21225,53967,52.668321,0B4,8,0000000000000000000000000000000000000000000001111001101001011101
16034,53968,52.669257,1C6,8,0000000000000000100000000000000111010000000101111100000000000000
1376,53971,52.671322,320,8,0000000000100000000000000000000000000000000000000000000001001011
43815,52881,52.672514,3BB,5,0111000000000001000000001010010100000000
34327,53972,52.673256,1C4,8,0000101111011011000111000000000000000000000000000000000011001111
42419,17993,52.673961,0BA,5,0010100100000000000000000000011100101011
6859,53976,52.676656,25,8,0000111111111010000000000000000101011111111000110000000001111001
27066,53977,52.677331,0AA,8,0010001000100110001000100010100000100010001000000010001000100110
42420,35989,52.68145,0BA,5,0100111100000000000000000000000000101110
10536,53980,52.686048,260,8,0000000000000000000000000000000000000000111111101111101101100011
13491,53981,52.686202,394,3,0
6860,53983,52.686807,25,8,0000111111111010000000000000000100001111110011100000000000010100
30870,53984,52.687117,24,8,0000000111111111000000011101111101000001111110111000000011001000
27067,53985,52.687341,0AA,8,0010001000011101001000100010011000100010000111010010001000100011
21226,53986,52.688308,0B4,8,0000000000000000000000000000000000000000000001111001010101011000
42421,35992,52.68894,0BA,5,1110000000101111011000000000000011100100
18344,53990,52.692304,226,8,0000000000100001000100000000000000100000000000000000000000000000
34328,53991,52.69324,1C4,8,0000101111001111000111000000000000000000000000000000000011000011
42422,53970,52.69643,0BA,5,1100011000000000000000000000000010111110
6861,53995,52.696646,25,8,0000111111111010000000000000000111001111110110100000000011100000
13045,53996,52.697235,2C1,8,0000100011111101110011011111110111001101110000000000000000100111
27068,53997,52.697462,0AA,8,0010001000011100001000100010000000100010000101010010001000011001
16035,54000,52.699224,1C6,8,0000000000000000100000000000000111001010000101111100000000000000
42423,18006,52.703919,0BA,5,0010100100000000000000000000010000101000
10537,54001,52.706033,260,8,0000000000000000000000000000000000000000111111101110001101001011
6862,54003,52.706686,25,8,0000111111111001000000000000000101111111110101110000000010001100
30871,54004,52.707103,24,8,0000000111111111000000011110000101000001111110111000000011001010
27069,54005,52.70733,0AA,8,0010001000010010001000100001101100100010000101110010001000010110
21227,54006,52.708296,0B4,8,0000000000000000000000000000000000000100000001111000100101010000
35259,6676,52.710238,3D3,3,011011000000001000000000
42424,36004,52.711409,0BA,5,0100111100000000000000000000000000101110
21766,54009,52.712846,443,8,0100110100000010000000000010111100000110000000000000000000000000
34329,54010,52.713231,1C4,8,0000101111000011000111000000000000000000000000000000000010110111
6863,54014,52.717689,25,8,0000111111111001000000000000000100101111110100110000000000111000
27070,54015,52.718277,0AA,8,0010001000001101001000100001101100100010000100010010001000010000
42425,36009,52.718898,0BA,5,1110000000101111011000000000000011100100
18345,54018,52.72129,226,8,0000000000100010000100000000000000100000000000000000000000000000
1377,54019,52.72229,320,8,0000000000100000000000000000000000000000000000000000000001001011
10538,54020,52.725993,260,8,0000000000000000000000000000000000000000111111101110001101001011
42426,53999,52.726388,0BA,5,1100011000000000000000000000000010111110
6864,54022,52.726626,25,8,0000111111111001000000000000000111101111110101000000000011111001
30872,54023,52.727089,24,8,0000000111111110000000011110000101000001111110111000000011001001
27071,54024,52.727317,0AA,8,0010001000001100001000100001101000100010000011000010001000010010
13046,54025,52.727555,2C1,8,0000100011111101110100001111110111010000110000000000000000101101
21228,54026,52.728288,0B4,8,0000000000000000000000000000000000000100000001110111111001000101
16036,54027,52.729221,1C6,8,0000000000000000100000000000000111000100000101111100000000000000
35374,19968,52.729905,386,7,11000100000000000000000000000000000000000000000010101100
34330,54032,52.73322,1C4,8,0000101110101000000111000000000000000000000000000000000010011100
42427,18012,52.733877,0BA,5,0010100100000000000000000000011100101011
6865,54035,52.737669,25,8,0000111111111001000000000000000110011111110100110000000010101000
14010,54036,52.737917,38E,8,0
27072,54037,52.738265,0AA,8,0010001000001101001000100001010100100010000000010010001000001100
42428,36025,52.741367,0BA,5,0100111100000000000000000000000000101110
10539,54039,52.745974,260,8,0000000000000000000000000000000000000000111111101110111101010111
6866,54041,52.746612,25,8,0000111111111000000000000000000101001111110101000000000001011000
30873,54043,52.74708,24,8,0000000111111110000000011110000101000001111111011000000011001011
27073,54044,52.747313,0AA,8,0010001000001101001000100001001000100001111111000010001000000101
21229,54045,52.748276,0B4,8,0000000000000000000000000000000000001000000001110111100101000100
42429,36028,52.748856,0BA,5,1110000000101111011000000000000011100100
18346,54049,52.752277,226,8,0000000000100000000100000000000000100000000000000000000000000000
34331,54050,52.753216,1C4,8,0000101110011011000111000000000000000000000000000000000010001111
42430,54029,52.756346,0BA,5,1100011000000000000000000000000010111110
6867,54053,52.756615,25,8,0000111111111000000000000000000100001111110100110000000000010111
13047,54054,52.757212,2C1,8,0000100011111101110100001111110111010000110000000000000000101101
27074,54055,52.757449,0AA,8,0010001000000111001000100000110000100001111111000010001000000011
16037,54058,52.759201,1C6,8,0000000000000000100000000000000110111000000101111100000000000000
236,54059,52.759452,3B7,8,1000
11139,54060,52.762532,620,8,0001000000000000000000000000000000000000000000000000000000000000
42431,18026,52.763835,0BA,5,0010100100000000000000000000010000101000
10540,54063,52.765898,260,8,0000000000000000000000000000000000000000111111101100101100110011
6868,54065,52.766609,25,8,0000111111111000000000000000000111001111110101110000000011011011
30874,54066,52.76708,24,8,0000000111111101000000011110001101000001111110111000000011001010
27075,54067,52.767314,0AA,8,0010000111111101001000100000011000100001111100100010000111111101
21230,54068,52.768273,0B4,8,0000000000000000000000000000000000001000000001110111001100111110
1378,54070,52.770276,320,8,0000000000100000000000000000000000000000000000000000000001001011
42432,36046,52.771325,0BA,5,0100111100000000000000000000000000101110
34332,54072,52.773214,1C4,8,0000101110001110000111000000000000000000000000000000000010000010
6869,54075,52.776643,25,8,0000111111110111000000000000000101111111110110100000000010001101
27076,54076,52.777292,0AA,8,0010000111111000001000011111111100100001111100000010001000000001
42433,36050,52.778814,0BA,5,1110000000101111011000000000000011100100
18347,54080,52.780269,226,8,0000000000100001000100000000000000100000000000000000000000000000
10541,54082,52.785877,260,8,0000000000000000000000000000000000000000111111101110001101001011
42434,54056,52.786304,0BA,5,1100011000000000000000000000000010111110
6870,54084,52.786663,25,8,0000111111110111000000000000000101001111110110100000000001011101
30875,54085,52.787075,24,8,0000000111111101000000011110001101000001111110101000000011001001
27077,54086,52.787304,0AA,8,0010000111110111001000011111100100100001111010100010000111111000
13048,54087,52.787543,2C1,8,0000100011111101110100001111110111010000110000000000000000101101
21231,54088,52.788268,0B4,8,0000000000000000000000000000000000001100000001110110100000110111
16038,54089,52.789204,1C6,8,0000000000000000100000000000000110101110000101111100000000000000
7879,54092,52.792499,610,8,0010000000000000000100110110010011000000000000000000000001000000
34333,54093,52.793209,1C4,8,0000101110000000000111000000000000000000000000000000000001110100
42435,18033,52.793794,0BA,5,0010100100000000000000000000011100101011
6871,54097,52.797667,25,8,0000111111110111000000000000000100001111110111010000000000100000
27078,54098,52.79826,0AA,8,0010000111110010001000011111011000100001111010000010000111111011
13755,54099,52.798841,3A5,8,100000000
42436,36064,52.801283,0BA,5,0100111100000000000000000000000000101110
31363,54101,52.804495,640,8,1010100000000000000000000011011100000001111000000000000000000000
10542,54102,52.805687,260,8,0000000000000000000000000000000000000000111111101100101100110011
6872,54104,52.806628,25,8,0000111111110111000000000000000111011111111000010000000011110100
30876,54105,52.807096,24,8,0000000111111100000000011110000101000001111110001000000011000100
27079,54106,52.807326,0AA,8,0010000111101011001000011111011000100001111000100010000111110010
21232,54107,52.808267,0B4,8,0000000000000000000000000000000000001100000001110101110000101011
42437,36070,52.808773,0BA,5,1110000000101111011000000000000011100100
18348,54111,52.812264,226,8,0000000000100010000100000000000000100000000000000000000000000000
16556,54113,52.81291,3F9,8,0111010100011000000000100000001010000000000000000000000000010101
34334,54114,52.813207,1C4,8,0000101101110011000111000000000000000000000000000000000001100111
31545,54116,52.81361,44D,8,0100001000000010000000000000000000000001000000000000000000000000
42438,54091,52.816262,0BA,5,1100011000000000000000000000000010111110
6873,54118,52.816628,25,8,0000111111110111000000000000000110111111111000010000000011010100
13049,54119,52.817204,2C1,8,0000100011111101110101001111110111010100110000000000000000110101
27080,54120,52.817429,0AA,8,0010000111100011001000011111101000100001110111010010000111101110
16039,54122,52.81919,1C6,8,0000000000000000100000000000000110100101000101111100000000000000
1379,54123,52.819437,320,8,0000000000100000000000000000000000000000000000000000000001001011
42439,18044,52.823752,0BA,5,0010100100000000000000000000010000101000
10543,54125,52.825659,260,8,0000000000000000000000000000000000000000111111101011111100100111
6874,54127,52.826626,25,8,0000111111110110000000000000000101111111111001010000000010010111
30877,54128,52.827096,24,8,0000000111111100000000011110000101000001111110001000000011000100
27081,54129,52.827322,0AA,8,0010000111011110001000100000000100100001110111100010000111101111
35049,54130,52.82783,413,8,0000000100000001000000010000100100000000000000000000000000000000
21233,54131,52.828254,0B4,8,0000000000000000000000000000000000010000000001110101011100101010
42440,36087,52.831241,0BA,5,0100111100000000000000000000000000101110
34335,54136,52.833212,1C4,8,0000101101100101000111000000000000000000000000000000000001011001
6875,54139,52.836624,25,8,0000111111110110000000000000000101011111111001010000000001110111
27082,54140,52.837271,0AA,8,0010000111011100001000011111100000100001110101010010000111100010
42441,36089,52.838731,0BA,5,1110000000101111011000000000000011100100
18349,54143,52.84026,226,8,0000000000100000000100000000000000100000000000000000000000000000
10544,54145,52.845647,260,8,0000000000000000000000000000000000000000111111101110001101001011
42442,54121,52.84622,0BA,5,1100011000000000000000000000000010111110
6876,54147,52.846646,25,8,0000111111110110000000000000000100111111111010110000000001011101
30878,54148,52.847068,24,8,0000000111111011000000011110001101000001111101101000000011000011
27083,54149,52.847293,0AA,8,0010000111011001001000011110101000100001110100010010000111100110
13050,54150,52.847529,2C1,8,0000100011111101110101001111110111010100110000000000000000110101
28136,54151,52.848223,6C0,8,1110010000000000000000001110000010000000000000000000000000000000
21234,54152,52.848476,0B4,8,0000000000000000000000000000000000010000000001110101000100100100
16040,54153,52.8492,1C6,8,0000000000000000100000000000000110011100000101111100000000000000
34336,54156,52.853204,1C4,8,0000101101001101000111000000000000000000000000000000000001000001
42443,18053,52.85371,0BA,5,0010100100000000000000000000011100101011
6877,54159,52.856624,25,8,0000111111110110000000000000000100011111111010110000000000111101
27084,54160,52.857266,0AA,8,0010000111010010001000011110000100100001110011110010000111011100
42444,36105,52.861199,0BA,5,0100111100000000000000000000000000101110
13629,54162,52.863042,4DD,8,0001111000000000000000000000000000000000000000000000000000000000
10545,54163,52.865637,260,8,0000000000000000000000000000000000000000111111100111110011100100
6878,54165,52.866617,25,8,0000111111110110000000000000000111101111111010100000000000001100
30879,54166,52.867066,24,8,0000000111111011000000011110000101000001111101001000000010111111
27085,54167,52.867289,0AA,8,0010000111001010001000011101111000100001110001100010000111011100
21235,54169,52.868266,0B4,8,0000000000000000000000000000000000010100000001110100110000100011
42445,36109,52.868689,0BA,5,1110000000101111011000000000000011100100
18350,54173,52.872248,226,8,0000000000100010000100000000000000100000000000000000000000000000
34337,54174,52.873197,1C4,8,0000101101000001000111000000000000000000000000000000000000110101
1380,54176,52.873608,320,8,0000000000100000000000000000000000000000000000000000000001001011
42446,54155,52.876179,0BA,5,1100011000000000000000000000000010111110
13051,54177,52.877226,2C1,8,0000100011111101110101001111110111010100110000000000000000110101
6879,54179,52.87777,25,8,0000111111110110000000000000000111001111111010100000000011101100
27086,54181,52.878235,0AA,8,0010000111000111001000011110001000100001110000010010000111010001
16041,54182,52.879177,1C6,8,0000000000000000100000000000000110010011000101111100000000000000
42447,18067,52.883668,0BA,5,0010100100000000000000000000010000101000
10546,54185,52.885583,260,8,0000000000000000000000000000000000000000111111101011111100100111
6880,54187,52.886636,25,8,0000111111110110000000000000000110111111111010100000000011011100
30880,54188,52.887062,24,8,0000000111111011000000011101111101000001111101001000000010111101
27087,54189,52.887291,0AA,8,0010000111000000001000011101110100100001101111000010000111001001
21236,54191,52.888246,0B4,8,0000000000000000000000000000000000010100000001110100000000010111
42448,36124,52.891158,0BA,5,0100111100000000000000000000000000101110
34338,54194,52.893191,1C4,8,0000101100110110000111000000000000000000000000000000000000101010
6881,54198,52.896612,25,8,0000111111110101000000000000000101111111111011000000000010011101
27088,54199,52.897253,0AA,8,0010000110111101001000011100111000100001101111000010000111001101
42449,36130,52.898647,0BA,5,1110000000101111011000000000000011100100
18351,54202,52.900243,226,8,0000000000100010000100000000000000100000000000000000000000000000
10547,54203,52.905572,260,8,0000000000000000000000000000000000000000111111101010100100010001
42450,54183,52.906137,0BA,5,1100011000000000000000000000000010111110
6882,54205,52.906638,25,8,0000111111110101000000000000000101001111111011000000000001101101
30881,54206,52.907057,24,8,0000000111111011000000011101111101000001111100111000000010111100
27089,54207,52.907282,0AA,8,0010000110111010001000011100110000100001101100100010000111000111
13052,54208,52.90752,2C1,8,0000100011111101110101001111110111010100110000000000000000110101
21237,54209,52.908241,0B4,8,0000000000000000000000000000000000011000000001110011010100010000
16042,54210,52.909193,1C6,8,0000000000000000100000000000000110001011000101111100000000000000
27851,54214,52.911244,420,8,0000000000000000000000000000000011111111000000001000000010101011
14192,54215,52.912413,442,8,0100001100000010000000000000000000000010000000000000000000000000
31622,54217,52.913102,633,8,1000000100000000000000000000000000000000000000000000000000000000
34339,54218,52.913346,1C4,8,0000101100101100000111000000000000000000000000000000000000100000
42451,18073,52.913626,0BA,5,0010100100000000000000000000011100101011
6883,54221,52.917636,25,8,0000111111110101000000000000000100011111111001100000000000110111
27090,54222,52.918226,0AA,8,0010000110110111001000011100111000100001101011100010000111001000
1381,54223,52.919244,320,8,0000000000100000000000000000000000000000000000000000000001001011
42452,36146,52.921116,0BA,5,0100111100000000000000000000000000101110
10548,54224,52.925541,260,8,0000000000000000000000000000000000000000111111100111000111011001
6884,54226,52.92661,25,8,0000111111110101000000000000000111101111111000010000000000000010
30882,54228,52.927152,24,8,0000000111111010000000011101111001000001111101001000000010111011
27091,54229,52.927379,0AA,8,0010000110110110001000011100101100100001101011100010000110111110
21238,54230,52.928236,0B4,8,0000000000000000000000000000000000011100000001110010101000001001
42453,36148,52.928605,0BA,5,1110000000101111011000000000000011100100
43451,525,52.929738,3000000.0,6,000010000000000000000000000000000000000000101000
18352,54234,52.932238,226,8,0000000000100010000100000000000000100000000000000000000000000000
7645,54235,52.93259,3BC,8,0
34340,54237,52.933188,1C4,8,0000101100100001000111000000000000000000000000000000000000010101
42454,54212,52.936095,0BA,5,1100011000000000000000000000000010111110
6885,54241,52.936605,25,8,0000111111110101000000000000000110111111111000010000000011010010
13053,54242,52.93718,2C1,8,0000100011111101110100001111110111010000110000000000000000101101
27092,54243,52.937406,0AA,8,0010000110110000001000011100010000100001101010100010000110111010
16043,54245,52.939166,1C6,8,0000000000000000100000000000000110000101000101111100000000000000
42455,18086,52.943584,0BA,5,0010100100000000000000000000010000101000
10549,54247,52.945591,260,8,0000000000000000000000000000000000000000111111101011010000011100
6886,54249,52.946603,25,8,0000111111110100000000000000000101101111110111110000000001111111
30883,54250,52.947047,24,8,0000000111111001000000011101111001000001111101001000000010111010
27093,54251,52.947271,0AA,8,0010000110101110001000011011110000100001101010100010000110111011
21239,54252,52.948231,0B4,8,0000000000000000000000000000000000011100000001110010010000000011
42456,36164,52.951074,0BA,5,0100111100000000000000000000000000101110
34341,54256,52.953186,1C4,8,0000101100010111000111000000000000000000000000000000000000001011
6887,54259,52.956599,25,8,0000111111110100000000000000000100101111110110100000000000111010
27094,54260,52.957244,0AA,8,0010000110101100001000011011001100100001100110110010000110110111
27912,54261,52.958145,4DC,8,0001110100000000000000000000000000000000000000000000000000000000
42457,36168,52.958564,0BA,5,1110000000101111011000000000000011100100
18353,54265,52.960237,226,8,0000000000100010000100000000000000100000000000000000000000000000
10550,54266,52.965514,260,8,0000000000000000000000000000000000000000111111100101101111000011
42458,54244,52.966053,0BA,5,1100011000000000000000000000000010111110
6888,54268,52.966609,25,8,0000111111110100000000000000000111011111110011100000000011011110
30884,54269,52.967043,24,8,0000000111111001000000011101111001000001111101001000000010111010
27095,54270,52.96727,0AA,8,0010000110101000001000011011000100100001100111100010000110110100
13054,54271,52.967508,2C1,8,0000100011111101110100001111110111010000110000000000000000101101
21240,54272,52.968228,0B4,8,0000000000000000000000000000000000100000000001110001100111111100
16044,54273,52.969179,1C6,8,0000000000000000100000000000000101111111000101111100000000000000
35260,54061,52.969895,3D3,3,111001010000000000000000
43816,1816,52.970099,3BB,5,1011101100000000000000000000000000100110
1382,54276,52.971231,320,8,0000000000100000000000000000000000000000000000000000000001001011
34342,54277,52.973184,1C4,8,0000101100001100000111000000000000000000000000000000000000000000
42459,18095,52.973543,0BA,5,0010100100000000000000000000011100101011
6889,54281,52.976661,25,8,0000111111110100000000000000000110011111110011100000000010011110
27096,54282,52.977239,0AA,8,0010000110100000001000011011000100100001100110000010000110101010
1576,54283,52.977816,6F3,8,0010000000000000000000000000000000000000000000000000000000000000
42460,36183,52.981032,0BA,5,0100111100000000000000000000000000101110
10551,54285,52.985489,260,8,0000000000000000000000000000000000000000111111100111000111011001
13492,54286,52.98565,394,3,0
6890,54288,52.98659,25,8,0000111111110011000000000000000100101111110001000000000000100011
30885,54289,52.987041,24,8,0000000111111001000000011101111001000001111101101000000010111100
27097,54290,52.987267,0AA,8,0010000110011011001000011010111100100001100100000010000110101010
21241,54291,52.988229,0B4,8,0000000000000000000000000000000000100000000001110001001111110110
42461,36188,52.988522,0BA,5,1110000000101111011000000000000011100100
18354,54295,52.992223,226,8,0000000000100010000100000000000000100000000000000000000000000000
13569,54296,52.992474,399,8,0000000000000000000000000000000000000000111111110000000000000000
34343,54298,52.993178,1C4,8,0000101100000011000111000000000000000000000000000000000011110111
42462,54275,52.996011,0BA,5,1100011000000000000000000000000010111110
6891,54301,52.996591,25,8,0000111111110011000000000000000111011111110011100000000011011101
13055,54302,52.997173,2C1,8,0000100011111101110100001111110111010000110000000000000000101101
27098,54303,52.997398,0AA,8,0010000110010101001000011010010000100001100100100010000110100101
16045,54306,52.999158,1C6,8,0000000000000000100000000000000101111001000101111100000000000000
43616,13552,53.001268,423,2,10101000010011
42463,18104,53.003501,0BA,5,0010100100000000000000000000010000101000
10552,54307,53.00548,260,8,0000000000000000000000000000000000000000111111100111110011100100
11217,54308,53.005812,39A,8,0000000000000000000000000000000100000000000000000000000000000000
6892,54310,53.006598,25,8,0000111111110010000000000000000101011111101110100000000001001000
30886,54311,53.007069,24,8,0000000111111001000000011101111101000001111101001000000010111011
27099,54312,53.007295,0AA,8,0010000110011001001000011001101000100001100011110010000110011110
21242,54313,53.008222,0B4,8,0000000000000000000000000000000000100100000001110000100011101111
42464,36203,53.01099,0BA,5,0100111100000000000000000000000000101110
21767,54317,53.012787,443,8,0100110100000010000000000010111100000110000000000000000000000000
53,54318,53.013059,3B1,8,0000000000000000000000100000101000000000000010000000000000000000
34344,54319,53.013304,1C4,8,0000101011111000000111000000000000000000000000000000000011101011
6893,54323,53.017616,25,8,0000111111110010000000000000000111101111110000010000000011011111
27100,54324,53.018208,0AA,8,0010000110001011001000011001101000100001100010010010000110011110
42465,36206,53.01848,0BA,5,1110000000101111011000000000000011100100
18355,54327,53.021214,226,8,0000000000100011000100000000000000100000000000000000000000000000
1383,54328,53.022221,320,8,0000000000100000000000000000000000000000000000000000000001001011
10553,54330,53.025438,260,8,0000000000000000000000000000000000000000111111100010001110001011
42466,54305,53.025969,0BA,5,1100011000000000000000000000000010111110
6894,54332,53.026579,25,8,0000111111110001000000000000000101101111101100110000000001010000
30887,54333,53.02706,24,8,0000000111111001000000011101111001000001111101001000000010111010
27101,54334,53.027289,0AA,8,0010000110001001001000011001110100100001100000000010000110010011
13056,54335,53.027527,2C1,8,0000100011111101110100001111110111010000110000000000000000101101
21243,54336,53.028217,0B4,8,0000000000000000000000000000000000100100000001110000001011101001
16046,54337,53.029168,1C6,8,0000000000000000100000000000000101110011000101111100000000000000
34345,54341,53.03317,1C4,8,0000101011101110000111000000000000000000000000000000000011100001
42467,18116,53.033459,0BA,5,0010100100000000000000000000011100101011
6895,54344,53.036578,25,8,0000111111110001000000000000000111111111101110100000000011100111
27102,54345,53.037227,0AA,8,0010000110000010001000011001100100100001011111100010000110010000
11278,54346,53.040427,4C8,8,0000100100000000000000000000000000000000000000000000000000000000
42468,36225,53.040949,0BA,5,0100111100000000000000000000000000101110
10554,54348,53.045381,260,8,0000000000000000000000000000000000000000111111100010111010010110
6896,54350,53.046581,25,8,0000111111110000000000000000000101111111101110100000000001100110
30888,54351,53.047036,24,8,0000000111111001000000011101110001000001111101001000000010111000
27103,54352,53.047266,0AA,8,0010000101111010001000011001011000100001100000010010000110001010
21244,54353,53.048213,0B4,8,0000000000000000000000000000000000101000000001101111011111100001
42469,36230,53.048438,0BA,5,1110000000101111011000000000000011100100
18356,54357,53.052206,226,8,0000000000100101000100000000000000100000000000000000000000000000
34346,54358,53.053167,1C4,8,0000101011010111000111000000000000000000000000000000000011001010
42470,54339,53.055928,0BA,5,1100011000000000000000000000000010111110
6897,54361,53.056575,25,8,0000111111110000000000000000000111111111101100000000000011011100
27104,54362,53.05722,0AA,8,0010000101110100001000011000111100100001011110000010000110001001
13057,54363,53.057459,2C1,8,0000100011111101110010101111110111001010110000000000000000100001
16047,54366,53.059152,1C6,8,0000000000000000100000000000000101101101000101111100000000000000
237,54367,53.059401,3B7,8,1000
34989,54368,53.060209,4C3,8,0000001100000000000000000000000100000000000000000000000000000000
31302,54369,53.062317,4A6,8,0000000000000000000000000000000000000000000100000000000000000000
11140,54370,53.062583,620,8,0001000000000000000000000000000000000000000000000000000000000000
16557,54372,53.063282,3F9,8,0111010100011000000000100000001010000000000000000000000000010101
42471,18131,53.063417,0BA,5,0010100100000000000000000000010000101000
13884,54373,53.065134,4C6,8,0000011100000000000000110000000000000000000000000000000000000000
10555,54374,53.065377,260,8,0000000000000000000000000000000000000000111111100100010110101101
6898,54376,53.066572,25,8,0000111111101111000000000000000101101111101100000000000001001011
30889,54377,53.06703,24,8,0000000111111000000000011101110001000001111100111000000010110110
27105,54378,53.067256,0AA,8,0010000101110001001000011000101000100001011011110010000110000100
21245,54379,53.068208,0B4,8,0000000000000000000000000000000000101000000001101111001011011100
1384,54381,53.070208,320,8,0000000000100000000000000000000000000000000000000000000001001011
42472,36245,53.070907,0BA,5,0100111100000000000000000000000000101110
34347,54383,53.073191,1C4,8,0000101011001010000111000000000000000000000000000000000010111101
6899,54387,53.077594,25,8,0000111111101111000000000000000111011111101011110000000010111010
27106,54388,53.078201,0AA,8,0010000101110000001000011000011000100001011010000010000110000000
42473,36250,53.078396,0BA,5,1110000000101111011000000000000011100100
18357,54391,53.081201,226,8,0000000000100101000100000000000000100000000000000000000000000000
10556,54394,53.085181,260,8,0000000000000000000000000000000000000000111111100000110101110101
42474,54365,53.085886,0BA,5,1100011000000000000000000000000010111110
6900,54396,53.086572,25,8,0000111111101110000000000000000101011111101100110000000000111101
30890,54397,53.087034,24,8,0000000111110111000000011101110001000001111100011000000010110011
27107,54398,53.087259,0AA,8,0010000101101111001000011000011100100001010111010010000101111010
13058,54399,53.087497,2C1,8,0000100011111101110010101111110111001010110000000000000000100001
21246,54400,53.088208,0B4,8,0000000000000000000000000000000000101100000001101110011011010100
16048,54401,53.089157,1C6,8,0000000000000000100000000000000101100111000101111100000000000000
34348,54405,53.093159,1C4,8,0000101010111110000111000000000000000000000000000000000010110001
42475,18136,53.093375,0BA,5,0010100100000000000000000000011100101011
6901,54408,53.096571,25,8,0000111111101110000000000000000111001111101001100000000010100000
27108,54409,53.09722,0AA,8,0010000101101000001000010111111100100001011001000010000101110110
42476,36265,53.100865,0BA,5,0100111100000000000000000000000000101110
10557,54410,53.105159,260,8,0000000000000000000000000000000000000000111111100010111010010110
6902,54412,53.106563,25,8,0000111111101101000000000000000100111111101100000000000000011001
30891,54413,53.107025,24,8,0000000111110111000000011101111001000001111100011000000010110101
27109,54414,53.10725,0AA,8,0010000101100001001000010111011100100001010110010010000101101110
21247,54416,53.108202,0B4,8,0000000000000000000000000000000000101100000001101110000111001111
42477,36269,53.108354,0BA,5,1110000000101111011000000000000011100100
18358,54420,53.112196,226,8,0000000000100101000100000000000000100000000000000000000000000000
31546,54421,53.112681,44D,8,0100001000000010000000000000000000000001000000000000000000000000
34349,54422,53.113236,1C4,8,0000101010110001000111000000000000000000000000000000000010100100
42478,54403,53.115844,0BA,5,1100011000000000000000000000000010111110
6903,54425,53.116563,25,8,0000111111101101000000000000000110111111101100000000000010011001
13059,54426,53.117153,2C1,8,0000100011111101110101001111110111010100110000000000000000110101
27110,54427,53.117377,0AA,8,0010000101011100001000010111000100100001010100110010000101110000
16049,54429,53.119144,1C6,8,0000000000000000100000000000000101100100000101111100000000000000
1385,54430,53.119389,320,8,0000000000100000000000000000000000000000000000000000000001001011
42479,18149,53.123334,0BA,5,0010100100000000000000000000010000101000
10558,54432,53.125163,260,8,0000000000000000000000000000000000000000111111100000000101101001
6904,54434,53.126567,25,8,0000111111101100000000000000000100011111101001100000000011101110
30892,54435,53.127024,24,8,0000000111110110000000011101111001000001111100011000000010110100
27111,54436,53.127248,0AA,8,0010000101011010001000010111000000100001010011100010000101101100
21248,54438,53.128194,0B4,8,0000000000000000000000000000000000110000000001101101010111000111
42480,36287,53.130823,0BA,5,0100111100000000000000000000000000101110
34350,54442,53.133155,1C4,8,0000101010100011000111000000000000000000000000000000000010010110
34918,54444,53.133719,3C3,8,0100011000011110100100110100111000000000000000000000000000000000
6905,54446,53.136564,25,8,0000111111101100000000000000000110011111101100000000000001111000
27112,54447,53.137205,0AA,8,0010000101010100001000010110111100100001010001100010000101101011
42481,36291,53.138313,0BA,5,1110000000101111011000000000000011100100
18359,54451,53.140193,226,8,0000000000100101000100000000000000100000000000000000000000000000
10559,54452,53.145121,260,8,0000000000000000000000000000000000000000111111100000000101101001
42482,54428,53.145802,0BA,5,1100011000000000000000000000000010111110
6906,54455,53.14656,25,8,0000111111101011000000000000000100001111101100000000000011100111
30893,54456,53.14702,24,8,0000000111110101000000011101111001000001111011111000000010110001
27113,54457,53.147245,0AA,8,0010000101001100001000010110110000100001010001000010000101100010
13060,54458,53.147483,2C1,8,0000100011111101110010101111110111001010110000000000000000100001
28137,54459,53.147727,6C0,8,1110010000000000000000001110000010000000000000000000000000000000
21249,54460,53.148189,0B4,8,0000000000000000000000000000000000110000000001101101000011000010
16050,54461,53.149149,1C6,8,0000000000000000100000000000000101100001000101111100000000000000
34351,54464,53.153186,1C4,8,0000101010010101000111000000000000000000000000000000000010001000
42483,18158,53.153292,0BA,5,0010100100000000000000000000011100101011
6907,54468,53.15758,25,8,0000111111101010000000000000000101101111101011110000000001000101
27114,54469,53.158172,0AA,8,0010000101000110001000010110110000100001010000010010000101011101
42484,36304,53.160781,0BA,5,0100111100000000000000000000000000101110
7706,54470,53.161245,611,8,0010000100000000000000000001000000000000000000000011110101101100
10560,54472,53.165129,260,8,0000000000000000000000000000000000000000111111011111011001011101
6908,54474,53.166551,25,8,0000111111101010000000000000000111111111101100110000000011011001
30894,54475,53.167014,24,8,0000000111110100000000011101111001000001111011011000000010101110
27115,54476,53.16724,0AA,8,0010000100111110001000010110110000100001001110110010000101011101
21250,54477,53.168186,0B4,8,0000000000000000000000000000000000110100000001101100010110111011
42485,36311,53.168271,0BA,5,1110000000101111011000000000000011100100
18360,54481,53.172184,226,8,0000000000100101000100000000000000100000000000000000000000000000
34352,54483,53.173155,1C4,8,0000101010000110000111000000000000000000000000000000000001111001
1386,54485,53.173563,320,8,0000000000100000000000000000000000000000000000000000000001001011
42486,54463,53.17576,0BA,5,1100011000000000000000000000000010111110
6909,54487,53.176554,25,8,0000111111101001000000000000000101011111101001100000000000101011
13061,54488,53.177142,2C1,8,0000100011111101110011011111110111001101110000000000000000100111
27116,54489,53.177367,0AA,8,0010000100111011001000010110010100100001001100110010000101010111
16051,54491,53.17913,1C6,8,0000000000000000100000000000000101011110000101111100000000000000
42487,18169,53.18325,0BA,5,0010100100000000000000000000010000101000
10561,54493,53.185078,260,8,0000000000000000000000000000000000000000111111100000000101101001
6910,54495,53.186571,25,8,0000111111101001000000000000000111011111101100000000000010110101
30895,54496,53.187015,24,8,0000000111110011000000011101111101000001111011011000000010101110
27117,54497,53.187241,0AA,8,0010000100110110001000010110000100100001001011010010000101010010
21251,54498,53.188184,0B4,8,0000000000000000000000000000000000110100000001101011100110101111
42488,36329,53.190739,0BA,5,0100111100000000000000000000000000101110
34353,54503,53.19314,1C4,8,0000101001110111000111000000000000000000000000000000000001101010
6911,54506,53.196546,25,8,0000111111101000000000000000000101001111101100000000000000100100
27118,54507,53.197186,0AA,8,0010000100110001001000010101011100100001001011000010000101001101
42489,36333,53.198229,0BA,5,1110000000101111011000000000000011100100
18361,54510,53.20018,226,8,0000000000100100000100000000000000100000000000000000000000000000
10562,54511,53.205114,260,8,0000000000000000000000000000000000000000111111011110101101010010
42490,54490,53.205718,0BA,5,1100011000000000000000000000000010111110
6912,54514,53.206542,25,8,0000111111101000000000000000000111001111101100000000000010100100
30896,54515,53.207035,24,8,0000000111110010000000011101111101000001111011011000000010101101
27119,54516,53.207262,0AA,8,0010000100101100001000010101001000100001001010000010000101000100
13062,54517,53.207497,2C1,8,0000100011111101110011011111110111001101110000000000000000100111
21252,54518,53.208177,0B4,8,0000000000000000000000000000000000111000000001101011010010101110
16052,54519,53.209144,1C6,8,0000000000000000100000000000000101011011000101111100000000000000
14193,54523,53.212219,442,8,0100001100000010000000000000000000000010000000000000000000000000
34354,54524,53.213141,1C4,8,0000101001101000000111000000000000000000000000000000000001011011
42491,18180,53.213208,0BA,5,0010100100000000000000000000011100101011
6913,54527,53.21757,25,8,0000111111100111000000000000000100011111101001100000000011101001
27120,54528,53.218166,0AA,8,0010000100101000001000010100111000100001001000010010000101000110
1387,54529,53.219182,320,8,0000000000100000000000000000000000000000000000000000000001001011
42492,36350,53.220698,0BA,5,0100111100000000000000000000000000101110
10563,54531,53.22509,260,8,0000000000000000000000000000000000000000111111011100100100110000
6914,54533,53.226538,25,8,0000111111100111000000000000000110011111101010000000000001101011
30897,54534,53.227032,24,8,0000000111110001000000011101111101000001111011111000000010101110
27121,54535,53.227261,0AA,8,0010000100100000001000010101010100100001000111010010000101000001
21253,54536,53.228173,0B4,8,0000000000000000000000000000000000111000000001101010100010100010
42493,36353,53.228187,0BA,5,1110000000101111011000000000000011100100
35261,6738,53.229551,3D3,3,011011000000001000000000
18362,54540,53.232169,226,8,0000000000100101000100000000000000100000000000000000000000000000
34355,54541,53.233145,1C4,8,0000101001011001000111000000000000000000000000000000000001001100
42494,54521,53.235677,0BA,5,1100011000000000000000000000000010111110
6915,54545,53.236535,25,8,0000111111100110000000000000000111111111101001100000000011001000
13063,54546,53.237132,2C1,8,0000100011111101110011011111110111001101110000000000000000100111
27122,54547,53.237383,0AA,8,0010000100010110001000010100101100100001000101010010000100111010
16053,54550,53.239119,1C6,8,0000000000000000100000000000000101011000000110001100000000000000
42495,18190,53.243166,0BA,5,0010100100000000000000000000010000101000
10564,54551,53.245021,260,8,0000000000000000000000000000000000000000111111011101010100111100
6916,54553,53.24656,25,8,0000111111100101000000000000000101001111100111000000000000001101
30898,54554,53.247007,24,8,0000000111110000000000011101111101000001111011001000000010101010
27123,54555,53.247235,0AA,8,0010000100010010001000010100000000100001000110000010000100111010
21254,54556,53.248168,0B4,8,0000000000000000000000000000000000111100000001101010001110100001
42496,36365,53.250656,0BA,5,0100111100000000000000000000000000101110
34356,54559,53.253134,1C4,8,0000101001001010000111000000000000000000000000000000000000111101
6917,54563,53.256531,25,8,0000111111100101000000000000000110111111101001100000000010000111
27124,54564,53.257175,0AA,8,0010000100001110001000010011110000100001000100100010000100110100
42497,36372,53.258145,0BA,5,1110000000101111011000000000000011100100
18363,54568,53.260164,226,8,0000000000100101000100000000000000100000000000000000000000000000
10565,54569,53.264977,260,8,0000000000000000000000000000000000000000111111011011001100011010
42498,54548,53.265635,0BA,5,1100011000000000000000000000000010111110
6918,54571,53.266555,25,8,0000111111100100000000000000000100001111100111000000000011001100
30899,54572,53.267003,24,8,0000000111110000000000011101111001000001111011001000000010101001
27125,54573,53.267231,0AA,8,0010000100001110001000010011110000100001000010000010000100110000
13064,54574,53.267466,2C1,8,0000100011111101110011011111110111001101110000000000000000100111
43817,3640,53.267683,3BB,5,1010010100000000000000000000000000000000
21255,54575,53.26816,0B4,8,0000000000000000000000000000000000111100000001101001100010010110
16054,54576,53.269124,1C6,8,0000000000000000100000000000000101010101000110001100000000000000
1388,54580,53.271162,320,8,0000000000100000000000000000000000000000000000000000000001001011
42499,18196,53.273124,0BA,5,0010100100000000000000000000011100101011
34357,54581,53.273129,1C4,8,0000101000111010000111000000000000000000000000000000000000101101
6919,54585,53.277555,25,8,0000111111100011000000000000000101011111101001100000000000100101
27126,54586,53.278146,0AA,8,0010000100001100001000010011110000100001000001110010000100101010
42500,36392,53.280614,0BA,5,0100111100000000000000000000000000101110
10566,54589,53.28495,260,8,0000000000000000000000000000000000000000111111011011111000100101
13493,54590,53.28512,394,3,0
6920,54592,53.286531,25,8,0000111111100011000000000000000111011111101010000000000010100111
30900,54593,53.287,24,8,0000000111101111000000011101110001000001111010101000000010100100
27127,54594,53.287225,0AA,8,0010000100001001001000010011000100100001000000010010000100100110
42501,36394,53.288103,0BA,5,1110000000101111011000000000000011100100
21256,54596,53.288163,0B4,8,0000000000000000000000000000000000111100000001101000110010001010
18364,54600,53.292156,226,8,0000000000100110000100000000000000100000000000000000000000000000
34358,54601,53.293134,1C4,8,0000101000101100000111000000000000000000000000000000000000011111
7880,54603,53.293542,610,8,0010000000000000000100010110010011000000000000000000000001000000
42502,54578,53.295593,0BA,5,1100011000000000000000000000000010111110
6921,54605,53.296525,25,8,0000111111100010000000000000000100101111100111000000000011101010
13065,54606,53.297125,2C1,8,0000100011111101110100001111110111010000110000000000000000101101
27128,54607,53.297357,0AA,8,0010000100000100001000010010100000100000111111010010000100100101
16055,54609,53.299114,1C6,8,0000000000000000100000000000000101010010000101111100000000000000
42503,18208,53.303083,0BA,5,0010100100000000000000000000010000101000
10567,54611,53.304812,260,8,0000000000000000000000000000000000000000111111011001110100000100
6922,54613,53.306549,25,8,0000111111100001000000000000000101111111100111000000000000111001
30901,54614,53.306995,24,8,0000000111101111000000011101110001000001111010101000000010100100
27129,54615,53.307229,0AA,8,0010000100000001001000010010001100100000111110000010000100011111
21257,54616,53.308158,0B4,8,0000000000000000000000000000000001000000000001101000011110001001
42504,36412,53.310572,0BA,5,0100111100000000000000000000000000101110
16558,54619,53.312712,3F9,8,0111010100011000000000100000001010000000000000000000000000010101
21768,54620,53.312905,443,8,0100110100000010000000000010111100000110000000000000000000000000
34359,54621,53.313146,1C4,8,0000101000011101000111000000000000000000000000000000000000010000
6923,54624,53.317542,25,8,0000111111100001000000000000000111011111101001100000000010100011
42505,36416,53.318062,0BA,5,1110000000101111011000000000000011100100
27130,54625,53.318149,0AA,8,0010000011111111001000010010000100100000111100000010000100011111
18365,54629,53.32115,226,8,0000000000100101000100000000000000100000000000000000000000000000
1389,54630,53.322152,320,8,0000000000100000000000000000000000000000000000000000000001001011
10568,54632,53.324756,260,8,0000000000000000000000000000000000000000111111011000011011101101
42506,54608,53.325551,0BA,5,1100011000000000000000000000000010111110
6924,54634,53.326519,25,8,0000111111100000000000000000000101001111101010000000000000010100
30902,54635,53.326989,24,8,0000000111101111000000011101101001000001111010101000000010100010
27131,54636,53.32722,0AA,8,0010000011111001001000010010000100100000111011010010000100011110
13066,54637,53.327457,2C1,8,0000100011111101110100001111110111010000110000000000000000101101
21258,54638,53.328157,0B4,8,0000000000000000000000000000000001000000000001101000000110000011
35375,53288,53.329108,386,7,01010100000000000000000000000000000000000000000000000000
16056,54639,53.329117,1C6,8,0000000000000000100000000000000101001111000110001100000000000000
13945,54643,53.332136,622,8,0001001000000000000000000000000000000000000000000000000000000000
42507,18218,53.333041,0BA,5,0010100100000000000000000000011100101011
34360,54644,53.333122,1C4,8,0000101000001110000111000000000000000000000000000000000000000001
6925,54648,53.336677,25,8,0000111111100000000000000000000110111111101001100000000010000010
43617,53922,53.336719,423,2,1000100000000
27132,54649,53.337164,0AA,8,0010000011110000001000010001111000100000111010100010000100010110
42508,36430,53.34053,0BA,5,0100111100000000000000000000000000101110
10569,54651,53.344697,260,8,0000000000000000000000000000000000000000111111010111000011010111
6926,54653,53.346513,25,8,0000111111011111000000000000000100011111101001100000000011100001
30903,54654,53.346988,24,8,0000000111101110000000011101110001000001111010001000000010100001
27133,54655,53.347214,0AA,8,0010000011101101001000010001100100100000111000010010000100010100
42509,36435,53.34802,0BA,5,1110000000101111011000000000000011100100
21259,54656,53.348149,0B4,8,0000000000000000000000000000000001000100000001100111101110000001
18366,54660,53.352141,226,8,0000000000100101000100000000000000100000000000000000000000000000
34361,54662,53.353115,1C4,8,0000100111111111000111000000000000000000000000000000000011110001
42510,54641,53.355509,0BA,5,1100011000000000000000000000000010111110
13067,54664,53.357147,2C1,8,0000100011111101110100001111110111010000110000000000000000101101
6927,54666,53.357693,25,8,0000111111011110000000000000000101011111100111000000000000010110
27134,54667,53.358134,0AA,8,0010000011101111001000010001100100100000110111100010000100001011
16057,54668,53.359111,1C6,8,0000000000000000100000000000000101001100000110001100000000000000
238,54670,53.360154,3B7,8,1000
11141,54671,53.362114,620,8,0001000000000000000000000000000000000000000000000000000000000000
42511,18231,53.362999,0BA,5,0010100100000000000000000000010000101000
10570,54672,53.364683,260,8,0000000000000000000000000000000000000000111111011000011011101101
6928,54674,53.366509,25,8,0000111111011110000000000000000111011111101010000000000010100010
30904,54675,53.366986,24,8,0000000111101101000000011101111001000001111001011000000010011111
27135,54676,53.36722,0AA,8,0010000011111000001000010010001100100000111000010010000100000100
21260,54677,53.368142,0B4,8,0000000000000000000000000000000001000100000001100111000001110110
1390,54681,53.370144,320,8,0000000000100000000000000000000000000000000000000000000001001011
42512,36452,53.370488,0BA,5,0100111100000000000000000000000000101110
34362,54682,53.373112,1C4,8,0000100111100111000111000000000000000000000000000000000011011001
6929,54685,53.377521,25,8,0000111111011101000000000000000100101111101001100000000011101111
42513,36454,53.377978,0BA,5,1110000000101111011000000000000011100100
27136,54686,53.378131,0AA,8,0010000011111100001000010010001000100000110101010010000100000011
18367,54689,53.381143,226,8,0000000000100101000100000000000000100000000000000000000000000000
10571,54691,53.384656,260,8,0000000000000000000000000000000000000000111111011001001011111001
42514,54669,53.385468,0BA,5,1100011000000000000000000000000010111110
6930,54694,53.38653,25,8,0000111111011101000000000000000110101111101010000000000001110001
30905,54695,53.386981,24,8,0000000111101101000000011110011001000001111001011000000010100111
27137,54696,53.38721,0AA,8,0010000011100010001000010001101100100000110101000010000011111110
13068,54697,53.387446,2C1,8,0000100011111101110100001111110111010000110000000000000000101101
31683,54699,53.387805,389,8,0000000000100000000000000000000000000000000000000000000000000000
21261,54700,53.388207,0B4,8,0000000000000000000000000000000001001000000001100111000001111010
16058,54701,53.389101,1C6,8,0000000000000000100000000000000101001001000110001100000000000000
34805,54704,53.390755,4DF,8,0010000000000000000000000000000100000000000000000000000000000000
28225,54705,53.392084,618,8,0010001000000000000000000001010001000000000000000000000000000000
42515,18239,53.392957,0BA,5,0010100100000000000000000000011100101011
34363,54706,53.393107,1C4,8,0000100111000111000111000000000000000000000000000000000010111001
6931,54709,53.396493,25,8,0000111111011100000000000000000100001111101001100000000011001110
27138,54710,53.397151,0AA,8,0010000011010101001000010000110100100000110100000010000011111101
42516,36472,53.400447,0BA,5,0100111100000000000000000000000000101110
13768,54713,53.40419,61C,8,0010011000000000000000000000000000000000000000000000000000011010
10572,54714,53.404641,260,8,0000000000000000000000000000000000000000111111011011111000100101
6932,54716,53.406503,25,8,0000111111011011000000000000000101101111101001100000000000101101
30906,54717,53.406997,24,8,0000000111101011000000011110101001000001111000111000000010100111
27139,54718,53.407233,0AA,8,0010000011001111001000010000010000100000110011110010000011111101
42517,36476,53.407936,0BA,5,1110000000101111011000000000000011100100
21262,54719,53.408177,0B4,8,0000000000000000000000000000000001001000000001100111000001111010
18368,54723,53.412125,226,8,0000000000100110000100000000000000100000000000000000000000000000
34364,54725,53.413104,1C4,8,0000100110100011000111000000000000000000000000000000000010010101
42518,54703,53.415426,0BA,5,1100011000000000000000000000000010111110
6933,54728,53.4165,25,8,0000111111011011000000000000000111101111101100000000000010110111
13069,54729,53.417104,2C1,8,0000100011111101110100001111110111010000110000000000000000101101
27140,54730,53.417337,0AA,8,0010000011010011001000010001000000100000110011110010000011110111
31547,54731,53.417577,44D,8,0100001000000010000000000000000000000001000000000000000000000000
16059,54734,53.419086,1C6,8,0000000000000000100000000000000101000110000110001100000000000000
1391,54735,53.419333,320,8,0000000000100000000000000000000000000000000000000000000001001011
42519,18250,53.422915,0BA,5,0010100100000000000000000000010000101000
13690,54736,53.424558,4B7,8,1110001101011111001000101111000000000000111010100000000100001000
10573,54737,53.424773,260,8,0000000000000000000000000000000000000000111111010100111010110101
6934,54739,53.42649,25,8,0000111111011010000000000000000101011111101100000000000000100110
30907,54740,53.426998,24,8,0000000111101010000000011110001101000001111001011000000010100001
27141,54741,53.427232,0AA,8,0010000011011000001000010001011100100000110001000010000011110101
21263,54742,53.42814,0B4,8,0000000000000000000000000000000001001100000001100101111101101101
42520,36490,53.430405,0BA,5,0100111100000000000000000000000000101110
34365,54746,53.433145,1C4,8,0000100101111110000111000000000000000000000000000000000001110000
6935,54750,53.437494,25,8,0000111111011010000000000000000111001111101011110000000010010101
42521,36497,53.437894,0BA,5,1110000000101111011000000000000011100100
27142,54751,53.43812,0AA,8,0010000011010010001000010000110100100000101110110010000011110011
18369,54754,53.441125,226,8,0000000000100111000100000000000000100000000000000000000000000000
16337,54755,53.442269,4C1,8,0000000100000000000000010000000100000000000000000000000000000000
10574,54756,53.444667,260,8,0000000000000000000000000000000000000000111111011001001011111001
42522,54732,53.445384,0BA,5,1100011000000000000000000000000010111110
6936,54758,53.446492,25,8,0000111111011001000000000000000101011111101111100000000000110011
30908,54759,53.446971,24,8,0000000111101001000000011110100001000001111001011000000010100101
27143,54760,53.447204,0AA,8,0010000011000100001000001111100100100000101110110010000011101101
13070,54761,53.447442,2C1,8,0000100011111101110101001111110111010100110000000000000000110101
28138,54762,53.447686,6C0,8,1110010000000000000000001110000010000000000000000000000000000000
314,54763,53.447934,38F,8,0000000100000000000000000000000000000000000000000000000000000000
21264,54764,53.448176,0B4,8,0000000000000000000000000000000001001100000001100101101001101000
16060,54765,53.449096,1C6,8,0000000000000000100000000000000101000011000110001100000000000000
42523,18256,53.452873,0BA,5,0010100100000000000000000000011100101011
34366,54769,53.453098,1C4,8,0000100101011010000111000000000000000000000000000000000001001100
6937,54772,53.456487,25,8,0000111111011001000000000000000111011111101100000000000010100101
27144,54774,53.457141,0AA,8,0010000010110111001000001111000000100000101101110010000011101110
42524,36515,53.460363,0BA,5,0100111100000000000000000000000000101110
10575,54775,53.464573,260,8,0000000000000000000000000000000000000000111111010111000011010111
6938,54777,53.466486,25,8,0000111111011000000000000000000101001111101100000000000000010100
30909,54778,53.466971,24,8,0000000111100111000000011110101001000001111000011000000010100001
27145,54779,53.467205,0AA,8,0010000010111011001000001111000100100000101100110010000011101111
42525,36517,53.467853,0BA,5,1110000000101111011000000000000011100100
21265,54781,53.468115,0B4,8,0000000000000000000000000000000001010000000001100101010001100110
18370,54786,53.472121,226,8,0000000000100111000100000000000000100000000000000000000000000000
34367,54787,53.473096,1C4,8,0000100100110111000111000000000000000000000000000000000000101001
1392,54789,53.473506,320,8,0000000000100000000000000000000000000000000000000000000001001011
42526,54767,53.475342,0BA,5,1100011000000000000000000000000010111110
6939,54791,53.476481,25,8,0000111111011000000000000000000111001111101100000000000010010100
13071,54792,53.477099,2C1,8,0000100011111101110101111111110111010111110000000000000000111011
27146,54793,53.477333,0AA,8,0010000010111111001000001111101000100000101001110010000011100101
34747,54794,53.478131,380,8,0
16061,54797,53.479082,1C6,8,0000000000000000100000000000000101000000000110001100000000000000
42527,18270,53.482832,0BA,5,0010100100000000000000000000010000101000
10576,54800,53.484598,260,8,0000000000000000000000000000000000000000111111010101101011000001
6940,54802,53.486484,25,8,0000111111010111000000000000000100111111101100000000000000000011
30910,54803,53.486968,24,8,0000000111100110000000011110000101000001111000011000000010010111
27147,54804,53.487201,0AA,8,0010000011000011001000001111110000100000101000110010000011100101
21266,54805,53.488121,0B4,8,0000000000000000000000000000000001010000000001100100001101010101
35262,54588,53.489207,3D3,3,111001010000000000000000
42528,36537,53.490321,0BA,5,0100111100000000000000000000000000101110
34368,54808,53.493099,1C4,8,0000100100010011000111000000000000000000000000000000000000000101
6941,54811,53.497477,25,8,0000111111010111000000000000000110111111101110000000000010001011
42529,36541,53.497811,0BA,5,1110000000101111011000000000000011100100
27148,54812,53.498168,0AA,8,0010000010110101001000001110111100100000101001010010000011011110
18371,54816,53.501112,226,8,0000000000100110000100000000000000100000000000000000000000000000
10577,54817,53.504591,260,8,0000000000000000000000000000000000000000111111011001001011111001
42530,54795,53.5053,0BA,5,1100011000000000000000000000000010111110
6942,54819,53.506463,25,8,0000111111010110000000000000000100101111101010000000000011101010
30911,54820,53.50696,24,8,0000000111100101000000011110010101000001111000111000000010011100
27149,54821,53.507193,0AA,8,0010000010100001001000001101111000100000101000010010000011100101
13072,54822,53.50743,2C1,8,0000100011111101110110101111110111011010110000000000000001000001
21267,54823,53.508152,0B4,8,0000000000000000000000000000000001010100000001100100001101011001
16062,54824,53.50909,1C6,8,0000000000000000100000000000000100111111000110001100000000000000
42531,18277,53.51279,0BA,5,0010100100000000000000000000011100101011
34369,54827,53.513137,1C4,8,0000100011101101000111000000000000000000000000000000000011011110
6943,54830,53.516461,25,8,0000111111010110000000000000000110101111101100000000000001110010
27150,54833,53.517125,0AA,8,0010000010011110001000001101110000100000100110110010000011100101
1393,54834,53.518164,320,8,0000000000100000000000000000000000000000000000000000000001001011
42532,36555,53.520279,0BA,5,0100111100000000000000000000000000101110
14194,54835,53.521092,442,8,0100001100000010000000000000000000000010000000000000000000000000
10578,54836,53.524462,260,8,0000000000000000000000000000000000000000111111010100111010110101
6944,54838,53.526455,25,8,0000111111010101000000000000000100011111101100000000000011100001
30912,54839,53.52696,24,8,0000000111100100000000011110010101000001111001101000000010011110
27151,54840,53.527193,0AA,8,0010000010100001001000001110011000100000100101100010000011011010
42533,36560,53.527769,0BA,5,1110000000101111011000000000000011100100
21268,54841,53.528144,0B4,8,0000000000000000000000000000000001010100000001100011100001001110
18372,54845,53.532101,226,8,0000000000100110000100000000000000100000000000000000000000000000
34370,54848,53.533458,1C4,8,0000100011101101000111000000000000000000000000000000000011011110
42534,54826,53.535258,0BA,5,1100011000000000000000000000000010111110
6945,54853,53.536456,25,8,0000111111010100000000000000000101111111101001100000000000110110
13073,54854,53.537091,2C1,8,0000100011111101111000001111110111100000110000000000000001001101
27152,54855,53.537329,0AA,8,0010000010100000001000001111011000100000100101000010000011011000
16063,54857,53.539076,1C6,8,0000000000000000100000000000000100111110000110001100000000000000
42535,18288,53.542748,0BA,5,0010100100000000000000000000010000101000
10579,54858,53.544339,260,8,0000000000000000000000000000000000000000111111010110010111001100
6946,54860,53.546468,25,8,0000111111010100000000000000000111101111101001100000000010100110
30913,54861,53.546958,24,8,0000000111100100000000011110001101000001111010001000000010011110
27153,54862,53.547193,0AA,8,0010000010100001001000001111100000100000100100010010000011010100
21269,54863,53.548139,0B4,8,0000000000000000000000000000000001010100000001100010110101000011
42536,36577,53.550238,0BA,5,0100111100000000000000000000000000101110
34371,54867,53.553117,1C4,8,0000100011001000000111000000000000000000000000000000000010111001
6947,54870,53.556441,25,8,0000111111010011000000000000000101001111101001100000000000000101
27154,54871,53.557116,0AA,8,0010000010011010001000001110101000100000100011000010000011001110
42537,36581,53.557727,0BA,5,1110000000101111011000000000000011100100
18373,54874,53.560098,226,8,0000000000100101000100000000000000100000000000000000000000000000
16559,54875,53.563342,3F9,8,0111010100011000000000100000001010000000000000000000000000010101
10580,54876,53.564275,260,8,0000000000000000000000000000000000000000111111011001110100000100
42538,54856,53.565217,0BA,5,1100011000000000000000000000000010111110
43818,53897,53.565268,3BB,5,0111000000000001000000001010010100000000
6948,54879,53.566435,25,8,0000111111010011000000000000000111001111101100000000000010001111
30914,54880,53.566952,24,8,0000000111100011000000011110100001000001111001011000000010011111
27155,54881,53.56719,0AA,8,0010000010010110001000001101101000100000100010000010000011010000
13074,54882,53.567429,2C1,8,0000100011111101110111011111110111011101110000000000000001000111
21270,54883,53.56815,0B4,8,0000000000000000000000000000000001011000000001100011001001001100
16064,54884,53.569075,1C6,8,0000000000000000100000000000000100111011000110001100000000000000
1394,54887,53.571099,320,8,0000000000100000000000000000000000000000000000000000000001001011
14269,54888,53.572095,60.0,8,1010000100000000000000000000000000000000011100000000000000000000
42539,18297,53.572706,0BA,5,0010100100000000000000000000011100101011
34372,54889,53.57308,1C4,8,0000100010100011000111000000000000000000000000000000000010010100
6949,54892,53.577475,25,8,0000111111010010000000000000000100001111100111000000000010111010
27156,54893,53.578135,0AA,8,0010000010010000001000001101010100100000100000010010000011001011
42540,36599,53.580196,0BA,5,0100111100000000000000000000000000101110
10581,54897,53.584313,260,8,0000000000000000000000000000000000000000111111010100010010101011
13494,54898,53.584463,394,3,0
6950,54900,53.586429,25,8,0000111111010001000000000000000101111111101010000000000000110101
30915,54901,53.586949,24,8,0000000111100011000000011110100001000001111000111000000010011101
27157,54902,53.587184,0AA,8,0010000010001111001000001101010100100000100000000010000011000100
42541,36604,53.587685,0BA,5,1110000000101111011000000000000011100100
21271,54903,53.588152,0B4,8,0000000000000000000000000000000001011000000001100010011101000001
18374,54907,53.592088,226,8,0000000000100101000100000000000000100000000000000000000000000000
7766,54908,53.592697,435,8,1000000000000101000001011111111111100000001111110000000000000011
34373,54909,53.593079,1C4,8,0000100001111100000111000000000000000000000000000000000001101101
42542,54886,53.595175,0BA,5,1100011000000000000000000000000010111110
6951,54912,53.596433,25,8,0000111111010001000000000000000111011111100111000000000010001001
13075,54913,53.597076,2C1,8,0000100011111101110101001111110111010100110000000000000000110101
27158,54914,53.597311,0AA,8,0010000010000110001000001101100000100000011111010010000011000010
16065,54918,53.599066,1C6,8,0000000000000000100000000000000100111000000110011100000000000000
10956,54919,53.599705,436,8,0
42543,18311,53.602664,0BA,5,0010100100000000000000000000010000101000
10582,54921,53.604239,260,8,0000000000000000000000000000000000000000111111011001110100000100
6952,54923,53.606458,25,8,0000111111010000000000000000000100101111100111000000000011011000
30916,54924,53.606974,24,8,0000000111100010000000011110010101000001111001011000000010011011
27159,54925,53.607208,0AA,8,0010000010000000001000001101100100100000011101100010000010111100
21272,54926,53.608146,0B4,8,0000000000000000000000000000000001011100000001100001110000111010
42544,36616,53.610154,0BA,5,0100111100000000000000000000000000101110
34374,54929,53.613119,1C4,8,0000100001010011000111000000000000000000000000000000000001000100
6953,54933,53.617452,25,8,0000111111001111000000000000000101101111100111000000000000010111
42545,36621,53.617643,0BA,5,1110000000101111011000000000000011100100
21769,54934,53.617695,443,8,0100110100000010000000000010111100000110000000000000000000000000
27160,54935,53.618125,0AA,8,0010000001111110001000001100100100100000011101010010000010111001
18375,54938,53.621081,226,8,0000000000100110000100000000000000100000000000000000000000000000
1395,54939,53.622085,320,8,0000000000100000000000000000000000000000000000000000000001001011
10583,54940,53.624232,260,8,0000000000000000000000000000000000000000111111010110010111001100
42546,54916,53.625133,0BA,5,1100011000000000000000000000000010111110
6954,54942,53.626446,25,8,0000111111001111000000000000000111001111100100010000000001101100
30917,54943,53.626965,24,8,0000000111100010000000011110011001000001111001011000000010011100
27161,54944,53.627201,0AA,8,0010000001111101001000001100000100100000011100110010000010111011
13076,54945,53.62744,2C1,8,0000100011111101110101111111110111010111110000000000000000111011
13822,54946,53.627694,434,8,0100001000000000000000000000000000000000000000000000000000000000
21273,54947,53.628134,0B4,8,0000000000000000000000000000000001011100000001100001011000110100
16066,54948,53.62907,1C6,8,0000000000000000100000000000000100110101000110011100000000000000
42547,18320,53.632622,0BA,5,0010100100000000000000000000011100101011
34375,54953,53.633078,1C4,8,0000100000101011000111000000000000000000000000000000000000011100
34919,54955,53.633475,3C3,8,0100011000011110100100110100111000000000000000000000000000000000
28213,54956,53.634697,437,8,1111110011111111111111111111111111111111111111111111111111111111
6955,54959,53.63745,25,8,0000111111001110000000000000000111111111100100110000000010011101
27162,54960,53.638125,0AA,8,0010000001111100001000001100001100100000011011100010000010110110
42548,36638,53.640112,0BA,5,0100111100000000000000000000000000101110
10584,54961,53.644169,260,8,0000000000000000000000000000000000000000111111010100010010101011
6956,54963,53.646412,25,8,0000111111001101000000000000000101001111100100010000000011101010
30918,54965,53.64694,24,8,0000000111100010000000011110100001000001111001011000000010011110
27163,54966,53.647171,0AA,8,0010000001110111001000001100010000100000011011010010000010110001
42549,36642,53.647602,0BA,5,1110000000101111011000000000000011100100
21274,54968,53.648137,0B4,8,0000000000000000000000000000000001100000000001100001000100110011
18376,54972,53.652076,226,8,0000000000100111000100000000000000100000000000000000000000000000
34376,54973,53.65307,1C4,8,0000100000101011000111000000000000000000000000000000000000011100
42550,54950,53.655091,0BA,5,1100011000000000000000000000000010111110
6957,54976,53.656416,25,8,0000111111001101000000000000000110011111100100100000000000111011
13077,54977,53.657064,2C1,8,0000100011111101110111011111110111011101110000000000000001000111
27164,54978,53.657317,0AA,8,0010000001110110001000001100001100100000011010000010000010110001
16067,54980,53.659053,1C6,8,0000000000000000100000000000000100110010000110011100000000000000
239,54981,53.659302,3B7,8,1000
11142,54982,53.661905,620,8,0001000000000000000000000000000000000000000000000000000000000000
42551,18336,53.662581,0BA,5,0010100100000000000000000000010000101000
10585,54986,53.664294,260,8,0000000000000000000000000000000000000000111111010100010010101011
6958,54988,53.666414,25,8,0000111111001100000000000000000111001111100010000000000001100000
30919,54989,53.666946,24,8,0000000111100001000000011110010101000001111000111000000010011000
27165,54990,53.667177,0AA,8,0010000001101110001000001011101000100000011001010010000010101011
21275,54991,53.668143,0B4,8,0000000000000000000000000000000001100000000001100000010100100111
42552,36660,53.67007,0BA,5,0100111100000000000000000000000000101110
1396,54994,53.670081,320,8,0000000000100000000000000000000000000000000000000000000001001011
43618,3585,53.67217,423,2,11100000000
34377,54995,53.673067,1C4,8,0000100000000010000111000000000000000000000000000000000011110011
6959,54998,53.677444,25,8,0000111111001011000000000000000111101111100010100000000010000001
42553,36663,53.67756,0BA,5,1110000000101111011000000000000011100100
27166,54999,53.678106,0AA,8,0010000001101010001000001011000000100000011000010010000010101100
18377,55003,53.681076,226,8,0000000000100111000100000000000000100000000000000000000000000000
10586,55005,53.684182,260,8,0000000000000000000000000000000000000000111111010010001010001001
42554,54979,53.685049,0BA,5,1100011000000000000000000000000010111110
6960,55007,53.686438,25,8,0000111111001010000000000000000100011111011110110000000010100001
30920,55008,53.686938,24,8,0000000111100000000000011110001101000001111000011000000010010011
27167,55009,53.687169,0AA,8,0010000001100110001000001010111100100000010110010010000010101100
13078,55010,53.687411,2C1,8,0000100011111101110101111111110111010111110000000000000000111011
21276,55011,53.688124,0B4,8,0000000000000000000000000000000001100100000001100000000000100110
16068,55012,53.689061,1C6,8,0000000000000000100000000000000100101111000110011100000000000000
42555,18341,53.692539,0BA,5,0010100100000000000000000000011100101011
34378,55015,53.69307,1C4,8,0000011111011000000111000000000000000000000000000000000011001000
6961,55018,53.696418,25,8,0000111111001001000000000000000100111111011111100000000011000011
27168,55020,53.697088,0AA,8,0010000001100101001000001010111100100000010101110010000010100110
42556,36675,53.700028,0BA,5,0100111100000000000000000000000000101110
10587,55021,53.704164,260,8,0000000000000000000000000000000000000000111111001111010101011011
6962,55023,53.706409,25,8,0000111111001000000000000000000101011111011111100000000011100010
30921,55024,53.706932,24,8,0000000111011111000000011110001101000001111000111000000010010100
27169,55025,53.707162,0AA,8,0010000001100101001000001010111100100000010100100010000010100101
42557,36681,53.707518,0BA,5,1110000000101111011000000000000011100100
21277,55026,53.708123,0B4,8,0000000000000000000000000000000001100100000001011111010000011001
18378,55031,53.712065,226,8,0000000000100111000100000000000000100000000000000000000000000000
34379,55032,53.713072,1C4,8,0000011110101100000111000000000000000000000000000000000010011100
42558,55014,53.715007,0BA,5,1100011000000000000000000000000010111110
13079,55035,53.717086,2C1,8,0000100011111101110110101111110111011010110000000000000001000001
6963,55037,53.717648,25,8,0000111111000111000000000000000101011111011110000000000011011011
27170,55038,53.718053,0AA,8,0010000001100001001000001010110000100000010011100010000010100001
16069,55039,53.719041,1C6,8,0000000000000000100000000000000100101100000110011100000000000000
1397,55041,53.720065,320,8,0000000000100000000000000000000000000000000000000000000001001011
31548,55042,53.721556,44D,8,0100001000000010000000000000000000000001000000000000000000000000
42559,18351,53.722497,0BA,5,0010100100000000000000000000010000101000
10588,55043,53.72417,260,8,0000000000000000000000000000000000000000111111001111010101011011
6964,55045,53.726411,25,8,0000111111000111000000000000000110011111011110110000000000011110
30922,55047,53.726924,24,8,0000000111011110000000011110100001000001111000011000000010010110
27171,55048,53.727157,0AA,8,0010000001011110001000001010011000100000010010100010000010011110
21278,55049,53.728111,0B4,8,0000000000000000000000000000000001100100000001011110111100010100
42560,36698,53.729987,0BA,5,0100111100000000000000000000000000101110
34380,55054,53.733095,1C4,8,0000011110000000000111000000000000000000000000000000000001110000
6965,55057,53.736396,25,8,0000111111000110000000000000000110011111011010100000000000001100
27172,55058,53.73708,0AA,8,0010000001011001001000001010001100100000010011100010000010100000
42561,36702,53.737476,0BA,5,1110000000101111011000000000000011100100
14011,55059,53.737679,38E,8,0
18379,55062,53.74006,226,8,0000000000100111000100000000000000100000000000000000000000000000
10589,55063,53.744151,260,8,0000000000000000000000000000000000000000111111001010011100001101
42562,55040,53.744966,0BA,5,1100011000000000000000000000000010111110
28139,55066,53.746506,6C0,8,1110010000000000000000001110000010000000000000000000000000000000
6966,55067,53.746745,25,8,0000111111000101000000000000000110011111011010100000000000001011
30923,55068,53.746985,24,8,0000000111011101000000011110010101000001110111111000000010010000
27173,55069,53.74722,0AA,8,0010000001010111001000001001111000100000010001010010000010010101
13080,55070,53.74746,2C1,8,0000100011111101110101001111110111010100110000000000000000110101
21279,55071,53.748052,0B4,8,0000000000000000000000000000000001101000000001011110111100011000
35263,6802,53.748864,3D3,3,011011000000001000000000
16070,55072,53.749049,1C6,8,0000000000000000100000000000000100100111000110101100000000000000
42563,18361,53.752455,0BA,5,0010100100000000000000000000011100101011
34381,55075,53.753056,1C4,8,0000011110000000000111000000000000000000000000000000000001110000
6967,55078,53.756394,25,8,0000111111000011000000000000000101111111011000000000000011011111
27174,55079,53.757078,0AA,8,0010000001010010001000001001111000100000001111110010000010010010
42564,36721,53.759945,0BA,5,0100111100000000000000000000000000101110
10590,55081,53.764069,260,8,0000000000000000000000000000000000000000111111001010011100001101
6968,55083,53.766388,25,8,0000111111000010000000000000000101101111011000000000000011001110
30924,55084,53.766922,24,8,0000000111011101000000011101111101000001110111111000000010001010
27175,55085,53.767154,0AA,8,0010000001001101001000001001110000100000001111010010000010001100
42565,36724,53.767434,0BA,5,1110000000101111011000000000000011100100
21280,55086,53.768047,0B4,8,0000000000000000000000000000000001101000000001011110100100010010
18380,55090,53.772053,226,8,0000000000100111000100000000000000100000000000000000000000000000
1398,55091,53.773051,320,8,0000000000100000000000000000000000000000000000000000000001001011
34382,55092,53.773291,1C4,8,0000011101010011000111000000000000000000000000000000000001000011
42566,55074,53.774924,0BA,5,1100011000000000000000000000000010111110
13081,55095,53.777042,2C1,8,0000100011111101110011011111110111001101110000000000000000100111
6969,55097,53.777626,25,8,0000111111000001000000000000000100111111010111010000000010011010
27176,55098,53.778042,0AA,8,0010000001001001001000001001011100100000001110100010000010001010
16071,55100,53.77903,1C6,8,0000000000000000100000000000000100100001000110101100000000000000
42567,18372,53.782413,0BA,5,0010100100000000000000000000010000101000
10591,55103,53.784075,260,8,0000000000000000000000000000000000000000111111001001110000000010
6970,55105,53.786383,25,8,0000111111000000000000000000000100101111010011110000000001111011
30925,55106,53.786913,24,8,0000000111011100000000011110000101000001110111101000000010001010
27177,55107,53.78715,0AA,8,0010000001000001001000001001010100100000001101000010000010000011
21281,55108,53.78805,0B4,8,0000000000000000000000000000000001101100000001011101111000001011
42568,36741,53.789903,0BA,5,0100111100000000000000000000000000101110
34383,55112,53.793096,1C4,8,0000011100100011000111000000000000000000000000000000000000010011
7881,55114,53.793804,610,8,0010000000000000000011110110010011000000000000000000000001000000
6971,55117,53.796389,25,8,0000111110111111000000000000000111111111010011000000000001000111
27178,55118,53.797068,0AA,8,0010000000111001001000001001001000100000001100010010000010000010
42569,36746,53.797392,0BA,5,1110000000101111011000000000000011100100
13756,55120,53.798686,3A5,8,100000000
18381,55122,53.800051,226,8,0000000000100111000100000000000000100000000000000000000000000000
10592,55124,53.803836,260,8,0000000000000000000000000000000000000000111111001001000111110111
42570,55101,53.804882,0BA,5,1100011000000000000000000000000010111110
31364,55125,53.805798,640,8,1010100000000000000000000011011100000001111000000000000000000000
6972,55127,53.806409,25,8,0000111110111110000000000000000111001111010011000000000000010110
30926,55128,53.806933,24,8,0000000111011010000000011110010101000001110111101000000010001100
27179,55129,53.807169,0AA,8,0010000000111001001000001001010000100000001010010010000001111110
13082,55130,53.807402,2C1,8,0000100011111101110011011111110111001101110000000000000000100111
21282,55131,53.808044,0B4,8,0000000000000000000000000000000001101100000001011101100000000101
16072,55132,53.809035,1C6,8,0000000000000000100000000000000100011011000110101100000000000000
42571,18379,53.812372,0BA,5,0010100100000000000000000000011100101011
16560,55136,53.812731,3F9,8,0111010100011000000000100000001010000000000000000000000000010101
34384,55137,53.813036,1C4,8,0000011100100011000111000000000000000000000000000000000000010011
6973,55140,53.817404,25,8,0000111110111100000000000000000101101111010010110000000010110011
27180,55141,53.818031,0AA,8,0010000000101111001000001001001000100000001001010010000001111010
1399,55142,53.819047,320,8,0000000000100000000000000000000000000000000000000000000001001011
42572,36761,53.819861,0BA,5,0100111100000000000000000000000000101110
14195,55143,53.82078,442,8,0100001100000010000000000000000000000010000000000000000000000000
10593,55144,53.823808,260,8,0000000000000000000000000000000000000000111111001001000111110111
6974,55146,53.826372,25,8,0000111110111011000000000000000101001111010001000000000010001011
30927,55147,53.826928,24,8,0000000111011001000000011110001101000001110111001000000010000111
27181,55148,53.827164,0AA,8,0010000000100100001000001000110100100000001001000010000001111000
42573,36763,53.827351,0BA,5,1110000000101111011000000000000011100100
35050,55149,53.82766,413,8,0000000100000001000000010000100100000000000000000000000000000000
21283,55151,53.828153,0B4,8,0000000000000000000000000000000001110000000001011101001100000100
18382,55155,53.83204,226,8,0000000000101001000100000000000000100000000000000000000000000000
34385,55157,53.83324,1C4,8,0000011011110011000111000000000000000000000000000000000011100010
42574,55134,53.83484,0BA,5,1100011000000000000000000000000010111110
6975,55160,53.836375,25,8,0000111110111010000000000000000100001111010000100000000001001000
13083,55161,53.837034,2C1,8,0000100011111101110010101111110111001010110000000000000000100001
27182,55162,53.837264,0AA,8,0010000000100011001000001000100100100000001000110010000001110011
16073,55164,53.839018,1C6,8,0000000000000000100000000000000100010101000110111100000000000000
42575,18393,53.84233,0BA,5,0010100100000000000000000000010000101000
10594,55166,53.843771,260,8,0000000000000000000000000000000000000000111111000111101011100000
6976,55169,53.846369,25,8,0000111110111001000000000000000111011111010011000000000000100001
30928,55170,53.846908,24,8,0000000111011000000000011101111001000001110111001000000010000001
27183,55171,53.847151,0AA,8,0010000000100000001000001000001100100000000101100010000001110001
21284,55172,53.848038,0B4,8,0000000000000000000000000000000001110000000001011100011111111000
42576,36781,53.849819,0BA,5,0100111100000000000000000000000000101110
34386,55175,53.853029,1C4,8,0000011011000010000111000000000000000000000000000000000010110001
42577,36786,53.857309,0BA,5,1110000000101111011000000000000011100100
6977,55179,53.857392,25,8,0000111110110111000000000000000101101111010000100000000010100101
27184,55180,53.858028,0AA,8,0010000000100011001000000111110100100000000100000010000001110001
18383,55184,53.861027,226,8,0000000000101010000100000000000000100000000000000000000000000000
31303,55185,53.862759,4A6,8,0000000000000000000000000000000000000000000100000000000000000000
43819,1841,53.862853,3BB,5,1011101100000000000000000000000000100110
10595,55186,53.863782,260,8,0000000000000000000000000000000000000000111111000100001010101000
42578,55163,53.864798,0BA,5,1100011000000000000000000000000010111110
6978,55188,53.866367,25,8,0000111110110110000000000000000100111111001110000000000001101010
30929,55189,53.866899,24,8,0000000111010110000000011101111001000001110110001000000001111011
27185,55190,53.86713,0AA,8,0010000000011110001000000111011100100000000010100010000001101010
13084,55191,53.867369,2C1,8,0000100011111101110001111111110111000111110000000000000000011011
21285,55192,53.868026,0B4,8,0000000000000000000000000000000001110000000001011100001011110011
16074,55193,53.869026,1C6,8,0000000000000000100000000000000100001111000110111100000000000000
1400,55196,53.871035,320,8,0000000000100000000000000000000000000000000000000000000001001011
42579,18400,53.872288,0BA,5,0010100100000000000000000000011100101011
13630,55197,53.872881,4DD,8,0001111000000000000000000000000000000000000000000000000000000000
34387,55198,53.873117,1C4,8,0000011011000010000111000000000000000000000000000000000010110001
6979,55201,53.876365,25,8,0000111110110101000000000000000100001111010011000000000001001101
27186,55202,53.877048,0AA,8,0010000000010000001000000111001100100000000001100010000001100100
42580,36800,53.879777,0BA,5,0100111100000000000000000000000000101110
10596,55205,53.883725,260,8,0000000000000000000000000000000000000000111111000110010011001010
13495,55206,53.883871,394,3,0
6980,55208,53.886359,25,8,0000111110110100000000000000000110111111001110000000000011101000
30930,55209,53.886899,24,8,0000000111010100000000011110001101000001110101111000000001111101
27187,55210,53.887131,0AA,8,0010000000001111001000000111001000100000000001000010000001101001
42581,36805,53.887267,0BA,5,1110000000101111011000000000000011100100
21286,55211,53.888025,0B4,8,0000000000000000000000000000000001110100000001011011011111101100
18384,55215,53.89202,226,8,0000000000101010000100000000000000100000000000000000000000000000
34388,55216,53.893031,1C4,8,0000011010001110000111000000000000000000000000000000000001111101
42582,55195,53.894757,0BA,5,1100011000000000000000000000000010111110
6981,55220,53.89636,25,8,0000111110110010000000000000000101011111001110000000000010000110
13085,55221,53.897024,2C1,8,0000100011111101110001111111110111000111110000000000000000011011
27188,55222,53.897257,0AA,8,0010000000001001001000000110111100011111111111110010000001100100
16075,55224,53.89901,1C6,8,0000000000000000100000000000000100001001000110111100000000000000
42583,18412,53.902246,0BA,5,0010100100000000000000000000010000101000
10597,55225,53.903693,260,8,0000000000000000000000000000000000000000111111000001011001111100
6982,55228,53.906383,25,8,0000111110110001000000000000000100001111001110000000000000110101
30931,55229,53.906894,24,8,0000000111010011000000011101111101000001110100111000000001110100
27189,55230,53.907127,0AA,8,0010000000001100001000000110110100011111111101010010000001100001
21287,55231,53.908022,0B4,8,0000000000000000000000000000000001110100000001011010101111100000
42584,36819,53.909736,0BA,5,0100111100000000000000000000000000101110
27852,55235,53.910022,420,8,0000000000000000000000000000000011111111000000001000000010101011
34389,55237,53.913022,1C4,8,0000011001011010000111000000000000000000000000000000000001001001
31623,55239,53.916188,633,8,1000000100000000000000000000000000000000000000000000000000000000
42585,36823,53.917225,0BA,5,1110000000101111011000000000000011100100
6983,55241,53.917382,25,8,0000111110110000000000000000000110101111010000100000000011011110
21770,55242,53.917643,443,8,0100110100000010000000000010111100000110000000000000000000000000
27190,55243,53.918017,0AA,8,0010000000000100001000000110110000011111111101000010000001011110
18385,55247,53.921019,226,8,0000000000101001000100000000000000100000000000000000000000000000
1401,55248,53.92202,320,8,0000000000100000000000000000000000000000000000000000000001001011
10598,55249,53.923686,260,8,0000000000000000000000000000000000000000111110111111111101100100
42586,55223,53.924715,0BA,5,1100011000000000000000000000000010111110
6984,55252,53.926375,25,8,0000111110101110000000000000000101101111001110000000000010010010
30932,55253,53.926892,24,8,0000000111010010000000011101111101000001110100111000000001110011
27191,55254,53.927128,0AA,8,0001111111111111001000000110111000011111111101010010000001010111
13086,55255,53.927367,2C1,8,0000100011111101110010101111110111001010110000000000000000100001
21288,55256,53.928016,0B4,8,0000000000000000000000000000000001111000000001011010011011011111
35376,53321,53.928312,386,7,11011011000000000000000000000000000001100000000000000011
43452,53351,53.928412,3000000.0,6,101011000000000000000000000000000000000000000000
16076,55258,53.929179,1C6,8,0000000000000000100000000000000100000011000110111100000000000000
42587,18424,53.932204,0BA,5,0010100100000000000000000000011100101011
7646,55261,53.932429,3BC,8,0
34390,55262,53.933021,1C4,8,0000011001011010000111000000000000000000000000000000000001001001
6985,55265,53.937379,25,8,0000111110101101000000000000000100001111010000100000000000111011
27192,55266,53.938004,0AA,8,0001111111111010001000000111001100011111111010110010000001010111
42588,36843,53.939694,0BA,5,0100111100000000000000000000000000101110
10599,55268,53.943738,260,8,0000000000000000000000000000000000000000111111000010110010010010
6986,55270,53.946348,25,8,0000111110101100000000000000000111011111001110000000000000000000
30933,55271,53.946888,24,8,0000000111010001000000011101111001000001110100111000000001110001
27193,55272,53.947121,0AA,8,0001111111111000001000000110111000011111111001100010000001010010
42589,36849,53.947183,0BA,5,1110000000101111011000000000000011100100
21289,55273,53.94801,0B4,8,0000000000000000000000000000000001111000000001011010000011011001
18386,55277,53.952012,226,8,0000000000101001000100000000000000100000000000000000000000000000
34391,55278,53.953017,1C4,8,0000011000100011000111000000000000000000000000000000000000010010
42590,55259,53.954673,0BA,5,1100011000000000000000000000000010111110
6987,55281,53.956346,25,8,0000111110101011000000000000000110011111010000100000000011001001
13087,55282,53.957011,2C1,8,0000100011111110001001001111110111010100110000000000000010000110
27194,55283,53.957244,0AA,8,0001111111110101001000000110010000011111111001000010000001001011
27913,55284,53.95799,4DC,8,0001110100000000000000000000000000000000000000000000000000000000
16077,55287,53.959142,1C6,8,0000000000000000100000000000000011110001000110111100000000000000
240,55288,53.959391,3B7,8,1000
11143,55289,53.961693,620,8,0001000000000000000000000000000000000000000000000000000000000000
42591,18437,53.962162,0BA,5,0010100100000000000000000000010000101000
10600,55290,53.963686,260,8,0000000000000000000000000000000000000000111111000001011001111100
6988,55292,53.96634,25,8,0000111110101001000000000000000101001111010000100000000001110111
30934,55293,53.966884,24,8,0000000111001111000000011110001101000001110100011000000001110010
27195,55294,53.967114,0AA,8,0001111111101110001000000101110100011111110110110010000001001011
21290,55295,53.968007,0B4,8,0000000000000000000000000000000001111000000001011010000011011001
42592,36864,53.969652,0BA,5,0100111100000000000000000000000000101110
1402,55298,53.970011,320,8,0000000000100000000000000000000000000000000000000000000001001011
34392,55300,53.97301,1C4,8,0000011000100011000111000000000000000000000000000000000000010010
42593,36870,53.977141,0BA,5,1110000000101111011000000000000011100100
6989,55304,53.977371,25,8,0000111110101000000000000000000111111111010010110000000000101111
1577,55305,53.977654,6F3,8,0010000000000000000000000000000000000000000000000000000000000000
27196,55306,53.977993,0AA,8,0001111111100110001000000101111000011111110110000010000001001101
18387,55309,53.981003,226,8,0000000000101000000100000000000000100000000000000000000000000000
10601,55311,53.983636,260,8,0000000000000000000000000000000000000000111111000001011001111100
42594,55285,53.984631,0BA,5,1100011000000000000000000000000010111110
6990,55314,53.986341,25,8,0000111110100111000000000000000111011111010001000000000000000111
30935,55315,53.986878,24,8,0000000111001110000000011110001101000001110101011000000001110101
27197,55316,53.987113,0AA,8,0001111111100001001000000110001000011111110101100010000001000001
13088,55317,53.987351,2C1,8,0000100011111111100001111111110111010111110000000000000011101101
21291,55318,53.988004,0B4,8,0000000000000000000000000000000001111100000001011001010111010010
16078,55320,53.989169,1C6,8,0000000000000000100000000000000011100001000111001100000000000000
34990,55322,53.991004,4C3,8,0000001100000000000000000000000100000000000000000000000000000000
42595,18443,53.992121,0BA,5,0010100100000000000000000000011100101011
13570,55324,53.992336,399,8,0000000000000000000000000000000000000000111111110000000000000000
34393,55325,53.993011,1C4,8,0000010111101010000111000000000000000000000000000000000011011000
6991,55328,53.997365,25,8,0000111110100110000000000000000110011111010101000000000011010110
27198,55329,53.997996,0AA,8,0001111111011111001000000101101000011111110100000010000000111110
42596,36886,53.99961,0BA,5,0100111100000000000000000000000000101110
10602,55330,54.003627,260,8,0000000000000000000000000000000000000000111111000000101001110000
11218,55332,54.00617,39A,8,0000000000000000000000000000000100000000000000000000000000000000
6992,55333,54.006411,25,8,0000111110100100000000000000000101101111010001000000000010010100
30936,55334,54.006903,24,8,0000000111001100000000011101111101000001110100111000000001101101
42597,36890,54.0071,0BA,5,1110000000101111011000000000000011100100
27199,55335,54.007136,0AA,8,0001111111011100001000000101101100011111110001000010000000111001
43619,13805,54.007621,423,2,10101000010100
21292,55336,54.007999,0B4,8,0000000000000000000000000000000001111100000001011000111111001100
35264,55123,54.00852,3D3,3,111001010000000000000000
18388,55341,54.011999,226,8,0000000000101001000100000000000000100000000000000000000000000000
54,55342,54.012897,3B1,8,0000000000000000000000100000101000000000000010000000000000000000
34394,55343,54.013147,1C4,8,0000010110101110000111000000000000000000000000000000000010011100
42598,55321,54.014589,0BA,5,1100011000000000000000000000000010111110
6993,55346,54.01633,25,8,0000111110100011000000000000000100111111010011000000000001101011
13089,55347,54.017006,2C1,8,0000100000000000011101101111111101011101110000000000000001100101
27200,55348,54.017235,0AA,8,0001111111010101001000000101000100011111110000100010000000111000
11279,55350,54.018539,4C8,8,0000100100000000000000000000000000000000000000000000000000000000
16079,55351,54.018988,1C6,8,0000000000000000100000000000000011010010000111001100000000000000
1403,55352,54.019232,320,8,0000000000100000000000000000000000000000000000000000000001001011
31549,55353,54.020955,44D,8,0100001000000010000000000000000000000001000000000000000000000000
42599,18457,54.022079,0BA,5,0010100100000000000000000000010000101000
10603,55354,54.023537,260,8,0000000000000000000000000000000000000000111110111111010001011001
13885,55356,54.024698,4C6,8,0000011100000000000000110000000000000000000000000000000000000000
6994,55358,54.026326,25,8,0000111110100010000000000000000100001111010011000000000000111010
30937,55359,54.026896,24,8,0000000111001011000000011101111101000001110100011000000001101010
27201,55360,54.027135,0AA,8,0001111111001110001000000100110000011111110000010010000000110111
21293,55361,54.027992,0B4,8,0000000000000000000000000000000010000000000001011000101011001011
42600,36909,54.029568,0BA,5,0100111100000000000000000000000000101110
34395,55365,54.033009,1C4,8,0000010110101110000111000000000000000000000000000000000010011100
6995,55369,54.036377,25,8,0000111110100001000000000000000111101111010101100000000000100011
27202,55370,54.037012,0AA,8,0001111111001100001000000100110000011111101111000010000000110110
42601,36913,54.037058,0BA,5,1110000000101111011000000000000011100100
18389,55373,54.039991,226,8,0000000000101000000100000000000000100000000000000000000000000000
10604,55375,54.043524,260,8,0000000000000000000000000000000000000000111111000010000010000110
42602,55349,54.044547,0BA,5,1100011000000000000000000000000010111110
28140,55376,54.045939,6C0,8,1110010000000000000000001110000010000000000000000000000000000000
6996,55378,54.046521,25,8,0000111110100000000000000000000111001111010101100000000000000010
30938,55379,54.046869,24,8,0000000111001010000000011101111001000001110100001000000001100111
27203,55380,54.047101,0AA,8,0001111111000110001000000100101000011111101100100010000000101010
13090,55381,54.047344,2C1,8,0000100000000000100000001111111101100100110000000000000001110110
21294,55382,54.047991,0B4,8,0000000000000000000000000000000010000000000001010111111010111111
16080,55384,54.049153,1C6,8,0000000000000000100000000000000010111000000111001100000000000000
42603,18466,54.052037,0BA,5,0010100100000000000000000000011100101011
34396,55387,54.053,1C4,8,0000010110010001000111000000000000000000000000000000000001111111
6997,55391,54.057426,25,8,0000111110011111000000000000000110011111010111010000000011011000
27204,55392,54.057985,0AA,8,0001111111000001001000000100100000011111101100000010000000100111
42604,36927,54.059526,0BA,5,0100111100000000000000000000000000101110
16561,55393,54.06305,3F9,8,0111010100011000000000100000001010000000000000000000000000010101
10605,55394,54.063355,260,8,0000000000000000000000000000000000000000111111000010000010000110
6998,55396,54.066318,25,8,0000111110011101000000000000000101111111010011110000000010101000
30939,55397,54.066868,24,8,0000000111001000000000011101111101000001110100001000000001100110
42605,36933,54.067016,0BA,5,1110000000101111011000000000000011100100
27205,55398,54.067103,0AA,8,0001111110111010001000000011111100011111101010110010000000101100
21295,55399,54.067982,0B4,8,0000000000000000000000000000000010000000000001010111001110110100
18390,55403,54.07198,226,8,0000000000101010000100000000000000100000000000000000000000000000
1404,55404,54.072984,320,8,0000000000100000000000000000000000000000000000000000000001001011
34397,55405,54.073223,1C4,8,0000010110010001000111000000000000000000000000000000000001111111
42606,55386,54.074506,0BA,5,1100011000000000000000000000000010111110
6999,55409,54.076315,25,8,0000111110011100000000000000000101011111010101100000000010001110
13091,55410,54.077,2C1,8,0000100000000000100011001111111101011101110000000000000001111011
27206,55411,54.077233,0AA,8,0001111110111000001000000011101000011111101001110010000000101001
16081,55414,54.079258,1C6,8,0000000000000000100000000000000010011010000111011100000000000000
42607,18479,54.081995,0BA,5,0010100100000000000000000000010000101000
10606,55415,54.083321,260,8,0000000000000000000000000000000000000000111110111110100101001110
7000,55417,54.086345,25,8,0000111110011011000000000000000100111111010101100000000001101101
30940,55418,54.086864,24,8,0000000111000111000000011101111001000001110100111000000001100111
27207,55419,54.087103,0AA,8,0001111110110111001000000011010000011111101010000010000000100000
21296,55420,54.087974,0B4,8,0000000000000000000000000000000010000100000001010110110110110010
42608,36950,54.089485,0BA,5,0100111100000000000000000000000000101110
34398,55424,54.092994,1C4,8,0000010110001001000111000000000000000000000000000000000001110111
7001,55427,54.096311,25,8,0000111110011010000000000000000100001111010011000000000000110010
42609,36953,54.096974,0BA,5,1110000000101111011000000000000011100100
27208,55428,54.096998,0AA,8,0001111110110101001000000011001000011111100111000010000000011111
18391,55431,54.099977,226,8,0000000000101010000100000000000000100000000000000000000000000000
10607,55433,54.103305,260,8,0000000000000000000000000000000000000000111110111101001000110111
42610,55412,54.104464,0BA,5,1100011000000000000000000000000010111110
7002,55435,54.106339,25,8,0000111110011001000000000000000111101111010101100000000000011011
30941,55437,54.10686,24,8,0000000111000110000000011101101001000001110101011000000001100100
27209,55438,54.107096,0AA,8,0001111110101101001000000011000100011111100101000010000000011101
13092,55439,54.107334,2C1,8,0000100000000000100100111111111101110100110000000000000010011001
21297,55440,54.107973,0B4,8,0000000000000000000000000000000010000100000001010110001010100111
16082,55442,54.109141,1C6,8,0000000000000000100000000000000001111111000111011100000000000000
42611,18491,54.111953,0BA,5,0010100100000000000000000000011100101011
34399,55444,54.112992,1C4,8,0000010110001001000111000000000000000000000000000000000001110111
7003,55448,54.11631,25,8,0000111110011000000000000000000111001111010101100000000011111010
27210,55449,54.116993,0AA,8,0001111110101000001000000011000100011111100100100010000000011011
1405,55450,54.117976,320,8,0000000000100000000000000000000000000000000000000000000001001011
42612,36969,54.119443,0BA,5,0100111100000000000000000000000000101110
14196,55451,54.120569,442,8,0100001100000010000000000000000000000010000000000000000000000000
10608,55453,54.123294,260,8,0000000000000000000000000000000000000000111110111101111001000011
7004,55455,54.126312,25,8,0000111110010111000000000000000110011111010011000000000010111111
30942,55456,54.126857,24,8,0000000111000101000000011101110001000001110101011000000001100101
42613,36974,54.126932,0BA,5,1110000000101111011000000000000011100100
27211,55457,54.12709,0AA,8,0001111110100011001000000010111000011111100100000010000000011010
21298,55458,54.127969,0B4,8,0000000000000000000000000000000010001000000001010101110110100110
18392,55462,54.131969,226,8,0000000000101001000100000000000000100000000000000000000000000000
34400,55464,54.133175,1C4,8,0000010110000010000111000000000000000000000000000000000001110000
34920,55466,54.133573,3C3,8,0100011000011110100100110100111000000000000000000000000000000000
42614,55443,54.134422,0BA,5,1100011000000000000000000000000010111110
7005,55468,54.136309,25,8,0000111110010101000000000000000101011111010011000000000001111101
13093,55469,54.136982,2C1,8,0000100000000000011011001111111110011010110000000000000010011000
27212,55470,54.137217,0AA,8,0001111110100100001000000010101000011111100010100010000000010100
16083,55472,54.138971,1C6,8,0000000000000000100000000000000001100011000111011100000000000000
42615,18504,54.141911,0BA,5,0010100100000000000000000000010000101000
10609,55474,54.143272,260,8,0000000000000000000000000000000000000000111110111100011100101100
7006,55476,54.14633,25,8,0000111110010100000000000000000100111111010101100000000001100110
30943,55477,54.146854,24,8,0000000111000100000000011101111001000001110100011000000001100010
27213,55478,54.147088,0AA,8,0001111110100010001000000010110000011111100001110010000000001110
21299,55479,54.147964,0B4,8,0000000000000000000000000000000010001000000001010101011110100000
42616,36988,54.149401,0BA,5,0100111100000000000000000000000000101110
34401,55482,54.152988,1C4,8,0000010110000010000111000000000000000000000000000000000001110000
7007,55486,54.156303,25,8,0000111110010011000000000000000100001111010011000000000000101011
42617,36993,54.156891,0BA,5,1110000000101111011000000000000011100100
27214,55487,54.156982,0AA,8,0001111110100001001000000010110100011111100000110010000000001111
18393,55490,54.159963,226,8,0000000000100101000100000000000000100000000000000000000000000000
43820,3700,54.160438,3BB,5,1010010100000000000000000000000000000000
7707,55491,54.162543,611,8,0010000100000000000000000001000000000000000000000011110101101100
10610,55493,54.163286,260,8,0000000000000000000000000000000000000000111110111000111111110100
42618,55471,54.16438,0BA,5,1100011000000000000000000000000010111110
7008,55496,54.166296,25,8,0000111110010010000000000000000111101111010101100000000000010100
30944,55497,54.166852,24,8,0000000111000011000000011101111101000001110100011000000001100010
27215,55498,54.167084,0AA,8,0001111110011010001000000010111000011111011111110010000000001001
13094,55499,54.167329,2C1,8,0000100000000000010100111111111111000111110000000000000010101100
21300,55500,54.167956,0B4,8,0000000000000000000000000000000010001000000001010101000110011010
16084,55502,54.169124,1C6,8,0000000000000000100000000000000001000011000111011100000000000000
1406,55504,54.170965,320,8,0000000000100000000000000000000000000000000000000000000001001011
42619,18508,54.17187,0BA,5,0010100100000000000000000000011100101011
34402,55506,54.172985,1C4,8,0000010110000000000111000000000000000000000000000000000001101110
7009,55509,54.176299,25,8,0000111110010001000000000000000110111111010011000000000011011001
27216,55510,54.176981,0AA,8,0001111110011000001000000011000100011111011111010010000000000101
42620,37010,54.179359,0BA,5,0100111100000000000000000000000000101110
10611,55513,54.183236,260,8,0000000000000000000000000000000000000000111110111000111111110100
13496,55514,54.183382,394,3,0
7010,55516,54.186296,25,8,0000111110001111000000000000000101111111010011000000000010010111
30945,55517,54.186847,24,8,0000000111000010000000011110001101000001110100011000000001100101
42621,37012,54.186849,0BA,5,1110000000101111011000000000000011100100
27217,55518,54.18708,0AA,8,0001111110010111001000000010110000011111011110010010000000000101
21301,55519,54.187955,0B4,8,0000000000000000000000000000000010001100000001010101000110011110
18394,55524,54.191956,226,8,0000000000100000000100000000000000100000000000000000000000000000
34403,55525,54.192982,1C4,8,0000010110000001000111000000000000000000000000000000000001101111
42622,55503,54.194338,0BA,5,1100011000000000000000000000000010111110
13095,55527,54.196974,2C1,8,0000100000000000001010011111111111111010110000000000000010110101
7011,55529,54.197553,25,8,0000111110001110000000000000000100011111010100010000000000111011
27218,55530,54.197949,0AA,8,0001111110010101001000000010100000011111011101100010000000000001
16085,55532,54.199125,1C6,8,0000000000000000100000000000000000100101000111101100000000000000
42623,18522,54.201828,0BA,5,0010100100000000000000000000010000101000
10612,55533,54.203244,260,8,0000000000000000000000000000000000000000111110111000010011101001
7012,55536,54.206292,25,8,0000111110001101000000000000000100101111010100010000000001001010
30946,55537,54.206871,24,8,0000000111000001000000011110010101000001110100001000000001100101
27219,55538,54.207106,0AA,8,0001111110010011001000000010010000011111011100110001111111111100
21302,55539,54.20795,0B4,8,0000000000000000000000000000000010001100000001010101000110011110
42624,37028,54.209317,0BA,5,0100111100000000000000000000000000101110
34404,55542,54.212982,1C4,8,0000010110000001000111000000000000000000000000000000000001101111
7013,55545,54.216291,25,8,0000111110001100000000000000000111111111010011000000000000010100
42625,37031,54.216807,0BA,5,1110000000101111011000000000000011100100
27220,55546,54.216968,0AA,8,0001111110010010001000000010010100011111011011010001111111111101
21771,55547,54.217579,443,8,0100110100000010000000000010111100000110000000000000000000000000
18395,55550,54.219953,226,8,0000000000011000000100000000000000100000000000000000000000000000
1407,55551,54.220956,320,8,0000000000100000000000000000000000000000000000000000000001001011
10613,55553,54.22325,260,8,0000000000000000000000000000000000000000111110111000010011101001
42626,55531,54.224296,0BA,5,1100011000000000000000000000000010111110
7014,55555,54.226279,25,8,0000111110001011000000000000000111001111010011000000000011100011
30947,55556,54.226865,24,8,0000000110111111000000011110101001000001110100001000000001101000
27221,55557,54.227098,0AA,8,0001111110010001001000000010011100011111011011100001111111111110
13096,55558,54.227336,2C1,8,0000100000000000001001101111111111110000110000000000000010101000
21303,55559,54.227943,0B4,8,0000000000000000000000000000000010010000000001010100110010011101
16086,55561,54.229114,1C6,8,0000000000000000100000000000000000001010000111101100000000000000
42627,18530,54.231786,0BA,5,0010100100000000000000000000011100101011
34405,55565,54.232971,1C4,8,0000010110000110000111000000000000000000000000000000000001110100
7015,55568,54.236282,25,8,0000111110001010000000000000000110011111010011000000000010110010
27222,55569,54.236969,0AA,8,0001111110010011001000000010001100011111011100000001111111111101
42628,37048,54.239276,0BA,5,0100111100000000000000000000000000101110
10614,55572,54.243196,260,8,0000000000000000000000000000000000000000111110111000111111110100
7016,55574,54.24628,25,8,0000111110001000000000000000000101001111010000100000000001010110
42629,37053,54.246765,0BA,5,1110000000101111011000000000000011100100
30948,55575,54.24684,24,8,0000000110111110000000011110110101000001110011101000000001101000
27223,55576,54.247073,0AA,8,0001111110001000001000000010000000011111011011100001111111110110
21304,55577,54.247939,0B4,8,0000000000000000000000000000000010010000000001010100011010010111
18396,55581,54.25194,226,8,0000000000010010000100000000000000100000000000000000000000000000
34406,55582,54.252966,1C4,8,0000010110000110000111000000000000000000000000000000000001110100
42630,55562,54.254255,0BA,5,1100011000000000000000000000000010111110
7017,55586,54.256281,25,8,0000111110000111000000000000000100101111010101100000000001001001
13097,55587,54.256964,2C1,8,0000100011111111111111011111111111111010110000000000000010001000
27224,55588,54.257196,0AA,8,0001111110000111001000000001111000011111011010000001111111110111
241,55590,54.258953,3B7,8,1000
16087,55591,54.259191,1C6,8,0000000000000000100000001111111111111100000111101100000000000000
11144,55592,54.261484,620,8,0001000000000000000000000000000000000000000000000000000000000000
42631,18542,54.261744,0BA,5,0010100100000000000000000000010000101000
10615,55593,54.263099,260,8,0000000000000000000000000000000000000000111110110110001111001000
7018,55595,54.266272,25,8,0000111110000110000000000000000111101111010000100000000011110100
30949,55596,54.266831,24,8,0000000110111100000000011110111101000001110011101000000001101000
27225,55597,54.267065,0AA,8,0001111110000101001000000001111100011111011000100001111111110101
21305,55598,54.267937,0B4,8,0000000000000000000000000000000010010000000001010100011010010111
35265,6874,54.268176,3D3,3,011011000000001000000000
42632,37069,54.269234,0BA,5,0100111100000000000000000000000000101110
1408,55601,54.269942,320,8,0000000000100000000000000000000000000000000000000000000001001011
34407,55603,54.272963,1C4,8,0000010110001100000111000000000000000000000000000000000001111010
42633,37073,54.276723,0BA,5,1110000000101111011000000000000011100100
7019,55606,54.277304,25,8,0000111110000101000000000000000110101111010101000000000011000101
27226,55607,54.277932,0AA,8,0001111110000011001000000001111100011111011000000001111111110100
18397,55610,54.280935,226,8,0000000000001001000100000000000000100000000000000000000000000000
10616,55612,54.282963,260,8,0000000000000000000000000000000000000000111110111000111111110100
42634,55589,54.284213,0BA,5,1100011000000000000000000000000010111110
7020,55614,54.286271,25,8,0000111110000100000000000000000110011111010011110000000010101111
30950,55616,54.28683,24,8,0000000110111011000000011111000101000001110011101000000001101001
27227,55617,54.287064,0AA,8,0001111110000011001000000001111100011111010111100001111111110101
13098,55618,54.287308,2C1,8,0000100011111111111001001111111111100000110000000000000001010101
21306,55619,54.28793,0B4,8,0000000000000000000000000000000010010100000001010100000010010101
16088,55621,54.289101,1C6,8,0000000000000000100000001111111111110000000111111100000000000000
7882,55623,54.291455,610,8,0010000000000000000011100110010011000000000000000000000001000000
42635,18551,54.291702,0BA,5,0010100100000000000000000000011100101011
34408,55624,54.292961,1C4,8,0000010110001100000111000000000000000000000000000000000001111010
7021,55628,54.296272,25,8,0000111110000010000000000000000101111111011000000000000010011110
27228,55629,54.296953,0AA,8,0001111110000011001000000001101100011111010111100001111111110011
42636,37090,54.299192,0BA,5,0100111100000000000000000000000000101110
10617,55630,54.302903,260,8,0000000000000000000000000000000000000000111110110111100111011110
7022,55633,54.306292,25,8,0000111110000001000000000000000101001111010011000000000001011001
42637,37095,54.306681,0BA,5,1110000000101111011000000000000011100100
30951,55634,54.306828,24,8,0000000110111010000000011111001101000001110011001000000001101000
27229,55635,54.307068,0AA,8,0001111110000011001000000001101000011111010111100001111111110000
21307,55637,54.307926,0B4,8,0000000000000000000000000000000010010100000001010100000010010101
18398,55641,54.311931,226,8,0000000000000000000100000000000000100000000000000000000000000000
16562,55642,54.312507,3F9,8,0111010100011000000000100000001010000000000000000000000000010101
34409,55643,54.312955,1C4,8,0000010110010011000111000000000000000000000000000000000010000001
42638,55622,54.314171,0BA,5,1100011000000000000000000000000010111110
7023,55646,54.316266,25,8,0000111110000000000000000000000100111111011000000000000001011100
27230,55647,54.316948,0AA,8,0001111101111111001000000001101000011111010110100001111111110111
13099,55648,54.317189,2C1,8,0000100011111111110100001111111111001010110000000000000000101011
1409,55650,54.318931,320,8,0000000000100000000000000000000000000000000000000000000001001011
16089,55651,54.319172,1C6,8,0000000000000000100000001111111111100100000111111100000000000000
31550,55653,54.320406,44D,8,0100001000000010000000000000000000000001000000000000000000000000
42639,18562,54.321661,0BA,5,0010100100000000000000000000010000101000
10618,55655,54.322925,260,8,0000000000000000000000000000000000000000111110110100110010110001
7024,55657,54.32626,25,8,0000111101111111000000000000000100101111011000000000000001001011
30952,55658,54.326827,24,8,0000000110111000000000011111011001000001110011001000000001101001
27231,55659,54.327066,0AA,8,0001111101111101001000000001101000011111010101000001111111110111
21308,55660,54.327921,0B4,8,0000000000000000000000000000000010010100000001010011101110010000
42640,37109,54.32915,0BA,5,0100111100000000000000000000000000101110
13946,55664,54.330441,622,8,0001001000000000000000000000000000000000000000000000000000000000
34410,55665,54.332949,1C4,8,0000010110010011000111000000000000000000000000000000000010000001
42641,37115,54.33664,0BA,5,1110000000101111000110000000000010011100
7025,55669,54.337289,25,8,0000111101111110000000000000000111111111010111010000000000010111
27232,55670,54.33792,0AA,8,0001111101111001001000000001101000011111010101000001111111110100
18399,55673,54.340924,226,8,0000000000000000000100000000000000100000000000000000000000000000
10619,55674,54.342841,260,8,0000000000000000000000000000000000000000111110111000010011101001
43620,54957,54.343072,423,2,1000100000000
42642,55649,54.344129,0BA,5,1100011000000000000000000000000010111110
28141,55675,54.345347,6C0,8,1110010000000000000000001110000010000000000000000000000000000000
7026,55677,54.346286,25,8,0000111101111101000000000000000100001111011001010000000000101110
30953,55678,54.346819,24,8,0000000110110111000000011111011001000001110010111000000001100111
27233,55679,54.347054,0AA,8,0001111101111001001000000001101000011111010100110001111111110110
13100,55680,54.347297,2C1,8,0000100011111111110010101111111111000100110000000000000000011111
21309,55681,54.347915,0B4,8,0000000000000000000000000000000010011000000001010011010110001110
16090,55683,54.349095,1C6,8,0000000000000000100000001111111111101000000111111100000000000000
42643,18568,54.351619,0BA,5,0010100100000000000000000000011100101011
16338,55687,54.352456,4C1,8,0000000100000000000000010000000100000000000000000000000000000000
34411,55688,54.35295,1C4,8,0000010110010110000111000000000000000000000000000000000010000100
7027,55691,54.356257,25,8,0000111101111100000000000000000111111111011000000000000000011000
27234,55692,54.356937,0AA,8,0001111101110111001000000001101000011111010011100001111111110101
42644,37129,54.359108,0BA,5,0100111100000000000000000000000000101110
10620,55694,54.362823,260,8,0000000000000000000000000000000000000000111110110101011110111100
7028,55696,54.366252,25,8,0000111101111011000000000000000111111111011010100000000000100001
42645,37131,54.366598,0BA,5,1110000000101110111001000000000001100111
30954,55697,54.366816,24,8,0000000110110111000000011111010001000001110010011000000001100011
27235,55698,54.367055,0AA,8,0001111101110111001000000001110100011111010011010001111111110000
21310,55699,54.367911,0B4,8,0000000000000000000000000000000010011000000001010011010110001110
18400,55705,54.371917,226,8,0000000000000000000100000000000000000000000000000000000000000000
1410,55706,54.372918,320,8,0000000000100000000000000000000000000000000000000000000001001011
34412,55707,54.37316,1C4,8,0000010110011010000111000000000000000000000000000000000010001000
42646,55684,54.374087,0BA,5,1100011000000000000000000000000010111110
7029,55710,54.376252,25,8,0000111101111010000000000000000111111111011010100000000000100000
27236,55711,54.376931,0AA,8,0001111101110100001000000001101000011111010011100001111111110011
13101,55712,54.377167,2C1,8,0000100011111111101111011111111110111101110000000000000000001011
16091,55715,54.379124,1C6,8,0000000000000000100000001111111111110100000111110100000000000000
42647,18581,54.381577,0BA,5,0010100100000000000000000000010000101000
10621,55716,54.382794,260,8,0000000000000000000000000000000000000000111110110100000110100110
7030,55719,54.386276,25,8,0000111101111001000000000000000111111111011010100000000000011111
30955,55720,54.386815,24,8,0000000110110101000000011111011001000001110010111000000001100101
27237,55721,54.387048,0AA,8,0001111101110011001000000001110100011111010010110001111111110000
31684,55722,54.387561,389,8,0000000000100000000000000000000000000000000000000000000000000000
21311,55724,54.388042,0B4,8,0000000000000000000000000000000010011100000001010011010110010010
42648,37150,54.389066,0BA,5,0100111100000000000000000000000000101110
34413,55726,54.392944,1C4,8,0000010110011010000111000000000000000000000000000000000010001000
7031,55729,54.396245,25,8,0000111101111000000000000000000100001111011101000000000000111000
42649,37155,54.396556,0BA,5,1110000000101110100111000000000000011111
27238,55730,54.396927,0AA,8,0001111101110010001000000001101100011111010010010001111111101100
18401,55733,54.399915,226,8,0000000000000000000100000000000000000000000000000000000000000000
10622,55735,54.402784,260,8,0000000000000000000000000000000000000000111110110101011110111100
42650,55713,54.404045,0BA,5,1100011000000000000000000000000010111110
7032,55737,54.40625,25,8,0000111101110111000000000000000100011111011101000000000001000111
30956,55738,54.406834,24,8,0000000110110100000000011111100001000001110010111000000001100110
27239,55739,54.407067,0AA,8,0001111101110010001000000001101000011111010010100001111111101111
13102,55740,54.407308,2C1,8,0000100011111111101110101111111110110100110000000000000011111111
21312,55741,54.407907,0B4,8,0000000000000000000000000000000010011100000001010011010110010010
16092,55743,54.409079,1C6,8,0000000000000000100000000000000000000000001000000100000000000000
42651,18589,54.411535,0BA,5,0010100100000000000000000000011100101011
34414,55746,54.41299,1C4,8,0000010110011100000111000000000000000000000000000000000010001010
7033,55749,54.417265,25,8,0000111101110110000000000000000100101111100000010000000001100011
27240,55751,54.417893,0AA,8,0001111101101110001000000001101000011111010001110001111111110000
1411,55752,54.418912,320,8,0000000000100000000000000000000000000000000000000000000001001011
42652,37168,54.419025,0BA,5,0100111100000000000000000000000000101110
14197,55753,54.420356,442,8,0100001100000010000000000000000000000010000000000000000000000000
34806,55754,54.4207,4DF,8,0010000000000000000000000000000100000000000000000000000000000000
10623,55755,54.422781,260,8,0000000000000000000000000000000000000000111110110110001111001000
13691,55756,54.424777,4B7,8,1110001101011111001000101111000000010000111001000000000100001000
7034,55759,54.426232,25,8,0000111101110101000000000000000101011111011110110000000010001100
42653,37173,54.426514,0BA,5,1110000000101110010110000000000011011011
30957,55760,54.426833,24,8,0000000110110010000000011111011001000001110010111000000001100010
27241,55761,54.427068,0AA,8,0001111101101011001000000001100000011111010001000001111111101001
21313,55762,54.427896,0B4,8,0000000000000000000000000000000010011100000001010011010110010010
18402,55766,54.431904,226,8,0000000000000000000100000000000000000000000000000000000000000000
34415,55768,54.433106,1C4,8,0000010110011100000111000000000000000000000000000000000010001010
42654,55744,54.434004,0BA,5,1100011000000000000000000000000010111110
7035,55773,54.436235,25,8,0000111101110100000000000000000101111111011111100000000010101110
27242,55774,54.436926,0AA,8,0001111101101000001000000001101100011111010001000001111111101011
13103,55775,54.437168,2C1,8,0000100011111111101101111111111110110111110000000000000011111111
16093,55777,54.438989,1C6,8,0000000000000000100000000000000000011110001000000100000000000000
42655,18600,54.441493,0BA,5,0010100100000000000000000000010000101000
10624,55778,54.442781,260,8,0000000000000000000000000000000000000000111110110110111011010011
7036,55780,54.446265,25,8,0000111101110100000000000000000110111111100010000000000011111000
30958,55781,54.446807,24,8,0000000110110010000000011111011001000001110010111000000001100010
27243,55782,54.447044,0AA,8,0001111101101000001000000001110000011111010001010001111111110011
315,55783,54.447553,38F,8,0000000100000000000000000000000000000000000000000000000000000000
21314,55785,54.447966,0B4,8,0000000000000000000000000000000010100000000001010011010110010110
42656,37189,54.448983,0BA,5,0100111100000000000000000000000000101110
34416,55788,54.45293,1C4,8,0000010110011110000111000000000000000000000000000000000010001100
7037,55791,54.456234,25,8,0000111101110011000000000000000111101111100010000000000000100111
42657,37194,54.456472,0BA,5,1110000000101101111110000000000001111010
27244,55792,54.456916,0AA,8,0001111101101000001000000001101000011111001111010001111111101111
43821,54920,54.458023,3BB,5,0111000000000001000000001010010100000000
18403,55795,54.459898,226,8,0000000000000001000100000000000000000000000000000000000000000000
10625,55796,54.462714,260,8,0000000000000000000000000000000000000000111110110100110010110001
42658,55776,54.463962,0BA,5,1100011000000000000000000000000010111110
7038,55798,54.466254,25,8,0000111101110010000000000000000100101111100100100000000001110000
30959,55800,54.466941,24,8,0000000110110000000000011111010001000001110010011000000001011100
27245,55801,54.467181,0AA,8,0001111101101000001000000001101100011111001111000001111111101110
13104,55802,54.467425,2C1,8,0000100011111111110000001111111111000111110000000000000000011000
21315,55803,54.46789,0B4,8,0000000000000000000000000000000010100000000001010011000010010001
16094,55805,54.469055,1C6,8,0000000000000000100000000000000001100001000111110100000000000000
1412,55807,54.470895,320,8,0000000000100000000000000000000000000000000000000000000001001011
42659,18608,54.471451,0BA,5,0010100100000000000000000000011100101011
34417,55808,54.472926,1C4,8,0000010110011110000111000000000000000000000000000000000010001100
7039,55811,54.477254,25,8,0000111101110001000000000000000101011111100100110000000010100000
27246,55812,54.477887,0AA,8,0001111101101000001000000001101100011111001111100001111111101110
34748,55813,54.478148,380,8,0
42660,37211,54.478941,0BA,5,0100111100000000000000000000000000101110
10626,55816,54.482703,260,8,0000000000000000000000000000000000000000111110110011011010011011
13497,55817,54.48285,394,3,0
7040,55820,54.486221,25,8,0000111101110001000000000000000111001111100111000000000000011001
42661,37214,54.48643,0BA,5,1110000000101101101111000000000000111110
30960,55821,54.486797,24,8,0000000110101111000000011111011001000001110010011000000001011101
27247,55822,54.487027,0AA,8,0001111101100100001000000001101000011111001110110001111111101110
21316,55823,54.487886,0B4,8,0000000000000000000000000000000010100000000001010011000010010001
18404,55828,54.491887,226,8,0000000000000001000100000000000000000000000000000000000000000000
34418,55829,54.492924,1C4,8,0000010110100011000111000000000000000000000000000000000010010001
42662,55806,54.49392,0BA,5,1100011000000000000000000000000010111110
7041,55832,54.49622,25,8,0000111101110000000000000000000100001111100100100000000001001110
27248,55833,54.496903,0AA,8,0001111101100011001000000001110100011111001101110001111111101011
13105,55834,54.497139,2C1,8,0000100011111111101100001111111110110000110000000000000011110001
16095,55836,54.498912,1C6,8,0000000000000000100000000000000010011111000111110100000000000000
42663,18621,54.50141,0BA,5,0010100100000000000000000000010000101000
10627,55839,54.502727,260,8,0000000000000000000000000000000000000000111110110010101110010000
7042,55841,54.506245,25,8,0000111101101111000000000000000101011111100111000000000010100111
30961,55842,54.506793,24,8,0000000110101110000000011111011001000001110010011000000001011100
27249,55843,54.507023,0AA,8,0001111101100011001000000001110100011111001101100001111111101110
21317,55845,54.507877,0B4,8,0000000000000000000000000000000010100100000001010011000010010101
42664,37228,54.508899,0BA,5,0100111100000000000000000000000000101110
34419,55847,54.512918,1C4,8,0000010110101010000111000000000000000000000000000000000010011000
7043,55851,54.51624,25,8,0000111101101111000000000000000110111111100111000000000000000111
42665,37234,54.516389,0BA,5,1110000000101101011110000000000011111010
27250,55852,54.516899,0AA,8,0001111101100011001000000001110100011111001101010001111111101110
21772,55853,54.517524,443,8,0100110100000010000000000010111100000110000000000000000000000000
18405,55856,54.519887,226,8,0000000000000000000100000000000000000000000000000000000000000000
1413,55857,54.520885,320,8,0000000000100000000000000000000000000000000000000000000001001011
10628,55858,54.522603,260,8,0000000000000000000000000000000000000000111110110001111110000100
42666,55835,54.523878,0BA,5,1100011000000000000000000000000010111110
7044,55860,54.526213,25,8,0000111101101110000000000000000100001111100111000000000001010110
30962,55861,54.52679,24,8,0000000110101101000000011111010001000001110010011000000001011001
27251,55862,54.527022,0AA,8,0001111101100000001000000001101000011111001100010001111111101100
13106,55863,54.527261,2C1,8,0000100011111111101101111111111110110100110000000000000011111100
35377,938,54.527515,386,7,01001110000000000000000000000000000000000000000010110001
35266,55654,54.527833,3D3,3,111001010000000001110000
21318,55864,54.527875,0B4,8,0000000000000000000000000000000010100100000001010011000010010101
16096,55866,54.529048,1C6,8,0000000000000000100000000000000011011001000111110100000000000000
42667,18626,54.531368,0BA,5,0010100100000000000000000000011100101011
34420,55870,54.532913,1C4,8,0000010110101010000111000000000000000000000000000000000010011000
7045,55873,54.536214,25,8,0000111101101101000000000000000101101111101001100000000010111111
27252,55874,54.536899,0AA,8,0001111101011111001000000001101000011111001100010001111111101011
42668,37252,54.538857,0BA,5,0100111100000000000000000000000000101110
10629,55875,54.542479,260,8,0000000000000000000000000000000000000000111110110011011010011011
7046,55877,54.546208,25,8,0000111101101101000000000000000111011111101001100000000000101111
42669,37256,54.546347,0BA,5,1110000000101101010001000000000011000110
30963,55878,54.546784,24,8,0000000110101100000000011111010001000001110010011000000001011000
27253,55879,54.547018,0AA,8,0001111101011110001000000001101000011111001011110001111111110000
21319,55880,54.547878,0B4,8,0000000000000000000000000000000010101000000001010011000010011001
18406,55885,54.551879,226,8,0000000000000000000100000000000000000000000000000000000000000000
34421,55886,54.552913,1C4,8,0000010110101110000111000000000000000000000000000000000010011100
42670,55867,54.553836,0BA,5,1100011000000000000000000000000010111110
13107,55890,54.557071,2C1,8,0000100011111111101110101111111110110111110000000000000000000010
7047,55891,54.557307,25,8,0000111101101100000000000000000100111111101011110000000010010111
27254,55892,54.557864,0AA,8,0001111101011110001000000001101000011111001100000001111111101111
16097,55894,54.559047,1C6,8,0000000000000000100000000000000100011010000111100100000000000000
242,55895,54.559881,3B7,8,1000
11145,55896,54.561272,620,8,0001000000000000000000000000000000000000000000000000000000000000
42671,18642,54.561326,0BA,5,0010100100000000000000000000010000101000
10630,55897,54.562421,260,8,0000000000000000000000000000000000000000111110110010101110010000
16563,55898,54.562919,3F9,8,0111010100011000000000100000001010000000000000000000000000010101
7048,55902,54.56621,25,8,0000111101101100000000000000000110111111101010000000000000010000
30964,55903,54.566781,24,8,0000000110101100000000011111011001000001110010111000000001011100
27255,55904,54.567014,0AA,8,0001111101011101001000000001100100011111001011110001111111101110
21320,55906,54.567864,0B4,8,0000000000000000000000000000000010101000000001010010101010010011
42672,37273,54.568815,0BA,5,0100111100000000000000000000000000101110
1414,55908,54.569877,320,8,0000000000100000000000000000000000000000000000000000000001001011
14270,55909,54.570872,60.0,8,1010000100000000000000000000000000000000011100000000000000000000
34422,55910,54.572909,1C4,8,0000010110101110000111000000000000000000000000000000000010011100
7049,55913,54.576201,25,8,0000111101101011000000000000000100101111101100000000000010000111
42673,37276,54.576305,0BA,5,1110000000101101000100000000000010010010
27256,55914,54.576893,0AA,8,0001111101011101001000000001100000011111001011000001111111110100
18407,55917,54.579874,226,8,0000000000000000000100000000000000000000000000000000000000000000
10631,55920,54.582417,260,8,0000000000000000000000000000000000000000111110110001010001111001
42674,55893,54.583795,0BA,5,1100011000000000000000000000000010111110
7050,55922,54.58623,25,8,0000111101101011000000000000000110101111101100000000000000000111
30965,55923,54.586779,24,8,0000000110101011000000011111011001000001110010011000000001011001
27257,55924,54.587012,0AA,8,0001111101011100001000000001100000011111001011010001111111110010
13108,55925,54.587256,2C1,8,0000100011111111101101111111111110110111110000000000000011111111
21321,55926,54.58786,0B4,8,0000000000000000000000000000000010101000000001010010101010010011
16098,55928,54.589026,1C6,8,0000000000000000100000000000000101010101000111100100000000000000
42675,18649,54.591284,0BA,5,0010100100000000000000000000011100101011
7767,55930,54.592525,435,8,1000000000000101000001011111111111100000001111110000000000000011
34423,55931,54.592903,1C4,8,0000010110110101000111000000000000000000000000000000000010100011
7051,55934,54.596196,25,8,0000111101101010000000000000000100101111101110100000000010010000
27258,55935,54.596884,0AA,8,0001111101011100001000000001100100011111001011010001111111110000
42676,37288,54.598774,0BA,5,0100111100000000000000000000000000101110
10957,55937,54.59953,436,8,0
10632,55938,54.602399,260,8,0000000000000000000000000000000000000000111110110001111110000100
7052,55940,54.606199,25,8,0000111101101010000000000000000110111111101110100000000000100000
42677,37293,54.606263,0BA,5,1110000000101100110011000000000001001101
30966,55941,54.606802,24,8,0000000110101001000000011111011001000001110010111000000001011001
27259,55942,54.607034,0AA,8,0001111101011101001000000001101000011111001010110001111111110011
21322,55943,54.607855,0B4,8,0000000000000000000000000000000010101100000001010010101010010111
18408,55947,54.611863,226,8,0000000000000000000100000000000000000000000000000000000000000000
34424,55948,54.612905,1C4,8,0000010110110101000111000000000000000000000000000000000010100011
42678,55929,54.613753,0BA,5,1100011000000000000000000000000010111110
7053,55952,54.616193,25,8,0000111101101001000000000000000100111111101110100000000010011111
27260,55953,54.616879,0AA,8,0001111101011110001000000001101000011111001001110001111111110000
13109,55954,54.617118,2C1,8,0000100011111111101101001111111110110111110000000000000011111100
1415,55956,54.618866,320,8,0000000000100000000000000000000000000000000000000000000001001011
16099,55957,54.619101,1C6,8,0000000000000000100000000000000110001100000111010100000000000000
31551,55958,54.61984,44D,8,0100001000000010000000000000000000000001000000000000000000000000
42679,18659,54.621242,0BA,5,0010100100000000000000000000010000101000
10633,55960,54.62234,260,8,0000000000000000000000000000000000000000111110110011011010011011
7054,55962,54.626193,25,8,0000111101101001000000000000000111001111101110100000000000101111
30967,55963,54.626799,24,8,0000000110101001000000011111011001000001110010111000000001011001
27261,55964,54.627033,0AA,8,0001111101011110001000000001100100011111001010100001111111101110
13823,55966,54.627628,434,8,0100001000000000000000000000000000000000000000000000000000000000
21323,55967,54.627869,0B4,8,0000000000000000000000000000000010101100000001010010101010010111
42680,37313,54.628732,0BA,5,0100111100000000000000000000000000101110
34425,55972,54.632907,1C4,8,0000010110111000000111000000000000000000000000000000000010100110
34921,55975,54.633519,3C3,8,0100011000011110100100110100111000000000000000000000000000000000
28214,55976,54.634524,437,8,1111110011111111111111111111111111111111111111111111111111111111
7055,55978,54.636203,25,8,0000111101101000000000000000000101001111101110100000000010101110
42681,37315,54.636221,0BA,5,1110000000101100100010000000000000001001
27262,55979,54.636874,0AA,8,0001111101011010001000000001010100011111001010000001111111110000
18409,55982,54.639864,226,8,0000000000000000000100000000000000000000000000000000000000000000
10634,55983,54.642302,260,8,0000000000000000000000000000000000000000111110110011011010011011
42682,55955,54.643711,0BA,5,1100011000000000000000000000000010111110
28142,55985,54.644779,6C0,8,1110010000000000000000001110000010000000000000000000000000000000
7056,55987,54.646216,25,8,0000111101101000000000000000000111101111110001000000000001011000
30968,55988,54.646775,24,8,0000000110101000000000011111100001000001110011001000000001011011
27263,55989,54.647013,0AA,8,0001111101011001001000000001011000011111001001100001111111110001
13110,55991,54.64743,2C1,8,0000100011111111101101001111111110110000110000000000000011110101
21324,55992,54.647846,0B4,8,0000000000000000000000000000000010101100000001010010101010010111
16100,55994,54.649014,1C6,8,0000000000000000100000000000000110110000000111010100000000000000
42683,18669,54.6512,0BA,5,0010100100000000000000000000011100101011
34426,55996,54.652897,1C4,8,0000010110111000000111000000000000000000000000000000000010100110
7057,55999,54.656198,25,8,0000111101100111000000000000000101111111110001000000000011100111
27264,56000,54.656867,0AA,8,0001111101011001001000000001101000011111001001110001111111101101
42684,37332,54.65869,0BA,5,0100111100000000000000000000000000101110
31304,56001,54.660199,4A6,8,0000000000000000000000000000000000000000000100000000000000000000
10635,56002,54.662337,260,8,0000000000000000000000000000000000000000111110110110111011010011
42685,37337,54.66618,0BA,5,1110000000101100010011000000000011001101
7058,56006,54.666189,25,8,0000111101100111000000000000000100011111110001000000000010000111
30969,56007,54.666768,24,8,0000000110101000000000011111101001000001110011101000000001011111
27265,56008,54.667005,0AA,8,0001111101011010001000000001111100011111001001110001111111110000
21325,56009,54.667844,0B4,8,0000000000000000000000000000000010110000000001010010101010011011
18410,56013,54.671849,226,8,0000000000000000000100000000000000000000000000000000000000000000
1416,56014,54.672845,320,8,0000000000100000000000000000000000000000000000000000000001001011
34427,56015,54.673084,1C4,8,0000010110111000000111000000000000000000000000000000000010100110
42686,55995,54.673669,0BA,5,1100011000000000000000000000000010111110
7059,56018,54.67619,25,8,0000111101100111000000000000000111001111110011100000000001000001
27266,56019,54.676863,0AA,8,0001111101011100001000000001110100011111001010000001111111101101
13111,56020,54.677098,2C1,8,0000100011111111101101001111111110110000110000000000000011110101
43621,3647,54.678523,423,2,11100000000
16101,56023,54.679049,1C6,8,0000000000000000100000000000000111001001000111010100000000000000
42687,18681,54.681159,0BA,5,0010100100000000000000000000010000101000
10636,56025,54.682345,260,8,0000000000000000000000000000000000000000111110110110111011010011
7060,56028,54.686183,25,8,0000111101100110000000000000000101011111110001000000000011000110
30970,56029,54.686766,24,8,0000000110100111000000011111011001000001110011101000000001011010
27267,56030,54.687001,0AA,8,0001111101011100001000000001101100011111001001010001111111101011
21326,56032,54.687843,0B4,8,0000000000000000000000000000000010110000000001010010101010011011
42688,37352,54.688648,0BA,5,0100111100000000000000000000000000101110
34428,56034,54.692889,1C4,8,0000010110111010000111000000000000000000000000000000000010101000
42689,37357,54.696138,0BA,5,1110000000101100000011000000000010001101
7061,56039,54.696271,25,8,0000111101100110000000000000000100001111110011100000000010000000
27268,56040,54.696856,0AA,8,0001111101011001001000000001101000011111001001100001111111101011
18411,56043,54.699846,226,8,0000000000000000000100000000000000000000000000000000000000000000
10637,56044,54.702296,260,8,0000000000000000000000000000000000000000111110110101011110111100
42690,56021,54.703627,0BA,5,1100011000000000000000000000000010111110
7062,56046,54.7062,25,8,0000111101100110000000000000000110111111110011100000000000110000
30971,56047,54.70676,24,8,0000000110100110000000011111011001000001110011101000000001011001
27269,56048,54.70699,0AA,8,0001111101011001001000000001110100011111001001110001111111101101
13112,56049,54.707227,2C1,8,0000100011111111101011011111111110101101110000000000000011101011
21327,56050,54.707835,0B4,8,0000000000000000000000000000000010110100000001010010101010011111
16102,56052,54.709,1C6,8,0000000000000000100000000000000111100001000111010100000000000000
42691,18688,54.711117,0BA,5,0010100100000000000000000000011100101011
34429,56055,54.712885,1C4,8,0000010110111010000111000000000000000000000000000000000010101000
7063,56058,54.716169,25,8,0000111101100101000000000000000101011111110011100000000011001111
27270,56059,54.716853,0AA,8,0001111101011000001000000001110100011111001000110001111111101010
1417,56060,54.717837,320,8,0000000000100000000000000000000000000000000000000000000001001011
42692,37374,54.718606,0BA,5,0100111100000000000000000000000000101110
14198,56061,54.720147,442,8,0100001100000010000000000000000000000010000000000000000000000000
10638,56062,54.722279,260,8,0000000000000000000000000000000000000000111110110100110010110001
42693,37377,54.726096,0BA,5,1110000000101011110111000000000001011100
7064,56064,54.726171,25,8,0000111101100101000000000000000100001111110011100000000001111111
30972,56065,54.726756,24,8,0000000110100110000000011111011001000001110011101000000001011001
27271,56066,54.726989,0AA,8,0001111101011001001000000001100100011111001000000001111111100111
21328,56067,54.727832,0B4,8,0000000000000000000000000000000010110100000001010010101010011111
18412,56072,54.731834,226,8,0000000000000000000100000000000000000000000000000000000000000000
34430,56074,54.733035,1C4,8,0000010111000000000111000000000000000000000000000000000010101110
42694,56053,54.733585,0BA,5,1100011000000000000000000000000010111110
7065,56077,54.736167,25,8,0000111101100101000000000000000110111111110011100000000000101111
27272,56078,54.736849,0AA,8,0001111101011100001000000001011000011111000111100001111111101001
13113,56079,54.737094,2C1,8,0000000011111111110001111111111110110100110000000000000000000100
14012,56080,54.737503,38E,8,0
16103,56082,54.738868,1C6,8,0000000000000000100000000000000111110001000111010100000000000000
42695,18702,54.741075,0BA,5,0010100100000000000000000000010000101000
10639,56083,54.74228,260,8,0000000000000000000000000000000000000000111110110101011110111100
7066,56086,54.746189,25,8,0000111101100100000000000000000101011111110011100000000011001110
30973,56087,54.746754,24,8,0000000110100110000000011111011001000001110011101000000001011001
27273,56088,54.746983,0AA,8,0001111101010011001000000001010100011111001001010001111111100111
21329,56090,54.747827,0B4,8,0000000000000000000000000000000010110100000001010010101010011111
42696,37393,54.748564,0BA,5,0100111100000000000000000000000000101110
34431,56093,54.752879,1C4,8,0000010111000000000111000000000000000000000000000000000010101110
43822,1874,54.755607,3BB,5,1011101100000000000000000000000000100110
42697,37397,54.756054,0BA,5,1110000000101011100110000000000000011000
7067,56096,54.756168,25,8,0000111101100100000000000000000100001111110011100000000001111110
27274,56097,54.756843,0AA,8,0001111101010011001000000001010100011111001001010001111111100110
18413,56101,54.759831,226,8,0000000000000000000100000000000000000000000000000000000000000000
10640,56103,54.76218,260,8,0000000000000000000000000000000000000000111110110110001111001000
42698,56081,54.763544,0BA,5,1100011000000000000000000000000010111110
7068,56105,54.766165,25,8,0000111101100100000000000000000110111111110011100000000000101110
30974,56106,54.76675,24,8,0000000110100110000000011111011001000001110100001000000001011011
27275,56107,54.766987,0AA,8,0001111101010111001000000001100000011111000111110001111111101000
13114,56108,54.767227,2C1,8,0000000000000000001100110000000000011001110000000000010011011011
21330,56109,54.767819,0B4,8,0000000000000000000000000000000010111000000001010010010010011101
16104,56111,54.768991,1C6,8,0000000000000000100000000000000111110111000111000100000000000000
1418,56113,54.770826,320,8,0000000000100000000000000000000000000000000000000000000001001011
42699,18707,54.771033,0BA,5,0010100100000000000000000000011100101011
34432,56114,54.772875,1C4,8,0000010111000000000111000000000000000000000000000000000010101110
7069,56117,54.776158,25,8,0000111101100011000000000000000101001111110001000000000010110011
27276,56118,54.776841,0AA,8,0001111101010111001000000001011000011111001000000001111111101010
42700,37412,54.778523,0BA,5,0100111100000000000000000000000000101110
10641,56121,54.782222,260,8,0000000000000000000000000000000000000000111110110100110010110001
13498,56122,54.782369,394,3,0
42701,37417,54.786012,0BA,5,1110000000101011010111000000000011011100
7070,56124,54.786185,25,8,0000111101100011000000000000000100001111110011100000000001111101
30975,56125,54.786745,24,8,0000000110100110000000011111011001000001110011101000000001011001
27277,56126,54.786981,0AA,8,0001111101010011001000000001010100011111001000010001111111100111
35267,6935,54.787489,3D3,3,011011000000001000000000
21331,56127,54.787814,0B4,8,0000000000000000000000000000000010111000000001010010010010011101
18414,56131,54.79182,226,8,0000000000000000000100000000000000000000000000000000000000000000
7883,56132,54.792102,610,8,0010000000000000000011010110010011000000000000000000000001000000
34433,56133,54.792872,1C4,8,0000010111001010000111000000000000000000000000000000000010111000
42702,56112,54.793502,0BA,5,1100011000000000000000000000000010111110
7071,56137,54.796152,25,8,0000111101100011000000000000000110111111110011100000000000101101
27278,56138,54.796836,0AA,8,0001111101010010001000000001011100011111000111100001111111101001
13115,56139,54.797075,2C1,8,0000000000000000001100110000000000011100110000000000010011011110
13757,56141,54.798501,3A5,8,100000000
16105,56142,54.798853,1C6,8,0000000000000000100000000000000111111101000111000100000000000000
42703,18717,54.800991,0BA,5,0010100100000000000000000000010000101000
10642,56143,54.802034,260,8,0000000000000000000000000000000000000000111110110101011110111100
31365,56144,54.804094,640,8,1010100000000000000000000011011100000001111000000000000000000000
7072,56146,54.806179,25,8,0000111101100010000000000000000101001111110010100000000010111000
30976,56147,54.806767,24,8,0000000110100101000000011111011001000001110011101000000001011000
27279,56148,54.806999,0AA,8,0001111101001111001000000001101000011111000110110001111111100110
21332,56150,54.80781,0B4,8,0000000000000000000000000000000010111000000001010010010010011101
42704,37433,54.808481,0BA,5,0100111100000000000000000000000000101110
16564,56153,54.812533,3F9,8,0111010100011000000000100000001010000000000000000000000000010101
34434,56154,54.812864,1C4,8,0000010111001010000111000000000000000000000000000000000010111000
42705,37436,54.81597,0BA,5,1110000000101011001000000000000010100000
7073,56158,54.817177,25,8,0000111101100010000000000000000111111111110100110000000001110001
21773,56159,54.817484,443,8,0100110100000010000000000010111100000110000000000000000000000000
27280,56160,54.817802,0AA,8,0001111101010010001000000001011000011111001000010001111111100100
18415,56163,54.820816,226,8,0000000000000000000100000000000000000000000000000000000000000000
1419,56164,54.821814,320,8,0000000000100000000000000000000000000000000000000000000001001011
10643,56165,54.822056,260,8,0000000000000000000000000000000000000000111110110111100111011110
42706,56140,54.82346,0BA,5,1100011000000000000000000000000010111110
7074,56168,54.826146,25,8,0000111101100010000000000000000110111111110011100000000000101100
30977,56169,54.826763,24,8,0000000110100110000000011111100001000001110011101000000001011011
27281,56170,54.826997,0AA,8,0001111101010000001000000001010100011111001000110001111111100110
13116,56172,54.827421,2C1,8,0000000000000000001100110000000000011100110000000000010011011110
35051,56173,54.827665,413,8,0000000100000001000000010000100100000000000000000000000000000000
21333,56174,54.827905,0B4,8,0000000000000000000000000000000010111100000001010010010010100001
16106,56176,54.82898,1C6,8,0000000000000000100000000000001000000011000111000100000000000000
42707,18728,54.830949,0BA,5,0010100100000000000000000000011100101011
34435,56179,54.832864,1C4,8,0000010111010110000111000000000000000000000000000000000011000100
7075,56182,54.837173,25,8,0000111101100001000000000000000101011111110101110000000011010100
27282,56183,54.837799,0AA,8,0001111101001111001000000001001100011111000111110001111111100101
42708,37456,54.838439,0BA,5,0100111100000000000000000000000000101110
10644,56184,54.841907,260,8,0000000000000000000000000000000000000000111110110101011110111100
42709,37460,54.845929,0BA,5,1110000000101010111001000000000001100011
7076,56188,54.846151,25,8,0000111101100001000000000000000100011111110011100000000010001011
30978,56189,54.846735,24,8,0000000110100101000000011111010001000001110100001000000001011000
27283,56190,54.846971,0AA,8,0001111101001111001000000001010000011111000110110001111111100000
21334,56191,54.847802,0B4,8,0000000000000000000000000000000010111100000001010010010010100001
18416,56195,54.85181,226,8,0000000000000000000100000000000000000000000000000000000000000000
34436,56196,54.85286,1C4,8,0000010111010110000111000000000000000000000000000000000011000100
42710,56177,54.853418,0BA,5,1100011000000000000000000000000010111110
7077,56199,54.856148,25,8,0000111101100001000000000000000111001111110011100000000000111011
27284,56200,54.856823,0AA,8,0001111101001010001000000001011000011111000110010001111111011111
13117,56201,54.85717,2C1,8,0000000000000000001011000000000000010110110000000000010011010001
243,56203,54.858809,3B7,8,1000
16107,56204,54.859049,1C6,8,0000000000000000100000000000001000000000000111000100000000000000
42711,18740,54.860908,0BA,5,0010100100000000000000000000010000101000
11146,56206,54.861058,620,8,0001000000000000000000000000000000000000000000000000000000000000
10645,56207,54.861951,260,8,0000000000000000000000000000000000000000111110110101011110111100
7078,56209,54.866162,25,8,0000111101100000000000000000000101101111110100110000000011011111
30979,56210,54.86673,24,8,0000000110100100000000011111011001000001110100001000000001011001
27285,56211,54.866967,0AA,8,0001111101001001001000000001010000011111000110100001111111100101
21335,56213,54.867804,0B4,8,0000000000000000000000000000000011000000000001010001111110100000
42712,37472,54.868397,0BA,5,0100111100000000000000000000000000101110
1420,56215,54.869803,320,8,0000000000100000000000000000000000000000000000000000000001001011
34437,56216,54.872857,1C4,8,0000010111011110000111000000000000000000000000000000000011001100
42713,37477,54.875887,0BA,5,1110000000101010100111000000000000011011
7079,56219,54.876137,25,8,0000111101100000000000000000000100101111110101000000000010100000
27286,56221,54.87682,0AA,8,0001111101001001001000000001011000011111000110000001111111011111
18417,56225,54.879804,226,8,0000000000000000000100000000000000000000000000000000000000000000
10646,56227,54.881866,260,8,0000000000000000000000000000000000000000111110110111100111011110
13631,56228,54.882706,4DD,8,0001111000000000000000000000000000000000000000000000000000000000
42714,56202,54.883376,0BA,5,1100011000000000000000000000000010111110
7080,56230,54.88616,25,8,0000111101100000000000000000000111001111110010100000000000110110
30980,56231,54.886726,24,8,0000000110100100000000011111011001000001110011101000000001010111
27287,56232,54.886961,0AA,8,0001111101001101001000000001001000011111000101100001111111011011
13118,56233,54.887201,2C1,8,0000000000000000001011000000000000010110110000000000010011010001
21336,56235,54.887798,0B4,8,0000000000000000000000000000000011000000000001010001111110100000
16108,56237,54.888959,1C6,8,0000000000000000100000000000000111111101000110110100000000000000
42715,18747,54.890866,0BA,5,0010100100000000000000000000011100101011
34438,56240,54.892852,1C4,8,0000010111101001000111000000000000000000000000000000000011010111
7081,56243,54.896133,25,8,0000111101100000000000000000000110011111110101110000000000010011
27288,56244,54.896811,0AA,8,0001111101001101001000000001000000011111000101100001111111011101
42716,37495,54.898355,0BA,5,0100111100000000000000000000000000101110
10647,56245,54.901826,260,8,0000000000000000000000000000000000000000111110110100110010110001
42717,37500,54.905845,0BA,5,1110000000101010011011000000000011101011
7082,56247,54.906125,25,8,0000111101011111000000000000000100111111110011100000000010101001
30981,56248,54.906723,24,8,0000000110100100000000011111011001000001110011101000000001010111
27289,56249,54.906961,0AA,8,0001111101001011001000000001001100011111000101100001111111011111
21337,56250,54.907792,0B4,8,0000000000000000000000000000000011000000000001010001111110100000
31624,56253,54.90925,633,8,1000000100000000000000000000000000000000000000000000000000000000
18418,56256,54.911792,226,8,0000000000000000000100000000000000000000000000000000000000000000
27853,56258,54.912788,420,8,0000000000000000000000000000000011111111000000001000000010101011
34439,56259,54.913027,1C4,8,0000010111101001000111000000000000000000000000000000000011010111
42718,56238,54.913334,0BA,5,1100011000000000000000000000000010111110
7083,56262,54.91613,25,8,0000111101011111000000000000000111111111110100110000000001101110
27290,56263,54.916818,0AA,8,0001111101001001001000000001010100011111000101010001111111011100
13119,56264,54.917046,2C1,8,0000000000000000001110010000000000100011110000000000010011101011
1421,56266,54.918793,320,8,0000000000100000000000000000000000000000000000000000000001001011
16109,56267,54.919032,1C6,8,0000000000000000100000000000000111111010000110110100000000000000
31552,56268,54.919272,44D,8,0100001000000010000000000000000000000001000000000000000000000000
34991,56269,54.919791,4C3,8,0000001100000000000000000000000100000000000000000000000000000000
42719,18759,54.920824,0BA,5,0010100100000000000000000000010000101000
10648,56270,54.921849,260,8,0000000000000000000000000000000000000000111110110100110010110001
7084,56273,54.926151,25,8,0000111101011111000000000000000110111111110110100000000000110101
30982,56274,54.926721,24,8,0000000110100100000000011111100001000001110100001000000001011011
27291,56275,54.926961,0AA,8,0001111101001000001000000001001100011111000101110001111111011111
43453,306,54.927086,3000000.0,6,110000010000110000100110000000010000000000000000
21338,56277,54.927784,0B4,8,0000000000000000000000000000000011000100000001010001111110100100
42720,37518,54.928314,0BA,5,0100111100000000000000000000000000101110
7647,56280,54.932262,3BC,8,0
34440,56281,54.932845,1C4,8,0000010111110011000111000000000000000000000000000000000011100001
42721,37523,54.935803,0BA,5,1110000000101010001100000000000010101111
7085,56284,54.93612,25,8,0000111101011110000000000000000101101111110110100000000011100100
27292,56285,54.936809,0AA,8,0001111101001000001000000001000000011111000101110001111111100000
18419,56288,54.93979,226,8,0000000000000000000100000000000000000000000000000000000000000000
10649,56290,54.941983,260,8,0000000000000000000000000000000000000000111110110100110010110001
42722,56265,54.943293,0BA,5,1100011000000000000000000000000010111110
7086,56293,54.946144,25,8,0000111101011110000000000000000100101111110101110000000010100001
30983,56294,54.946721,24,8,0000000110100011000000011111010001000001110011101000000001010100
27293,56295,54.946957,0AA,8,0001111101001001001000000001000000011111000100010001111111011100
13120,56296,54.947201,2C1,8,0000000000000000010000000000000000110000110000000000011100000010
21339,56297,54.947777,0B4,8,0000000000000000000000000000000011000100000001010001100110011110
16110,56299,54.94895,1C6,8,0000000000000000100000000000000111110011000110110100000000000000
42723,18767,54.950782,0BA,5,0010100100000000000000000000011100101011
34441,56302,54.952845,1C4,8,0000010111110011000111000000000000000000000000000000000011100001
28143,56304,54.95416,6C0,8,1110010000000000000000001110000010000000000000000000000000000000
7087,56306,54.956122,25,8,0000111101011110000000000000000111111111110110100000000001110100
27294,56307,54.956808,0AA,8,0001111101001001001000000001000100011111000011110001111111011100
27914,56308,54.957833,4DC,8,0001110100000000000000000000000000000000000000000000000000000000
42724,37536,54.958272,0BA,5,0100111100000000000000000000000000101110
10650,56310,54.961825,260,8,0000000000000000000000000000000000000000111110110100110010110001
42725,37541,54.965761,0BA,5,1110000000101010000001000000000010000011
7088,56312,54.966114,25,8,0000111101011110000000000000000110111111110111110000000000111001
30984,56313,54.966719,24,8,0000000110100011000000011111100001000001110011101000000001011000
27295,56314,54.966952,0AA,8,0001111101000011001000000001001100011111000100010001111111011111
21340,56315,54.967777,0B4,8,0000000000000000000000000000000011000100000001010001100110011110
18420,56319,54.97178,226,8,0000000000000000000100000000000000000000000000000000000000000000
1422,56320,54.972775,320,8,0000000000100000000000000000000000000000000000000000000001001011
34442,56321,54.973017,1C4,8,0000010111111100000111000000000000000000000000000000000011101010
42726,56300,54.973251,0BA,5,1100011000000000000000000000000010111110
7089,56325,54.976111,25,8,0000111101011101000000000000000101111111110110100000000011110011
27296,56326,54.976791,0AA,8,0001111101000001001000000001000100011111000100100001111111100001
13121,56327,54.977031,2C1,8,0000000000000000010100110000000000111001110000000000101000100001
1578,56328,54.977463,6F3,8,0010000000000000000000000000000000000000000000000000000000000000
16111,56331,54.978982,1C6,8,0000000000000000100000000000000111101010000110110000000000000000
42727,18778,54.98074,0BA,5,0010100100000000000000000000010000101000
10651,56332,54.98181,260,8,0000000000000000000000000000000000000000111110110100110010110001
13886,56333,54.984235,4C6,8,0000011100000000000000110000000000000000000000000000000000000000
7090,56335,54.986132,25,8,0000111101011101000000000000000100111111110111010000000010110110
30985,56337,54.986828,24,8,0000000110100011000000011111100001000001110011101000000001011000
27297,56338,54.987062,0AA,8,0001111101000100001000000000111000011111000100000001111111011110
21341,56339,54.987766,0B4,8,0000000000000000000000000000000011001000000001010001100110100010
42728,37558,54.98823,0BA,5,0100111100000000000000000000000000101110
13571,56342,54.992498,399,8,0000000000000000000000000000000000000000111111110000000000000000
34443,56343,54.992839,1C4,8,0000011000000111000111000000000000000000000000000000000011110110
42729,37563,54.995719,0BA,5,1110000000101001110011000000000001001010
7091,56346,54.996106,25,8,0000111101011101000000000000000100001111110111010000000010000110
11280,56347,54.996679,4C8,8,0000100100000000000000000000000000000000000000000000000000000000
27298,56348,54.996916,0AA,8,0001111101000101001000000000111000011111000011110001111111011100
18421,56351,54.999778,226,8,0000000000000000000100000000000000000000000000000000000000000000
10652,56352,55.001763,260,8,0000000000000000000000000000000000000000111110110001111110000100
42730,56329,55.003209,0BA,5,1100011000000000000000000000000010111110
7092,56354,55.006134,25,8,0000111101011101000000000000000111001111110111110000000001001000
11219,56355,55.006381,39A,8,0000000000000000000000000000000100000000000000000000000000000000
30986,56356,55.006732,24,8,0000000110100011000000011111010001000001110011001000000001010010
27299,56357,55.00697,0AA,8,0001111101000011001000000000111000011111000011110001111111011100
13122,56358,55.007211,2C1,8,0000000000000000011011000000000001001001110000000000110101001101
21342,56361,55.007842,0B4,8,0000000000000000000000000000000011001000000001010001100110100010
16112,56363,55.008931,1C6,8,0000000000000000100000000000000111100001000110110000000000000000
42731,18789,55.010699,0BA,5,0010100100000000000000000000011100101011
55,56366,55.012727,3B1,8,0000000000000000000000100000101000000000000010000000000000000000
34444,56367,55.013017,1C4,8,0000011000000111000111000000000000000000000000000000000011110110
43622,14061,55.013974,423,2,10101000010100
7093,56370,55.016108,25,8,0000111101011101000000000000000110011111110111110000000000011000
27300,56372,55.016787,0AA,8,0001111101000001001000000001010000011111000011010001111111011101
1423,56373,55.017768,320,8,0000000000100000000000000000000000000000000000000000000001001011
42732,37582,55.018188,0BA,5,0100111100000000000000000000000000101110
14199,56374,55.019936,442,8,0100001100000010000000000000000000000010000000000000000000000000
10653,56375,55.021669,260,8,0000000000000000000000000000000000000000111110110010101110010000
42733,37586,55.025678,0BA,5,1110000000101001100100000000000000001110
7094,56378,55.026105,25,8,0000111101011100000000000000000101001111110111110000000011000111
30987,56379,55.026729,24,8,0000000110100010000000011111011001000001110011001000000001010011
27301,56380,55.026968,0AA,8,0001111101000000001000000001000000011111000010110001111111100001
21343,56381,55.027761,0B4,8,0000000000000000000000000000000011001100000001010001001110100000
18422,56385,55.031767,226,8,0000000000000000000100000000000000000000000000000000000000000000
34445,56387,55.032969,1C4,8,0000011000010011000111000000000000000000000000000000000000000010
42734,56365,55.033167,0BA,5,1100011000000000000000000000000010111110
7095,56390,55.036102,25,8,0000111101011100000000000000000100011111110110100000000010010010
27302,56391,55.036784,0AA,8,0001111101000001001000000000110000011111000010100001111111011101
13123,56392,55.037022,2C1,8,0000000000000000011000110000000001010110110000000000110101010001
16113,56395,55.038814,1C6,8,0000000000000000100000000000000111011001000110100000000000000000
42735,18800,55.040657,0BA,5,0010100100000000000000000000010000101000
10654,56397,55.041692,260,8,0000000000000000000000000000000000000000111110110001010001111001
7096,56399,55.046094,25,8,0000111101011100000000000000000111101111111000010000000001101001
30988,56401,55.046753,24,8,0000000110100010000000011111011001000001110010111000000001010010
27303,56402,55.046989,0AA,8,0001111101000011001000000000100100011111000010100001111111011000
35268,56185,55.047145,3D3,3,111001010000000010111001
21344,56403,55.047757,0B4,8,0000000000000000000000000000000011001100000001010001001110100000
42736,37598,55.048146,0BA,5,0100111100000000000000000000000000101110
34446,56405,55.052828,1C4,8,0000011000010011000111000000000000000000000000000000000000000010
43823,3763,55.053192,3BB,5,1010010100000000000000000000000000000000
42737,37604,55.055636,0BA,5,1110000000101001010110000000000011010110
7097,56408,55.056097,25,8,0000111101011100000000000000000110111111111000010000000000111001
27304,56410,55.056776,0AA,8,0001111100111111001000000000101000011111000010100001111111011100
18423,56413,55.059766,226,8,0000000000000000000100000000000000000000000000000000000000000000
10655,56414,55.061534,260,8,0000000000000000000000000000000000000000111110110001010001111001
16565,56415,55.062937,3F9,8,0111010100011000000000100000001010000000000000000000000000010101
42738,56394,55.063125,0BA,5,1100011000000000000000000000000010111110
7098,56417,55.066095,25,8,0000111101011011000000000000000101111111111000010000000011111000
30989,56418,55.066696,24,8,0000000110100010000000011111011001000001110011001000000001010011
27305,56419,55.066936,0AA,8,0001111100111100001000000000110000011111000001110001111111011100
13124,56420,55.067173,2C1,8,0000000000000000100010010000000010000000110000000000111010100010
21345,56422,55.067751,0B4,8,0000000000000000000000000000000011001100000001010001001110100000
16114,56424,55.068941,1C6,8,0000000000000000100000000000000111010000000110100000000000000000
42739,18804,55.070615,0BA,5,0010100100000000000000000000011100101011
1424,56426,55.070756,320,8,0000000000100000000000000000000000000000000000000000000001001011
34447,56427,55.072826,1C4,8,0000011000011011000111000000000000000000000000000000000000001010
7099,56432,55.07609,25,8,0000111101011011000000000000000100111111111000010000000010111000
27306,56433,55.076777,0AA,8,0001111100111100001000000000110000011111000001010001111111010111
42740,37620,55.078104,0BA,5,0100111100000000000000000000000000101110
10656,56436,55.081462,260,8,0000000000000000000000000000000000000000111110110010101110010000
13499,56437,55.081607,394,3,0
42741,37624,55.085594,0BA,5,1110000000101001001000000000000010011110
7100,56439,55.08611,25,8,0000111101011011000000000000000100001111111000010000000010001000
30990,56440,55.086696,24,8,0000000110100010000000011111010001000001110011001000000001010001
27307,56441,55.086933,0AA,8,0001111100111110001000000000101000011111000001100001111111010111
21346,56442,55.087746,0B4,8,0000000000000000000000000000000011010000000001010001001110100100
18424,56447,55.091754,226,8,0000000000000000000100000000000000000000000000000000000000000000
34448,56448,55.092826,1C4,8,0000011000101000000111000000000000000000000000000000000000010111
42742,56425,55.093084,0BA,5,1100011000000000000000000000000010111110
7101,56451,55.096086,25,8,0000111101011011000000000000000111001111110111010000000001000100
27308,56452,55.096772,0AA,8,0001111100111111001000000000011100011111000001110001111111011000
13125,56453,55.097009,2C1,8,0000000000000000101010010000000010100000110000000001000011100100
13307,56454,55.09742,30000000.0,7,0
16115,56456,55.098805,1C6,8,0000000000000000100000000000000111000111000110100000000000000000
42743,18821,55.100573,0BA,5,0010100100000000000000000000010000101000
10657,56457,55.101474,260,8,0000000000000000000000000000000000000000111110101111111001100010
7102,56460,55.106126,25,8,0000111101011011000000000000000110011111110110100000000000010001
30991,56462,55.106733,24,8,0000000110100001000000011111010001000001110011001000000001010000
27309,56463,55.106972,0AA,8,0001111100111100001000000000011100011111000000100001111111010111
21347,56464,55.107743,0B4,8,0000000000000000000000000000000011010000000001010001001110100100
42744,37641,55.108063,0BA,5,0100111100000000000000000000000000101110
34449,56466,55.112819,1C4,8,0000011000101000000111000000000000000000000000000000000000010111
42745,37646,55.115552,0BA,5,1110000000101000111110000000000001110101
7103,56469,55.117118,25,8,0000111101011010000000000000000101001111110111010000000011000011
21774,56470,55.117431,443,8,0100110100000010000000000010111100000110000000000000000000000000
27310,56471,55.117737,0AA,8,0001111100111011001000000000101100011111000001000001111111010111
18425,56474,55.120745,226,8,0000000000000000000100000000000000000000000000000000000000000000
10658,56475,55.121405,260,8,0000000000000000000000000000000000000000111110110110111011010011
1425,56476,55.121741,320,8,0000000000100000000000000000000000000000000000000000000001001011
42746,56455,55.123042,0BA,5,1100011000000000000000000000000010111110
7104,56479,55.126081,25,8,0000111101011010000000000000000100011111111000010000000010010111
30992,56480,55.126685,24,8,0000000110100001000000011111011001000001110011101000000001010100
35378,18477,55.126719,386,7,10100100000000000000000000000000000000000000000010000000
27311,56481,55.126924,0AA,8,0001111100111011001000000000101100011111000001000001111111011010
13126,56482,55.127157,2C1,8,0000000000000000110010010000000010111100110000000001000100100001
27958,56483,55.127436,300000000.0,8,0
21348,56484,55.127733,0B4,8,0000000000000000000000000000000011010000000001010001001110100100
16116,56486,55.128924,1C6,8,0000000000000000100000000000000110111110000110100000000000000000
42747,18828,55.130531,0BA,5,0010100100000000000000000000011100101011
34450,56489,55.132817,1C4,8,0000011000111000000111000000000000000000000000000000000000100111
34922,56491,55.133586,3C3,8,0100011000011110100100110100111000000000000000000000000000000000
7105,56493,55.136083,25,8,0000111101011010000000000000000111101111110111010000000001100011
27312,56494,55.136759,0AA,8,0001111100111100001000000000101100011111000000100001111111010110
42748,37659,55.138021,0BA,5,0100111100000000000000000000000000101110
10659,56497,55.141396,260,8,0000000000000000000000000000000000000000111110110001010001111001
42749,37665,55.14551,0BA,5,1110000000101000110010000000000001000101
7106,56500,55.146073,25,8,0000111101011010000000000000000110111111110111010000000000110011
30993,56501,55.146686,24,8,0000000110100000000000011111010001000001110011001000000001001111
27313,56502,55.146924,0AA,8,0001111100111100001000000000010100011111000000100001111111010101
21349,56503,55.147729,0B4,8,0000000000000000000000000000000011010100000001010000111010100011
18426,56507,55.151738,226,8,0000000000000000000100000000000000000000000000000000000000000000
34451,56508,55.152817,1C4,8,0000011000111000000111000000000000000000000000000000000000100111
42750,56487,55.153,0BA,5,1100011000000000000000000000000010111110
7107,56512,55.156072,25,8,0000111101011001000000000000000101111111111000110000000011111000
27314,56513,55.156762,0AA,8,0001111100111011001000000000010100011110111111010001111111010111
13127,56514,55.156997,2C1,8,0000000000000000111010010000000010111100110000000001001001000010
27938,56515,55.157427,3000000000.0,8,0
244,56517,55.15874,3B7,8,1000
16117,56518,55.159032,1C6,8,0000000000000000100000000000000110110011000110100000000000000000
42751,18839,55.160489,0BA,5,0010100100000000000000000000010000101000
7708,56519,55.160838,611,8,0010000100000000000000000001000000000000000000000011110101101100
10660,56520,55.161431,260,8,0000000000000000000000000000000000000000111110110010101110010000
7108,56523,55.166087,25,8,0000111101011001000000000000000101001111111000110000000011001000
30994,56525,55.166682,24,8,0000000110100000000000011111011001000001110011101000000001010011
27315,56526,55.166922,0AA,8,0001111100111001001000000000100100011110111111010001111111011000
21350,56527,55.167725,0B4,8,0000000000000000000000000000000011010100000001010000111010100011
42752,37680,55.167979,0BA,5,0100111100000000000000000000000000101110
1426,56529,55.169735,320,8,0000000000100000000000000000000000000000000000000000000001001011
34452,56531,55.172801,1C4,8,0000011001001011000111000000000000000000000000000000000000111010
11147,56533,55.173217,620,8,0001000000000000000000000000000000000000000000000000000000000000
42753,37684,55.175468,0BA,5,1110000000101000100100000000000000001101
7109,56535,55.177095,25,8,0000111101011001000000000000000100011111111001010000000010011010
27316,56536,55.177725,0AA,8,0001111100111001001000000000101000011111000000000001111111010101
18427,56539,55.180732,226,8,0000000000000000000100000000000000000000000000000000000000000000
10661,56540,55.181347,260,8,0000000000000000000000000000000000000000111110110101011110111100
42754,56516,55.182958,0BA,5,1100011000000000000000000000000010111110
7110,56543,55.186088,25,8,0000111101011001000000000000000111111111111001010000000001111010
30995,56544,55.186678,24,8,0000000110100000000000011111011001000001110011101000000001010011
27317,56545,55.186921,0AA,8,0001111100111110001000000000011100011111000000000001111111010101
13128,56546,55.187154,2C1,8,0000000000000001000010010000000011101001110000000001001010010000
21351,56548,55.187719,0B4,8,0000000000000000000000000000000011011000000001010000111010100111
16118,56550,55.188898,1C6,8,0000000000000000100000000000000110101010000110100000000000000000
42755,18850,55.190448,0BA,5,0010100100000000000000000000011100101011
34453,56552,55.192804,1C4,8,0000011001100011000111000000000000000000000000000000000001010010
7111,56555,55.196061,25,8,0000111101011001000000000000000111011111111001100000000001011011
27318,56556,55.196745,0AA,8,0001111100111100001000000000010100011110111111100001111111010101
42756,37700,55.197937,0BA,5,0100111100000000000000000000000000101110
10662,56557,55.201364,260,8,0000000000000000000000000000000000000000111110110010101110010000
42757,37706,55.205427,0BA,5,1110000000101000011001000000000011100001
7112,56561,55.206055,25,8,0000111101011001000000000000000110111111111001100000000000111011
30996,56562,55.206697,24,8,0000000110100000000000011111011001000001110011001000000001010001
27319,56563,55.206938,0AA,8,0001111100111001001000000000010000011110111110110001111111010101
21352,56564,55.207717,0B4,8,0000000000000000000000000000000011011000000001010000111010100111
18428,56569,55.211724,226,8,0000000000000000000100000000000000000000000000000000000000000000
34454,56570,55.212794,1C4,8,0000011001100011000111000000000000000000000000000000000001010010
42758,56551,55.212916,0BA,5,1100011000000000000000000000000010111110
7113,56573,55.216056,25,8,0000111101011001000000000000000110101111111011110000000000110100
27320,56574,55.216737,0AA,8,0001111100111001001000000000010100011110111110110001111111010001
13129,56575,55.216977,2C1,8,0000000000000001001000000000000100000110110000000001001011000101
31553,56577,55.218671,44D,8,0100001000000010000000000000000000000001000000000000000000000000
16119,56578,55.218931,1C6,8,0000000000000000100000000000000110100001000110100000000000000000
1427,56579,55.219155,320,8,0000000000100000000000000000000000000000000000000000000001001011
42759,18862,55.220406,0BA,5,0010100100000000000000000000010000101000
10663,56581,55.221406,260,8,0000000000000000000000000000000000000000111110110101011110111100
7114,56583,55.226084,25,8,0000111101011000000000000000000101111111111100000000000000000100
30997,56585,55.226695,24,8,0000000110100000000000011111011001000001110011101000000001010011
27321,56586,55.22693,0AA,8,0001111100110101001000000000100100011110111110110001111111010111
21353,56587,55.227712,0B4,8,0000000000000000000000000000000011011000000001010000111010100111
42760,37719,55.227895,0BA,5,0100111100000000000000000000000000101110
34455,56590,55.232802,1C4,8,0000011001111100000111000000000000000000000000000000000001101011
42761,37725,55.235385,0BA,5,1110000000101000001111000000000010111001
7115,56593,55.236053,25,8,0000111101011000000000000000000101101111111100000000000011110100
27322,56595,55.236823,0AA,8,0001111100110101001000000000100100011110111111010001111111010001
18429,56598,55.239721,226,8,0000000000000000000100000000000000000000000000000000000000000000
10664,56599,55.241334,260,8,0000000000000000000000000000000000000000111110110101011110111100
42762,56576,55.242874,0BA,5,1100011000000000000000000000000010111110
28144,56600,55.24362,6C0,8,1110010000000000000000001110000010000000000000000000000000000000
7116,56602,55.246049,25,8,0000111101011000000000000000000101011111111100000000000011100100
30998,56603,55.246669,24,8,0000000110100000000000011111010001000001110011001000000001001111
27323,56604,55.246904,0AA,8,0001111100111001001000000000010000011110111101110001111111010001
13130,56605,55.247139,2C1,8,0000000000000001001101100000000100010011110000000001001111101001
21354,56606,55.247712,0B4,8,0000000000000000000000000000000011011100000001010000111010101011
16120,56608,55.248931,1C6,8,0000000000000000100000000000000110011010000110010000000000000000
42763,18868,55.250364,0BA,5,0010100100000000000000000000011100101011
34456,56610,55.252787,1C4,8,0000011010010101000111000000000000000000000000000000000010000100
7117,56614,55.256052,25,8,0000111101011000000000000000000101001111111101000000000011011000
27324,56615,55.256727,0AA,8,0001111100101111000111111111111100011110111101000001111111010010
42764,37740,55.257853,0BA,5,0100111100000000000000000000000000101110
10665,56616,55.261222,260,8,0000000000000000000000000000000000000000111110111000010011101001
16339,56617,55.262093,4C1,8,0000000100000000000000010000000100000000000000000000000000000000
42765,37744,55.265343,0BA,5,1110000000101000000010000000000010000101
7118,56619,55.266043,25,8,0000111101011000000000000000000101001111111101100000000011011010
30999,56620,55.266667,24,8,0000000110100000000000011111010001000001110011101000000001010001
27325,56621,55.266898,0AA,8,0001111100101101000111111111111100011110111101100001111111010001
21355,56622,55.267701,0B4,8,0000000000000000000000000000000011011100000001010000100010100101
18430,56628,55.271709,226,8,0000000000000000000100000000000000000000000000000000000000000000
1428,56629,55.272705,320,8,0000000000100000000000000000000000000000000000000000000001001011
42766,56609,55.272833,0BA,5,1100011000000000000000000000000010111110
34457,56630,55.272947,1C4,8,0000011010010101000111000000000000000000000000000000000010000100
7119,56634,55.276044,25,8,0000111101011000000000000000000100111111111101110000000011001011
27326,56635,55.276727,0AA,8,0001111100101111000111111111110100011110111110000001111111010000
13131,56636,55.276965,2C1,8,0000000000000001010111000000000101000000110000000001001100111100
16121,56639,55.278965,1C6,8,0000000000000000100000000000000110010100000110010000000000000000
42767,18883,55.280322,0BA,5,0010100100000000000000000000010000101000
10666,56640,55.281315,260,8,0000000000000000000000000000000000000000111110111001101100000000
7120,56643,55.286089,25,8,0000111101011000000000000000000100111111111101110000000011001011
31000,56645,55.286665,24,8,0000000110100000000000011111001101000001110100001000000001010010
27327,56646,55.286903,0AA,8,0001111100110000000111111111111000011110111111000001111111001110
21356,56647,55.287699,0B4,8,0000000000000000000000000000000011011100000001010000100010100101
42768,37765,55.287812,0BA,5,0100111100000000000000000000000000101110
7884,56649,55.292746,610,8,0010000000000000000011010110010011000000000000000000000001000000
34458,56650,55.292984,1C4,8,0000011010110011000111000000000000000000000000000000000010100010
42769,37770,55.295301,0BA,5,1110000000100111110110000000000001010100
7121,56653,55.296038,25,8,0000111101011000000000000000000100111111111101110000000011001011
27328,56654,55.296716,0AA,8,0001111100110001001000000000000100011110111101110001111111001011
18431,56657,55.299705,226,8,0000000000000000000100000000000000000000000000000000000000000000
10667,56658,55.301036,260,8,0000000000000000000000000000000000000000111110111011000100010110
42770,56637,55.302791,0BA,5,1100011000000000000000000000000010111110
7122,56661,55.306058,25,8,0000111101011000000000000000000100111111111101110000000011001011
31001,56662,55.306657,24,8,0000000110100000000000011111000101000001110100011000000001010001
35269,7000,55.306802,3D3,3,011011000000001000000000
27329,56663,55.306891,0AA,8,0001111100101111001000000000000000011110111100110001111111001001
13132,56664,55.307131,2C1,8,0000000000000001011111000000000101100110110000000001001110000010
21357,56665,55.307697,0B4,8,0000000000000000000000000000000011100000000001010000100010101001
16122,56667,55.308866,1C6,8,0000000000000000100000000000000110001110000110010000000000000000
42771,18891,55.31028,0BA,5,0010100100000000000000000000011100101011
16566,56669,55.312441,3F9,8,0111010100011000000000100000001010000000000000000000000000010101
34459,56670,55.312779,1C4,8,0000011011011001000111000000000000000000000000000000000011001000
7123,56673,55.317058,25,8,0000111101011000000000000000000100111111111101110000000011001011
27330,56674,55.317703,0AA,8,0001111100101101001000000000010000011110111101000001111111000111
42772,37782,55.31777,0BA,5,0100111100000000000000000000000000101110
1429,56676,55.318772,320,8,0000000000100000000000000000000000000000000000000000000001001011
14200,56677,55.319718,442,8,0100001100000010000000000000000000000010000000000000000000000000
10668,56678,55.321032,260,8,0000000000000000000000000000000000000000111111000000101001110000
42773,37788,55.325259,0BA,5,1110000000100111101000000000000000011100
7124,56680,55.326029,25,8,0000111101011000000000000000000100111111111101110000000011001011
31002,56681,55.326655,24,8,0000000110100000000000011111011001000001110100011000000001010110
27331,56682,55.326915,0AA,8,0001111100101100000111111111110100011110111100110001111111001010
21358,56683,55.327693,0B4,8,0000000000000000000000000000000011100000000001010000100010101001
18432,56687,55.331696,226,8,0000000000000000000100000000000000000000000000000000000000000000
13947,56688,55.331945,622,8,0001001000000000000000000000000000000000000000000000000000000000
42774,56668,55.332749,0BA,5,1100011000000000000000000000000010111110
34460,56690,55.332895,1C4,8,0000011011011001000111000000000000000000000000000000000011001000
7125,56695,55.336028,25,8,0000111101011000000000000000000100111111111110010000000011001101
27332,56696,55.336711,0AA,8,0001111100101100000111111111100100011110111100110001111111000110
13133,56697,55.336947,2C1,8,0000000000000001101000110000000110000000110000000001010011000100
16123,56699,55.338762,1C6,8,0000000000000000100000000000000110001011000110010000000000000000
42775,18901,55.340238,0BA,5,0010100100000000000000000000010000101000
10669,56701,55.341012,260,8,0000000000000000000000000000000000000000111111000010000010000110
7126,56704,55.346052,25,8,0000111101011000000000000000000100111111111110100000000011001110
31003,56706,55.346649,24,8,0000000110100000000000011111010001000001110100001000000001010011
27333,56707,55.346879,0AA,8,0001111100101010000111111111011000011110111100010001111111000010
21359,56708,55.347688,0B4,8,0000000000000000000000000000000011100000000001010000100010101001
42776,37802,55.347728,0BA,5,0100111100000000000000000000000000101110
43623,55984,55.349425,423,2,1000100000000
43824,55686,55.350777,3BB,5,0111000000000000000000001010010100000000
34461,56711,55.352772,1C4,8,0000011100000011000111000000000000000000000000000000000011110011
42777,37808,55.355218,0BA,5,1110000000100111100000000000000011111100
7127,56714,55.356023,25,8,0000111101011000000000000000000100111111111110110000000011001111
27334,56715,55.356703,0AA,8,0001111100100110000111111111100100011110111100110001111111001001
18433,56718,55.35969,226,8,0000000000000000000100000000000000000000000000000000000000000000
10670,56719,55.360959,260,8,0000000000000000000000000000000000000000111111000100110110110011
42778,56698,55.362707,0BA,5,1100011000000000000000000000000010111110
7128,56722,55.366042,25,8,0000111101011000000000000000000100111111111110110000000011001111
31004,56723,55.366647,24,8,0000000110100000000000011111001101000001110101011000000001010111
27335,56724,55.366881,0AA,8,0001111100100101000111111111100000011110111101100001111111000010
13134,56725,55.367119,2C1,8,0000000000000001110000000000000111000000110000000001010000100001
21360,56726,55.367693,0B4,8,0000000000000000000000000000000011100100000001001111110110100001
16124,56729,55.3689,1C6,8,0000000000000000100000000000000110001000000110000000000000000000
42779,18911,55.370197,0BA,5,0010100100000000000000000000011100101011
1430,56731,55.370686,320,8,0000000000100000000000000000000000000000000000000000000001001011
34462,56732,55.372771,1C4,8,0000011100110010000111000000000000000000000000000000000000100010
7129,56735,55.376026,25,8,0000111101011000000000000000000100111111111111000000000011010000
27336,56736,55.376698,0AA,8,0001111100100110000111111111011000011110111100100001111111000001
42780,37825,55.377686,0BA,5,0100111100000000000000000000000000101110
10671,56738,55.38093,260,8,0000000000000000000000000000000000000000111111000110010011001010
13500,56739,55.381079,394,3,0
42781,37829,55.385176,0BA,5,1110000000100111010011000000000011001000
7130,56742,55.386017,25,8,0000111101011000000000000000000100111111111111000000000011010000
31005,56743,55.386642,24,8,0000000110100000000000011111000101000001110101011000000001010101
27337,56744,55.386877,0AA,8,0001111100101010000111111111010100011110111011000001111110111111
31685,56745,55.387384,389,8,0000000000100000000000000000000000000000000000000000000000000000
21361,56746,55.387679,0B4,8,0000000000000000000000000000000011100100000001001111110110100001
18434,56750,55.39168,226,8,0000000000000000000100000000000000000000000000000000000000000000
42782,56730,55.392665,0BA,5,1100011000000000000000000000000010111110
34463,56751,55.39277,1C4,8,0000011101100011000111000000000000000000000000000000000001010011
7131,56754,55.396017,25,8,0000111101011000000000000000000100111111111111000000000011010000
27338,56755,55.396691,0AA,8,0001111100100111000111111111001100011110111011100001111111000100
13135,56756,55.396924,2C1,8,0000000000000001110101100000000111011001110000000001010101010001
16125,56759,55.398751,1C6,8,0000000000000000100000000000000110000101000110000000000000000000
42783,18924,55.400155,0BA,5,0010100100000000000000000000010000101000
10672,56761,55.400954,260,8,0000000000000000000000000000000000000000111111001000010111101011
7132,56765,55.406046,25,8,0000111101011000000000000000000100111111111111010000000011010001
31006,56766,55.406664,24,8,0000000110100000000000011111010001000001110101011000000001011000
27339,56767,55.406903,0AA,8,0001111100100001000111111111010000011110111011000001111111000001
42784,37842,55.407644,0BA,5,0100111100000000000000000000000000101110
21362,56768,55.407671,0B4,8,0000000000000000000000000000000011101000000001001111110110100101
34464,56771,55.41276,1C4,8,0000011101100011000111000000000000000000000000000000000001010011
42785,37849,55.415134,0BA,5,1110000000100111001100000000000010101100
7133,56774,55.41601,25,8,0000111101011000000000000000000100111111111111010000000011010001
27340,56775,55.416698,0AA,8,0001111100100000000111111111000000011110111011000001111110111111
21775,56777,55.417362,443,8,0100110100000010000000000010111100000110000000000000000000000000
18435,56780,55.419677,226,8,0000000000000000000100000000000000000000000000000000000000000000
1431,56781,55.420672,320,8,0000000000100000000000000000000000000000000000000000000001001011
10673,56782,55.420919,260,8,0000000000000000000000000000000000000000111111001000010111101011
42786,56757,55.422623,0BA,5,1100011000000000000000000000000010111110
13692,56783,55.425023,4B7,8,1110001111011111001000001111000000000000111010100000000100001000
7134,56785,55.426038,25,8,0000111101011000000000000000000100111111111111010000000011010001
31007,56786,55.426661,24,8,0000000110100000000000011111010001000001110100111000000001010110
27341,56787,55.426892,0AA,8,0001111100100011000111111110111000011110111011010001111110111101
13136,56788,55.427127,2C1,8,0000000000000001111011000000000111110011110000000001010110000001
21363,56789,55.427668,0B4,8,0000000000000000000000000000000011101000000001001111110110100101
16126,56791,55.428839,1C6,8,0000000000000000000000000000000110000010000110000000000000000000
42787,18930,55.430113,0BA,5,0010100100000000000000000000011100101011
34465,56794,55.432761,1C4,8,0000011110010111000111000000000000000000000000000000000010000111
7135,56798,55.436001,25,8,0000111101011000000000000000000100111111111111010000000011010001
27342,56799,55.436685,0AA,8,0001111100100011000111111110111000011110111011000001111110111100
42788,37865,55.437603,0BA,5,0100111100000000000000000000000000101110
10674,56800,55.440918,260,8,0000000000000000000000000000000000000000111111001001000111110111
42789,37870,55.445092,0BA,5,1110000000100111000000000000000001111100
7136,56802,55.446001,25,8,0000111101011000000000000000000100111111111111100000000011010010
31008,56803,55.446631,24,8,0000000110100001000000011111000101000001110100111000000001010100
27343,56804,55.446863,0AA,8,0001111100100001000111111110111100011110111001010001111110111100
316,56805,55.447373,38F,8,0000000100000000000000000000000000000000000000000000000000000000
21364,56806,55.447659,0B4,8,0000000000000000000000000000000011101000000001001111011110011111
34807,56810,55.450633,4DF,8,0010000000000000000000000000000100000000000000000000000000000000
18436,56812,55.451667,226,8,0000000000000000000100000000000000000000000000000000000000000000
42790,56792,55.452582,0BA,5,1100011000000000000000000000000010111110
34466,56813,55.452755,1C4,8,0000011111001110000111000000000000000000000000000000000010111110
7137,56816,55.455996,25,8,0000111101011000000000000000000100111111111111100000000011010010
27344,56817,55.45668,0AA,8,0001111100100000000111111111001100011110111000100001111110111100
13137,56818,55.456916,2C1,8,0000000000000010100100000000000111101100110000000001010100011111
245,56820,55.458673,3B7,8,1000
16127,56821,55.458913,1C6,8,0000000000000000000000000000000101111111000110000000000000000000
42791,18944,55.460071,0BA,5,0010100100000000000000000000010000101000
31305,56822,55.46063,4A6,8,0000000000000000000000000000000000000000000100000000000000000000
10675,56823,55.460887,260,8,0000000000000000000000000000000000000000111111001101001100111001
11148,56824,55.461137,620,8,0001000000000000000000000000000000000000000000000000000000000000
7138,56829,55.466183,25,8,0000111101011000000000000000000100111111111111100000000011010010
31009,56830,55.466625,24,8,0000000110100001000000011111001101000001110100111000000001010110
27345,56831,55.466858,0AA,8,0001111100100001000111111111000000011110111001010001111110110101
42792,37886,55.467561,0BA,5,0100111100000000000000000000000000101110
21365,56832,55.467656,0B4,8,0000000000000000000000000000000011101100000001001111011110100011
1432,56835,55.469663,320,8,0000000000100000000000000000000000000000000000000000000001001011
34467,56836,55.472753,1C4,8,0000100000000100000111000000000000000000000000000000000011110101
42793,37891,55.47505,0BA,5,1110000000100110110100000000000001001011
7139,56839,55.477021,25,8,0000111101011000000000000000000100111111111111100000000011010010
27346,56840,55.477652,0AA,8,0001111100100011000111111111000000011110111001110001111110110110
34749,56841,55.477904,380,8,0
18437,56845,55.480666,226,8,0000000000000000000100000000000000000000000000000000000000000000
10676,56846,55.480907,260,8,0000000000000000000000000000000000000000111111001110101001010000
42794,56819,55.48254,0BA,5,1100011000000000000000000000000010111110
7140,56850,55.486015,25,8,0000111101011000000000000000000100111111111111100000000011010010
31010,56851,55.486623,24,8,0000000110100001000000011111100001000001110100011000000001011001
27347,56852,55.48686,0AA,8,0001111100100000000111111110110000011110111001100001111110111011
13138,56853,55.487095,2C1,8,0000000000000010000010010000000101110110110000000001010100100010
21366,56854,55.487649,0B4,8,0000000000000000000000000000000011101100000001001111011110100011
16128,56856,55.488828,1C6,8,0000000000000000000000000000000101111100000101110000000000000000
42795,18954,55.490029,0BA,5,0010100100000000000000000000011100101011
28231,56858,55.490606,619,8,0010001100000000000000000000000000010000000000000111000001000000
34468,56859,55.492753,1C4,8,0000100000111101000111000000000000000000000000000000000000101110
7141,56862,55.495986,25,8,0000111101011000000000000000000100111111111111100000000011010010
27348,56863,55.496669,0AA,8,0001111100011011000111111110101100011110111000110001111110111111
42796,37904,55.497519,0BA,5,0100111100000000000000000000000000101110
10677,56865,55.500864,260,8,0000000000000000000000000000000000000000111111010001011101111110
42797,37911,55.505008,0BA,5,1110000000100110101110000000000000110011
7142,56867,55.506011,25,8,0000111101011000000000000000000100111111111111100000000011010010
31011,56868,55.506621,24,8,0000000110100001000000011111101001000001110100001000000001011010
27349,56869,55.506875,0AA,8,0001111100011010000111111110100100011110111000110001111110110111
21367,56870,55.507647,0B4,8,0000000000000000000000000000000011101100000001001111011110100011
18438,56874,55.511653,226,8,0000000000000000000100000000000000000000000000000000000000000000
42798,56857,55.512498,0BA,5,1100011000000000000000000000000010111110
34469,56875,55.513068,1C4,8,0000100000111101000111000000000000000000000000000000000000101110
7143,56879,55.515985,25,8,0000111101011000000000000000000100111111111111100000000011010010
27350,56880,55.516661,0AA,8,0001111100011010000111111110011100011110111001110001111110110111
13139,56881,55.516905,2C1,8,0000000000000010000011000000000110000011110000000001010100110010
31554,56883,55.518135,44D,8,0100001000000010000000000000000000000001000000000000000000000000
1433,56884,55.51865,320,8,0000000000100000000000000000000000000000000000000000000001001011
16129,56885,55.518894,1C6,8,0000000000000000000000000000000101111001000101110000000000000000
42799,18964,55.519987,0BA,5,0010100100000000000000000000010000101000
10678,56886,55.520773,260,8,0000000000000000000000000000000000000000111111010111000011010111
7144,56889,55.525985,25,8,0000111101011000000000000000000100111111111111110000000011010011
31012,56890,55.526617,24,8,0000000110100001000000011111011001000001110100001000000001010110
27351,56891,55.526848,0AA,8,0001111100011011000111111110100100011110111000100001111110110111
42800,37928,55.527477,0BA,5,0100111100000000000000000000000000101110
21368,56892,55.52765,0B4,8,0000000000000000000000000000000011110000000001001111001010100010
34470,56898,55.532742,1C4,8,0000100001101000000111000000000000000000000000000000000001011001
42801,37932,55.534967,0BA,5,1110000000100110100011000000000000000111
7145,56901,55.537007,25,8,0000111101011000000000000000000101001111111111110000000011100011
27352,56902,55.537631,0AA,8,0001111100011011000111111110100100011110110111100001111110110110
10679,56905,55.540611,260,8,0000000000000000000000000000000000000000111111011011001100011010
18439,56906,55.540857,226,8,0000000000000000000100000000000000000000000000000000000000000000
42802,56882,55.542456,0BA,5,1100011000000000000000000000000010111110
28145,56907,55.543048,6C0,8,1110010000000000000000001110000010000000000000000000000000000000
7146,56909,55.546003,25,8,0000111101011000000000000000000101001111111111110000000011100011
31013,56910,55.546614,24,8,0000000110100001000000011111010001000001110100011000000001010101
27353,56911,55.546846,0AA,8,0001111100011011000111111110100100011110111000010001111110110010
13140,56912,55.547085,2C1,8,0000000000000010000111000000001000000000110000000001011011000001
21369,56913,55.547641,0B4,8,0000000000000000000000000000000011110000000001001111001010100010
16130,56916,55.548809,1C6,8,0000000000000000000000000000000101111000000101100000000000000000
42803,18972,55.549946,0BA,5,0010100100000000000000000000011100101011
34471,56918,55.552745,1C4,8,0000100010001000000111000000000000000000000000000000000001111001
7147,56921,55.555975,25,8,0000111101011000000000000000000101001111111111110000000011100011
27354,56922,55.556655,0AA,8,0001111100011101000111111110111000011110111000100001111110110001
42804,37949,55.557435,0BA,5,0100111100000000000000000000000000101110
10680,56923,55.560553,260,8,0000000000000000000000000000000000000000111111011101010100111100
16567,56924,55.562723,3F9,8,0111010100011000000000100000001010000000000000000000000000010101
42805,37954,55.564925,0BA,5,1110000000100110011001000000000011011111
7148,56927,55.565969,25,8,0000111101011000000000000000000101001111111111110000000011100011
35270,56720,55.566458,3D3,3,111001010000000011110111
31014,56928,55.566613,24,8,0000000110100010000000011111101101000001110100001000000001011100
27355,56929,55.566846,0AA,8,0001111100100010000111111111010000011110111000010001111110110010
21370,56930,55.567636,0B4,8,0000000000000000000000000000000011110000000001001111001010100010
18440,56934,55.571637,226,8,0000000000000000000100000000000000000000000000000000000000000000
42806,56917,55.572414,0BA,5,1100011000000000000000000000000010111110
1434,56935,55.572634,320,8,0000000000100000000000000000000000000000000000000000000001001011
34472,56936,55.572876,1C4,8,0000100010101011000111000000000000000000000000000000000010011100
14271,56938,55.573633,60.0,8,1010000100000000000000000000000000000000011100000000000000000000
7149,56940,55.575971,25,8,0000111101011000000000000000000101001111111111110000000011100011
27356,56941,55.576647,0AA,8,0001111100100111000111111111010100011110110111010001111110110000
13141,56942,55.576886,2C1,8,0000000000000010000111000000001000111001110000000001011011111010
16131,56945,55.578844,1C6,8,0000000000000000000000000000000101111000000101100000000000000000
42807,18986,55.579904,0BA,5,0010100100000000000000000000010000101000
10681,56946,55.580554,260,8,0000000000000000000000000000000000000000111111011110000001000111
7150,56950,55.58615,25,8,0000111101011000000000000000000101011111111111110000000011110011
31015,56951,55.586606,24,8,0000000110100001000000100000000101000001110011001000000001011110
27357,56952,55.586836,0AA,8,0001111100100010000111111110111100011110110111010001111110110110
42808,37968,55.587393,0BA,5,0100111100000000000000000000000000101110
21371,56953,55.587627,0B4,8,0000000000000000000000000000000011110100000001001111011110101011
7768,56955,55.592343,435,8,1000000000000101000001011111111111100000001111110000000000000011
34473,56956,55.592731,1C4,8,0000100011000111000111000000000000000000000000000000000010111000
42809,37974,55.594883,0BA,5,1110000000100110001111000000000010110111
7151,56960,55.595966,25,8,0000111101011000000000000000000101101111111111110000000000000011
27358,56961,55.596648,0AA,8,0001111100011100000111111110100000011110111000100001111110110110
10958,56966,55.599346,436,8,0
18441,56967,55.599635,226,8,0000000000000000000100000000000000000000000000000000000000000000
10682,56968,55.600536,260,8,0000000000000000000000000000000000000000111111011111011001011101
42810,56943,55.602372,0BA,5,1100011000000000000000000000000010111110
7152,56970,55.605991,25,8,0000111101011001000000000000000110010000000000000000000000100110
27359,56971,55.606618,0AA,8,0001111100010111000111111110010000011110111000110001111110110010
31016,56972,55.606856,24,8,0000000110100001000000100000000001000001110011001000000001011101
13142,56973,55.607092,2C1,8,0000000000000010001011000000001001100000110000000001011000110001
21372,56974,55.607622,0B4,8,0000000000000000000000000000000011110100000001001111011110101011
16132,56976,55.60881,1C6,8,0000000000000000000000000000000101111000000101100000000000000000
42811,18991,55.609862,0BA,5,0010100100000000000000000000011100101011
34474,56978,55.612727,1C4,8,0000100011011111000111000000000000000000000000000000000011010000
7153,56982,55.615962,25,8,0000111101011001000000000000000110110000000000010000000001000111
27360,56983,55.616644,0AA,8,0001111100011001000111111110010100011110110111110001111110110011
42812,37991,55.617352,0BA,5,0100111100000000000000000000000000101110
1435,56984,55.617625,320,8,0000000000100000000000000000000000000000000000000000000001001011
14201,56985,55.619509,442,8,0100001100000010000000000000000000000010000000000000000000000000
10683,56986,55.620472,260,8,0000000000000000000000000000000000000000111111100010001110001011
42813,37995,55.624841,0BA,5,1110000000100110000110000000000010010011
7154,56988,55.625956,25,8,0000111101011001000000000000000111100000000101110000000010001101
31017,56989,55.626623,24,8,0000000110100000000000011111100001000001110100011000000001011000
27361,56990,55.626854,0AA,8,0001111100011110000111111110101100011110110111010001111110110101
13824,56991,55.627339,434,8,0100001000000000000000000000000000000000000000000000000000000000
21373,56992,55.627618,0B4,8,0000000000000000000000000000000011110100000001001111001010100110
18442,56997,55.631623,226,8,0000000000000000000100000000000000000000000000000000000000000000
42814,56977,55.632331,0BA,5,1100011000000000000000000000000010111110
34475,56999,55.632826,1C4,8,0000100011110111000111000000000000000000000000000000000011101000
34923,57001,55.633222,3C3,8,0100011000011110100100110100111000000000000000000000000000000000
28215,57002,55.634339,437,8,1111110011111111111111111111111111111111111111111111111111111111
7155,57004,55.635954,25,8,0000111101011001000000000000000100000000000101110000000010101101
27362,57005,55.636651,0AA,8,0001111100100011000111111110110000011110110111100001111110110010
13143,57006,55.636886,2C1,8,0000000000000010001101100000001010001100110000000001011101101000
16133,57008,55.638708,1C6,8,0000000000000000000000000000000101110010000101100000000000000000
42815,19004,55.63982,0BA,5,0010100100000000000000000000010000101000
10684,57009,55.640465,260,8,0000000000000000000000000000000000000000111111100010111010010110
7156,57012,55.646003,25,8,0000111101011001000000000000000100110000000110100000000011100000
31018,57014,55.646598,24,8,0000000110100000000000011111110101000001110100011000000001011101
27363,57015,55.646834,0AA,8,0001111100100000000111111110100100011110111000000001111110110011
42816,38013,55.64731,0BA,5,0100111100000000000000000000000000101110
21374,57016,55.647616,0B4,8,0000000000000000000000000000000011111000000001001111001010101010
43825,1903,55.648362,3BB,5,1011101100000000000000000000000000100110
34476,57019,55.652712,1C4,8,0000100100010101000111000000000000000000000000000000000000000111
42817,38019,55.654799,0BA,5,1110000000100101111111000000000001110110
7157,57022,55.655954,25,8,0000111101011001000000000000000101100000000110100000000000010000
27364,57023,55.656639,0AA,8,0001111100011100000111111110010100011110110111010001111110110111
18443,57027,55.659619,226,8,0000000000000000000100000000000000000000000000000000000000000000
10685,57028,55.660483,260,8,0000000000000000000000000000000000000000111111100011100110100001
42818,57007,55.662289,0BA,5,1100011000000000000000000000000010111110
7158,57033,55.665949,25,8,0000111101011010000000000000000110110000000111110000000001100110
31019,57034,55.666593,24,8,0000000110100001000000100000001101000001110100001000000001100100
27365,57035,55.666828,0AA,8,0001111100011011000111111110011000011110111001010001111110111000
13144,57036,55.667062,2C1,8,0000000000000010010001100000001010010110110000000001100110000100
21375,57037,55.667615,0B4,8,0000000000000000000000000000000011111000000001001111001010101010
16134,57039,55.668782,1C6,8,0000000000000000000000000000000101100001000101100000000000000000
42819,19012,55.669778,0BA,5,0010100100000000000000000000011100101011
1436,57041,55.670616,320,8,0000000000100000000000000000000000000000000000000000000001001011
34477,57042,55.672718,1C4,8,0000100100110011000111000000000000000000000000000000000000100101
7159,57045,55.676974,25,8,0000111101011010000000000000000111110000001001100000000010101101
42820,38032,55.677268,0BA,5,0100111100000000000000000000000000101110
27366,57046,55.677599,0AA,8,0001111100100011000111111110111000011110111001100001111110110110
10686,57049,55.68045,260,8,0000000000000000000000000000000000000000111111100101000010111000
13501,57050,55.680602,394,3,0
42821,38038,55.684757,0BA,5,1110000000100101110001000000000000111110
43624,3716,55.684876,423,2,11100000000
7160,57052,55.685947,25,8,0000111101011010000000000000000100100000001001100000000011011101
31020,57053,55.686587,24,8,0000000110100001000000011111111101000001110011101000000001011101
27367,57054,55.686818,0AA,8,0001111100100101000111111111010100011110111000100001111110110111
21376,57055,55.687605,0B4,8,0000000000000000000000000000000011111100000001001111001010101110
18444,57059,55.691612,226,8,0000000000000000000100000000000000000000000000000000000000000000
42822,57040,55.692247,0BA,5,1100011000000000000000000000000010111110
34478,57060,55.692709,1C4,8,0000100100110011000111000000000000000000000000000000000000100101
7161,57064,55.695939,25,8,0000111101011010000000000000000101110000001100100000000000111001
27368,57065,55.696625,0AA,8,0001111100100110000111111111010100011110111000000001111110111000
13145,57066,55.69686,2C1,8,0000000000000010010110010000001010110011110000000001100110110100
16135,57068,55.698699,1C6,8,0000000000000000000000000000000101010010000101100000000000000000
42823,19022,55.699737,0BA,5,0010100100000000000000000000010000101000
10687,57069,55.700486,260,8,0000000000000000000000000000000000000000111111100101101111000011
7162,57072,55.705964,25,8,0000111101011011000000000000000111000000001011010000000010000101
31021,57073,55.706583,24,8,0000000110100001000000011111101001000001110011101000000001011000
27369,57074,55.706815,0AA,8,0001111100100111000111111110111100011110111000010001111110110110
42824,38053,55.707226,0BA,5,0100111100000000000000000000000000101110
21377,57075,55.707603,0B4,8,0000000000000000000000000000000011111100000001001111011110110011
34479,57078,55.712711,1C4,8,0000100101001101000111000000000000000000000000000000000000111111
42825,38057,55.714716,0BA,5,1110000000100101101110000000000000110010
7163,57081,55.715932,25,8,0000111101011011000000000000000100010000001100100000000011011010
27370,57082,55.716615,0AA,8,0001111100100101000111111110111000011110111000100001111110110111
21776,57083,55.717307,443,8,0100110100000010000000000010111100000110000000000000000000000000
18445,57086,55.719608,226,8,0000000000000000000100000000000000000000000000000000000000000000
10688,57087,55.720404,260,8,0000000000000000000000000000000000000000111111100110011011001110
1437,57088,55.72065,320,8,0000000000100000000000000000000000000000000000000000000001001011
13957,57089,55.72144,614,8,0010100100000000000000000011000000000000000000000000000000000000
42826,57067,55.722205,0BA,5,1100011000000000000000000000000010111110
35379,21089,55.725922,386,7,11000100000000000000000000000000000000000000000010101101
7164,57092,55.725958,25,8,0000111101011011000000000000000101100000001100100000000000101010
31022,57094,55.726583,24,8,0000000110100001000000011111111101000001110100011000000001100000
27371,57095,55.726816,0AA,8,0001111100100001000111111110101000011110111000000001111110111000
13146,57096,55.727051,2C1,8,0000000000000010011011000000001011011100110000000001101011110001
21378,57097,55.727597,0B4,8,0000000000000000000000000000000011111100000001001111011110110011
16136,57100,55.728762,1C6,8,0000000000000000000000000000000101000011000101100000000000000000
42827,19033,55.729695,0BA,5,0010100100000000000000000000011100101011
34480,57103,55.732707,1C4,8,0000100101101000000111000000000000000000000000000000000001011010
7165,57107,55.735932,25,8,0000111101011100000000000000000111010000001111000000000010100101
27372,57108,55.736614,0AA,8,0001111100100001000111111110101100011110111000100001111110110111
42828,38075,55.737184,0BA,5,0100111100000000000000000000000000101110
14013,57109,55.73732,38E,8,0
10689,57110,55.74036,260,8,0000000000000000000000000000000000000000111111100111000111011001
42829,38081,55.744674,0BA,5,1110000000100101011111000000000011110110
7166,57113,55.745924,25,8,0000111101011100000000000000000100100000001100100000000011101011
31023,57114,55.746578,24,8,0000000110100010000000100000000101000001110101011000000001101000
27373,57115,55.746812,0AA,8,0001111100100011000111111110111000011110111001100001111110110111
21379,57116,55.747592,0B4,8,0000000000000000000000000000000000000000000001001111011110110111
18446,57120,55.751596,226,8,0000000000000000000100000000000000000000000000000000000000000000
42830,57101,55.752163,0BA,5,1100011000000000000000000000000010111110
34481,57121,55.752702,1C4,8,0000100110000100000111000000000000000000000000000000000001110110
7167,57124,55.755926,25,8,0000111101011100000000000000000101110000001100100000000000111011
27374,57125,55.756615,0AA,8,0001111100100011000111111110111000011110111010000001111110111010
13147,57126,55.756855,2C1,8,0000000000000010100000110000001011101001110000000001101100010110
246,57128,55.7586,3B7,8,1000
16137,57129,55.758858,1C6,8,0000000000000000000000000000000100111001000101100000000000000000
42831,19045,55.759653,0BA,5,0010100100000000000000000000010000101000
10690,57130,55.760314,260,8,0000000000000000000000000000000000000000111111101000100011110000
11149,57131,55.760563,620,8,0001000000000000000000000000000000000000000000000000000000000000
7168,57135,55.765922,25,8,0000111101011101000000000000000111100000001111000000000010110110
31024,57136,55.766573,24,8,0000000110100011000000100000000101000001110101011000000001101001
27375,57137,55.766805,0AA,8,0001111100101010000111111111010100011110111010100001111110110111
42832,38094,55.767142,0BA,5,0100111100000000000000000000000000101110
21380,57138,55.767584,0B4,8,0000000000000000000000000000000000000000000001001111001010110010
1438,57140,55.769591,320,8,0000000000100000000000000000000000000000000000000000000001001011
34482,57141,55.772698,1C4,8,0000100110100000000111000000000000000000000000000000000010010010
42833,38100,55.774632,0BA,5,1110000000100101011010000000000011100010
7169,57144,55.775922,25,8,0000111101011101000000000000000100110000001100100000000011111100
27376,57145,55.776601,0AA,8,0001111100101101000111111111010100011110111001110001111110110101
18447,57149,55.77959,226,8,0000000000000000000100000000000000000000000000000000000000000000
10691,57150,55.780352,260,8,0000000000000000000000000000000000000000111111100111110011100100
42834,57127,55.782122,0BA,5,1100011000000000000000000000000010111110
7170,57153,55.785946,25,8,0000111101011110000000000000000110100000001111000000000001110111
31025,57154,55.786571,24,8,0000000110100011000000011111111101000001110100011000000001100010
27377,57155,55.786804,0AA,8,0001111100101000000111111111000100011110111010100001111110111000
13148,57156,55.787035,2C1,8,0000000000000010100100110000001100011100110000000001101101011010
21381,57158,55.787685,0B4,8,0000000000000000000000000000000000000000000001001111011110110111
16138,57160,55.788751,1C6,8,0000000000000000000000000000000100110000000101100000000000000000
42835,19052,55.789611,0BA,5,0010100100000000000000000000011100101011
7885,57162,55.790387,610,8,0010000010000000000011010110010011000000000000000011111101000000
34483,57164,55.792696,1C4,8,0000100110111111000111000000000000000000000000000000000010110001
7171,57168,55.795924,25,8,0000111101011110000000000000000100000000001111000000000011010111
27378,57169,55.796599,0AA,8,0001111100100111000111111111000000011110111011100001111110111100
42836,38118,55.797101,0BA,5,0100111100000000000000000000000000101110
13758,57170,55.797307,3A5,8,100000000
10692,57171,55.800104,260,8,0000000000000000000000000000000000000000111111100111000111011001
31366,57172,55.802383,640,8,1010100000000000000000000011011100000001111000000000000000000000
42837,38123,55.80459,0BA,5,1110000000100101010000000000000010111010
7172,57174,55.805912,25,8,0000111101011110000000000000000101100000001111000000000000110111
31026,57175,55.806596,24,8,0000000110100011000000100000000001000001110100001000000001100011
27379,57176,55.806829,0AA,8,0001111100100111000111111110111100011110111010100001111110110101
21382,57177,55.807583,0B4,8,0000000000000000000000000000000000000100000001001111110111000001
18448,57182,55.81158,226,8,0000000000000000000100000000000000000000000000000000000000000000
42838,57161,55.81208,0BA,5,1100011000000000000000000000000010111110
16568,57183,55.812403,3F9,8,0111010100011000000000100000001010000000000000000000000000010101
34484,57184,55.812688,1C4,8,0000100111011100000111000000000000000000000000000000000011001110
13149,57187,55.81677,2C1,8,0000000000000010101001100000001100110000110000000001101110000001
7173,57188,55.817012,25,8,0000111101011111000000000000000111110000010010000000000011010100
31555,57189,55.817527,44D,8,0100001000000010000000000000000000000001000000000000000000000000
27380,57190,55.817757,0AA,8,0001111100100111000111111110101100011110111010100001111110110110
16139,57192,55.81879,1C6,8,0000000000000000000000000000000100100111000101100000000000000000
42839,19065,55.819569,0BA,5,0010100100000000000000000000010000101000
1439,57193,55.81958,320,8,0000000000100000000000000000000000000000000000000000000001001011
10693,57194,55.820126,260,8,0000000000000000000000000000000000000000111111101000100011110000
7174,57197,55.825936,25,8,0000111101011111000000000000000101000000001101110000000000010011
35271,7063,55.826114,3D3,3,011011000000001000000000
27381,57199,55.826567,0AA,8,0001111100100110000111111110111000011110111011000001111110111100
31027,57200,55.826809,24,8,0000000110100100000000100000001101000001110101011000000001101100
42840,38140,55.827059,0BA,5,0100111100000000000000000000000000101110
35052,57201,55.827298,413,8,0000000100000001000000010000100100000000000000000000000000000000
21383,57202,55.827573,0B4,8,0000000000000000000000000000000000000100000001001111011110111011
34485,57205,55.832692,1C4,8,0000100111110111000111000000000000000000000000000000000011101001
42841,38144,55.834548,0BA,5,1110000000100101000101000000000010001110
7175,57208,55.83591,25,8,0000111101100000000000000000000110110000001111000000000010001001
27382,57209,55.836585,0AA,8,0001111100100101000111111110111000011110111100010001111110111001
18449,57212,55.839578,226,8,0000000000000000000100000000000000000000000000000000000000000000
10694,57213,55.840037,260,8,0000000000000000000000000000000000000000111111101001001111111011
42842,57191,55.842038,0BA,5,1100011000000000000000000000000010111110
28146,57214,55.842473,6C0,8,1110010000000000000000001110000010000000000000000000000000000000
7176,57217,55.845936,25,8,0000111101100000000000000000000100100000010001100000000000000011
31028,57218,55.846563,24,8,0000000110100100000000100000001101000001110110001000000001101111
27383,57219,55.846794,0AA,8,0001111100100101000111111110111000011110111100110001111110110111
13150,57220,55.847028,2C1,8,0000000000000010101110010000001010110110110000000001101100011001
21384,57221,55.847566,0B4,8,0000000000000000000000000000000000000100000001001111011110111011
16140,57223,55.848784,1C6,8,0000000000000000000000000000000100100110000101100000000000000000
42843,19073,55.849527,0BA,5,0010100100000000000000000000011100101011
34992,57225,55.85057,4C3,8,0000001100000000000000000000000100000000000000000000000000000000
34486,57227,55.852681,1C4,8,0000101000010101000111000000000000000000000000000000000000001000
7177,57231,55.855904,25,8,0000111101100001000000000000000110010000001111000000000001101010
27384,57232,55.856578,0AA,8,0001111100100111000111111110111000011110111100110001111110111001
42844,38155,55.857017,0BA,5,0100111100000000000000000000000000101110
10695,57234,55.860056,260,8,0000000000000000000000000000000000000000111111101001111000000110
42845,38162,55.864507,0BA,5,1110000000100101000000000000000001111010
7178,57236,55.865896,25,8,0000111101100001000000000000000100000000010001100000000011100100
31029,57237,55.866554,24,8,0000000110100101000000100000000101000001110101011000000001101011
27385,57238,55.866787,0AA,8,0001111100101011000111111110111000011110111100100001111110111101
21385,57239,55.867565,0B4,8,0000000000000000000000000000000000001000000001001111011110111111
18450,57243,55.871567,226,8,0000000000000000000100000000000000000000000000000000000000000000
42846,57224,55.871996,0BA,5,1100011000000000000000000000000010111110
1440,57244,55.872565,320,8,0000000000100000000000000000000000000000000000000000000001001011
34487,57245,55.872805,1C4,8,0000101000110100000111000000000000000000000000000000000000100111
7179,57249,55.87601,25,8,0000111101100001000000000000000101110000010001100000000001010100
27386,57250,55.876577,0AA,8,0001111100101101000111111110111100011110111100000001111110111010
13151,57251,55.876814,2C1,8,0000000000000010110011000000001011001001110000000001101100111111
16141,57254,55.878824,1C6,8,0000000000000000000000000000000100101001000101100000000000000000
42847,19086,55.879486,0BA,5,0010100100000000000000000000010000101000
10696,57255,55.880058,260,8,0000000000000000000000000000000000000000111111101001001111111011
7180,57259,55.885901,25,8,0000111101100010000000000000000111110000010001100000000011010101
31030,57260,55.886551,24,8,0000000110100101000000100000000101000001110100011000000001100111
27387,57261,55.886784,0AA,8,0001111100110000000111111111000000011110111011100001111110111100
42848,38177,55.886975,0BA,5,0100111100000000000000000000000000101110
21386,57262,55.887557,0B4,8,0000000000000000000000000000000000001000000001001111110111000101
13632,57265,55.892534,4DD,8,0001111000000000000000000000000000000000000000000000000000000000
34488,57266,55.892776,1C4,8,0000101001001110000111000000000000000000000000000000000001000001
42849,38183,55.894465,0BA,5,1110000000100100111101000000000001101101
7181,57269,55.89589,25,8,0000111101100010000000000000000101010000001111000000000000101011
27388,57270,55.896579,0AA,8,0001111100101111000111111111010000011110111100010001111110111100
18451,57273,55.899564,226,8,0000000000000000000100000000000000000000000000000000000000000000
10697,57274,55.899957,260,8,0000000000000000000000000000000000000000111111101001111000000110
42850,57252,55.901954,0BA,5,1100011000000000000000000000000010111110
7182,57276,55.905911,25,8,0000111101100011000000000000000111010000010001100000000010110110
31031,57277,55.906546,24,8,0000000110100101000000100000001101000001110100011000000001101001
27389,57278,55.906779,0AA,8,0001111100101101000111111111010100011110111101100001111110111111
13152,57279,55.907015,2C1,8,0000000000000010111000110000001011110000110000000001101101111101
31625,57280,55.907332,633,8,1000000100000000000000000000000000000000000000000000000000000000
21387,57281,55.907575,0B4,8,0000000000000000000000000000000000001100000001001111110111001001
16142,57284,55.908721,1C6,8,0000000000000000000000000000000100101100000101100000000000000000
42851,19097,55.909444,0BA,5,0010100100000000000000000000011100101011
27854,57286,55.910554,420,8,0000000000000000000000000000000011111111000000001000000010101011
34489,57288,55.912673,1C4,8,0000101001101000000111000000000000000000000000000000000001011011
7183,57291,55.915884,25,8,0000111101100011000000000000000101000000010001100000000000100110
27390,57292,55.916576,0AA,8,0001111100101100000111111111000100011110111110110001111111000000
42852,38198,55.916933,0BA,5,0100111100000000000000000000000000101110
1441,57294,55.917555,320,8,0000000000100000000000000000000000000000000000000000000001001011
14202,57295,55.919304,442,8,0100001100000010000000000000000000000010000000000000000000000000
10698,57297,55.919951,260,8,0000000000000000000000000000000000000000111111101011010000011100
42853,38203,55.924423,0BA,5,1110000000100100110001000000000000111101
43454,555,55.925761,3000000.0,6,000010000000000000000000000000000000000000101000
7184,57300,55.925882,25,8,0000111101100100000000000000000111000000010001100000000010100111
31032,57301,55.926545,24,8,0000000110100101000000100000010101000001110101011000000001101111
27391,57302,55.926781,0AA,8,0001111100101100000111111110110100011110111110000001111111000100
21388,57303,55.927552,0B4,8,0000000000000000000000000000000000001100000001010000001111010000
13702,57307,55.931287,615,8,0010101000000000011101100000101000000000000000000000000000000000
18452,57308,55.931552,226,8,0000000000000000000100000000000000000000000000000000000000000000
42854,57285,55.931912,0BA,5,1100011000000000000000000000000010111110
7648,57309,55.932417,3BC,8,0
34490,57311,55.93287,1C4,8,0000101010000010000111000000000000000000000000000000000001110101
7185,57314,55.935886,25,8,0000111101100100000000000000000100100000001111000000000011111101
27392,57315,55.936564,0AA,8,0001111100101111000111111110101100011110111101100001111111000100
13153,57316,55.936805,2C1,8,0000000000000010111110010000001011111001110000000001101110011100
16143,57318,55.938651,1C6,8,0000000000000000000000000000000100101111000101100000000000000000
42855,19108,55.939402,0BA,5,0010100100000000000000000000010000101000
10699,57319,55.940008,260,8,0000000000000000000000000000000000000000111111101010100100010001
13887,57321,55.943775,4C6,8,0000011100000000000000110000000000000000000000000000000000000000
7186,57324,55.945904,25,8,0000111101100101000000000000000110100000010001100000000010001000
43826,3824,55.945947,3BB,5,1010010100000000000000000000000000000000
27393,57325,55.946529,0AA,8,0001111100110001000111111110111000011110111101110001111111000100
31033,57326,55.946768,24,8,0000000110100110000000100000001101000001110110001000000001110001
42856,38214,55.946891,0BA,5,0100111100000000000000000000000000101110
21389,57327,55.947546,0B4,8,0000000000000000000000000000000000001100000001001111110111001001
34491,57329,55.95266,1C4,8,0000101011000010000111000000000000000000000000000000000010110101
42857,38220,55.954381,0BA,5,1110000000100100101101000000000000101101
7187,57332,55.956905,25,8,0000111101100101000000000000000100100000010010000000000000001010
27394,57334,55.957565,0AA,8,0001111100110001000111111111000000011110111100110001111111000110
27915,57335,55.957811,4DC,8,0001110100000000000000000000000000000000000000000000000000000000
10700,57338,55.959947,260,8,0000000000000000000000000000000000000000111111101001111000000110
18453,57339,55.960546,226,8,0000000000000000000100000000000000000000000000000000000000000000
42858,57317,55.961871,0BA,5,1100011000000000000000000000000010111110
7188,57341,55.965901,25,8,0000111101100101000000000000000101110000001101110000000001001001
27395,57342,55.966524,0AA,8,0001111100110001000111111111001100011110111100110001111111000110
31034,57343,55.966763,24,8,0000000110100110000000100000001101000001110110101000000001110011
13154,57344,55.967,2C1,8,0000000000000011000010010000001011111001110000000001101110101101
21390,57345,55.967537,0B4,8,0000000000000000000000000000000000010000000001001111110111001101
16144,57347,55.968792,1C6,8,0000000000000000000000000000000100110010000101100000000000000000
42859,19115,55.96936,0BA,5,0010100100000000000000000000011100101011
1442,57349,55.970545,320,8,0000000000100000000000000000000000000000000000000000000001001011
34492,57350,55.972657,1C4,8,0000101011100101000111000000000000000000000000000000000011011000
11281,57353,55.974862,4C8,8,0000100100000000000000000000000000000000000000000000000000000000
7189,57355,55.975869,25,8,0000111101100110000000000000000111110000010001100000000011011001
27396,57356,55.976558,0AA,8,0001111100110001000111111111010000011110111101100001111111000100
42860,38237,55.97685,0BA,5,0100111100000000000000000000000000101110
1579,57357,55.977278,6F3,8,0010000000000000000000000000000000000000000000000000000000000000
10701,57359,55.979908,260,8,0000000000000000000000000000000000000000111111101001111000000110
13502,57360,55.980058,394,3,0
42861,38240,55.984339,0BA,5,1110000000100100101101000000000000101101
7190,57364,55.985902,25,8,0000111101100110000000000000000101010000001111000000000000101111
27397,57365,55.986529,0AA,8,0001111100110001000111111111100000011110111110000001111111001001
31035,57366,55.98677,24,8,0000000110100111000000100000010101000001110101111000000001110011
21391,57367,55.987531,0B4,8,0000000000000000000000000000000000010000000001001111110111001101
18454,57372,55.991538,226,8,0000000000000000000100000000000000000000000000000000000000000000
42862,57348,55.991829,0BA,5,1100011000000000000000000000000010111110
13572,57373,55.991998,399,8,0000000000000000000000000000000000000000111111110000000000000000
34493,57374,55.992662,1C4,8,0000101100000101000111000000000000000000000000000000000011111001
7191,57377,55.995862,25,8,0000111101100111000000000000000110110000001100100000000010000110
27398,57378,55.996552,0AA,8,0001111100110101000111111111100000011110111110010001111111001010
13155,57379,55.996788,2C1,8,0000000000000011000101100000001100010110110000000001101111011000
16145,57381,55.998642,1C6,8,0000000000000000000000000000000100110101000101100000000000000000
42863,19128,55.999318,0BA,5,0010100100000000000000000000010000101000
10702,57382,55.999927,260,8,0000000000000000000000000000000000000000111111101001001111111011
7192,57385,56.005895,25,8,0000111101100111000000000000000100010000001111000000000011110000
27399,57386,56.006519,0AA,8,0001111100110110000111111111101000011110111110110001111111000110
31036,57387,56.006758,24,8,0000000110100111000000100000010101000001110101011000000001110001
42864,38257,56.006808,0BA,5,0100111100000000000000000000000000101110
11220,57389,56.007185,39A,8,0000000000000000000000000000000100000000000000000000000000000000
21392,57390,56.007527,0B4,8,0000000000000000000000000000000000010000000001010000001111010100
13314,57392,56.009231,61A,8,0010010000000000000000000000000000000000000000000011011001000000
56,57393,56.012549,3B1,8,0000000000000000000000100000101000000000000010000000000000000000
34494,57394,56.012787,1C4,8,0000101100100110000111000000000000000000000000000000000000011010
42865,38262,56.014297,0BA,5,1110000000100100100101000000000000001101
7193,57397,56.016892,25,8,0000111101100111000000000000000101100000001011010000000000110001
21777,57398,56.017251,443,8,0100110100000010000000000010111100000110000000000000000000000000
27400,57399,56.017521,0AA,8,0001111100110110000111111111100100011110111110110001111111001011
10703,57402,56.019797,260,8,0000000000000000000000000000000000000000111111100111000111011001
43625,14317,56.020327,423,2,10101000010101
18455,57403,56.020533,226,8,0000000000000000000100000000000000000000000000000000000000000000
1443,57404,56.021528,320,8,0000000000100000000000000000000000000000000000000000000001001011
42866,57380,56.021787,0BA,5,1100011000000000000000000000000010111110
7194,57407,56.025853,25,8,0000111101101000000000000000000111000000001101110000000010011100
27401,57408,56.026545,0AA,8,0001111100110110000111111111100000011110111111010001111111001101
31037,57409,56.026785,24,8,0000000110100111000000100000001101000001110101111000000001110001
13156,57410,56.027021,2C1,8,0000000000000011001001100000001100100011110000000001101111110101
21393,57411,56.02752,0B4,8,0000000000000000000000000000000000010100000001010000001111011000
16146,57413,56.028695,1C6,8,0000000000000000000000000000000100111000000101100000000000000000
42867,19136,56.029276,0BA,5,0010100100000000000000000000011100101011
34495,57416,56.03265,1C4,8,0000101101000101000111000000000000000000000000000000000000111001
7195,57419,56.035856,25,8,0000111101101000000000000000000100000000001011010000000011010010
27402,57420,56.036554,0AA,8,0001111100110110000111111111100000011110111111000001111111001001
42868,38276,56.036766,0BA,5,0100111100000000000000000000000000101110
10704,57422,56.039787,260,8,0000000000000000000000000000000000000000111111100101101111000011
42869,38282,56.044256,0BA,5,1110000000100100011101000000000011101101
7196,57424,56.04586,25,8,0000111101101000000000000000000101000000001011010000000000010010
31038,57425,56.046523,24,8,0000000110101000000000100000001101000001110101111000000001110010
27403,57426,56.046758,0AA,8,0001111100110110000111111111100000011110111110010001111111000111
21394,57428,56.047515,0B4,8,0000000000000000000000000000000000010100000001010000001111011000
18456,57433,56.051524,226,8,0000000000000000000100000000000000000000000000000000000000000000
42870,57414,56.051745,0BA,5,1100011000000000000000000000000010111110
34496,57434,56.052644,1C4,8,0000101101100101000111000000000000000000000000000000000001011001
7197,57438,56.055876,25,8,0000111101101000000000000000000101110000001000110000000000111000
27404,57439,56.056539,0AA,8,0001111100110111000111111111101000011110111110100001111111010000
13157,57440,56.056775,2C1,8,0000000000000011001100000000001100110000110000000001101100001100
247,57442,56.058527,3B7,8,1000
16147,57443,56.058766,1C6,8,0000000000000000000000000000000100111011000101100000000000000000
42871,19150,56.059235,0BA,5,0010100100000000000000000000010000101000
10705,57444,56.059823,260,8,0000000000000000000000000000000000000000111111100101000010111000
11150,57445,56.0602,620,8,0001000000000000000000000000000000000000000000000000000000000000
16569,57446,56.062789,3F9,8,0111010100011000000000100000001010000000000000000000000000010101
7198,57449,56.065845,25,8,0000111101101001000000000000000111000000001000010000000010000111
31039,57450,56.066518,24,8,0000000110101000000000100000010101000001110101011000000001110010
42872,38298,56.066724,0BA,5,0100111100000000000000000000000000101110
27405,57451,56.066751,0AA,8,0001111100111001000111111111101000011110111111110001111111001001
21395,57452,56.067514,0B4,8,0000000000000000000000000000000000010100000001010000001111011000
1444,57454,56.069517,320,8,0000000000100000000000000000000000000000000000000000000001001011
34497,57456,56.072642,1C4,8,0000101110000100000111000000000000000000000000000000000001111000
42873,38301,56.074214,0BA,5,1110000000100100011010000000000011100001
7199,57459,56.075852,25,8,0000111101101001000000000000000111100000000111110000000010100101
27406,57460,56.076535,0AA,8,0001111100111011000111111111100000011111000000000001111111001011
18457,57463,56.079518,226,8,0000000000000000000100000000000000000000000000000000000000000000
10706,57464,56.079763,260,8,0000000000000000000000000000000000000000111111100101000010111000
42874,57441,56.081703,0BA,5,1100011000000000000000000000000010111110
35272,57256,56.085771,3D3,3,111001010000001001100001
7200,57467,56.085842,25,8,0000111101101001000000000000000100000000000111110000000011000101
31040,57468,56.086515,24,8,0000000110101001000000100000011001000001110100011000000001110000
27407,57469,56.086758,0AA,8,0001111100111100000111111111100000011111000000000001111111001101
13158,57470,56.086996,2C1,8,0000000000000011010000000000001101000110110000000001101000110001
21396,57471,56.087511,0B4,8,0000000000000000000000000000000000011000000001010000001111011100
16148,57474,56.088793,1C6,8,0000000000000000000000000000000100111110000101010000000000000000
42875,19158,56.089193,0BA,5,0010100100000000000000000000011100101011
34498,57476,56.09263,1C4,8,0000101110100011000111000000000000000000000000000000000010010111
7201,57479,56.095841,25,8,0000111101101001000000000000000100100000000101010000000011011011
27408,57480,56.096531,0AA,8,0001111100111110000111111111101000011111000000110001111111001110
42876,38317,56.096682,0BA,5,0100111100000000000000000000000000101110
10707,57481,56.099563,260,8,0000000000000000000000000000000000000000111111100010111010010110
42877,38322,56.104172,0BA,5,1110000000100100011000000000000011011001
7202,57484,56.105865,25,8,0000111101101001000000000000000100110000000100010000000011100111
27409,57485,56.106505,0AA,8,0001111100111110000111111111101100011111000001100001111111001100
31041,57486,56.106743,24,8,0000000110101010000000100000001101000001110100011000000001101110
21397,57487,56.1075,0B4,8,0000000000000000000000000000000000011000000001010000100011100001
18458,57491,56.111508,226,8,0000000000000000000100000000000000000000000000000000000000000000
42878,57475,56.111661,0BA,5,1100011000000000000000000000000010111110
34499,57493,56.112632,1C4,8,0000101111011111000111000000000000000000000000000000000011010011
7203,57497,56.115837,25,8,0000111101101001000000000000000101000000000100010000000011110111
27410,57498,56.11653,0AA,8,0001111100111110000111111111110100011111000001100001111111001101
13159,57499,56.116769,2C1,8,0000000000000011010000110000001100110110110000000001010100011111
1445,57501,56.118506,320,8,0000000000100000000000000000000000000000000000000000000001001011
16149,57502,56.118763,1C6,8,0000000000000000000000000000000101000000000101100000000000000000
42879,19171,56.119151,0BA,5,0010100100000000000000000000010000101000
10708,57503,56.119573,260,8,0000000000000000000000000000000000000000111111100010111010010110
31556,57505,56.12191,44D,8,0100001000000010000000000000000000000001000000000000000000000000
7204,57508,56.125863,25,8,0000111101101001000000000000000101010000000100010000000000000111
27411,57509,56.126495,0AA,8,0001111100111111000111111111111000011111000000100001111111001101
42880,38336,56.126641,0BA,5,0100111100000000000000000000000000101110
31042,57510,56.126732,24,8,0000000110101001000000100000001101000001110100111000000001101111
21398,57511,56.127495,0B4,8,0000000000000000000000000000000000011100000001010000100011100101
34500,57514,56.132634,1C4,8,0000101111111110000111000000000000000000000000000000000011110010
34924,57516,56.133215,3C3,8,0100011000011110100100110100111000000000000000000000000000000000
42881,38342,56.13413,0BA,5,1110000000100100001110000000000010110001
7205,57518,56.13584,25,8,0000111101101001000000000000000101000000000011100000000011110100
27412,57519,56.136523,0AA,8,0001111101000001000111111111111100011111000001010001111111001101
18459,57523,56.139503,226,8,0000000000000000000100000000000000000000000000000000000000000000
10709,57524,56.139748,260,8,0000000000000000000000000000000000000000111111011111011001011101
42882,57500,56.14162,0BA,5,1100011000000000000000000000000010111110
28147,57525,56.141914,6C0,8,1110010000000000000000001110000010000000000000000000000000000000
7206,57527,56.145856,25,8,0000111101101001000000000000000101000000000010110000000011110001
27413,57528,56.146489,0AA,8,0001111101000011000111111111111100011111000010000001111111001101
31043,57529,56.146726,24,8,0000000110101001000000100000010101000001110101011000000001110011
13160,57530,56.146959,2C1,8,0000000000000011001111000000001101001001110000000001000100100111
21399,57531,56.147488,0B4,8,0000000000000000000000000000000000011100000001010000111011101011
16150,57533,56.148659,1C6,8,0000000000000000000000000000000011011110000101100000000000000000
42883,19176,56.149109,0BA,5,0010100100000000000000000000011100101011
34501,57535,56.152635,1C4,8,0000110000011100000111000000000000000000000000000000000000010001
7207,57539,56.155828,25,8,0000111101101001000000000000000101000000000010010000000011101111
27414,57540,56.156514,0AA,8,0001111101000011001000000000000000011111000010100001111111010010
42884,38356,56.156599,0BA,5,0100111100000000000000000000000000101110
7709,57541,56.159124,611,8,0010000100000000000000000001000000000000000000000011110101101100
10710,57542,56.159539,260,8,0000000000000000000000000000000000000000111111011001110100000100
42885,38362,56.164088,0BA,5,1110000000100100001100000000000010101001
7208,57545,56.165826,25,8,0000111101101001000000000000000101010000000001110000000011111101
31044,57546,56.166501,24,8,0000000110101001000000100000011001000001110101111000000001110110
27415,57547,56.166734,0AA,8,0001111101000100001000000000010000011111000010100001111111010010
21400,57548,56.167484,0B4,8,0000000000000000000000000000000000011100000001010000111011101011
18460,57553,56.171494,226,8,0000000000000000000100000000000000000000000000000000000000000000
42886,57534,56.171578,0BA,5,1100011000000000000000000000000010111110
16340,57554,56.172057,4C1,8,0000000100000000000000010000000100000000000000000000000000000000
1446,57555,56.17249,320,8,0000000000100000000000000000000000000000000000000000000001001011
34502,57556,56.17273,1C4,8,0000110000110110000111000000000000000000000000000000000000101011
7209,57559,56.175823,25,8,0000111101101001000000000000000101000000000001100000000011101100
27416,57560,56.176512,0AA,8,0001111101000100001000000000010000011111000011000001111111010011
13161,57561,56.176752,2C1,8,0000000000000011001011000000001100111001110000000000111000000100
16151,57566,56.178699,1C6,8,0000000000000000000000000000000001010100000101100000000000000000
42887,19192,56.179067,0BA,5,0010100100000000000000000000010000101000
10711,57567,56.179508,260,8,0000000000000000000000000000000000000000111111010111000011010111
7210,57570,56.185846,25,8,0000111101101001000000000000000101000000000001010000000011101011
27417,57571,56.186477,0AA,8,0001111101000101001000000000010000011111000011110001111111010101
42888,38381,56.186557,0BA,5,0100111100000000000000000000000000101110
31045,57572,56.186716,24,8,0000000110101010000000100000011001000001110101111000000001110111
21401,57574,56.187485,0B4,8,0000000000000000000000000000000000100000000001010001001111110100
34503,57576,56.192624,1C4,8,0000110001100100000111000000000000000000000000000000000001011001
42889,38386,56.194046,0BA,5,1110000000100100001010000000000010100001
7211,57579,56.195818,25,8,0000111101101001000000000000000101000000000001010000000011101011
27418,57580,56.196507,0AA,8,0001111101000101001000000000010000011111000100000001111111010101
18461,57583,56.199486,226,8,0000000000000000000100000000000000000000000000000000000000000000
10712,57584,56.19973,260,8,0000000000000000000000000000000000000000111111010100010010101011
42890,57563,56.201536,0BA,5,1100011000000000000000000000000010111110
7212,57587,56.205844,25,8,0000111101101001000000000000000101010000000001000000000011111010
27419,57588,56.206475,0AA,8,0001111101001000001000000000010000011111000100010001111111010101
31046,57589,56.206714,24,8,0000000110101001000000100000010101000001110101011000000001110011
13162,57590,56.206954,2C1,8,0000000000000011000101100000001100101100110000000000110111100000
21402,57591,56.20748,0B4,8,0000000000000000000000000000000000100000000001010001001111110100
16152,57593,56.2087,1C6,8,0000000000000000000000001111111111010100000101100000000000000000
42891,19200,56.209026,0BA,5,0010100100000000000000000000011100101011
34504,57595,56.21261,1C4,8,0000110001110011000111000000000000000000000000000000000001101000
7213,57598,56.215817,25,8,0000111101101001000000000000000101010000000001000000000011111010
27420,57599,56.216501,0AA,8,0001111101001000001000000000101100011111000101000001111111010111
42892,38398,56.216515,0BA,5,0100111100000000000000000000000000101110
1447,57600,56.217481,320,8,0000000000100000000000000000000000000000000000000000000001001011
14203,57601,56.219074,442,8,0100001100000010000000000000000000000010000000000000000000000000
10713,57602,56.219466,260,8,0000000000000000000000000000000000000000111111010010110110010100
42893,38404,56.224005,0BA,5,1110000000100100000011000000000010000101
7214,57605,56.225811,25,8,0000111101101001000000000000000101000000000001000000000011101010
27421,57606,56.226496,0AA,8,0001111101001010001000000000011100011111000101000001111111011000
31047,57607,56.226734,24,8,0000000110101000000000100000010101000001110101111000000001110100
21403,57608,56.227478,0B4,8,0000000000000000000000000000000000100000000001010001001111110100
18462,57612,56.23148,226,8,0000000000000000000100000000000000000000000000000000000000000000
42894,57594,56.231494,0BA,5,1100011000000000000000000000000010111110
34505,57614,56.232679,1C4,8,0000110001111101000111000000000000000000000000000000000001110010
7215,57617,56.23581,25,8,0000111101101001000000000000000101010000000000110000000011111001
27422,57619,56.236494,0AA,8,0001111101001011001000000000011000011111000100010001111111010111
13163,57620,56.236733,2C1,8,0000000000000011000000110000001100000000110000000000110110100001
16153,57622,56.238907,1C6,8,0000000000000000000000001111111100010010000101110000000000000000
42895,19210,56.238984,0BA,5,0010100100000000000000000000010000101000
10714,57623,56.239504,260,8,0000000000000000000000000000000000000000111111010010110110010100
43827,56702,56.243532,3BB,5,0111000000000000000000001010001100000000
7216,57628,56.245834,25,8,0000111101101001000000000000000101000000000000110000000011101001
27423,57629,56.246462,0AA,8,0001111101001101001000000000011100011111000101010001111111011001
42896,38418,56.246473,0BA,5,0100111100000000000000000000000000101110
31048,57630,56.246703,24,8,0000000110101001000000100000011001000001110110001000000001110111
21404,57631,56.247468,0B4,8,0000000000000000000000000000000000100100000001010001001111111000
34506,57634,56.25261,1C4,8,0000110010001000000111000000000000000000000000000000000001111101
42897,38424,56.253963,0BA,5,1110000000100011111100000000000001101000
7217,57637,56.255806,25,8,0000111101101001000000000000000101010000000000110000000011111001
27424,57638,56.256485,0AA,8,0001111101001011001000000000111000011111000101110001111111011100
10715,57641,56.259345,260,8,0000000000000000000000000000000000000000111111010100010010101011
18463,57642,56.259591,226,8,0000000000000000000100000000000000000000000000000000000000000000
31306,57643,56.261049,4A6,8,0000000000000000000000000000000000000000000101100000000000000000
42898,57621,56.261452,0BA,5,1100011000000000000000000000000010111110
7218,57645,56.265829,25,8,0000111101101001000000000000000101000000000000110000000011101001
27425,57646,56.266454,0AA,8,0001111101001010001000000000111000011111000110010001111111010101
31049,57647,56.266696,24,8,0000000110101000000000100000011001000001110101111000000001110101
13164,57648,56.266932,2C1,8,0000000000000010111110010000001011001001110000000000110101011110
21405,57649,56.267462,0B4,8,0000000000000000000000000000000000100100000001010001100111111110
16154,57652,56.268821,1C6,8,0000000000000000000000001111110111001000000101110000000000000000
42899,19220,56.268942,0BA,5,0010100100000000000000000000011100101011
1448,57654,56.270468,320,8,0000000000100000000000000000000000000000000000000000000001001011
34507,57655,56.272602,1C4,8,0000110010100101000111000000000000000000000000000000000010011010
7219,57658,56.275801,25,8,0000111101101001000000000000000101000000000000100000000011101000
42900,38443,56.276431,0BA,5,0100111100000000000000000000000000101110
27426,57659,56.27648,0AA,8,0001111101001011001000000000111000011111000101100001111111011000
10716,57661,56.279359,260,8,0000000000000000000000000000000000000000111111010010001010001001
13503,57662,56.279505,394,3,0
42901,38447,56.283921,0BA,5,1110000000100011111100000000000001101000
7220,57665,56.285798,25,8,0000111101101001000000000000000101010000000000100000000011111000
31050,57666,56.286476,24,8,0000000110101000000000100000010101000001110100111000000001110000
27427,57667,56.28671,0AA,8,0001111101010001001000000000101100011111000110110001111111011111
21406,57668,56.287458,0B4,8,0000000000000000000000000000000000100100000001010001100111111110
7886,57672,56.291026,610,8,0010000000000000000011010110010011000000000000000011111101000000
42902,57653,56.29141,0BA,5,1100011000000000000000000000000010111110
18464,57673,56.291463,226,8,0000000000000000000100000000000000000000000000000000000000000000
34508,57674,56.292597,1C4,8,0000110010110010000111000000000000000000000000000000000010100111
7221,57677,56.295793,25,8,0000111101101001000000000000000101010000000000100000000011111000
27428,57678,56.296481,0AA,8,0001111101010000001000000000101100011111000111100001111111011001
13165,57679,56.296716,2C1,8,0000000000000010111010010000001010101100110000000000110100110001
16155,57681,56.298584,1C6,8,0000000000000000000000001111110010010111000101110000000000000000
42903,19230,56.2989,0BA,5,0010100100000000000000000000010000101000
10717,57682,56.299301,260,8,0000000000000000000000000000000000000000111111010000101101110010
7222,57686,56.305819,25,8,0000111101101001000000000000000101000000000000100000000011101000
42904,38459,56.30639,0BA,5,0100111100000000000000000000000000101110
27429,57687,56.306448,0AA,8,0001111101001101001000000000111000011111000111100001111111011000
31051,57688,56.306687,24,8,0000000110101001000000100000010101000001110100011000000001101111
21407,57691,56.307454,0B4,8,0000000000000000000000000000000000101000000001010001111100001000
16570,57693,56.312161,3F9,8,0111010100011000000000100000001010000000000000000000000000010101
34509,57694,56.312591,1C4,8,0000110010111100000111000000000000000000000000000000000010110001
42905,38466,56.313879,0BA,5,1110000000100011111000000000000001011000
7223,57697,56.316819,25,8,0000111101101001000000000000000101010000000000100000000011111000
21778,57698,56.31719,443,8,0100110100000010000000000010111100000110000000000000000000000000
27430,57699,56.317446,0AA,8,0001111101001111001000000000111100011111000111000001111111011100
10718,57702,56.319155,260,8,0000000000000000000000000000000000000000111111010000000001100111
18465,57704,56.320473,226,8,0000000000000000000100000000000000000000000000000000000000000000
42906,57680,56.321369,0BA,5,1100011000000000000000000000000010111110
1449,57705,56.321455,320,8,0000000000100000000000000000000000000000000000000000000001001011
35380,56360,56.325126,386,7,01010100000000000000000000000000000000000000000000000000
7224,57707,56.325785,25,8,0000111101101001000000000000000101010000000000100000000011111000
31052,57708,56.326471,24,8,0000000110101001000000100000010101000001110100111000000001110001
27431,57709,56.32671,0AA,8,0001111101010000001000000001000000011111001000000001111111100000
13166,57710,56.32695,2C1,8,0000000000000010111000000000001010001001110000000000110100000101
21408,57711,56.327449,0B4,8,0000000000000000000000000000000000101000000001010001111100001000
16156,57713,56.328632,1C6,8,0000000000000000000000001111101101111100000101110000000000000000
42907,19236,56.328858,0BA,5,0010100100000000000000000000011100101011
13948,57715,56.330007,622,8,0001001000000000000000000000000000000000000000000000000000000000
34510,57717,56.332584,1C4,8,0000110011000111000111000000000000000000000000000000000010111100
7225,57721,56.335781,25,8,0000111101101001000000000000000101000000000000100000000011101000
42908,38481,56.336348,0BA,5,0100111100000000000000000000000000101110
27432,57722,56.336466,0AA,8,0001111101010010001000000001000000011111001000110001111111011010
10719,57723,56.339122,260,8,0000000000000000000000000000000000000000111111001110101001010000
42909,38485,56.343837,0BA,5,1110000000100011110101000000000001001100
35273,7135,56.345427,3D3,3,011011000000001000000000
7226,57726,56.345809,25,8,0000111101101001000000000000000101010000000000100000000011111000
27433,57727,56.346437,0AA,8,0001111101010010001000000001001100011111001000110001111111011110
31053,57728,56.346678,24,8,0000000110101010000000100000010101000001110100011000000001110000
21409,57729,56.347446,0B4,8,0000000000000000000000000000000000101100000001010001111100001100
42910,57714,56.351327,0BA,5,1100011000000000000000000000000010111110
18466,57734,56.351447,226,8,0000000000000000000100000000000000000000000000000000000000000000
34511,57735,56.352584,1C4,8,0000110011011011000111000000000000000000000000000000000011010000
43626,57018,56.355778,423,2,1000100000000
7227,57738,56.355788,25,8,0000111101101001000000000000000101000000000000010000000011100111
27434,57739,56.356462,0AA,8,0001111101010100001000000001001100011111001000010001111111100010
13167,57740,56.356705,2C1,8,0000000000000010110011000000001010000011110000000000110111101011
248,57742,56.358455,3B7,8,1000
16157,57743,56.358749,1C6,8,0000000000000000000000001111101000110010000101110000000000000000
42911,19252,56.358816,0BA,5,0010100100000000000000000000010000101000
10720,57744,56.359112,260,8,0000000000000000000000000000000000000000111111001011110100100011
11151,57745,56.359987,620,8,0001000000000000000000000000000000000000000000000000000000000000
7228,57748,56.365776,25,8,0000111101101001000000000000000101000000000000010000000011100111
42912,38501,56.366306,0BA,5,0100111100000000000000000000000000101110
31054,57749,56.36646,24,8,0000000110101001000000100000001101000001110100001000000001101100
27435,57750,56.366693,0AA,8,0001111101010100001000000001001100011111001000010001111111100010
21410,57752,56.367445,0B4,8,0000000000000000000000000000000000101100000001010001111100001100
1450,57754,56.369445,320,8,0000000000100000000000000000000000000000000000000000000001001011
34512,57757,56.372577,1C4,8,0000110011100101000111000000000000000000000000000000000011011010
42913,38505,56.373795,0BA,5,1110000000100011101101000000000000101100
7229,57760,56.376804,25,8,0000111101101001000000000000000101000000000000010000000011100111
27436,57761,56.377429,0AA,8,0001111101010100001000000000111000011111001001110001111111100100
10721,57763,56.379053,260,8,0000000000000000000000000000000000000000111111001011110100100011
18467,57765,56.380442,226,8,0000000000000000000100000000000000000000000000000000000000000000
42914,57741,56.381285,0BA,5,1100011000000000000000000000000010111110
7230,57769,56.385798,25,8,0000111101101001000000000000000101000000000000010000000011100111
27437,57770,56.38643,0AA,8,0001111101010111001000000001000000011111001010010001111111100100
31055,57771,56.386666,24,8,0000000110101001000000100000001101000001110011101000000001101010
13168,57772,56.386902,2C1,8,0000000000000010110001100000001001110011110000000000110011010100
31686,57773,56.387189,389,8,0000000000100000000000000000000000000000000000000000000000000000
21411,57774,56.387435,0B4,8,0000000000000000000000000000000000101100000001010001111100001100
16158,57776,56.38862,1C6,8,0000000000000000000000001111100100000001000110000000000000000000
42915,19259,56.388775,0BA,5,0010100100000000000000000000011100101011
34513,57778,56.39258,1C4,8,0000110011101111000111000000000000000000000000000000000011100100
7231,57781,56.39577,25,8,0000111101101001000000000000000101000000000000010000000011100111
42916,38519,56.396264,0BA,5,0100111100000000000000000000000000101110
27438,57782,56.39646,0AA,8,0001111101011000001000000001010000011111001001110001111111100101
10722,57783,56.399017,260,8,0000000000000000000000000000000000000000111111001011001000011000
42917,38525,56.403754,0BA,5,1110000000100011101100000000000000101000
7232,57787,56.405774,25,8,0000111101101001000000000000000101000000000000010000000011100111
27439,57788,56.406452,0AA,8,0001111101011000001000000001010100011111001010000001111111101000
31056,57789,56.40669,24,8,0000000110101001000000100000001101000001110100001000000001101100
21412,57790,56.407428,0B4,8,0000000000000000000000000000000000110000000001010010010000010101
42918,57777,56.411243,0BA,5,1100011000000000000000000000000010111110
18468,57794,56.411434,226,8,0000000000000000000100000000000000000000000000000000000000000000
34514,57796,56.412575,1C4,8,0000110100000001000111000000000000000000000000000000000011110111
7233,57799,56.415764,25,8,0000111101101001000000000000000101010000000000010000000011110111
27440,57801,56.416445,0AA,8,0001111101010111001000000001001100011111001010100001111111101110
13169,57802,56.416682,2C1,8,0000000000000010101011000000001001010000110000000000100110010100
1451,57804,56.418432,320,8,0000000000100000000000000000000000000000000000000000000001001011
16159,57805,56.418695,1C6,8,0000000000000000000000001111011111100110000110000000000000000000
42919,19269,56.418733,0BA,5,0010100100000000000000000000010000101000
10723,57806,56.419072,260,8,0000000000000000000000000000000000000000111111001010011100001101
31557,57807,56.421356,44D,8,0100001000000010000000000000000000000001000000000000000000000000
13693,57809,56.425252,4B7,8,1110001011011111001000001111000000000000110010100000000100001000
7234,57811,56.425829,25,8,0000111101101001000000000000000101010000000000010000000011110111
42920,38542,56.426222,0BA,5,0100111100000000000000000000000000101110
27441,57812,56.426417,0AA,8,0001111101011010001000000001001100011111001011000001111111101100
31057,57813,56.426653,24,8,0000000110101001000000100000010101000001110011101000000001101100
21413,57814,56.427423,0B4,8,0000000000000000000000000000000000110000000001010010010000010101
34515,57818,56.432608,1C4,8,0000110100001100000111000000000000000000000000000000000000000010
42921,38547,56.433712,0BA,5,1110000000100011101100000000000000101000
7235,57823,56.436802,25,8,0000111101101001000000000000000101000000000000010000000011100111
27442,57824,56.437413,0AA,8,0001111101011100001000000001011000011111001011100001111111101001
10724,57826,56.439037,260,8,0000000000000000000000000000000000000000111111001011001000011000
18469,57828,56.440429,226,8,0000000000000000000100000000000000000000000000000000000000000000
42922,57803,56.441201,0BA,5,1100011000000000000000000000000010111110
7236,57830,56.445755,25,8,0000111101101001000000000000000101000000000000010000000011100111
28148,57831,56.446286,6C0,8,1110010000000000000000001110000010000000000000000000000000000000
31058,57832,56.446524,24,8,0000000110101001000000100000010101000001110100001000000001101110
27443,57833,56.446756,0AA,8,0001111101011100001000000001100100011111001100110001111111110000
13170,57834,56.446995,2C1,8,0000000000000010100101100000001000100000110000000000011001001011
317,57835,56.447249,38F,8,0000000100000000000000000000000000000000000000000000000000000000
21414,57836,56.447484,0B4,8,0000000000000000000000000000000000110000000001010010010000010101
16160,57838,56.448586,1C6,8,0000000000000000000000001111011011100110000110000000000000000000
42923,19279,56.448691,0BA,5,0010100100000000000000000000011100101011
34516,57841,56.452565,1C4,8,0000110100010101000111000000000000000000000000000000000000001011
7237,57844,56.455755,25,8,0000111101101001000000000000000101000000000000010000000011100111
42924,38564,56.45618,0BA,5,0100111100000000000000000000000000101110
27444,57845,56.456441,0AA,8,0001111101011110001000000001111000011111001100010001111111110000
10725,57846,56.458969,260,8,0000000000000000000000000000000000000000111111001010011100001101
42925,38568,56.46367,0BA,5,1110000000100011101100000000000000101000
7238,57849,56.465749,25,8,0000111101101001000000000000000101000000000000010000000011100111
31059,57850,56.466435,24,8,0000000110101001000000100000010101000001110100011000000001101111
27445,57851,56.466674,0AA,8,0001111101011111001000000001111100011111001011000001111111101100
21415,57852,56.467414,0B4,8,0000000000000000000000000000000000110100000001010010010000011001
42926,57840,56.47116,0BA,5,1100011000000000000000000000000010111110
18470,57856,56.471418,226,8,0000000000000000000100000000000000000000000000000000000000000000
1452,57857,56.472418,320,8,0000000000100000000000000000000000000000000000000000000001001011
34517,57858,56.472659,1C4,8,0000110100011111000111000000000000000000000000000000000000010101
7239,57861,56.475749,25,8,0000111101101001000000000000000101000000000000010000000011100111
27446,57862,56.476436,0AA,8,0001111101100000001000000010000100011111001100110001111111101111
13171,57863,56.476671,2C1,8,0000000000000010011110010000001010010110110000000000010110100011
34750,57865,56.477598,380,8,0
16161,57868,56.47862,1C6,8,0000000000000000000000001111010111111100000110010000000000000000
42927,19290,56.478649,0BA,5,0010100100000000000000000000010000101000
10726,57869,56.478995,260,8,0000000000000000000000000000000000000000111111001001110000000010
34808,57870,56.480552,4DF,8,0010000000000000000000000000000100000000000000000000000000000000
7240,57874,56.485775,25,8,0000111101101001000000000000000101000000000000010000000011100111
42928,38583,56.486139,0BA,5,0100111100000000000000000000000000101110
27447,57875,56.486403,0AA,8,0001111101100011001000000010010000011111001101010001111111110011
31060,57876,56.486639,24,8,0000000110101000000000100000010101000001110100001000000001101101
21416,57877,56.487408,0B4,8,0000000000000000000000000000000000110100000001010010101000011111
34518,57879,56.49256,1C4,8,0000110100110001000111000000000000000000000000000000000000100111
42929,38589,56.493628,0BA,5,1110000000100011011101000000000011101100
7241,57882,56.495748,25,8,0000111101101001000000000000000101000000000000010000000011100111
27448,57883,56.49643,0AA,8,0001111101100000001000000010010000011111001100100001111111110000
10727,57887,56.498982,260,8,0000000000000000000000000000000000000000111111001001110000000010
18471,57888,56.499415,226,8,0000000000000000000100000000000000000000000000000000000000000000
42930,57864,56.501118,0BA,5,1100011000000000000000000000000010111110
7242,57892,56.505772,25,8,0000111101101001000000000000000101000000000000010000000011100111
27449,57893,56.506398,0AA,8,0001111101100000001000000010001100011111001100010001111111110101
31061,57894,56.506637,24,8,0000000110101000000000100000010101000001110011101000000001101011
13172,57895,56.506874,2C1,8,0000000000000010010101100000001001001100110000000000010100110110
21417,57896,56.507405,0B4,8,0000000000000000000000000000000000111000000001010011000000101001
16162,57898,56.508573,1C6,8,0000000000000000000000001111010100100011000110010000000000000000
42931,19296,56.508607,0BA,5,0010100100000000000000000000011100101011
34519,57900,56.512558,1C4,8,0000110100111000000111000000000000000000000000000000000000101110
42932,38605,56.516097,0BA,5,0100111100000000000000000000000000101110
7243,57904,56.516766,25,8,0000111101101001000000000000000101000000000000010000000011100111
27450,57905,56.517397,0AA,8,0001111101100000001000000010001000011111001101010001111111110110
1453,57906,56.518412,320,8,0000000000100000000000000000000000000000000000000000000001001011
14204,57907,56.518854,442,8,0100001100000010000000000000000000000010000000000000000000000000
10728,57908,56.519098,260,8,0000000000000000000000000000000000000000111111001001110000000010
42933,38608,56.523586,0BA,5,1110000000100011011011000000000011100100
7244,57910,56.525737,25,8,0000111101101001000000000000000101010000000000010000000011110111
31062,57911,56.526423,24,8,0000000110101000000000100000010101000001110011101000000001101011
27451,57912,56.526664,0AA,8,0001111101100000001000000010000000011111001101000001111111110101
21418,57913,56.527398,0B4,8,0000000000000000000000000000000000111000000001010011000000101001
42934,57899,56.531076,0BA,5,1100011000000000000000000000000010111110
18472,57918,56.531405,226,8,0000000000000000000100000000000000000000000000000000000000000000
34520,57920,56.532604,1C4,8,0000110101000001000111000000000000000000000000000000000000110111
7245,57923,56.535735,25,8,0000111101101001000000000000000101010000000000010000000011110111
27452,57924,56.536423,0AA,8,0001111101100100001000000010010000011111001100100001111111110101
13173,57925,56.536661,2C1,8,0000000000000010001110010000001000111001110000000000010100000110
16163,57927,56.538538,1C6,8,0000000000000000000000001111010001101000000110010000000000000000
42935,19309,56.538565,0BA,5,0010100100000000000000000000010000101000
10729,57928,56.538853,260,8,0000000000000000000000000000000000000000111111001001000111110111
43828,1939,56.541116,3BB,5,1011101100000000000000000000000000100110
7246,57931,56.54576,25,8,0000111101101001000000000000000101000000000000010000000011100111
42936,38625,56.546055,0BA,5,0100111100000000000000000000000000101110
27453,57932,56.546386,0AA,8,0001111101100101001000000010010100011111001101000001111111110111
31063,57933,56.546626,24,8,0000000110100111000000100000001101000001110100001000000001101010
21419,57935,56.547392,0B4,8,0000000000000000000000000000000000111000000001010011000000101001
34521,57937,56.552556,1C4,8,0000110101010011000111000000000000000000000000000000000001001001
42937,38630,56.553545,0BA,5,1110000000100011011011000000000011100100
7247,57940,56.555731,25,8,0000111101101001000000000000000101000000000000010000000011100111
27454,57941,56.556413,0AA,8,0001111101100101001000000010100100011111001110010001111111110111
10730,57944,56.558674,260,8,0000000000000000000000000000000000000000111111000111101011100000
18473,57945,56.559399,226,8,0000000000000000000100000000000000000000000000000000000000000000
42938,57926,56.561034,0BA,5,1100011000000000000000000000000010111110
16571,57946,56.562948,3F9,8,0111010100011000000000100000001010000000000000000000000000010101
7248,57950,56.565728,25,8,0000111101101001000000000000000101000000000000010000000011100111
31064,57952,56.566413,24,8,0000000110100111000000100000001101000001110100001000000001101010
27455,57953,56.566647,0AA,8,0001111101100101001000000010101100011111001101110001111111110110
13174,57954,56.566882,2C1,8,0000000000000010000110010000000111110110110000000000010110100010
21420,57955,56.567389,0B4,8,0000000000000000000000000000000000111100000001010011000000101101
42939,19318,56.568524,0BA,5,0010100100000000000000000000011100101011
16164,57957,56.568608,1C6,8,0000000000000000000000001111001111011000000110010000000000000000
1454,57959,56.570394,320,8,0000000000100000000000000000000000000000000000000000000001001011
14272,57960,56.571391,60.0,8,1010000100000000000000000000000000000000011100000000000000000000
34522,57961,56.572546,1C4,8,0000110101011000000111000000000000000000000000000000000001001110
42940,38644,56.576013,0BA,5,0100111100000000000000000000000000101110
7249,57964,56.576752,25,8,0000111101101001000000000000000101000000000000010000000011100111
27456,57965,56.577385,0AA,8,0001111101101001001000000011000100011111001101100001111111111000
10731,57967,56.578647,260,8,0000000000000000000000000000000000000000111111000110111111010101
13504,57968,56.578798,394,3,0
42941,38651,56.583503,0BA,5,1110000000100011011011000000000011100100
7250,57971,56.585721,25,8,0000111101101001000000000000000101000000000000010000000011100111
31065,57972,56.586409,24,8,0000000110100111000000100000010101000001110011101000000001101010
27457,57973,56.586643,0AA,8,0001111101101010001000000010110100011111001110010001111111111010
21421,57974,56.587382,0B4,8,0000000000000000000000000000000000111100000001010011010100110010
42942,57958,56.590992,0BA,5,1100011000000000000000000000000010111110
18474,57978,56.59139,226,8,0000000000000000000100000000000000000000000000000000000000000000
7769,57979,56.592149,435,8,1000000000000101000001011111111111100000001111110000000000000011
34523,57980,56.592546,1C4,8,0000110101011100000111000000000000000000000000000000000001010010
7251,57983,56.595718,25,8,0000111101101001000000000000000101010000000000010000000011110111
27458,57985,56.596409,0AA,8,0001111101101000001000000010100100011111001110110001111111111000
13175,57986,56.596649,2C1,8,0000000000000010000000000000000111010011110000000000010001100101
42943,19330,56.598482,0BA,5,0010100100000000000000000000010000101000
16165,57988,56.598523,1C6,8,0000000000000000000000001111001101010011000110100000000000000000
10732,57989,56.59878,260,8,0000000000000000000000000000000000000000111111000101100010111110
10959,57990,56.599154,436,8,0
35274,57785,56.605084,3D3,3,111001010000001111000010
7252,57993,56.605746,25,8,0000111101101001000000000000000101000000000000000000000011100110
42944,38665,56.605971,0BA,5,0100111100000000000000000000000000101110
27459,57994,56.606377,0AA,8,0001111101101000001000000010110000011111001110010001111111111111
31066,57995,56.606633,24,8,0000000110100110000000100000001101000001110011101000000001100111
21422,57996,56.607379,0B4,8,0000000000000000000000000000000000111100000001010011101100111000
34524,57998,56.612573,1C4,8,0000110101100000000111000000000000000000000000000000000001010110
42945,38670,56.613461,0BA,5,1110000000100011011011000000000011100100
7253,58002,56.615719,25,8,0000111101101001000000000000000101000000000000000000000011100110
27460,58003,56.616397,0AA,8,0001111101101001001000000011000100011111001110100010000000000001
21779,58004,56.617134,443,8,0100110100000010000000000010111100000110000000000000000000000000
10733,58007,56.618591,260,8,0000000000000000000000000000000000000000111111000101100010111110
18475,58008,56.619382,226,8,0000000000000001000100000000000000000000000000000000000000000000
1455,58009,56.620382,320,8,0000000000100000000000000000000000000000000000000000000001001011
42946,57987,56.62095,0BA,5,1100011000000000000000000000000010111110
7254,58011,56.62574,25,8,0000111101101001000000000000000101000000000000000000000011100110
27461,58012,56.626368,0AA,8,0001111101101010001000000011010100011111001111100010000000000000
31067,58013,56.626606,24,8,0000000110100111000000100000001101000001110100001000000001101010
13176,58014,56.626843,2C1,8,0000000000000001111010010000000110010000110000000000010000001010
13825,58015,56.627143,434,8,0100001000000000000000000000000000000000000000000000000000000000
21423,58016,56.627388,0B4,8,0000000000000000000000000000000001000000000001010011101100111100
42947,19342,56.62844,0BA,5,0010100100000000000000000000011100101011
16166,58018,56.628544,1C6,8,0000000000000000000000001111001011011000000110100000000000000000
34525,58024,56.632534,1C4,8,0000110101011110000111000000000000000000000000000000000001010100
34925,58026,56.632934,3C3,8,0100011000011110100100110100111000000000000000000000000000000000
28216,58027,56.634147,437,8,1111110011111111111111111111111111111111111111111111111111111111
7255,58029,56.635715,25,8,0000111101101001000000000000000101000000000000000000000011100110
42948,38688,56.63593,0BA,5,0100111100000000000000000000000000101110
27462,58030,56.636399,0AA,8,0001111101101101001000000011100000011111001111100010000000000001
10734,58031,56.638554,260,8,0000000000000000000000000000000000000000111111000110010011001010
42949,38693,56.643419,0BA,5,1110000000100011011011000000000011100100
7256,58034,56.645922,25,8,0000111101101001000000000000000101010000000000000000000011110110
27463,58035,56.646395,0AA,8,0001111101110010001000000011011000011111001111100010000000000110
31068,58036,56.646632,24,8,0000000110100111000000100000010101000001110100001000000001101100
21424,58037,56.647376,0B4,8,0000000000000000000000000000000001000000000001010011101100111100
42950,58021,56.650909,0BA,5,1100011000000000000000000000000010111110
18476,58041,56.651376,226,8,0000000000000000000100000000000000000000000000000000000000000000
34526,58042,56.652529,1C4,8,0000110101011011000111000000000000000000000000000000000001010001
7257,58045,56.65571,25,8,0000111101101001000000000000000101010000000000000000000011110110
27464,58046,56.656389,0AA,8,0001111101110011001000000011101000011111010000000010000000000100
13177,58047,56.656629,2C1,8,0000000000000001110011000000000101100000110000000000001110111100
249,58050,56.658382,3B7,8,1000
42951,19354,56.658398,0BA,5,0010100100000000000000000000010000101000
16167,58051,56.658623,1C6,8,0000000000000000100000001111001010011101000110100000000000000000
10735,58052,56.658859,260,8,0000000000000000000000000000000000000000111111000100110110110011
11152,58053,56.65977,620,8,0001000000000000000000000000000000000000000000000000000000000000
7258,58058,56.665761,25,8,0000111101101001000000000000000101000000000000000000000011100110
42952,38706,56.665888,0BA,5,0100111100000000000000000000000000101110
27465,58059,56.666356,0AA,8,0001111101110100001000000011001100011111010000110010000000001001
31069,58060,56.666593,24,8,0000000110100111000000100000011001000001110011101000000001101011
21425,58061,56.667365,0B4,8,0000000000000000000000000000000001000100000001010100000001000101
1456,58063,56.669373,320,8,0000000000100000000000000000000000000000000000000000000001001011
34527,58064,56.672523,1C4,8,0000110101010001000111000000000000000000000000000000000001000111
42953,38712,56.673377,0BA,5,1110000000100011011011000000000011100100
7259,58067,56.675705,25,8,0000111101101001000000000000000101000000000000000000000011100110
27466,58068,56.676385,0AA,8,0001111101110101001000000011010000011111010001010010000000000111
10736,58072,56.678565,260,8,0000000000000000000000000000000000000000111111000100001010101000
18477,58073,56.679368,226,8,0000000000000000000100000000000000000000000000000000000000000000
42954,58048,56.680867,0BA,5,1100011000000000000000000000000010111110
7260,58076,56.685754,25,8,0000111101101001000000000000000101000000000000000000000011100110
27467,58077,56.686352,0AA,8,0001111101110111001000000011100100011111010001000010000000000100
31070,58078,56.686589,24,8,0000000110100111000000100000010101000001110011101000000001101010
13178,58079,56.686825,2C1,8,0000000000000001101010010000000100110000110000000000001001101000
21426,58080,56.687359,0B4,8,0000000000000000000000000000000001000100000001010100000001000101
42955,19359,56.688356,0BA,5,0010100100000000000000000000011100101011
16168,58082,56.688543,1C6,8,0000000000000000100000001111001001100110000110100000000000000000
43627,3784,56.69123,423,2,11100000000
34528,58084,56.692522,1C4,8,0000110101001001000111000000000000000000000000000000000000111111
7261,58089,56.695698,25,8,0000111101101001000000000000000101010000000000000000000011110110
42956,38726,56.695846,0BA,5,0100111100000000000000000000000000101110
27468,58091,56.696381,0AA,8,0001111101110111001000000011101000011111010000110010000000000101
10737,58092,56.698593,260,8,0000000000000000000000000000000000000000111111000100001010101000
42957,38732,56.703335,0BA,5,1110000000100011011011000000000011100100
7262,58094,56.705751,25,8,0000111101101001000000000000000101000000000000000000000011100110
27469,58095,56.706349,0AA,8,0001111101111010001000000011101100011111010010000010000000001001
31071,58096,56.706585,24,8,0000000110100111000000100000001101000001110100001000000001101010
21427,58097,56.707356,0B4,8,0000000000000000000000000000000001000100000001010100000001000101
42958,58083,56.710825,0BA,5,1100011000000000000000000000000010111110
18478,58102,56.711361,226,8,0000000000000000000100000000000000000000000000000000000000000000
34529,58103,56.712521,1C4,8,0000110101000001000111000000000000000000000000000000000000110111
13179,58106,56.716572,2C1,8,0000100000000001100000000000000011111100110000000000000000010000
7263,58107,56.716814,25,8,0000111101101001000000000000000101000000000000000000000011100110
27470,58108,56.71735,0AA,8,0001111101111101001000000011101000011111010001010010000000000100
42959,19373,56.718314,0BA,5,0010100100000000000000000000010000101000
16169,58110,56.718526,1C6,8,0000000000000000100000001111001000110011000110110000000000000000
10738,58111,56.718764,260,8,0000000000000000000000000000000000000000111111000011011110011101
1457,58112,56.719355,320,8,0000000000100000000000000000000000000000000000000000000001001011
31558,58113,56.720747,44D,8,0100001000000010000000000000000000000001000000000000000000000000
7264,58116,56.725688,25,8,0000111101101001000000000000000101000000000000000000000011100110
42960,38748,56.725804,0BA,5,0100111100000000000000000000000000101110
27471,58117,56.726374,0AA,8,0001111101111110001000000011110100011111010001100010000000000110
31072,58118,56.72662,24,8,0000000110100111000000100000010101000001110100001000000001101100
21428,58120,56.727456,0B4,8,0000000000000000000000000000000001001000000001010100011001001111
34530,58123,56.732592,1C4,8,0000110100101100000111000000000000000000000000000000000000100010
42961,38753,56.733294,0BA,5,1110000000100011010111000000000011010100
7265,58126,56.735688,25,8,0000111101101001000000000000000101000000000000000000000011100110
27472,58127,56.736373,0AA,8,0001111101111110001000000011111000011111010010110010000000001011
14014,58128,56.737125,38E,8,0
10739,58131,56.738537,260,8,0000000000000000000000000000000000000000111111000011011110011101
18479,58132,56.739357,226,8,0000000000000000000100000000000000000000000000000000000000000000
28149,58133,56.740747,6C0,8,1110010000000000000000001110000010000000000000000000000000000000
42962,58109,56.740783,0BA,5,1100011000000000000000000000000010111110
7266,58136,56.745741,25,8,0000111101101001000000000000000101000000000000000000000011100110
27473,58137,56.746337,0AA,8,0001111101111111001000000011111100011111010010100010000000001010
31073,58138,56.746575,24,8,0000000110100111000000100000010101000001110100001000000001101100
13180,58139,56.746812,2C1,8,0000100000000001001101100000000011010011110000000000000010011101
21429,58140,56.747341,0B4,8,0000000000000000000000000000000001001000000001010100011001001111
42963,19383,56.748273,0BA,5,0010100100000000000000000000011100101011
16170,58142,56.748511,1C6,8,0000000000000000100000001111001000101001000110110000000000000000
34531,58144,56.752515,1C4,8,0000110100011111000111000000000000000000000000000000000000010101
7267,58147,56.755682,25,8,0000111101101001000000000000000101000000000000000000000011100110
42964,38766,56.755762,0BA,5,0100111100000000000000000000000000101110
27474,58148,56.756368,0AA,8,0001111110000001001000000011111100011111010010100010000000001011
10740,58150,56.758405,260,8,0000000000000000000000000000000000000000111111000010110010010010
42965,38774,56.763252,0BA,5,1110000000100011010111000000000011010100
7268,58154,56.765678,25,8,0000111101101001000000000000000101000000000000000000000011100110
27475,58155,56.766365,0AA,8,0001111110000011001000000011111100011111010010010010000000010000
31074,58156,56.766604,24,8,0000000110100111000000100000010101000001110100001000000001101100
21430,58157,56.767336,0B4,8,0000000000000000000000000000000001001100000001010100110001011001
42966,58143,56.770741,0BA,5,1100011000000000000000000000000010111110
18480,58161,56.771345,226,8,0000000000000000000100000000000000000000000000000000000000000000
1458,58162,56.77234,320,8,0000000000100000000000000000000000000000000000000000000001001011
34532,58163,56.77258,1C4,8,0000110100010001000111000000000000000000000000000000000000000111
7269,58166,56.775708,25,8,0000111101101001000000000000000101000000000000000000000011100110
27476,58167,56.776359,0AA,8,0001111110000010001000000100001000011111010010110010000000010011
13181,58169,56.776789,2C1,8,0000100000000000111111000000000010100110110000000000000000110101
42967,19393,56.778231,0BA,5,0010100100000000000000000000010000101000
10741,58172,56.778563,260,8,0000000000000000000000000000000000000000111111000000101001110000
16171,58173,56.778786,1C6,8,0000000000000000100000001111001000110010000110110000000000000000
34993,58174,56.779341,4C3,8,0000001100000000000000000000000100000000000000000000000000000000
42968,38791,56.78572,0BA,5,0100111100000000000000000000000000101110
7270,58177,56.785731,25,8,0000111101101001000000000000000101000000000000000000000011100110
27477,58178,56.786325,0AA,8,0001111110000100001000000100010100011111010010100010000000001100
31075,58179,56.786565,24,8,0000000110100111000000100000001101000001110011101000000001101000
21431,58180,56.787334,0B4,8,0000000000000000000000000000000001001100000001010100110001011001
7887,58182,56.791664,610,8,0010000000000000000011100110010011000000000000000011111101000000
34533,58183,56.792503,1C4,8,0000110011110010000111000000000000000000000000000000000011100111
42969,38795,56.79321,0BA,5,1110000000100011010111000000000011010100
7271,58187,56.795701,25,8,0000111101101001000000000000000101000000000000000000000011100110
27478,58188,56.796359,0AA,8,0001111101111110001000000100011100011111010010100010000000010000
13759,58190,56.798133,3A5,8,100000000
10742,58192,56.798597,260,8,0000000000000000000000000000000000000000111111000000101001110000
18481,58193,56.799341,226,8,0000000000000000000100000000000000000000000000000000000000000000
42970,58170,56.800699,0BA,5,1100011000000000000000000000000010111110
31367,58194,56.803657,640,8,1010100000000000000000000011011100000001111000000000000000000000
7272,58196,56.805725,25,8,0000111101101001000000000000000101000000000000000000000011100110
27479,58197,56.806322,0AA,8,0001111110000011001000000100001100011111010011100010000000010100
31076,58198,56.806561,24,8,0000000110100110000000100000001101000001110011101000000001100111
13182,58199,56.806798,2C1,8,0000100000000000110001100000000001110011110000000000000011001100
21432,58200,56.807327,0B4,8,0000000000000000000000000000000001001100000001010101000101011110
42971,19404,56.808189,0BA,5,0010100100000000000000000000011100101011
16172,58202,56.808514,1C6,8,0000000000000000100000001111001000111011000110110100000000000000
16572,58205,56.812237,3F9,8,0111010100011000000000100000001010000000000000000000000000010101
34534,58206,56.812492,1C4,8,0000110011100010000111000000000000000000000000000000000011010111
42972,38810,56.815679,0BA,5,0100111100000000000000000000000000101110
7273,58209,56.815695,25,8,0000111101101001000000000000000101010000000000000000000011110110
27480,58210,56.816347,0AA,8,0001111110000110001000000100001000011111010011110010000000010101
1459,58211,56.817332,320,8,0000000000100000000000000000000000000000000000000000000001001011
10743,58212,56.818189,260,8,0000000000000000000000000000000000000000111110111101111001000011
14205,58213,56.818638,442,8,0100001100000010000000000000000000000010000000000000000000000000
42973,38814,56.823168,0BA,5,1110000000100011011000000000000011011000
7274,58217,56.82575,25,8,0000111101101001000000000000000101010000000000000000000011110110
27481,58219,56.826349,0AA,8,0001111110001000001000000100010000011111010011110010000000010110
31077,58220,56.826587,24,8,0000000110100110000000100000001101000001110011101000000001100111
35053,58221,56.827102,413,8,0000000100000001000000010000100100000000000000000000000000000000
21433,58222,56.827343,0B4,8,0000000000000000000000000000000001010000000001010101000101100010
42974,58204,56.830658,0BA,5,1100011000000000000000000000000010111110
18482,58226,56.831329,226,8,0000000000000000000100000000000000000000000000000000000000000000
34535,58228,56.832528,1C4,8,0000110011010000000111000000000000000000000000000000000011000101
7275,58232,56.835692,25,8,0000111101101001000000000000000101000000000000000000000011100110
27482,58233,56.836351,0AA,8,0001111110000110001000000100100100011111010100000010000000011000
13183,58234,56.836594,2C1,8,0000100000000000100001100000000001100011110000000000000001111100
42975,19416,56.838147,0BA,5,0010100100000000000000000000010000101000
10744,58236,56.838187,260,8,0000000000000000000000000000000000000000111110111100011100101100
16173,58237,56.838484,1C6,8,0000000000000000100000001111001001010111000111000100000000000000
43829,3883,56.838701,3BB,5,1010010100000000000000000000000000000000
42976,38827,56.845637,0BA,5,0100111100000000000000000000000000101110
7276,58241,56.845715,25,8,0000111101101001000000000000000101000000000000000000000011100110
27483,58242,56.846311,0AA,8,0001111110000111001000000100101000011111010100100010000000011011
31078,58243,56.846548,24,8,0000000110100110000000100000010101000001110011101000000001101001
21434,58244,56.847315,0B4,8,0000000000000000000000000000000001010000000001010101000101100010
34536,58246,56.852489,1C4,8,0000110010111101000111000000000000000000000000000000000010110010
42977,38834,56.853126,0BA,5,1110000000100011011010000000000011100000
7277,58249,56.855686,25,8,0000111101101001000000000000000101000000000000000000000011100110
27484,58250,56.856339,0AA,8,0001111110001000001000000100110000011111010100100010000000011110
10745,58252,56.858143,260,8,0000000000000000000000000000000000000000111110111011110000100001
18483,58255,56.859324,226,8,0000000000000000000100000000000000000000000000000000000000000000
42978,58235,56.860616,0BA,5,1100011000000000000000000000000010111110
35275,7199,56.86474,3D3,3,011011000000001000000000
7278,58257,56.865681,25,8,0000111101101001000000000000000100110000000000000000000011010110
27485,58258,56.866341,0AA,8,0001111110001001001000000100110000011111010100100010000000100000
31079,58259,56.866585,24,8,0000000110100110000000100000010101000001110011001000000001100111
13184,58260,56.866821,2C1,8,0000100000000000010100110000000001011100110000000000000001000010
21435,58261,56.86731,0B4,8,0000000000000000000000000000000001010000000001010101000101100010
42979,19421,56.868105,0BA,5,0010100100000000000000000000011100101011
16174,58263,56.868483,1C6,8,0000000000000000100000001111001010010100000111000100000000000000
1460,58265,56.870317,320,8,0000000000100000000000000000000000000000000000000000000001001011
34537,58266,56.872488,1C4,8,0000110010010101000111000000000000000000000000000000000010001010
42980,38851,56.875595,0BA,5,0100111100000000000000000000000000101110
7279,58270,56.875677,25,8,0000111101101001000000000000000100100000000000000000000011000110
27486,58271,56.876332,0AA,8,0001111110001011001000000100111000011111010100110010000000011110
10746,58273,56.878151,260,8,0000000000000000000000000000000000000000111110111011110000100001
13505,58274,56.878294,394,3,0
42981,38854,56.883084,0BA,5,1110000000100011011011000000000011100100
7280,58276,56.885672,25,8,0000111101101001000000000000000100100000000000000000000011000110
27487,58277,56.88633,0AA,8,0001111110001011001000000101001000011111010110000010000000100010
31080,58278,56.886566,24,8,0000000110100101000000100000001101000001110011001000000001100100
21436,58280,56.887308,0B4,8,0000000000000000000000000000000001010100000001010101011101101100
42982,58264,56.890574,0BA,5,1100011000000000000000000000000010111110
18484,58286,56.891313,226,8,0000000000000000000100000000000000000000000000000000000000000000
34538,58287,56.892484,1C4,8,0000110001111111000111000000000000000000000000000000000001110100
7281,58290,56.895679,25,8,0000111101101001000000000000000100010000000000000000000010110110
27488,58291,56.896326,0AA,8,0001111110001101001000000101011000011111010111000010000000100001
13185,58292,56.896564,2C1,8,0000100000000000000111000000000000110000110000000000000011011111
42983,19436,56.898064,0BA,5,0010100100000000000000000000010000101000
10747,58294,56.898173,260,8,0000000000000000000000000000000000000000111110111011000100010110
16175,58295,56.898459,1C6,8,0000000000000000100000001111001011001101000111000100000000000000
13633,58296,56.902338,4DD,8,0001111000000000000000000000000000000000000000000000000000000000
13888,58298,56.90327,4C6,8,0000011100000000000000110000000000000000000000000000000000000000
31626,58300,56.905506,633,8,1000000100000000000000000000000000000000000000000000000000000000
42984,38869,56.905553,0BA,5,0100111100000000000000000000000000101110
7282,58301,56.905745,25,8,0000111101101001000000000000000100010000000000000000000010110110
27489,58302,56.906295,0AA,8,0001111110001110001000000101001100011111010101110010000000011111
31081,58303,56.906532,24,8,0000000110100101000000100000010101000001110011001000000001100110
21437,58304,56.907304,0B4,8,0000000000000000000000000000000001010100000001010101011101101100
27855,58307,56.909308,420,8,0000000000000000000000000000000011111111000000001000000010101011
34539,58309,56.912481,1C4,8,0000110001101001000111000000000000000000000000000000000001011110
42985,38875,56.913043,0BA,5,1110000000100011011011000000000011100100
7283,58312,56.916701,25,8,0000111101101001000000000000000111110000000000000000000010010110
21780,58313,56.917071,443,8,0100110100000010000000000010111100000110000000000000000000000000
27490,58314,56.917306,0AA,8,0001111110010000001000000101000100011111010110100010000000100011
10748,58315,56.918132,260,8,0000000000000000000000000000000000000000111110111000111111110100
18485,58318,56.920306,226,8,0000000000000000000100000000000000000000000000000000000000000000
42986,58293,56.920532,0BA,5,1100011000000000000000000000000010111110
1461,58319,56.921304,320,8,0000000000100000000000000000000000000000000000000000000001001011
35381,56393,56.924329,386,7,11011011000000000000000000000000000001100000000000000011
43455,56421,56.924435,3000000.0,6,101011000000000000000000000000000000000000000000
7284,58323,56.925679,25,8,0000111101101001000000000000000111100000000000000000000010000110
27491,58324,56.92632,0AA,8,0001111110001110001000000101000100011111010110100010000000100111
31082,58325,56.926557,24,8,0000000110100100000000100000011001000001110011001000000001100110
13186,58326,56.926801,2C1,8,0000100011111111111011010000000000000000110000000000000001111111
21438,58327,56.927299,0B4,8,0000000000000000000000000000000001011000000001010101110101110110
42987,19444,56.928022,0BA,5,0010100100000000000000000000011100101011
16176,58329,56.928538,1C6,8,0000000000000000100000001111001100000010000111010100000000000000
7649,58332,56.932248,3BC,8,0
34540,58333,56.932491,1C4,8,0000110001010000000111000000000000000000000000000000000001000101
42988,38889,56.935511,0BA,5,0100111100000000000000000000000000101110
7285,58336,56.935665,25,8,0000111101101001000000000000000111100000000000000000000010000110
27492,58337,56.936315,0AA,8,0001111110001101001000000101000100011111010111000010000000100011
10749,58338,56.938151,260,8,0000000000000000000000000000000000000000111110111010010100001010
42989,38896,56.943001,0BA,5,1110000000100011011011000000000011100100
7286,58341,56.945687,25,8,0000111101101001000000000000000111000000000000000000000001100110
27493,58342,56.946291,0AA,8,0001111110010000001000000101001000011111010111000010000000100100
31083,58343,56.946528,24,8,0000000110100100000000100000011001000001110011001000000001100110
21439,58344,56.947293,0B4,8,0000000000000000000000000000000001011000000001010101110101110110
42990,58330,56.95049,0BA,5,1100011000000000000000000000000010111110
18486,58348,56.951297,226,8,0000000000000000000100000000000000000000000000000000000000000000
34541,58350,56.952475,1C4,8,0000110000011010000111000000000000000000000000000000000000001111
11282,58352,56.95298,4C8,8,0000100100000000000000000000000000000000000000000000000000000000
7287,58355,56.955659,25,8,0000111101101001000000000000000110110000000000000000000001010110
27494,58356,56.956314,0AA,8,0001111110010001001000000101011100011111010111110010000000101000
13187,58357,56.956557,2C1,8,0000100011111111110000001111111111001101110000000000000000011110
27916,58360,56.957491,4DC,8,0001110100000000000000000000000000000000000000000000000000000000
42991,19456,56.95798,0BA,5,0010100100000000000000000000010000101000
10750,58361,56.958163,260,8,0000000000000000000000000000000000000000111110111000010011101001
250,58362,56.958345,3B7,8,1000
16177,58363,56.958591,1C6,8,0000000000000000100000001111001101100010000111010100000000000000
11153,58364,56.959546,620,8,0001000000000000000000000000000000000000000000000000000000000000
42992,38913,56.965469,0BA,5,0100111100000000000000000000000000101110
7288,58367,56.965671,25,8,0000111101101001000000000000000110100000000000000000000001000110
27495,58368,56.966315,0AA,8,0001111110010011001000000101100000011111011000000010000000100111
31084,58369,56.966549,24,8,0000000110100100000000100000010101000001110011101000000001100111
21440,58370,56.967286,0B4,8,0000000000000000000000000000000001011000000001010101110101110110
1462,58372,56.969294,320,8,0000000000100000000000000000000000000000000000000000000001001011
34542,58373,56.97247,1C4,8,0000101111111100000111000000000000000000000000000000000011110000
42993,38917,56.972959,0BA,5,1110000000100011011010000000000011100000
7289,58377,56.975653,25,8,0000111101101000000000000000000101111111111101010000000000011001
27496,58378,56.976305,0AA,8,0001111110010100001000000101101100011111010111100010000000101000
1580,58379,56.977085,6F3,8,0010000000000000000000000000000000000000000000000000000000000000
10751,58381,56.978046,260,8,0000000000000000000000000000000000000000111110111000111111110100
18487,58383,56.979295,226,8,0000000000000000000100000000000000000000000000000000000000000000
42994,58359,56.980449,0BA,5,1100011000000000000000000000000010111110
7290,58386,56.985673,25,8,0000111101101000000000000000000101101111111101010000000000001001
27497,58387,56.986281,0AA,8,0001111110010010001000000101110000011111010111110010000000101011
31085,58388,56.986519,24,8,0000000110100100000000100000011001000001110011001000000001100110
13188,58389,56.986762,2C1,8,0000100011111111101101111111111110111101110000000000000000000101
21441,58390,56.987286,0B4,8,0000000000000000000000000000000001011100000001010110001001111111
42995,19465,56.987938,0BA,5,0010100100000000000000000000011100101011
16178,58392,56.988471,1C6,8,0000000000000000100000001111001110111011000111010100000000000000
13573,58395,56.991817,399,8,0000000000000000000000000000000000000000111111110000000000000000
34543,58396,56.992465,1C4,8,0000101111011101000111000000000000000000000000000000000011010001
42996,38933,56.995428,0BA,5,0100111100000000000000000000000000101110
7291,58399,56.996675,25,8,0000111101101000000000000000000101001111111101010000000011101001
27498,58400,56.997279,0AA,8,0001111110010010001000000110000100011111011000000010000000101101
10752,58401,56.998004,260,8,0000000000000000000000000000000000000000111110111000010011101001
42997,38939,57.002917,0BA,5,1110000000100011011010000000000011100000
7292,58403,57.005644,25,8,0000111101101000000000000000000100111111111100010000000011010101
27499,58405,57.006303,0AA,8,0001111110010010001000000110000100011111011000000010000000101100
31086,58406,57.006541,24,8,0000000110100100000000100000011001000001110010111000000001100101
11221,58407,57.006788,39A,8,0000000000000000000000000000000100000000000000000000000000000000
21442,58408,57.007282,0B4,8,0000000000000000000000000000000001011100000001010110001001111111
42998,58393,57.010407,0BA,5,1100011000000000000000000000000010111110
18488,58412,57.011282,226,8,0000000000000000000100000000000000000000000000000000000000000000
57,58413,57.012357,3B1,8,0000000000000000000000100000101000000000000010000000000000000000
34544,58414,57.012598,1C4,8,0000101110111101000111000000000000000000000000000000000010110001
7293,58417,57.01564,25,8,0000111101101000000000000000000100011111111100010000000010110101
27500,58419,57.016299,0AA,8,0001111110010011001000000101110000011111010111100010000000101111
13189,58420,57.016537,2C1,8,0000100011111111101000001111111110101101110000000000000011011110
42999,19478,57.017896,0BA,5,0010100100000000000000000000010000101000
10753,58422,57.018001,260,8,0000000000000000000000000000000000000000111110110111100111011110
1463,58423,57.01828,320,8,0000000000100000000000000000000000000000000000000000000001001011
16179,58424,57.018517,1C6,8,0000000000000000100000001111010000001101000111010100000000000000
31559,58425,57.020183,44D,8,0100001000000010000000000000000000000001000000000000000000000000
43000,38953,57.025386,0BA,5,0100111100000000000000000000000000101110
7294,58430,57.025682,25,8,0000111101101000000000000000000111111111111100010000000010010101
27501,58431,57.026268,0AA,8,0001111110010101001000000110000000011111011000000010000000101111
31087,58432,57.026509,24,8,0000000110100100000000100000010101000001110010111000000001100100
43628,14571,57.026681,423,2,10101000010101
21443,58433,57.027275,0B4,8,0000000000000000000000000000000001100000000001010110001010000011
34545,58436,57.032459,1C4,8,0000101110011010000111000000000000000000000000000000000010001110
43001,38960,57.032875,0BA,5,1110000000100011011010000000000011100000
7295,58439,57.035636,25,8,0000111101101000000000000000000111011111111011100000000001110010
27502,58440,57.036291,0AA,8,0001111110011001001000000110001100011111011000010010000000101101
10754,58442,57.037789,260,8,0000000000000000000000000000000000000000111110110101011110111100
18489,58445,57.039274,226,8,0000000000000001000100000000000000000000000000000000000000000000
28150,58446,57.040173,6C0,8,1110010000000000000000001110000010000000000000000000000000000000
43002,58421,57.040365,0BA,5,1100011000000000000000000000000010111110
7296,58448,57.045659,25,8,0000111101101000000000000000000110111111111011100000000001010010
27503,58449,57.046257,0AA,8,0001111110011100001000000110011100011111011000110010000000110010
31088,58450,57.046498,24,8,0000000110100100000000100000010101000001110010111000000001100100
13190,58451,57.046736,2C1,8,0000100011111111100100001111111110010111110000000000000010111000
21444,58452,57.047266,0B4,8,0000000000000000000000000000000001100000000001010110100010001001
43003,19484,57.047854,0BA,5,0010100100000000000000000000011100101011
16180,58454,57.048455,1C6,8,0000000000000000100000001111010001110100000111100100000000000000
34546,58456,57.052447,1C4,8,0000101101110111000111000000000000000000000000000000000001101011
43004,38975,57.055344,0BA,5,0100111100000000000000000000000000101110
7297,58460,57.055635,25,8,0000111101101000000000000000000110011111111011010000000000110001
27504,58461,57.056289,0AA,8,0001111110011100001000000110100000011111011000010010000000110011
10755,58462,57.057776,260,8,0000000000000000000000000000000000000000111110110111100111011110
31307,58463,57.058473,4A6,8,0000000000000000000000000000000000000000000101100000000000000000
16573,58464,57.062482,3F9,8,0111010100011000000000100000001010000000000000000000000000010101
43005,38980,57.062833,0BA,5,1110000000100011010000000000000010111000
7298,58466,57.065631,25,8,0000111101100111000000000000000101101111111011010000000000000000
27505,58467,57.066281,0AA,8,0001111110011001001000000110001000011111011001000010000000110101
31089,58468,57.066522,24,8,0000000110100100000000100000100001000001110010111000000001100111
21445,58469,57.067266,0B4,8,0000000000000000000000000000000001100000000001010110110110001110
43006,58455,57.070323,0BA,5,1100011000000000000000000000000010111110
18490,58474,57.071447,226,8,0000000000000000000100000000000000000000000000000000000000000000
1464,58475,57.072264,320,8,0000000000100000000000000000000000000000000000000000000001001011
34547,58476,57.072502,1C4,8,0000101100101111000111000000000000000000000000000000000000100011
13191,58479,57.076455,2C1,8,0000100011111111011111011111111110001010110000000000000010011000
7299,58480,57.076696,25,8,0000111101100111000000000000000100111111111001110000000011001010
27506,58481,57.077254,0AA,8,0001111110011000001000000110101100011111011001010010000000111000
10756,58482,57.077793,260,8,0000000000000000000000000000000000000000111110111000010011101001
43007,19500,57.077813,0BA,5,0010100100000000000000000000010000101000
16181,58484,57.078495,1C6,8,0000000000000000100000001111010011100010000111100100000000000000
16341,58487,57.081665,4C1,8,0000000100000000000000010000000100000000000000000000000000000000
43008,38997,57.085302,0BA,5,0100111100000000000000000000000000101110
7300,58491,57.085652,25,8,0000111101100111000000000000000100001111111001110000000010011010
27507,58492,57.086246,0AA,8,0001111110010111001000000110011100011111011001010010000000111000
31090,58493,57.086486,24,8,0000000110100011000000100000100001000001110010011000000001100100
21446,58494,57.087256,0B4,8,0000000000000000000000000000000001100100000001010110110110010010
34548,58497,57.092442,1C4,8,0000101100001000000111000000000000000000000000000000000011111100
43009,39002,57.092792,0BA,5,1110000000100011001011000000000010100100
7301,58500,57.095624,25,8,0000111101100111000000000000000111101111111001110000000001111010
27508,58501,57.096279,0AA,8,0001111110011001001000000110100000011111011001110010000000111000
10757,58503,57.097678,260,8,0000000000000000000000000000000000000000111110111001101100000000
18491,58505,57.099263,226,8,0000000000000000000100000000000000000000000000000000000000000000
43010,58483,57.100281,0BA,5,1100011000000000000000000000000010111110
7302,58508,57.105642,25,8,0000111101100111000000000000000110111111111001110000000001001010
27509,58509,57.106242,0AA,8,0001111110011101001000000110110100011111011010010010000000111010
31091,58510,57.106481,24,8,0000000110100011000000100000010101000001110010011000000001100001
13192,58511,57.106722,2C1,8,0000100011111111011101111111111110000000110000000000000010001000
21447,58512,57.10725,0B4,8,0000000000000000000000000000000001100100000001010110110110010010
43011,19509,57.107771,0BA,5,0010100100000000000000000000011100101011
16182,58514,57.108436,1C6,8,0000000000000000100000001111010101001000000111100100000000000000
34549,58516,57.112437,1C4,8,0000101011100001000111000000000000000000000000000000000011010100
43012,39013,57.11526,0BA,5,0100111100000000000000000000000000101110
7303,58519,57.115619,25,8,0000111101100111000000000000000110011111111001110000000000101010
27510,58520,57.116275,0AA,8,0001111110100000001000000110111000011111011001010010000000111000
1465,58521,57.117255,320,8,0000000000100000000000000000000000000000000000000000000001001011
10758,58522,57.117682,260,8,0000000000000000000000000000000000000000111110111000111111110100
14206,58523,57.118422,442,8,0100001100000010000000000000000000000010000000000000000000000000
43013,39021,57.12275,0BA,5,1110000000100011001011000000000010100100
35276,58320,57.124396,3D3,3,111001010000001100000001
7304,58526,57.125615,25,8,0000111101100110000000000000000101101111111001110000000011111001
27511,58527,57.126266,0AA,8,0001111110101011001000000110111100011111011010010010000000110111
31092,58528,57.126505,24,8,0000000110100010000000100000010101000001110010111000000001100010
21448,58529,57.127245,0B4,8,0000000000000000000000000000000001101000000001010110110110010110
43014,58515,57.130239,0BA,5,1100011000000000000000000000000010111110
18492,58533,57.131254,226,8,0000000000000000000100000000000000000000000000000000000000000000
34550,58535,57.132454,1C4,8,0000101010111000000111000000000000000000000000000000000010101011
34926,58537,57.133129,3C3,8,0100011000011110100100110100111000000000000000000000000000000000
7305,58539,57.135609,25,8,0000111101100110000000000000000101001111111010010000000011011011
27512,58540,57.136266,0AA,8,0001111110110110001000000111000100011111011010100010000000111110
43830,57724,57.136286,3BB,5,0111000000000000000000001010001100000000
13193,58541,57.136503,2C1,8,0000100011111111011011011111111101101101110000000000000001101011
10759,58544,57.137708,260,8,0000000000000000000000000000000000000000111110110010101110010000
43015,19521,57.137729,0BA,5,0010100100000000000000000000010000101000
16183,58545,57.138413,1C6,8,0000000000000000100000001111010110110010000111110100000000000000
43016,39036,57.145218,0BA,5,0100111100000000000000000000000000101110
7306,58549,57.145635,25,8,0000111101100110000000000000000100101111111010100000000010111100
27513,58550,57.146238,0AA,8,0001111110111000001000000111000100011111011010100010000000111011
31093,58551,57.146477,24,8,0000000110100010000000100000011001000001110010111000000001100011
21449,58552,57.147238,0B4,8,0000000000000000000000000000000001101000000001010111001110011100
34551,58555,57.152448,1C4,8,0000101010001110000111000000000000000000000000000000000010000001
43017,39041,57.152708,0BA,5,1110000000100011001011000000000010100100
7307,58559,57.155601,25,8,0000111101100110000000000000000100001111111010100000000010011100
27514,58560,57.156259,0AA,8,0001111110011110001000000111001100011111011010000010000000111100
10760,58562,57.157707,260,8,0000000000000000000000000000000000000000111110110011011010011011
18493,58564,57.159252,226,8,0000000000000000000100000000000000000000000000000000000000000000
43018,58543,57.160198,0BA,5,1100011000000000000000000000000010111110
7710,58565,57.160396,611,8,0010000100000000000000000001000000000000000000000011110101101100
7308,58568,57.1656,25,8,0000111101100110000000000000000111111111111011110000000010010001
27515,58569,57.16626,0AA,8,0001111101111010001000000111001100011111011010010010000001000000
31094,58570,57.166499,24,8,0000000110100001000000100000110001000001110010111000000001101000
13194,58571,57.166736,2C1,8,0000100011111111010110101111111101011101110000000000000001001000
21450,58572,57.167237,0B4,8,0000000000000000000000000000000001101000000001010111100110100010
43019,19531,57.167687,0BA,5,0010100100000000000000000000011100101011
16184,58574,57.168461,1C6,8,0000000000000000100000001111011000101011000111110100000000000000
1466,58577,57.170239,320,8,0000000000100000000000000000000000000000000000000000000001001011
34552,58578,57.172426,1C4,8,0000101001100001000111000000000000000000000000000000000001010100
43020,39058,57.175177,0BA,5,0100111100000000000000000000000000101110
7309,58581,57.1756,25,8,0000111101100110000000000000000111101111111100100000000010000100
27516,58582,57.176257,0AA,8,0001111101110011001000000111011000011111011010100010000000111111
10761,58584,57.177629,260,8,0000000000000000000000000000000000000000111111001100100000101110
13506,58585,57.17778,394,3,0
43021,39062,57.182666,0BA,5,1110000000100011001011000000000010100100
7310,58587,57.185622,25,8,0000111101100110000000000000000111001111111100100000000001100100
27517,58589,57.186229,0AA,8,0001111110011001001000000111010000011111011010000010000000111111
31095,58590,57.186468,24,8,0000000110100000000000100000000101000001110010111000000001011100
21451,58591,57.187229,0B4,8,0000000000000000000000000000000001101100000001010110110110011010
43022,58575,57.190156,0BA,5,1100011000000000000000000000000010111110
18494,58595,57.191236,226,8,0000000000000000000100000000000000000000000000000000000000000000
34553,58596,57.192427,1C4,8,0000101000110101000111000000000000000000000000000000000000101000
7311,58599,57.195598,25,8,0000111101100110000000000000000110101111111100100000000001000100
27518,58600,57.19625,0AA,8,0001111111000010001000000111000100011111011000010010000001000001
13195,58601,57.196489,2C1,8,0000100011111111010101001111111101010111110000000000000000111100
43023,19543,57.197645,0BA,5,0010100100000000000000000000010000101000
10762,58603,57.197674,260,8,0000000000000000000000000000000000000000111111000000101001110000
16185,58604,57.198405,1C6,8,0000000000000000100000001111011010011100000111110100000000000000
43024,39073,57.205135,0BA,5,0100111100000000000000000000000000101110
7312,58608,57.205599,25,8,0000111101100101000000000000000101101111111011010000000011111110
27519,58609,57.206249,0AA,8,0001111111010010001000000111001000011111011001000010000001000100
31096,58610,57.206497,24,8,0000000110100000000000011111110101000001110001001000000001010000
21452,58611,57.207229,0B4,8,0000000000000000000000000000000001101100000001010110110110011010
34554,58614,57.212422,1C4,8,0000101000000101000111000000000000000000000000000000000011111000
43025,39079,57.212624,0BA,5,1110000000100011001011000000000010100100
7313,58618,57.215593,25,8,0000111101100101000000000000000101011111111011010000000011101110
27520,58619,57.216246,0AA,8,0001111111001101001000000111111000011111011010100010000001000011
21781,58620,57.217014,443,8,0100110100000010000000000010111100000110000000000000000000000000
10763,58622,57.217614,260,8,0000000000000000000000000000000000000000111110110100000110100110
18495,58625,57.21923,226,8,0000000000000000000100000000000000000000000000000000000000000000
43026,58602,57.220114,0BA,5,1100011000000000000000000000000010111110
1467,58626,57.220227,320,8,0000000000100000000000000000000000000000000000000000000001001011
7314,58628,57.225615,25,8,0000111101100101000000000000000101001111111011110000000011100000
27521,58629,57.226217,0AA,8,0001111110111001001000001001101100011111011011110010000001000101
31097,58630,57.226456,24,8,0000000110100000000000100000100001000001110001011000000001011101
13196,58631,57.226691,2C1,8,0000100011111111010010101111111101010000110000000000000000101011
21453,58632,57.227221,0B4,8,0000000000000000000000000000000001110000000001011000010010110101
43027,19549,57.227603,0BA,5,0010100100000000000000000000011100101011
16186,58634,57.228411,1C6,8,0000000000000000100000001111011100000101000111110100000000000000
34555,58637,57.232418,1C4,8,0000100111010110000111000000000000000000000000000000000011001000
43028,39095,57.235093,0BA,5,0100111100000000000000000000000000101110
7315,58641,57.235613,25,8,0000111101100101000000000000000100111111111100000000000011010001
27522,58642,57.236244,0AA,8,0001111110101100001000001011010100011111011110000010000001000111
10764,58643,57.237611,260,8,0000000000000000000000000000000000000000111111001001110000000010
43029,39100,57.242583,0BA,5,1110000000100011001011000000000010100100
7316,58645,57.245587,25,8,0000111101100101000000000000000100101111111100000000000011000001
27523,58646,57.246239,0AA,8,0001111110110010001000001001000000011111011101100010000001000111
31098,58647,57.246479,24,8,0000000110100000000000100000110101000001110001001000000001100001
21454,58648,57.247221,0B4,8,0000000000000000000000000000000001110000000001011000111111000000
43030,58635,57.250072,0BA,5,1100011000000000000000000000000010111110
18496,58652,57.251221,226,8,0000000000000000000100000000000000000000000000000000000000000000
34556,58654,57.25241,1C4,8,0000100110100111000111000000000000000000000000000000000010011001
7317,58657,57.25558,25,8,0000111101100101000000000000000100001111111100000000000010100001
27524,58658,57.256235,0AA,8,0001111110111101001000000110011100011111011100100010000001001011
13197,58659,57.256477,2C1,8,0000100011111111010000001111111101000111110000000000000000011000
43031,19565,57.257562,0BA,5,0010100100000000000000000000010000101000
10765,58661,57.257571,260,8,0000000000000000000000000000000000000000111111000111101011100000
251,58662,57.258223,3B7,8,1000
16187,58663,57.25846,1C6,8,0000000000000000100000001111011110000110001000000100000000000000
11154,58664,57.259328,620,8,0001000000000000000000000000000000000000000000000000000000000000
43032,39118,57.265051,0BA,5,0100111100000000000000000000000000101110
7318,58667,57.265606,25,8,0000111101100101000000000000000111111111111100110000000010010100
27525,58668,57.266201,0AA,8,0001111111001001001000000011001100011111011101100010000001001110
31099,58669,57.26644,24,8,0000000110011110000000100000110101000001101111011000000001011000
21455,58670,57.267216,0B4,8,0000000000000000000000000000000001110000000001011000111111000000
1468,58673,57.269216,320,8,0000000000100000000000000000000000000000000000000000000001001011
34557,58674,57.272408,1C4,8,0000100101110001000111000000000000000000000000000000000001100011
43033,39122,57.272541,0BA,5,1110000000100011001011000000000010100100
7319,58678,57.276601,25,8,0000111101100101000000000000000111111111111101100000000010010111
27526,58679,57.277203,0AA,8,0001111110110110001000000100001100011111011110110010000001001100
10766,58680,57.27752,260,8,0000000000000000000000000000000000000000111110111111111101100100
43034,58660,57.28003,0BA,5,1100011000000000000000000000000010111110
18497,58684,57.280213,226,8,0000000000000000000100000000000000000000000000000000000000000000
7320,58688,57.285568,25,8,0000111101100101000000000000000111111111111101110000000010011000
27527,58689,57.286233,0AA,8,0001111110110001001000001000100100011111011111000010000001001100
31100,58690,57.286475,24,8,0000000110011111000000100000000101000001110100111000000001100011
13198,58691,57.286712,2C1,8,0000100011111111001100001111111100110100110000000000000011110101
21456,58692,57.287203,0B4,8,0000000000000000000000000000000001110100000001010111100110101110
43035,19573,57.28752,0BA,5,0010100100000000000000000000011100101011
16188,58694,57.288397,1C6,8,0000000000000000100000001111011111111110001000000100000000000000
7888,58696,57.289381,610,8,0010000000000000000011100110010011000000000000000011111101000000
34558,58697,57.292401,1C4,8,0000100100111001000111000000000000000000000000000000000000101011
43036,39135,57.295009,0BA,5,0100111100000000000000000000000000101110
7321,58700,57.295567,25,8,0000111101100101000000000000000111111111111101110000000010011000
27528,58701,57.296227,0AA,8,0001111110101011001000001100100000011111011110100010000001001000
10767,58702,57.297423,260,8,0000000000000000000000000000000000000000111111001100100000101110
43037,39141,57.302499,0BA,5,1110000000100011001011000000000010100100
7322,58705,57.305594,25,8,0000111101100101000000000000000111111111111101110000000010011000
27529,58706,57.306196,0AA,8,0001111110110011001000001100010000011111011111100010000001000100
31101,58707,57.306442,24,8,0000000110100000000000011111111101000001111000011000000001101111
21457,58708,57.307201,0B4,8,0000000000000000000000000000000001110100000001010111111010110011
43038,58695,57.309988,0BA,5,1100011000000000000000000000000010111110
18498,58712,57.311207,226,8,0000000000000000000100000000000000000000000000000000000000000000
16574,58713,57.312032,3F9,8,0111010100011000000000100000001010000000000000000000000000010101
34559,58714,57.312399,1C4,8,0000100011111111000111000000000000000000000000000000000011110000
7323,58717,57.315563,25,8,0000111101100101000000000000000111111111111101110000000010011000
27530,58718,57.316223,0AA,8,0001111110111011001000001001111100011111100000100010000001010001
13199,58719,57.316477,2C1,8,0000100011111111001011011111111100101010110000000000000011101000
10768,58722,57.317472,260,8,0000000000000000000000000000000000000000111111010100010010101011
43039,19581,57.317478,0BA,5,0010100100000000000000000000010000101000
1469,58723,57.318206,320,8,0000000000100000000000000000000000000000000000000000000001001011
16189,58724,57.318501,1C6,8,0000000000000000100000001111100001101101001000000100000000000000
31560,58725,57.319596,44D,8,0100001000000010000000000000000000000001000000000000000000000000
43040,39159,57.324968,0BA,5,0100111100000000000000000000000000101110
7324,58728,57.32559,25,8,0000111101100101000000000000000111111111111101110000000010011000
27531,58729,57.326201,0AA,8,0001111111000100001000001000000100011111100000010010000001011000
31102,58730,57.326438,24,8,0000000110011110000000100000110101000001110011101000000001101001
21458,58731,57.327192,0B4,8,0000000000000000000000000000000001111000000001011001101011010011
13949,58733,57.328421,622,8,0001001000000000000000000000000000000000000000000000000000000000
34560,58735,57.332396,1C4,8,0000100011111111000111000000000000000000000000000000000011110000
43041,39162,57.332457,0BA,5,1110000000100011001011000000000010100100
7325,58739,57.335568,25,8,0000111101100101000000000000000111111111111110000000000010011001
27532,58740,57.336219,0AA,8,0001111111000000001000000110110000011111011111100010000001011011
10769,58742,57.337368,260,8,0000000000000000000000000000000000000000111111010000101101110010
18499,58745,57.339201,226,8,0000000000000000000100000000000000000000000000000000000000000000
28151,58746,57.3396,6C0,8,1110010000000000000000001110000010000000000000000000000000000000
43042,58721,57.339947,0BA,5,1100011000000000000000000000000010111110
7326,58749,57.345584,25,8,0000111101100101000000000000000111111111111110010000000010011010
27533,58750,57.346182,0AA,8,0001111110110101001000000111010100011111011111100010000001011011
31103,58751,57.346422,24,8,0000000110011101000000100000110001000001110001111000000001100000
13200,58752,57.346661,2C1,8,0000100011111111001001111111111100011101110000000000000011010101
21459,58753,57.347192,0B4,8,0000000000000000000000000000000001111000000001011001010111001110
43043,19593,57.347436,0BA,5,0010100100000000000000000000011100101011
16190,58755,57.348388,1C6,8,0000000000000000100000001111100011101011001000010100000000000000
34561,58759,57.352395,1C4,8,0000100011001010000111000000000000000000000000000000000010111011
43044,39179,57.354926,0BA,5,0100111100000000000000000000000000101110
7327,58762,57.355559,25,8,0000111101100101000000000000000111111111111110100000000010011011
27534,58763,57.356213,0AA,8,0001111110101100001000001001000100011111011111000010000001010100
10770,58764,57.357229,260,8,0000000000000000000000000000000000000000111111010000000001100111
43629,58049,57.362132,423,2,1000100000000
43045,39183,57.362415,0BA,5,1110000000100011001011000000000010100100
7328,58766,57.365551,25,8,0000111101100101000000000000000111111111111110110000000010011100
31104,58768,57.366282,24,8,0000000110011110000000100000000101000001110011101000000001011101
27535,58769,57.366519,0AA,8,0001111110101001001000001001101100011111011111010010000001010001
21460,58770,57.367185,0B4,8,0000000000000000000000000000000001111000000001011000010010111101
43046,58756,57.369905,0BA,5,1100011000000000000000000000000010111110
18500,58774,57.371191,226,8,0000000000000000000100000000000000000000000000000000000000000000
1470,58775,57.372188,320,8,0000000000100000000000000000000000000000000000000000000001001011
34562,58776,57.372425,1C4,8,0000100010010011000111000000000000000000000000000000000010000100
7329,58779,57.375551,25,8,0000111101100101000000000000000111111111111110110000000010011100
27536,58780,57.37621,0AA,8,0001111110110000001000001000101100011111011111100010000001011001
13201,58781,57.376445,2C1,8,0000100011111111001001001111111100000000110000000000000010110101
10771,58783,57.377357,260,8,0000000000000000000000000000000000000000111111001101001100111001
43047,19604,57.377394,0BA,5,0010100100000000000000000000010000101000
16191,58785,57.378396,1C6,8,0000000000000000100000001111100101101100001000010100000000000000
35277,7270,57.384053,3D3,3,011011000000001000000000
43048,39196,57.384884,0BA,5,0100111100000000000000000000000000101110
7330,58789,57.385565,25,8,0000111101100101000000000000000111111111111111000000000010011101
27537,58790,57.386176,0AA,8,0001111110110011001000000111100000011111100001100010000001011000
31105,58791,57.386421,24,8,0000000110011111000000100000000001000001110010111000000001011010
31687,58792,57.386991,389,8,0000000000100000000000000000000000000000000000000000000000000000
21461,58793,57.387234,0B4,8,0000000000000000000000000000000001111100000001011000101011000111
43049,39203,57.392373,0BA,5,1110000000100011001011000000000010100100
34563,58795,57.392391,1C4,8,0000100001011100000111000000000000000000000000000000000001001101
7331,58798,57.395549,25,8,0000111101100101000000000000000111111111111111000000000010011101
27538,58799,57.396202,0AA,8,0001111110110011001000000111011000011111100000110010000001011000
10772,58800,57.397162,260,8,0000000000000000000000000000000000000000111111001011110100100011
18501,58804,57.399185,226,8,0000000000000000000100000000000000000000000000000000000000000000
43050,58782,57.399863,0BA,5,1100011000000000000000000000000010111110
7332,58807,57.405552,25,8,0000111101100101000000000000000111111111111111010000000010011110
27539,58808,57.406169,0AA,8,0001111110101011001000001000000100011111100000010010000001010111
31106,58809,57.40641,24,8,0000000110100000000000011111111101000001110010011000000001010111
13202,58810,57.406648,2C1,8,0000100011111111001001111111111011110100110000000000000010101011
21462,58811,57.407178,0B4,8,0000000000000000000000000000000001111100000001011000010011000001
43051,19611,57.407353,0BA,5,0010100100000000000000000000011100101011
16192,58813,57.408403,1C6,8,0000000000000000100000001111100111100100001000010100000000000000
34564,58817,57.412386,1C4,8,0000100000101101000111000000000000000000000000000000000000011110
43052,39218,57.414842,0BA,5,0100111100000000000000000000000000101110
7333,58821,57.415542,25,8,0000111101100101000000000000000111111111111111010000000010011110
27540,58822,57.416193,0AA,8,0001111110100100001000001000010100011111100001100010000001010111
1471,58823,57.417182,320,8,0000000000100000000000000000000000000000000000000000000001001011
10773,58824,57.417423,260,8,0000000000000000000000000000000000000000111111001010011100001101
14207,58825,57.418202,442,8,0100001100000010000000000000000000000010000000000000000000000000
43053,39221,57.422332,0BA,5,1110000000100011001110000000000010110000
13694,58827,57.425471,4B7,8,1110001111011111001000101111000000000000110010100000000100001000
7334,58828,57.425711,25,8,0000111101100101000000000000000111111111111111010000000010011110
27541,58829,57.426211,0AA,8,0001111110100000001000000111111000011111100000000010000001010011
31107,58830,57.426448,24,8,0000000110100000000000011111101101000001110001001000000001001110
21463,58831,57.427177,0B4,8,0000000000000000000000000000000010000000000001010111111010111111
43054,58814,57.429821,0BA,5,1100011000000000000000000000000010111110
18502,58835,57.431175,226,8,0000000000000000000100000000000000000000000000000000000000000000
34565,58838,57.432387,1C4,8,0000100000001100000111000000000000000000000000000000000011111101
43831,1968,57.433871,3BB,5,1011101100000000000000000000000000100110
7335,58841,57.435534,25,8,0000111101100101000000000000000111111111111111010000000010011110
27542,58842,57.436193,0AA,8,0001111110100001001000000111011000011111011111010010000001010100
13203,58843,57.436428,2C1,8,0000100011111111010001001111111011100000110000000000000010110100
43055,19625,57.437311,0BA,5,0010100100000000000000000000010000101000
10774,58845,57.437344,260,8,0000000000000000000000000000000000000000111111001001110000000010
16193,58846,57.438359,1C6,8,0000000000000000100000001111101001011101001000010100000000000000
43056,39237,57.4448,0BA,5,0100111100000000000000000000000000101110
7336,58850,57.445534,25,8,0000111101100101000000000000000111111111111111100000000010011111
27543,58851,57.446169,0AA,8,0001111110101000001000000111001100011111011111000010000001010000
31108,58852,57.44641,24,8,0000000110100000000000011111011001000001101111101000000001000011
318,58853,57.446983,38F,8,0000000100000000000000000000000000000000000000000000000000000000
21464,58854,57.447225,0B4,8,0000000000000000000000000000000010000000000001010111100110111010
43057,39242,57.45229,0BA,5,1110000000100011010010000000000011000000
34566,58857,57.452717,1C4,8,0000100000001100000111000000000000000000000000000000000011111101
7337,58860,57.455529,25,8,0000111101100101000000000000000111111111111111100000000010011111
27544,58861,57.456185,0AA,8,0001111110101100001000000111101000011111100000010010000001001011
10775,58862,57.457128,260,8,0000000000000000000000000000000000000000111111001011001000011000
18503,58865,57.459172,226,8,0000000000000000000100000000000000000000000000000000000000000000
43058,58844,57.459779,0BA,5,1100011000000000000000000000000010111110
7338,58868,57.465527,25,8,0000111101100101000000000000000111111111111111100000000010011111
27545,58869,57.466159,0AA,8,0001111110101011001000000111110100011111011111010010000001001110
31109,58870,57.466397,24,8,0000000110100000000000011111001101000001110000101000000001000100
13204,58871,57.466636,2C1,8,0000100011111111001111011111111011100000110000000000000010101101
21465,58872,57.467161,0B4,8,0000000000000000000000000000000010000000000001010111100110111010
43059,19632,57.467269,0BA,5,0010100100000000000000000000011100101011
16194,58875,57.468375,1C6,8,0000000000000000100000001111101011011111001000100100000000000000
1472,58877,57.470164,320,8,0000000000100000000000000000000000000000000000000000000001001011
34567,58878,57.472372,1C4,8,0000011111110001000111000000000000000000000000000000000011100001
43060,39254,57.474758,0BA,5,0100111100000000000000000000000000101110
7339,58882,57.47552,25,8,0000111101100101000000000000000111111111111111100000000010011111
27546,58883,57.476178,0AA,8,0001111110100011001000001000000100011111011110100010000001001101
10776,58884,57.477122,260,8,0000000000000000000000000000000000000000111111001110101001010000
34751,58886,57.477589,380,8,0
13507,58887,57.477739,394,3,0
43061,39260,57.482248,0BA,5,1110000000100011011000000000000011011000
7340,58891,57.485514,25,8,0000111101100101000000000000000111111111111111100000000010011111
27547,58892,57.486183,0AA,8,0001111110011110001000001000000000011111011101110010000001001100
31110,58893,57.486419,24,8,0000000110100000000000011111010001000001110010011000000001001100
21466,58894,57.487159,0B4,8,0000000000000000000000000000000010000100000001010111111011000011
43062,58876,57.489737,0BA,5,1100011000000000000000000000000010111110
18504,58898,57.491161,226,8,0000000000000000000100000000000000000000000000000000000000000000
34568,58899,57.492366,1C4,8,0000011111010110000111000000000000000000000000000000000011000110
7341,58902,57.495509,25,8,0000111101100101000000000000000111111111111111100000000010011111
27548,58903,57.49618,0AA,8,0001111110011001001000000110110000011111011101110010000001001100
13205,58904,57.496415,2C1,8,0000100011111111001110101111111011100100110000000000000010101110
10777,58905,57.497137,260,8,0000000000000000000000000000000000000000111111010100010010101011
43063,19641,57.497227,0BA,5,0010100100000000000000000000010000101000
16195,58908,57.498347,1C6,8,0000000000000000100000001111101101010111001000100100000000000000
43064,39275,57.504717,0BA,5,0100111100000000000000000000000000101110
7342,58911,57.505517,25,8,0000111101100101000000000000000111111111111111100000000010011111
27549,58912,57.506141,0AA,8,0001111110011100001000000110101000011111011101010010000001001001
31111,58913,57.506381,24,8,0000000110100000000000011111011001000001110011001000000001010001
21467,58914,57.507152,0B4,8,0000000000000000000000000000000010000100000001010111100110111110
34809,58916,57.510462,4DF,8,0010000000000000000000000000000100000000000000000000000000000000
43065,39281,57.512206,0BA,5,1110000000100011011010000000000011100000
34569,58917,57.512361,1C4,8,0000011110111111000111000000000000000000000000000000000010101111
7343,58921,57.515498,25,8,0000111101100101000000000000000111111111111111100000000010011111
27550,58922,57.516168,0AA,8,0001111110010111001000000101111100011111011101000010000001000100
21782,58923,57.516952,443,8,0100110100000010000000000010111100000110000000000000000000000000
10778,58925,57.51736,260,8,0000000000000000000000000000000000000000111111010110010111001100
18505,58927,57.519157,226,8,0000000000000000000100000000000000000000000000000000000000000000
43066,58906,57.519696,0BA,5,1100011000000000000000000000000010111110
1473,58928,57.520152,320,8,0000000000100000000000000000000000000000000000000000000001001011
35382,984,57.523532,386,7,01001110000000000000000000000000000000000000000010110001
7344,58930,57.525511,25,8,0000111101100101000000000000000111111111111111100000000010011111
27551,58931,57.526139,0AA,8,0001111110001101001000000101101100011111011011110010000001000100
31112,58932,57.526387,24,8,0000000110100001000000011111000101000001110100001000000001010001
13206,58933,57.526618,2C1,8,0000100011111111001101111111111011011101110000000000000010100100
21468,58934,57.527143,0B4,8,0000000000000000000000000000000010001000000001010110110110110110
43067,19653,57.527185,0BA,5,0010100100000000000000000000011100101011
16196,58936,57.528343,1C6,8,0000000000000000100000001111101111000110001000100100000000000000
34570,58941,57.532351,1C4,8,0000011110111000000111000000000000000000000000000000000010101000
43068,39298,57.534675,0BA,5,0100111100000000000000000000000000101110
7345,58944,57.53549,25,8,0000111101100101000000000000000111111111111111110000000010100000
27552,58945,57.53616,0AA,8,0001111110000100001000000101001000011111011010110010000000111101
10779,58946,57.536962,260,8,0000000000000000000000000000000000000000111111010111000011010111
43069,39303,57.542164,0BA,5,1110000000100011011011000000000011100100
7346,58949,57.545508,25,8,0000111101100101000000000000000111111111111111110000000010100000
27553,58950,57.546135,0AA,8,0001111110000011001000000100110000011111011010010010000000111000
31113,58951,57.546371,24,8,0000000110100001000000011110101001000001110100001000000001001010
21469,58953,57.547139,0B4,8,0000000000000000000000000000000010001000000001010110001010101011
43070,58937,57.549654,0BA,5,1100011000000000000000000000000010111110
18506,58957,57.551145,226,8,0000000000000000000100000000000000000000000000000000000000000000
34571,58958,57.552352,1C4,8,0000011110111000000111000000000000000000000000000000000010101000
7347,58961,57.555482,25,8,0000111101100101000000000000000111111111111111110000000010100000
27554,58962,57.556162,0AA,8,0001111110000001001000000100100000011111011001010010000000110111
13207,58963,57.556395,2C1,8,0000100011111111001101001111111011011101110000000000000010100001
10780,58964,57.556985,260,8,0000000000000000000000000000000000000000111111011000011011101101
43071,19665,57.557143,0BA,5,0010100100000000000000000000010000101000
252,58966,57.558155,3B7,8,1000
16197,58967,57.558414,1C6,8,0000000000000000100000001111110001001000001000110100000000000000
11155,58968,57.55911,620,8,0001000000000000000000000000000000000000000000000000000000000000
16575,58970,57.562373,3F9,8,0111010100011000000000100000001010000000000000000000000000010101
43072,39316,57.564633,0BA,5,0100111100000000000000000000000000101110
7348,58973,57.56548,25,8,0000111101100101000000000000000111111111111111110000000010100000
27555,58974,57.566157,0AA,8,0001111110000001001000000100011100011111011000010010000000101111
31114,58975,57.566395,24,8,0000000110100010000000011101111101000001110100111000000001000011
21470,58976,57.567136,0B4,8,0000000000000000000000000000000010001000000001010101011110100000
1474,58978,57.569141,320,8,0000000000100000000000000000000000000000000000000000000001001011
14273,58979,57.570136,60.0,8,1010000100000000000000000000000000000000011100000000000000000000
43073,39322,57.572122,0BA,5,1110000000100011011011000000000011100100
34572,58980,57.572344,1C4,8,0000011111000101000111000000000000000000000000000000000010110101
7349,58983,57.575475,25,8,0000111101100101000000000000000111111111111111110000000010100000
27556,58984,57.576156,0AA,8,0001111101111111001000000100100000011111010110110010000000101000
10781,58985,57.576785,260,8,0000000000000000000000000000000000000000111111011000011011101101
18507,58989,57.57924,226,8,0000000000000000000100000000000000000000000000000000000000000000
43074,58965,57.579612,0BA,5,1100011000000000000000000000000010111110
7350,58992,57.585507,25,8,0000111101100101000000000000000111111111111111110000000010100000
27557,58993,57.586123,0AA,8,0001111101111100001000000100100100011111010101110010000000100100
31115,58994,57.586369,24,8,0000000110100010000000011101110001000001110101111000000001000100
13208,58995,57.586606,2C1,8,0000000011111111010110101111111011010111110000000000001110111100
43075,19671,57.587102,0BA,5,0010100100000000000000000000011100101011
21471,58996,57.587128,0B4,8,0000000000000000000000000000000010001100000001010101000110011110
16198,58998,57.588346,1C6,8,0000000000000000100000001111110011000000001000110100000000000000
7770,59000,57.591947,435,8,1000000000000101000001011111111111100000001111110000000000000011
34573,59001,57.592349,1C4,8,0000011111100000000111000000000000000000000000000000000011010000
43076,39337,57.594591,0BA,5,0100111100000000000000000000000000101110
7351,59005,57.59561,25,8,0000111101100101000000000000000111111111111111110000000010100000
27558,59006,57.596153,0AA,8,0001111101111111001000000100110100011111010101000010000000100011
10782,59008,57.596819,260,8,0000000000000000000000000000000000000000111111011010100000001111
10960,59009,57.598954,436,8,0
43077,39342,57.602081,0BA,5,1110000000100011011011000000000011100100
7352,59012,57.605468,25,8,0000111101100101000000000000000111111111111111110000000010100000
27559,59013,57.606147,0AA,8,0001111101111111001000000100100100011111010011000010000000011011
31116,59014,57.606385,24,8,0000000110100011000000011110001101000001110101111000000001001100
21472,59015,57.607121,0B4,8,0000000000000000000000000000000010001100000001010100110010011001
43078,58999,57.60957,0BA,5,1100011000000000000000000000000010111110
18508,59019,57.611131,226,8,0000000000000000000100000000000000000000000000000000000000000000
34574,59021,57.61234,1C4,8,0000011111111000000111000000000000000000000000000000000011101000
7353,59024,57.615468,25,8,0000111101100101000000000000000111111111111111110000000010100000
27560,59025,57.616147,0AA,8,0001111101111001001000000100000000011111010010100010000000011010
13209,59026,57.616381,2C1,8,0000000011111111101110101111111011010100110000000000011100011101
10783,59027,57.616834,260,8,0000000000000000000000000000000000000000111111011001110100000100
43079,19686,57.61706,0BA,5,0010100100000000000000000000010000101000
1475,59029,57.61813,320,8,0000000000100000000000000000000000000000000000000000000001001011
16199,59030,57.618369,1C6,8,0000000000000000100000001111110100101111001000110000000000000000
31561,59031,57.619012,44D,8,0100001000000010000000000000000000000001000000000000000000000000
43080,39360,57.624549,0BA,5,0100111100000000000000000000000000101110
7354,59034,57.625463,25,8,0000111101100101000000000000000111111111111111110000000010100000
27561,59035,57.626142,0AA,8,0001111101110100001000000011100000011111010010100010000000011011
31117,59036,57.626379,24,8,0000000110100100000000011110101001000001110101011000000001010010
13826,59037,57.626944,434,8,0100001000000000000000000000000000000000000000000000000000000000
21473,59038,57.627184,0B4,8,0000000000000000000000000000000010001100000001010100110010011001
43081,39364,57.632039,0BA,5,1110000000100011011011000000000011100100
34575,59042,57.63234,1C4,8,0000011111111000000111000000000000000000000000000000000011101000
34927,59044,57.632991,3C3,8,0100011000011110100100110100111000000000000000000000000000000000
28217,59045,57.633946,437,8,1111110011111111111111111111111111111111111111111111111111111111
7355,59047,57.636481,25,8,0000111101100101000000000000000100001111111111110000000010110000
10784,59048,57.636726,260,8,0000000000000000000000000000000000000000111111011000011011101101
27562,59049,57.63711,0AA,8,0001111101101111001000000010111100011111010001010010000000010101
28152,59051,57.639006,6C0,8,1110010000000000000000001110000010000000000000000000000000000000
43082,59028,57.639528,0BA,5,1100011000000000000000000000000010111110
18509,59053,57.640123,226,8,0000000000000000000100000000000000000000000000000000000000000000
35278,58848,57.643709,3D3,3,111001010000000110101100
7356,59056,57.64548,25,8,0000111101100101000000000000000100011111111111110000000011000000
27563,59057,57.646107,0AA,8,0001111101101101001000000010111000011111001111010010000000010000
31118,59058,57.646344,24,8,0000000110100101000000011110011001000001110100111000000001001101
13210,59059,57.646582,2C1,8,0000000011111111111100001111111011011010110000000000100001011010
43083,19696,57.647018,0BA,5,0010100100000000000000000000011100101011
21474,59060,57.647111,0B4,8,0000000000000000000000000000000010010000000001010100110010011101
16200,59062,57.648326,1C6,8,0000000000000000100000001111110110101100001000110000000000000000
34576,59064,57.652334,1C4,8,0000100000001100000111000000000000000000000000000000000011111101
43084,39376,57.654507,0BA,5,0100111100000000000000000000000000101110
7357,59067,57.655452,25,8,0000111101100101000000000000000100101111111111110000000011010000
27564,59068,57.656135,0AA,8,0001111101101010001000000010111000011111001110110010000000001000
10785,59069,57.65673,260,8,0000000000000000000000000000000000000000111111011001001011111001
43085,39384,57.661997,0BA,5,1110000000100011011011000000000011100100
7358,59075,57.665464,25,8,0000111101100101000000000000000100110000000000000000000011010010
27565,59076,57.666134,0AA,8,0001111101101001001000000010110000011111001110010010000000000100
31119,59077,57.666373,24,8,0000000110100110000000011110001101000001110100111000000001001011
21475,59078,57.667108,0B4,8,0000000000000000000000000000000010010000000001010100000010010001
43086,59063,57.669487,0BA,5,1100011000000000000000000000000010111110
18510,59083,57.671115,226,8,0000000000000000000100000000000000000000000000000000000000000000
1476,59084,57.672112,320,8,0000000000100000000000000000000000000000000000000000000001001011
34577,59085,57.672354,1C4,8,0000100000011110000111000000000000000000000000000000000000001111
7359,59088,57.675456,25,8,0000111101100101000000000000000101000000000000010000000011100011
27566,59089,57.676138,0AA,8,0001111101100110001000000010010000011111001101000010000000000000
13211,59090,57.676375,2C1,8,0000000011111111000111011111111011111010110000000000100010100111
10786,59091,57.676677,260,8,0000000000000000000000000000000000000000111111011000011011101101
43087,19706,57.676976,0BA,5,0010100100000000000000000000010000101000
16201,59095,57.678312,1C6,8,0000000000000000100000001111111000100111001001000000000000000000
43088,39400,57.684466,0BA,5,0100111100000000000000000000000000101110
7360,59098,57.68547,25,8,0000111101100101000000000000000101010000000000010000000011110011
27567,59099,57.686104,0AA,8,0001111101100011001000000001111100011111001100000001111111111111
31120,59100,57.686341,24,8,0000000110100111000000011110011001000001110100011000000001001101
21476,59101,57.687102,0B4,8,0000000000000000000000000000000010010100000001010011101110010000
43089,39404,57.691955,0BA,5,1110000000100011011011000000000011100100
34578,59103,57.692321,1C4,8,0000100000110001000111000000000000000000000000000000000000100010
7361,59107,57.696468,25,8,0000111101100101000000000000000101100000000000010000000000000011
10787,59108,57.696724,260,8,0000000000000000000000000000000000000000111111011001110100000100
27568,59109,57.697102,0AA,8,0001111101100000001000000001111100011111001011000001111111111001
43630,3852,57.697583,423,2,11100000000
43090,59092,57.699445,0BA,5,1100011000000000000000000000000010111110
18511,59112,57.70011,226,8,0000000000000000000100000000000000000000000000000000000000000000
7362,59114,57.705467,25,8,0000111101100101000000000000000101110000000000010000000000010011
27569,59115,57.706096,0AA,8,0001111101011111001000000001111100011111001011110001111111111001
31121,59116,57.70633,24,8,0000000110100111000000011110100001000001110100001000000001001110
13212,59117,57.70657,2C1,8,0000000011111111101010101111111100011101110000000000100101011001
43091,19716,57.706934,0BA,5,0010100100000000000000000000011100101011
21477,59118,57.707099,0B4,8,0000000000000000000000000000000010010100000001010011000010000101
16202,59120,57.708318,1C6,8,0000000000000000100000001111111010011001001001000000000000000000
34994,59123,57.710269,4C3,8,0000001100000000000000000000000100000000000000000000000000000000
34579,59124,57.712323,1C4,8,0000100001000001000111000000000000000000000000000000000000110010
43092,39421,57.714424,0BA,5,0100111100000000000000000000000000101110
7363,59127,57.715435,25,8,0000111101100110000000000000000110100000000010110000000001001110
27570,59128,57.716118,0AA,8,0001111101011110001000000010001000011111001001110001111111111000
10788,59129,57.716671,260,8,0000000000000000000000000000000000000000111111011011001100011010
1477,59130,57.717102,320,8,0000000000100000000000000000000000000000000000000000000001001011
14208,59131,57.717981,442,8,0100001100000010000000000000000000000010000000000000000000000000
43093,39425,57.721913,0BA,5,1110000000100011011011000000000011100100
7364,59134,57.725567,25,8,0000111101100110000000000000000110110000000010110000000001011110
27571,59135,57.726116,0AA,8,0001111101011001001000000010000000011111001000110001111111110001
31122,59136,57.726364,24,8,0000000110100111000000011110011001000001110100011000000001001101
21478,59138,57.727096,0B4,8,0000000000000000000000000000000010010100000001010010101001111111
43094,59121,57.729403,0BA,5,1100011000000000000000000000000010111110
18512,59142,57.731099,226,8,0000000000000000000100000000000000000000000000000000000000000000
43832,3941,57.731456,3BB,5,1010010100000000000000000000000000000000
34580,59144,57.732318,1C4,8,0000100001001111000111000000000000000000000000000000000001000000
7365,59148,57.735431,25,8,0000111101100110000000000000000111000000000010110000000001101110
27572,59149,57.736112,0AA,8,0001111101010110001000000001111000011111001000110001111111101011
13213,59150,57.736356,2C1,8,0000000011111111110011011111111110000000110000000000101011100000
10789,59151,57.736655,260,8,0000000000000000000000000000000000000000111111011101010100111100
43095,19729,57.736892,0BA,5,0010100100000000000000000000010000101000
14015,59152,57.736924,38E,8,0
16203,59154,57.738303,1C6,8,0000000000000000100000001111111100010011001001000000000000000000
43096,39437,57.744382,0BA,5,0100111100000000000000000000000000101110
7366,59158,57.745455,25,8,0000111101100110000000000000000111010000000010110000000001111110
27573,59159,57.746082,0AA,8,0001111101011010001000000001101000011111001000010001111111101110
31123,59160,57.746317,24,8,0000000110100111000000011110110001000001110100111000000001010101
21479,59161,57.747089,0B4,8,0000000000000000000000000000000010011000000001010010101010000011
43097,39443,57.751872,0BA,5,1110000000100011011011000000000011100100
34581,59163,57.752338,1C4,8,0000100001001111000111000000000000000000000000000000000001000000
7367,59166,57.755426,25,8,0000111101100110000000000000000111100000000010110000000010001110
27574,59167,57.756107,0AA,8,0001111101011000001000000001011000011111000110110001111111101011
10790,59168,57.756571,260,8,0000000000000000000000000000000000000000111111011101010100111100
18513,59171,57.759095,226,8,0000000000000000000100000000000000000000000000000000000000000000
43098,59153,57.759361,0BA,5,1100011000000000000000000000000010111110
7368,59174,57.765434,25,8,0000111101100110000000000000000111110000000010110000000010011110
27575,59175,57.766108,0AA,8,0001111101010100001000000001010000011111000110010001111111100010
31124,59176,57.766344,24,8,0000000110100111000000011111000101000001110100111000000001011010
13214,59177,57.766582,2C1,8,0000000011111111111101001111111110110100110000000000101000111011
43099,19733,57.766851,0BA,5,0010100100000000000000000000011100101011
21480,59178,57.767087,0B4,8,0000000000000000000000000000000010011000000001010010101010000011
16204,59180,57.768307,1C6,8,0000000000000000100000001111111110100000001001010000000000000000
1478,59182,57.770087,320,8,0000000000100000000000000000000000000000000000000000000001001011
34582,59183,57.772309,1C4,8,0000100001011000000111000000000000000000000000000000000001001001
43100,39461,57.77434,0BA,5,0100111100000000000000000000000000101110
7369,59186,57.775421,25,8,0000111101100110000000000000000100000000000010110000000010101110
27576,59188,57.776101,0AA,8,0001111101010111001000000001001100011111000111010001111111100010
10791,59189,57.776624,260,8,0000000000000000000000000000000000000000111111011101010100111100
13508,59190,57.776774,394,3,0
43101,39465,57.78183,0BA,5,1110000000100011011011000000000011100100
7370,59193,57.785417,25,8,0000111101100110000000000000000100010000000010110000000010111110
27577,59194,57.786104,0AA,8,0001111101011000001000000001010000011111001000010001111111101011
31125,59195,57.786341,24,8,0000000110100111000000011111010001000001110100011000000001011011
21481,59196,57.78708,0B4,8,0000000000000000000000000000000010011000000001010010010001111101
43102,59181,57.789319,0BA,5,1100011000000000000000000000000010111110
7889,59199,57.789934,610,8,0010000010000000000011010110010011000000000000000110110101000000
18514,59202,57.791085,226,8,0000000000000000000100000000000000000000000000000000000000000000
34583,59204,57.792302,1C4,8,0000100001011101000111000000000000000000000000000000000001001110
7371,59207,57.795412,25,8,0000111101100110000000000000000100100000000010110000000011001110
27578,59208,57.796107,0AA,8,0001111101010100001000000001010100011111001000010001111111111000
13215,59209,57.796346,2C1,8,0000000011111111111111011111111111011010110000000000101001101010
10792,59210,57.79659,260,8,0000000000000000000000000000000000000000111111011110101101010010
43103,19747,57.796809,0BA,5,0010100100000000000000000000010000101000
13760,59211,57.796908,3A5,8,100000000
16205,59213,57.798288,1C6,8,0000000000000000100000000000000000100100001001010000000000000000
31368,59216,57.801926,640,8,1010100000000000000000000011011100000001111000000000000000000000
43104,39481,57.804298,0BA,5,0100111100000000000000000000000000101110
7372,59218,57.805434,25,8,0000111101100110000000000000000100110000000010100000000011011101
27579,59219,57.806067,0AA,8,0001111101010010001000000001011000011111000101000010000000001110
31126,59220,57.806304,24,8,0000000110100110000000011111110101000001110100011000000001100011
21482,59221,57.807074,0B4,8,0000000000000000000000000000000010011100000001010010010010000001
43105,39485,57.811788,0BA,5,1110000000100011011011000000000011100100
16576,59224,57.812004,3F9,8,0111010100011000000000100000001010000000000000000000000000010101
34584,59225,57.812298,1C4,8,0000100001011100000111000000000000000000000000000000000001001101
7373,59228,57.815408,25,8,0000111101100110000000000000000100110000000010100000000011011101
27580,59229,57.816095,0AA,8,0001111101010101001000000001101000011111000011000001111111111101
10793,59230,57.816353,260,8,0000000000000000000000000000000000000000111111011110101101010010
21783,59231,57.81689,443,8,0100110100000010000000000010111100000110000000000000000000000000
18515,59234,57.819079,226,8,0000000000000000000100000000000000000000000000000000000000000000
43106,59212,57.819277,0BA,5,1100011000000000000000000000000010111110
1479,59235,57.820075,320,8,0000000000100000000000000000000000000000000000000000000001001011
7374,59238,57.825432,25,8,0000111101100110000000000000000101000000000010100000000011101101
27581,59239,57.826059,0AA,8,0001111101010111001000000001111000011110111111010001111111100001
31127,59240,57.8263,24,8,0000000110100101000000100000000001000001110011001000000001100001
13216,59241,57.826536,2C1,8,0000000000000000000101101111111111110111110000000000101010100001
43107,19756,57.826767,0BA,5,0010100100000000000000000000011100101011
35054,59242,57.8269,413,8,0000000100000001000000010000100100000000000000000000000000000000
21483,59243,57.827146,0B4,8,0000000000000000000000000000000010011100000001010001111101111100
16206,59245,57.828337,1C6,8,0000000000000000100000000000000010011111001001010000000000000000
34585,59248,57.832295,1C4,8,0000100001010111000111000000000000000000000000000000000001001000
43108,39500,57.834257,0BA,5,0100111100000000000000000000000000101110
7375,59251,57.835406,25,8,0000111101100110000000000000000101010000000010100000000011111101
27582,59252,57.836084,0AA,8,0001111101010111001000000010001000011110111101110001111111000100
10794,59253,57.836329,260,8,0000000000000000000000000000000000000000111111100000000101101001
43109,39506,57.841746,0BA,5,1110000000100011011011000000000011100100
7376,59256,57.845397,25,8,0000111101100110000000000000000101100000000010100000000000001101
27583,59257,57.846079,0AA,8,0001111101010100001000000001101100011110111100110001111111001100
31128,59258,57.846315,24,8,0000000110100100000000011110110101000001110100111000000001010011
21484,59259,57.847062,0B4,8,0000000000000000000000000000000010100000000001010010101010001011
43110,59246,57.849236,0BA,5,1100011000000000000000000000000010111110
18516,59263,57.851068,226,8,0000000000000000000100000000000000000000000000000000000000000000
34586,59264,57.852293,1C4,8,0000100001010000000111000000000000000000000000000000000001000001
7377,59268,57.8554,25,8,0000111101100110000000000000000101100000000010010000000000001100
27584,59269,57.856079,0AA,8,0001111101001001001000000000111000011110111010010001111111001011
10795,59270,57.856321,260,8,0000000000000000000000000000000000000000111111100000110101110101
13217,59271,57.856563,2C1,8,0000000000000000010001100000000000110011110000000000101000001110
43111,19765,57.856725,0BA,5,0010100100000000000000000000010000101000
253,59274,57.858124,3B7,8,1000
16207,59275,57.858305,1C6,8,0000000000000000100000000000000100110110001001010000000000000000
31308,59276,57.858883,4A6,8,0000000000000000000000000000000000000000000101100000000000000000
11156,59277,57.859152,620,8,0001000000000000000000000000000000000000000000000000000000000000
13889,59279,57.862793,4C6,8,0000011100000000000000110000000000000000000000000000000000000000
43112,39521,57.864215,0BA,5,0100111100000000000000000000000000101110
7378,59282,57.865397,25,8,0000111101100110000000000000000101100000000001110000000000001010
27585,59283,57.866079,0AA,8,0001111101000001001000000000011000011110110111010001111110110001
31129,59284,57.866319,24,8,0000000110100100000000011111001101000001110111101000000001100100
21485,59285,57.867057,0B4,8,0000000000000000000000000000000010100000000001010010010010000101
1480,59287,57.869064,320,8,0000000000100000000000000000000000000000000000000000000001001011
43113,39523,57.871704,0BA,5,1110000000100011011011000000000011100100
34587,59288,57.87229,1C4,8,0000100001010000000111000000000000000000000000000000000001000001
7379,59292,57.875394,25,8,0000111101100110000000000000000101100000000001100000000000001001
27586,59293,57.876077,0AA,8,0001111101000000001000000000010100011110111011100001111110110010
10796,59294,57.876317,260,8,0000000000000000000000000000000000000000111111011100100100110000
18517,59297,57.879063,226,8,0000000000000000000100000000000000000000000000000000000000000000
43114,59272,57.879194,0BA,5,1100011000000000000000000000000010111110
7380,59300,57.885418,25,8,0000111101100110000000000000000101100000000001010000000000001000
27587,59301,57.886045,0AA,8,0001111101000011001000000000110100011111000011100001111111000110
31130,59302,57.886283,24,8,0000000110100100000000011111101101000001110111101000000001101100
13218,59303,57.886526,2C1,8,0000000000000000010100000000000001001100110000000000101000110001
43115,19774,57.886683,0BA,5,0010100100000000000000000000011100101011
21486,59304,57.88705,0B4,8,0000000000000000000000000000000010100000000001010001100101111010
16208,59306,57.888285,1C6,8,0000000000000000100000000000000111000010001001100000000000000000
34588,59309,57.892281,1C4,8,0000100001001101000111000000000000000000000000000000000000111110
43116,39542,57.894173,0BA,5,0100111100000000000000000000000000101110
7381,59312,57.895392,25,8,0000111101100110000000000000000101100000000001010000000000001000
27588,59313,57.896078,0AA,8,0001111101000000001000000000111100011111000101010001111111010111
10797,59314,57.896319,260,8,0000000000000000000000000000000000000000111111011100100100110000
43117,39547,57.901662,0BA,5,1110000000100011011011000000000011100100
35279,7337,57.903365,3D3,3,011011000000001000000000
31627,59315,57.903463,633,8,1000000100000000000000000000000000000000000000000000000000000000
7382,59317,57.905388,25,8,0000111101100110000000000000000101100000000001000000000000000111
27589,59318,57.906071,0AA,8,0001111100111011001000000000011000011111000011000001111111011010
31131,59319,57.906313,24,8,0000000110100100000000011111100001000001110110001000000001100011
21487,59321,57.907046,0B4,8,0000000000000000000000000000000010100100000001010001001101111000
43118,59307,57.909152,0BA,5,1100011000000000000000000000000010111110
18518,59325,57.911049,226,8,0000000000000001000100000000000000000000000000000000000000000000
27856,59327,57.912045,420,8,0000000000000000000000000000000011111111000000001000000010101011
34589,59328,57.912287,1C4,8,0000100001001010000111000000000000000000000000000000000000111011
13634,59330,57.912701,4DD,8,0001111000000000000000000000000000000000000000000000000000000000
7383,59332,57.915387,25,8,0000111101100110000000000000000101100000000001000000000000000111
27590,59333,57.916065,0AA,8,0001111100111001001000000000001100011110111111010001111111010011
10798,59334,57.916308,260,8,0000000000000000000000000000000000000000111111011011111000100101
13219,59335,57.916548,2C1,8,0000000000000000011000110000000001011100110000000000101001010100
43119,19786,57.916641,0BA,5,0010100100000000000000000000010000101000
1481,59337,57.918051,320,8,0000000000100000000000000000000000000000000000000000000001001011
16209,59338,57.91829,1C6,8,0000000000000000100000000000001001000011001001100000000000000000
31562,59339,57.918531,44D,8,0100001000000010000000000000000000000001000000000000000000000000
43456,325,57.923109,3000000.0,6,110000010000110000101001000000010000000000000000
43120,39560,57.924131,0BA,5,0100111100000000000000000000000000101110
7384,59344,57.925396,25,8,0000111101100110000000000000000101100000000001000000000000000111
27591,59345,57.926066,0AA,8,0001111100111001000111111111101000011111000000100001111111010001
31132,59346,57.926305,24,8,0000000110100100000000011111010001000001110101111000000001011110
21488,59347,57.92704,0B4,8,0000000000000000000000000000000010100100000001010000111001110011
11283,59351,57.931132,4C8,8,0000100100000000000000000000000000000000000000000000000000000000
43121,39567,57.931621,0BA,5,1110000000100011011111000000000011110100
7650,59352,57.931719,3BC,8,0
34590,59353,57.932273,1C4,8,0000100001001000000111000000000000000000000000000000000000111001
7385,59357,57.935381,25,8,0000111101100110000000000000000101100000000000110000000000000110
27592,59358,57.936065,0AA,8,0001111100111001000111111111110000011111000001110001111111001101
10799,59359,57.936306,260,8,0000000000000000000000000000000000000000111111011000011011101101
28153,59362,57.938437,6C0,8,1110010000000000000000001110000010000000000000000000000000000000
18519,59363,57.939049,226,8,0000000000000000000100000000000000000000000000000000000000000000
43122,59336,57.93911,0BA,5,1100011000000000000000000000000010111110
7386,59366,57.945404,25,8,0000111101100110000000000000000101100000000000110000000000000110
27593,59367,57.946029,0AA,8,0001111100110111000111111111111100011111000000100001111111001100
31133,59368,57.946271,24,8,0000000110100110000000011111101101000001110111001000000001101100
13220,59369,57.946511,2C1,8,0000000000000000100000110000000001111001110000000000101010010001
43123,19791,57.9466,0BA,5,0010100100000000000000000000011100101011
21489,59370,57.947035,0B4,8,0000000000000000000000000000000010100100000001010000111001110011
16210,59372,57.948267,1C6,8,0000000000000000100000000000001011010011001001100000000000000000
34591,59374,57.952271,1C4,8,0000100001001010000111000000000000000000000000000000000000111011
43124,39584,57.954089,0BA,5,0100111100000000000000000000000000101110
7387,59377,57.955375,25,8,0000111101100110000000000000000101100000000000110000000000000110
27594,59379,57.956056,0AA,8,0001111100110110000111111111111000011111000000010001111111001010
10800,59380,57.9563,260,8,0000000000000000000000000000000000000000111111010011100010011111
27917,59381,57.957308,4DC,8,0001110100000000000000000000000000000000000000000000000000000000
43125,39586,57.961579,0BA,5,1110000000100011100011000000000000000100
7388,59384,57.965373,25,8,0000111101100110000000000000000101100000000000110000000000000110
27595,59385,57.966059,0AA,8,0001111100111011000111111111111000011111000011110001111111001011
31134,59386,57.9663,24,8,0000000110101000000000100000000001000001110111101000000001110110
21490,59387,57.96703,0B4,8,0000000000000000000000000000000010101000000001010000100001110001
43126,59373,57.969068,0BA,5,1100011000000000000000000000000010111110
18520,59391,57.971038,226,8,0000000000000000000100000000000000000000000000000000000000000000
1482,59392,57.972033,320,8,0000000000100000000000000000000000000000000000000000000001001011
34592,59394,57.972463,1C4,8,0000100001000101000111000000000000000000000000000000000000110110
10801,59397,57.976234,260,8,0000000000000000000000000000000000000000111111010000101101110010
7389,59398,57.976474,25,8,0000111101100110000000000000000101100000000000100000000000000101
43127,19805,57.976558,0BA,5,0010100100000000000000000000010000101000
13221,59399,57.97671,2C1,8,0000000000000000100101100000000010010110110000000000101011000001
1581,59400,57.976958,6F3,8,0010000000000000000000000000000000000000000000000000000000000000
27596,59401,57.977198,0AA,8,0001111100111110000111111111110100011111000101100001111111001000
16211,59403,57.978258,1C6,8,0000000000000000100000000000001101100011001001110000000000000000
43128,39605,57.984047,0BA,5,0100111100000000000000000000000000101110
7390,59408,57.985391,25,8,0000111101100110000000000000000101100000000000100000000000000101
27597,59409,57.986029,0AA,8,0001111100111110000111111111101100011111000011000001111111000100
31135,59410,57.986266,24,8,0000000110101001000000011111111101000001110110101000000001110001
21491,59411,57.987028,0B4,8,0000000000000000000000000000000010101000000001010000100001110001
43129,39610,57.991537,0BA,5,1110000000100011100000000000000011111000
16342,59414,57.991584,4C1,8,0000000100000000000000010000000100000000000000000000000000000000
13574,59415,57.991831,399,8,0000000000000000000000000000000000000000111111110000000000000000
34593,59416,57.992261,1C4,8,0000100001000101000111000000000000000000000000000000000000110110
7391,59420,57.995366,25,8,0000111101100110000000000000000101100000000000100000000000000101
27598,59421,57.996051,0AA,8,0001111100111100000111111111101000011111000010110001111111000111
10802,59422,57.996296,260,8,0000000000000000000000000000000000000000111111010000101101110010
43130,59402,57.999026,0BA,5,1100011000000000000000000000000010111110
18521,59425,57.999034,226,8,0000000000000000000100000000000000000000000000000000000000000000
7392,59428,58.005449,25,8,0000111101100110000000000000000101100000000000100000000000000101
27599,59429,58.006017,0AA,8,0001111100111011000111111111110100011111000011010001111111001100
31136,59430,58.006254,24,8,0000000110101011000000011111111101000001110101011000000001101110
13222,59431,58.006491,2C1,8,0000000000000000100101100000000010010110110000000000101011000001
43131,19814,58.006516,0BA,5,0010100100000000000000000000011100101011
21492,59433,58.007072,0B4,8,0000000000000000000000000000000010101100000001010000100001110101
11222,59434,58.007316,39A,8,0000000000000000000000000000000100000000000000000000000000000000
16212,59436,58.008258,1C6,8,0000000000000000100000000000001111101010001001110000000000000000
58,59438,58.012161,3B1,8,0000000000000000000000100000101000000000000010000000000000000000
34594,59439,58.012446,1C4,8,0000100000111001000111000000000000000000000000000000000000101010
43132,39624,58.014006,0BA,5,0100111100000000000000000000000000101110
7393,59442,58.015358,25,8,0000111101100110000000000000000101100000000000100000000000000101
27600,59443,58.016044,0AA,8,0001111100111010000111111111101000011111000011110001111111001101
10803,59444,58.016289,260,8,0000000000000000000000000000000000000000111111010000101101110010
1483,59445,58.017023,320,8,0000000000100000000000000000000000000000000000000000000001001011
14209,59446,58.01776,442,8,0100001100000010000000000000000000000010000000000000000000000000
43133,39629,58.021495,0BA,5,1110000000100011100101000000000000001100
7394,59449,58.025353,25,8,0000111101100110000000000000000101100000000000100000000000000101
27601,59450,58.026044,0AA,8,0001111100111011000111111111101100011111000011110001111111000110
31137,59451,58.026281,24,8,0000000110101011000000100000011001000001110100011000000001110010
21493,59452,58.027029,0B4,8,0000000000000000000000000000000010101100000001010000100001110101
43134,59437,58.028985,0BA,5,1100011000000000000000000000000010111110
43833,58747,58.029041,3BB,5,0111000000000000000000001010001100000000
18522,59456,58.03102,226,8,0000000000000000000100000000000000000000000000000000000000000000
34595,59458,58.032261,1C4,8,0000100000100101000111000000000000000000000000000000000000010110
43631,14828,58.033034,423,2,10101000010101
7395,59461,58.035357,25,8,0000111101100110000000000000000101100000000000100000000000000101
10804,59462,58.036016,260,8,0000000000000000000000000000000000000000111111010000101101110010
27602,59463,58.036256,0AA,8,0001111101000000000111111111110100011111000011110001111111001001
43135,19824,58.036474,0BA,5,0010100100000000000000000000010000101000
13223,59464,58.036494,2C1,8,0000000000000000101011000000000010101001110000000000101011101010
16213,59468,58.038234,1C6,8,0000000000000000100000000000010001101110001001110000000000000000
43136,39647,58.043964,0BA,5,0100111100000000000000000000000000101110
7396,59471,58.045355,25,8,0000111101100110000000000000000101100000000000100000000000000101
27603,59472,58.046035,0AA,8,0001111101000011000111111111111000011111000101000001111111010000
31138,59473,58.046274,24,8,0000000110101011000000100000110001000001110100001000000001110111
21494,59474,58.047015,0B4,8,0000000000000000000000000000000010101100000001010000100001110101
43137,39653,58.051453,0BA,5,1110000000100011100001000000000011111100
34596,59477,58.052254,1C4,8,0000100000001100000111000000000000000000000000000000000011111101
10805,59481,58.056211,260,8,0000000000000000000000000000000000000000111111001111010101011011
7397,59482,58.05645,25,8,0000111101100110000000000000000101100000000000010000000000000100
27604,59483,58.057005,0AA,8,0001111101000011001000000000000000011111000101000001111111001110
43138,59466,58.058943,0BA,5,1100011000000000000000000000000010111110
18523,59487,58.060014,226,8,0000000000000000000100000000000000000000000000000000000000000000
16577,59488,58.062309,3F9,8,0111010100011000000000100000001010000000000000000000000000010101
7398,59490,58.065373,25,8,0000111101100110000000000000000101100000000000010000000000000100
27605,59491,58.066005,0AA,8,0001111101000001000111111111111100011111000101000001111111010000
31139,59492,58.06626,24,8,0000000110101011000000100000101001000001110100001000000001110101
43139,19834,58.066432,0BA,5,0010100100000000000000000000011100101011
13224,59493,58.066482,2C1,8,0000000000000000101100000000000010110000110000000000101011110101
21495,59495,58.067042,0B4,8,0000000000000000000000000000000010110000000001010000111001111111
16214,59497,58.068246,1C6,8,0000000000000000100000000000010011111011001001110000000000000000
1484,59499,58.070014,320,8,0000000000100000000000000000000000000000000000000000000001001011
34597,59501,58.072245,1C4,8,0000011111110001000111000000000000000000000000000000000011100001
43140,39670,58.073922,0BA,5,0100111100000000000000000000000000101110
7399,59504,58.075343,25,8,0000111101100110000000000000000101100000000000010000000000000100
10806,59505,58.075846,260,8,0000000000000000000000000000000000000000111111010000000001100111
27606,59506,58.076085,0AA,8,0001111101000001000111111111110100011111000100010001111111010001
13509,59507,58.076237,394,3,0
43141,39673,58.081411,0BA,5,1110000000100011100110000000000000010000
7400,59510,58.085368,25,8,0000111101100110000000000000000101100000000000010000000000000100
27607,59511,58.085996,0AA,8,0001111101000011000111111111101000011111000101000001111111010010
31140,59512,58.086235,24,8,0000000110101011000000100000001101000001110100001000000001101110
21496,59514,58.087014,0B4,8,0000000000000000000000000000000010110000000001010000111001111111
43142,59498,58.088901,0BA,5,1100011000000000000000000000000010111110
18524,59518,58.091006,226,8,0000000000000000000100000000000000000000000000000000000000000000
34598,59519,58.092238,1C4,8,0000011111110001000111000000000000000000000000000000000011100001
7401,59522,58.095338,25,8,0000111101100110000000000000000101100000000000010000000000000100
10807,59523,58.095821,260,8,0000000000000000000000000000000000000000111111010000000001100111
27608,59524,58.096059,0AA,8,0001111101000001000111111111100100011111000100100001111111001110
13225,59525,58.096294,2C1,8,0000000000000000110000110000000010111100110000000000101000010100
43143,19846,58.096391,0BA,5,0010100100000000000000000000010000101000
13308,59526,58.096829,30000000.0,7,0
16215,59528,58.098232,1C6,8,0000000000000000100000000000010101111101001010000000000000000000
43144,39686,58.10388,0BA,5,0100111100000000000000000000000000101110
7402,59532,58.105362,25,8,0000111101100110000000000000000101100000000000010000000000000100
27609,59533,58.10599,0AA,8,0001111101000011000111111111110000011111000100000001111111010010
31141,59534,58.106231,24,8,0000000110101001000000100000001101000001110100001000000001101100
21497,59535,58.106996,0B4,8,0000000000000000000000000000000010110000000001010000111001111111
43145,39691,58.11137,0BA,5,1110000000100011100101000000000000001100
34599,59537,58.112236,1C4,8,0000011111011001000111000000000000000000000000000000000011001001
10808,59540,58.115793,260,8,0000000000000000000000000000000000000000111111010000000001100111
7403,59542,58.116374,25,8,0000111101100110000000000000000101100000000000010000000000000100
21784,59543,58.116826,443,8,0100110100000010000000000010111100000110000000000000000000000000
27610,59544,58.117066,0AA,8,0001111101000011001000000000000000011111000100000001111111010010
43146,59527,58.118859,0BA,5,1100011000000000000000000000000010111110
18525,59548,58.119998,226,8,0000000000000000000100000000000000000000000000000000000000000000
1485,59549,58.120994,320,8,0000000000100000000000000000000000000000000000000000000001001011
35383,19498,58.122736,386,7,10100100000000000000000000000000000000000000000010000000
7404,59552,58.12533,25,8,0000111101100110000000000000000101100000000000010000000000000100
27611,59553,58.126013,0AA,8,0001111101000011001000000000001000011111000101000001111111010011
31142,59554,58.126251,24,8,0000000110101000000000100000010101000001110100001000000001101101
43147,19853,58.126349,0BA,5,0010100100000000000000000000011100101011
13226,59555,58.126493,2C1,8,0000000000000000110011000000000011001001110000000000101000101010
27959,59556,58.126846,300000000.0,8,0
21498,59557,58.127101,0B4,8,0000000000000000000000000000000010110100000001010000111010000011
16216,59559,58.128259,1C6,8,0000000000000000100000000000010111110101001010000000000000000000
34600,59562,58.132234,1C4,8,0000011111000010000111000000000000000000000000000000000010110010
34928,59564,58.132785,3C3,8,0100011000011110100100110100111000000000000000000000000000000000
43148,39710,58.133838,0BA,5,0100111100000000000000000000000000101110
7405,59566,58.135328,25,8,0000111101100110000000000000000101100000000000010000000000000100
10809,59567,58.135752,260,8,0000000000000000000000000000000000000000111111010000000001100111
27612,59569,58.136182,0AA,8,0001111101000001001000000000010100011111000011110001111111010110
43149,39713,58.141328,0BA,5,1110000000100011101010000000000000100000
7406,59571,58.145355,25,8,0000111101100110000000000000000101100000000000010000000000000100
27613,59572,58.145986,0AA,8,0001111101000000001000000000001000011111000011010001111111011111
31143,59573,58.146227,24,8,0000000110100110000000100000010101000001110100011000000001101100
21499,59574,58.146981,0B4,8,0000000000000000000000000000000010110100000001010000111010000011
43150,59560,58.148817,0BA,5,1100011000000000000000000000000010111110
18526,59578,58.15099,226,8,0000000000000000000100000000000000000000000000000000000000000000
34601,59579,58.152232,1C4,8,0000011110110010000111000000000000000000000000000000000010100010
7407,59583,58.155323,25,8,0000111101100110000000000000000101100000000000010000000000000100
10810,59584,58.155823,260,8,0000000000000000000000000000000000000000111111001111010101011011
27614,59585,58.156059,0AA,8,0001111100111111001000000000000100011111000100000001111111010111
13227,59586,58.156298,2C1,8,0000000000000000110010010000000011000011110000000000101000100001
43151,19866,58.156307,0BA,5,0010100100000000000000000000010000101000
27939,59587,58.156838,3000000000.0,8,0
254,59589,58.157992,3B7,8,1000
16217,59590,58.158224,1C6,8,0000000000000000100000000000011001111001001010000000000000000000
7711,59591,58.158659,611,8,0010000100000000000000000001000000000000000000000011110101101100
35280,59382,58.163022,3D3,3,111001010000000100101110
43152,39730,58.163796,0BA,5,0100111100000000000000000000000000101110
7408,59595,58.16532,25,8,0000111101100110000000000000000101100000000000010000000000000100
27615,59596,58.166002,0AA,8,0001111100111011001000000000000000011111000100010001111111010111
31144,59597,58.166242,24,8,0000000110100110000000100000000001000001110100111000000001101001
21500,59598,58.166977,0B4,8,0000000000000000000000000000000010110100000001010000111010000011
1486,59601,58.168984,320,8,0000000000100000000000000000000000000000000000000000000001001011
11157,59602,58.170661,620,8,0001000000000000000000000000000000000000000000000000000000000000
43153,39733,58.171286,0BA,5,1110000000100011101001000000000000011100
34602,59603,58.172224,1C4,8,0000011110110010000111000000000000000000000000000000000010100010
10811,59605,58.175737,260,8,0000000000000000000000000000000000000000111111010000000001100111
7409,59607,58.176347,25,8,0000111101100110000000000000000101100000000000010000000000000100
27616,59609,58.177042,0AA,8,0001111100111010001000000000010000011111000010100001111111011000
43154,59588,58.178776,0BA,5,1100011000000000000000000000000010111110
18527,59612,58.179983,226,8,0000000000000000000100000000000000000000000000000000000000000000
7410,59616,58.185364,25,8,0000111101100110000000000000000101100000000000010000000000000100
27617,59617,58.18597,0AA,8,0001111100111001001000000000001000011111000001110001111111010111
31145,59618,58.186209,24,8,0000000110100101000000011111101001000001110101011000000001100011
43155,19876,58.186265,0BA,5,0010100100000000000000000000011100101011
13228,59619,58.186444,2C1,8,0000000000000000111000110000000011100110110000000000101001011110
21501,59620,58.186978,0B4,8,0000000000000000000000000000000010111000000001010000111010000111
16218,59623,58.188288,1C6,8,0000000000000000100000000000011011110100001010000000000000000000
34603,59625,58.192228,1C4,8,0000011110101100000111000000000000000000000000000000000010011100
43156,39746,58.193755,0BA,5,0100111100000000000000000000000000101110
7411,59628,58.195316,25,8,0000111101100110000000000000000101100000000000010000000000000100
10812,59629,58.195741,260,8,0000000000000000000000000000000000000000111111001111010101011011
27618,59630,58.195997,0AA,8,0001111100111001001000000000000000011111000001100001111111010010
43157,39753,58.201244,0BA,5,1110000000100011101011000000000000100100
7412,59633,58.205309,25,8,0000111101100110000000000000000101100000000000010000000000000100
27619,59634,58.205995,0AA,8,0001111100111001000111111111100100011111000010000001111111010011
31146,59635,58.206236,24,8,0000000110100101000000011111101101000001110101011000000001100100
21502,59636,58.206967,0B4,8,0000000000000000000000000000000010111000000001010000111010000111
43158,59624,58.208734,0BA,5,1100011000000000000000000000000010111110
18528,59640,58.210974,226,8,0000000000000000000100000000000000000000000000000000000000000000
34604,59641,58.212216,1C4,8,0000011110110001000111000000000000000000000000000000000010100001
7413,59644,58.215307,25,8,0000111101100110000000000000000101100000000000010000000000000100
10813,59645,58.215723,260,8,0000000000000000000000000000000000000000111111001101001100111001
27620,59646,58.215997,0AA,8,0001111100111011000111111111100000011111000010000001111111010101
43159,19886,58.216223,0BA,5,0010100100000000000000000000010000101000
13229,59647,58.216234,2C1,8,0000000000000000111000110000000011100011110000000000101001011011
31563,59649,58.217854,44D,8,0100001000000010000000000000000000000001000000000000000000000000
16219,59651,58.218279,1C6,8,0000000000000000100000000000011101100110001010000000000000000000
1487,59652,58.218528,320,8,0000000000100000000000000000000000000000000000000000000001001011
43160,39770,58.223713,0BA,5,0100111100000000000000000000000000101110
7414,59655,58.225332,25,8,0000111101100110000000000000000101100000000000010000000000000100
27621,59656,58.225964,0AA,8,0001111100111001000111111111100000011111000001110001111111010001
31147,59657,58.226205,24,8,0000000110100110000000011111110101000001110101011000000001100111
21503,59658,58.226962,0B4,8,0000000000000000000000000000000010111100000001010000100010000101
43161,39772,58.231202,0BA,5,1110000000100011101011000000000000100100
34605,59661,58.232208,1C4,8,0000011110111011000111000000000000000000000000000000000010101011
7415,59665,58.235303,25,8,0000111101100110000000000000000101100000000000010000000000000100
10814,59666,58.235726,260,8,0000000000000000000000000000000000000000111111001101111101000101
27622,59667,58.235986,0AA,8,0001111100111010000111111111100000011111000001010001111111001110
28154,59669,58.237855,6C0,8,1110010000000000000000001110000010000000000000000000000000000000
43162,59648,58.238692,0BA,5,1100011000000000000000000000000010111110
18529,59671,58.238968,226,8,0000000000000000000100000000000000000000000000000000000000000000
7416,59674,58.245325,25,8,0000111101100110000000000000000101100000000000010000000000000100
27623,59675,58.245955,0AA,8,0001111100110110000111111111100000011111000001100001111111001101
43163,19894,58.246181,0BA,5,0010100100000000000000000000011100101011
31148,59676,58.246192,24,8,0000000110100110000000011111101101000001110101111000000001100111
13230,59677,58.246428,2C1,8,0000000000000000111010010000000011110000110000000000101101101111
21504,59678,58.246958,0B4,8,0000000000000000000000000000000010111100000001010000100010000101
16220,59680,58.24848,1C6,8,0000000000000000100000000000011111001101001001110000000000000000
34606,59683,58.252206,1C4,8,0000011111001010000111000000000000000000000000000000000010111010
43164,39790,58.253671,0BA,5,0100111100000000000000000000000000101110
10815,59686,58.255662,260,8,0000000000000000000000000000000000000000111111001110101001010000
7417,59688,58.256324,25,8,0000111101100110000000000000000101100000000000010000000000000100
27624,59689,58.256955,0AA,8,0001111100111001000111111111100000011111000000110001111111001010
43165,39794,58.26116,0BA,5,1110000000100011101011000000000000100100
7418,59691,58.265292,25,8,0000111101100110000000000000000101100000000000010000000000000100
27625,59692,58.265979,0AA,8,0001111100110110000111111111011000011111000001000001111111001011
31149,59693,58.266218,24,8,0000000110100111000000011111100001000001110101111000000001100101
21505,59694,58.266956,0B4,8,0000000000000000000000000000000010111100000001010000100010000101
43166,59681,58.26865,0BA,5,1100011000000000000000000000000010111110
18530,59699,58.270956,226,8,0000000000000000000100000000000000000000000000000000000000000000
1488,59700,58.271953,320,8,0000000000100000000000000000000000000000000000000000000001001011
34607,59701,58.272204,1C4,8,0000011111001010000111000000000000000000000000000000000010111010
7419,59704,58.275293,25,8,0000111101100110000000000000000101100000000000010000000000000100
10816,59705,58.275635,260,8,0000000000000000000000000000000000000000111111001101111101000101
27626,59706,58.275971,0AA,8,0001111100110000000111111111010100011111000010100001111111001011
43167,19907,58.27614,0BA,5,0010100100000000000000000000010000101000
13231,59707,58.276215,2C1,8,0000000000000001000000000000000100000000110000000000110010011001
16221,59710,58.278188,1C6,8,0000000000000000100000000000100000101101001001110000000000000000
43168,39811,58.283629,0BA,5,0100111100000000000000000000000000101110
7420,59714,58.285316,25,8,0000111101100110000000000000000101100000000000010000000000000100
27627,59715,58.285943,0AA,8,0001111100110000000111111111010100011111000010100001111111000110
31150,59716,58.286182,24,8,0000000110101000000000011111101001000001110110001000000001101001
21506,59717,58.286949,0B4,8,0000000000000000000000000000000011000000000001010000100010001001
7890,59719,58.290565,610,8,0010000000000000000011010110010011000000000000000110110101000000
43169,39816,58.291119,0BA,5,1110000000100011101011000000000000100100
34608,59720,58.292196,1C4,8,0000011111011010000111000000000000000000000000000000000011001010
7421,59723,58.295288,25,8,0000111101100110000000000000000101100000000000010000000000000100
10817,59724,58.295529,260,8,0000000000000000000000000000000000000000111111001110101001010000
27628,59725,58.295975,0AA,8,0001111100110100000111111111001100011111000001010001111111000110
43170,59708,58.298608,0BA,5,1100011000000000000000000000000010111110
18531,59728,58.298956,226,8,0000000000000000000100000000000000000000000000000000000000000000
7422,59731,58.30531,25,8,0000111101100110000000000000000101100000000000000000000000000011
27629,59733,58.306035,0AA,8,0001111100110110000111111111000000011111000001100001111111001010
43171,19914,58.306098,0BA,5,0010100100000000000000000000011100101011
31151,59734,58.306276,24,8,0000000110101001000000011111110101000001110101111000000001101100
13232,59735,58.306512,2C1,8,0000000000000001001001100000000100100000110000000000111011100001
21507,59736,58.306945,0B4,8,0000000000000000000000000000000011000000000001010000001110000100
16222,59738,58.308198,1C6,8,0000000000000000100000000000100010000101001001100000000000000000
16578,59740,58.311813,3F9,8,0111010100011000000000100000001010000000000000000000000000010101
34609,59741,58.312202,1C4,8,0000011111101100000111000000000000000000000000000000000011011100
43172,39831,58.313587,0BA,5,0100111100000000000000000000000000101110
7423,59744,58.315286,25,8,0000111101100110000000000000000101100000000000000000000000000011
10818,59745,58.315527,260,8,0000000000000000000000000000000000000000111111001110101001010000
27630,59746,58.315961,0AA,8,0001111100110101000111111111000000011111000001110001111111001010
1489,59748,58.316945,320,8,0000000000100000000000000000000000000000000000000000000001001011
14210,59749,58.317539,442,8,0100001100000010000000000000000000000010000000000000000000000000
43173,39835,58.321077,0BA,5,1110000000100011101011000000000000100100
7424,59752,58.325281,25,8,0000111101100110000000000000000101100000000000000000000000000011
27631,59753,58.325965,0AA,8,0001111100110100000111111111000100011111000001100001111111000001
31152,59754,58.326204,24,8,0000000110101011000000011111110101000001110101111000000001101110
43834,1999,58.326625,3BB,5,1011101100000000000000000000000000100110
21508,59755,58.326942,0B4,8,0000000000000000000000000000000011000000000001010000001110000100
43174,59739,58.328566,0BA,5,1100011000000000000000000000000010111110
13950,59758,58.329542,622,8,0001001000000000000000000000000000000000000000000000000000000000
18532,59760,58.330942,226,8,0000000000000000000100000000000000000000000000000000000000000000
34610,59762,58.332192,1C4,8,0000011111111110000111000000000000000000000000000000000011101110
7425,59766,58.335276,25,8,0000111101100110000000000000000101100000000000000000000000000011
10819,59767,58.335521,260,8,0000000000000000000000000000000000000000111111001101111101000101
27632,59768,58.335958,0AA,8,0001111100110110000111111111001100011111000001110001111111000010
43175,19928,58.336056,0BA,5,0010100100000000000000000000010000101000
13233,59769,58.336198,2C1,8,0000000000000001001110010000000100100000110000000000111011110100
16223,59771,58.338175,1C6,8,0000000000000000100000000000100011000110001001100000000000000000
43176,39851,58.343545,0BA,5,0100111100000000000000000000000000101110
7426,59775,58.3453,25,8,0000111101100110000000000000000101100000000000000000000000000011
27633,59776,58.345928,0AA,8,0001111100111001000111111111000000011111000001110001111111000100
31153,59777,58.346167,24,8,0000000110101011000000011111101101000001110100111000000001101000
21509,59778,58.346933,0B4,8,0000000000000000000000000000000011000100000001010000001110001000
43177,39855,58.351035,0BA,5,1110000000100011101100000000000000101000
34611,59781,58.352189,1C4,8,0000100000001100000111000000000000000000000000000000000011111101
7427,59784,58.355277,25,8,0000111101100110000000000000000101100000000000000000000000000011
10820,59785,58.355519,260,8,0000000000000000000000000000000000000000111111001101001100111001
27634,59786,58.355953,0AA,8,0001111100111010000111111111000100011111000001110001111111000001
43178,59770,58.358525,0BA,5,1100011000000000000000000000000010111110
18533,59789,58.358938,226,8,0000000000000000000100000000000000000000000000000000000000000000
7428,59792,58.365477,25,8,0000111101100110000000000000000101100000000000000000000000000011
27635,59793,58.365927,0AA,8,0001111100111011000111111111100000011111000001110001111111000001
43179,19937,58.366014,0BA,5,0010100100000000000000000000011100101011
31154,59794,58.366166,24,8,0000000110101011000000011111110101000001110100011000000001101000
13234,59795,58.366406,2C1,8,0000000000000001010011000000000100101100110000000000111100010100
21510,59796,58.366928,0B4,8,0000000000000000000000000000000011000100000001010000001110001000
16224,59798,58.368184,1C6,8,0000000000000000100000000000100011100001001001010000000000000000
43632,59073,58.368485,423,2,1000100000000
1490,59800,58.369931,320,8,0000000000100000000000000000000000000000000000000000000001001011
34612,59802,58.372184,1C4,8,0000100000001100000111000000000000000000000000000000000011111101
43180,39870,58.373504,0BA,5,0100111100000000000000000000000000101110
7429,59805,58.375267,25,8,0000111101100110000000000000000101100000000000000000000000000011
10821,59806,58.375508,260,8,0000000000000000000000000000000000000000111111001101001100111001
13510,59807,58.375659,394,3,0
27636,59808,58.375947,0AA,8,0001111100111011000111111111010000011111000001100001111111001001
43181,39875,58.380993,0BA,5,1110000000100011101100000000000000101000
7430,59813,58.385289,25,8,0000111101100110000000000000000101100000000000000000000000000011
27637,59814,58.385919,0AA,8,0001111100111011000111111111100000011111000001110001111111000000
31155,59815,58.386161,24,8,0000000110101011000000100000000001000001110100011000000001101100
31688,59816,58.386786,389,8,0000000000100000000000000000000000000000000000000000000000000000
21511,59817,58.387025,0B4,8,0000000000000000000000000000000011000100000001010000100010001101
43182,59799,58.388483,0BA,5,1100011000000000000000000000000010111110
18534,59821,58.390931,226,8,0000000000000000000100000000000000000000000000000000000000000000
34613,59822,58.392177,1C4,8,0000100000010110000111000000000000000000000000000000000000000111
7431,59825,58.395255,25,8,0000111101100110000000000000000101100000000000000000000000000011
10822,59826,58.395498,260,8,0000000000000000000000000000000000000000111111001100100000101110
27638,59827,58.395941,0AA,8,0001111100111011000111111111101000011111000001110001111111000001
43183,19947,58.395972,0BA,5,0010100100000000000000000000010000101000
13235,59828,58.396184,2C1,8,0000000000000001011000000000000101010011110000000000111101001111
16225,59831,58.398397,1C6,8,0000000000000000100000000000100011111010001001010000000000000000
43184,39890,58.403462,0BA,5,0100111100000000000000000000000000101110
7432,59834,58.40526,25,8,0000111101100110000000000000000101100000000000000000000000000011
27639,59835,58.405937,0AA,8,0001111100111011000111111111101000011111000001010001111111000101
31156,59836,58.406176,24,8,0000000110101011000000100000000101000001110100011000000001101101
21512,59837,58.406914,0B4,8,0000000000000000000000000000000011001000000001010000100010010001
43185,39894,58.410951,0BA,5,1110000000100011101100000000000000101000
34614,59840,58.412169,1C4,8,0000100000011100000111000000000000000000000000000000000000001101
7433,59844,58.415251,25,8,0000111101100110000000000000000101100000000000000000000000000011
10823,59845,58.415494,260,8,0000000000000000000000000000000000000000111111001011110100100011
27640,59846,58.415938,0AA,8,0001111100111110000111111111101100011111000000110001111111000110
21785,59847,58.416757,443,8,0100110100000010000000000010111100000110000000000000000000000000
43186,59829,58.418441,0BA,5,1100011000000000000000000000000010111110
18535,59850,58.418921,226,8,0000000000000000000100000000000000000000000000000000000000000000
1491,59851,58.419917,320,8,0000000000100000000000000000000000000000000000000000000001001011
35281,7401,58.422678,3D3,3,011011000000001000000000
7434,59853,58.425276,25,8,0000111101100110000000000000000101100000000000000000000000000011
13695,59854,58.425683,4B7,8,1110001111011111001000001111000000000000111001100000000100001000
27641,59855,58.425925,0AA,8,0001111100111110000111111111101000011111000000110001111111000001
43187,19957,58.42593,0BA,5,0010100100000000000000000000011100101011
31157,59856,58.426166,24,8,0000000110101010000000100000000101000001110100001000000001101011
13236,59857,58.426409,2C1,8,0000000000000001011100000000000101110011110000000000111101111111
21513,59858,58.426904,0B4,8,0000000000000000000000000000000011001000000001010000100010010001
16226,59860,58.428183,1C6,8,0000000000000000100000000000100100010010001001000000000000000000
34615,59864,58.432176,1C4,8,0000100000011010000111000000000000000000000000000000000000001011
43188,39912,58.43342,0BA,5,0100111100000000000000000000000000101110
10824,59868,58.435317,260,8,0000000000000000000000000000000000000000111111001001110000000010
7435,59869,58.435558,25,8,0000111101100110000000000000000101100000000000000000000000000011
27642,59870,58.43594,0AA,8,0001111100111111000111111111101000011111000010100001111111000101
43189,39918,58.44091,0BA,5,1110000000100011101100000000000000101000
7436,59872,58.445247,25,8,0000111101100110000000000000000101100000000000000000000000000011
27643,59873,58.44593,0AA,8,0001111101000000000111111111101000011111000001110001111111000101
31158,59874,58.446174,24,8,0000000110101001000000100000001101000001110100011000000001101101
319,59875,58.446773,38F,8,0000000100000000000000000000000000000000000000000000000000000000
21514,59876,58.447014,0B4,8,0000000000000000000000000000000011001100000001010000100010010101
43190,59861,58.448399,0BA,5,1100011000000000000000000000000010111110
18536,59882,58.450911,226,8,0000000000000000000100000000000000000000000000000000000000000000
34616,59883,58.452167,1C4,8,0000100000010110000111000000000000000000000000000000000000000111
10825,59886,58.455229,260,8,0000000000000000000000000000000000000000111111001000010111101011
7437,59887,58.455471,25,8,0000111101100110000000000000000101100000000000000000000000000011
43191,19969,58.455889,0BA,5,0010100100000000000000000000010000101000
27644,59888,58.455931,0AA,8,0001111101000000000111111111110100011111000001110001111111000001
13237,59889,58.456171,2C1,8,0000000000000001100000000000000110101001110000000000111111000101
255,59891,58.457913,3B7,8,1000
16227,59892,58.458239,1C6,8,0000000000000000100000000000100011111100001001000000000000000000
11158,59893,58.458446,620,8,0001000000000000000000000000000000000000000000000000000000000000
43192,39931,58.463378,0BA,5,0100111100000000000000000000000000101110
7438,59897,58.465243,25,8,0000111101100110000000000000000101100000000000000000000000000011
27645,59898,58.465928,0AA,8,0001111101000000000111111111110100011111000001110001111111000011
31159,59899,58.46617,24,8,0000000110101000000000100000010101000001110100011000000001101110
21515,59900,58.466901,0B4,8,0000000000000000000000000000000011001100000001010000111010011011
1492,59902,58.468908,320,8,0000000000100000000000000000000000000000000000000000000001001011
43193,39937,58.470868,0BA,5,1110000000100011101100000000000000101000
34617,59903,58.472164,1C4,8,0000100000010110000111000000000000000000000000000000000000000111
10826,59905,58.475217,260,8,0000000000000000000000000000000000000000111111000111101011100000
7439,59907,58.476267,25,8,0000111101100110000000000000000101100000000000000000000000000011
27646,59908,58.476897,0AA,8,0001111101000000000111111111111000011111000001100001111111000110
34752,59909,58.477212,380,8,0
43194,59890,58.478357,0BA,5,1100011000000000000000000000000010111110
18537,59913,58.479905,226,8,0000000000000000000100000000000000000000000000000000000000000000
7440,59918,58.485264,25,8,0000111101100110000000000000000101100000000000000000000000000011
43195,19976,58.485847,0BA,5,0010100100000000000000000000011100101011
27647,59919,58.485891,0AA,8,0001111101000000000111111111111100011111000001110001111111000110
31160,59920,58.486132,24,8,0000000110100111000000100000011001000001110100111000000001110000
13238,59921,58.486371,2C1,8,0000000000000001100100110000000110110011110000000000111111100010
21516,59922,58.486892,0B4,8,0000000000000000000000000000000011001100000001010000111010011011
16228,59924,58.488162,1C6,8,0000000000000000100000000000100011100111001000110000000000000000
34618,59926,58.492167,1C4,8,0000100000010000000111000000000000000000000000000000000000000001
43196,39956,58.493336,0BA,5,0100111100000000000000000000000000101110
10827,59929,58.495207,260,8,0000000000000000000000000000000000000000111111000110111111010101
7441,59930,58.49545,25,8,0000111101100110000000000000000101100000000000000000000000000011
27648,59931,58.495918,0AA,8,0001111101000000001000000000000000011111000001110001111111001000
43197,39959,58.500826,0BA,5,1110000000100011101100000000000000101000
7442,59935,58.505259,25,8,0000111101100110000000000000000101100000000000000000000000000011
27649,59936,58.505891,0AA,8,0001111100111110001000000000001000011111000011000001111111001101
31161,59937,58.506129,24,8,0000000110100111000000100000100001000001110100111000000001110010
21517,59938,58.506889,0B4,8,0000000000000000000000000000000011010000000001010000111010011111
43198,59925,58.508315,0BA,5,1100011000000000000000000000000010111110
18538,59942,58.510896,226,8,0000000000000000000100000000000000000000000000000000000000000000
34619,59943,58.512159,1C4,8,0000100000000110000111000000000000000000000000000000000011110111
10828,59948,58.515157,260,8,0000000000000000000000000000000000000000111111000110010011001010
7443,59949,58.515401,25,8,0000111101100110000000000000000101100000000000000000000000000011
43199,19991,58.515805,0BA,5,0010100100000000000000000000010000101000
27650,59950,58.51591,0AA,8,0001111101000000001000000000001000011111000011010001111111001101
13239,59951,58.516157,2C1,8,0000000000000001101000110000000111000000110000000000111111111111
31564,59953,58.517282,44D,8,0100001000000010000000000000000000000001000000000000000000000000
1493,59954,58.517895,320,8,0000000000100000000000000000000000000000000000000000000001001011
16229,59955,58.51814,1C6,8,0000000000000000100000000000100011010100001000110000000000000000
43200,39978,58.523295,0BA,5,0100111100000000000000000000000000101110
7444,59958,58.525228,25,8,0000111101100110000000000000000101100000000000000000000000000011
27651,59959,58.525913,0AA,8,0001111101000000001000000000000100011111000011000001111111001100
31162,59960,58.52615,24,8,0000000110100110000000100000100001000001110100111000000001110001
21518,59961,58.526884,0B4,8,0000000000000000000000000000000011010000000001010000111010011111
43201,39982,58.530784,0BA,5,1110000000100011101100000000000000101000
34620,59965,58.532155,1C4,8,0000011111111010000111000000000000000000000000000000000011101010
10829,59968,58.535076,260,8,0000000000000000000000000000000000000000111111000110111111010101
7445,59969,58.53532,25,8,0000111101100110000000000000000101100000000000000000000000000011
27652,59970,58.535902,0AA,8,0001111101000011001000000000000100011111000011010001111111001101
28155,59972,58.53726,6C0,8,1110010000000000000000001110000010000000000000000000000000000000
43202,59952,58.538274,0BA,5,1100011000000000000000000000000010111110
18539,59974,58.538892,226,8,0000000000000000000100000000000000000000000000000000000000000000
34810,59975,58.540365,4DF,8,0010000000000000000000000000000100000000000000000000000000000000
7446,59977,58.545256,25,8,0000111101100110000000000000000101100000000000000000000000000011
43203,19999,58.545763,0BA,5,0010100100000000000000000000011100101011
27653,59979,58.54588,0AA,8,0001111101000000001000000000000100011111000011110001111111010101
31163,59980,58.546116,24,8,0000000110100110000000100000100001000001110101011000000001110011
13240,59981,58.546359,2C1,8,0000000000000001101010010000000111000000110000000000111100000101
21519,59982,58.54688,0B4,8,0000000000000000000000000000000011010000000001010000111010011111
16230,59984,58.548144,1C6,8,0000000000000000100000000000100010101101001000110000000000000000
34621,59986,58.55215,1C4,8,0000011111110000000111000000000000000000000000000000000011100000
43204,39995,58.553253,0BA,5,0100111100000000000000000000000000101110
10830,59989,58.555048,260,8,0000000000000000000000000000000000000000111111000110010011001010
7447,59990,58.555291,25,8,0000111101100110000000000000000101100000000000000000000000000011
27654,59991,58.555905,0AA,8,0001111101000001001000000000010000011111000011000001111111010000
43205,40001,58.560742,0BA,5,1110000000100011101100000000000000101000
16579,59993,58.562121,3F9,8,0111010100011000000000100000001010000000000000000000000000010101
7448,59996,58.565215,25,8,0000111101100110000000000000000101100000000000000000000000000011
27655,59997,58.565905,0AA,8,0001111101000011001000000000010000011111000011000001111111010011
31164,59998,58.56614,24,8,0000000110100110000000100000100001000001110101011000000001110011
21520,59999,58.566873,0B4,8,0000000000000000000000000000000011010100000001010000111010100011
43206,59985,58.568232,0BA,5,1100011000000000000000000000000010111110
18540,60003,58.57088,226,8,0000000000000000000100000000000000000000000000000000000000000000
1494,60004,58.571878,320,8,0000000000100000000000000000000000000000000000000000000001001011
34622,60005,58.572146,1C4,8,0000011111110000000111000000000000000000000000000000000011100000
14274,60007,58.572877,60.0,8,1010000100000000000000000000000000000000011100000000000000000000
10831,60009,58.575046,260,8,0000000000000000000000000000000000000000111111000110010011001010
7449,60010,58.575287,25,8,0000111101100110000000000000000101100000000000000000000000000011
43207,20012,58.575721,0BA,5,0010100100000000000000000000010000101000
27656,60011,58.575894,0AA,8,0001111101000000001000000000011000011111000011010001111111010011
13241,60012,58.57614,2C1,8,0000000000000001101100110000000111000110110000000000111100010101
16231,60016,58.578132,1C6,8,0000000000000000100000000000100001111110001000110000000000000000
43208,40018,58.583211,0BA,5,0100111100000000000000000000000000101110
7450,60020,58.585234,25,8,0000111101100110000000000000000101100000000000000000000000000011
27657,60021,58.585867,0AA,8,0001111101000011001000000000011100011111000100000001111111010101
31165,60022,58.586103,24,8,0000000110100110000000100000100001000001110101011000000001110011
21521,60023,58.586869,0B4,8,0000000000000000000000000000000011010100000001010000111010100011
43209,40021,58.5907,0BA,5,1110000000100011101100000000000000101000
7771,60025,58.59174,435,8,1000000000000101000001011111111111100000001111110000000000000011
34623,60026,58.592141,1C4,8,0000011111100111000111000000000000000000000000000000000011010111
10832,60030,58.595043,260,8,0000000000000000000000000000000000000000111111000110010011001010
7451,60031,58.595285,25,8,0000111101100110000000000000000101100000000000000000000000000011
27658,60032,58.59589,0AA,8,0001111101000011001000000000011100011111000011110001111111010101
43210,60013,58.59819,0BA,5,1100011000000000000000000000000010111110
10961,60035,58.598744,436,8,0
18541,60036,58.59899,226,8,0000000000000000000100000000000000000000000000000000000000000000
7452,60038,58.605203,25,8,0000111101100110000000000000000101100000000000000000000000000011
43211,20024,58.60568,0BA,5,0010100100000000000000000000011100101011
27659,60039,58.605889,0AA,8,0001111101000100001000000000011100011111000011110001111111011010
31166,60040,58.606127,24,8,0000000110100111000000100000011001000001110101011000000001110010
13242,60041,58.606371,2C1,8,0000000000000001110000110000000111100000110000000000111100111111
21522,60042,58.606866,0B4,8,0000000000000000000000000000000011010100000001010001001110101000
16232,60044,58.608133,1C6,8,0000000000000000100000000000100001010010001000100000000000000000
34624,60047,58.612138,1C4,8,0000011111100000000111000000000000000000000000000000000011010000
43212,40038,58.613169,0BA,5,0100111100000000000000000000000000101110
10833,60050,58.615041,260,8,0000000000000000000000000000000000000000111111000101100010111110
7453,60051,58.615282,25,8,0000111101100110000000000000000101100000000000000000000000000011
27660,60052,58.615885,0AA,8,0001111101000101001000000000011000011111000101000001111111011000
1495,60053,58.616867,320,8,0000000000100000000000000000000000000000000000000000000001001011
14211,60054,58.617318,442,8,0100001100000010000000000000000000000010000000000000000000000000
43213,40042,58.620659,0BA,5,1110000000100011101100000000000000101000
43835,4006,58.62421,3BB,5,1010010100000000000000000000000000000000
7454,60056,58.625196,25,8,0000111101100110000000000000000101100000000000000000000000000011
27661,60057,58.625885,0AA,8,0001111101001000001000000000011000011111000101000001111111011100
31167,60058,58.626124,24,8,0000000110100111000000100000010101000001110101011000000001110001
13827,60059,58.626734,434,8,0100001000000000000000000000000000000000000000000000000000000000
21523,60060,58.626975,0B4,8,0000000000000000000000000000000011011000000001010001001110101100
43214,60045,58.628148,0BA,5,1100011000000000000000000000000010111110
18542,60066,58.630865,226,8,0000000000000000000100000000000000000000000000000000000000000000
34625,60068,58.632132,1C4,8,0000011111011110000111000000000000000000000000000000000011001110
34929,60070,58.632719,3C3,8,0100011000011110100100110100111000000000000000000000000000000000
28218,60071,58.633734,437,8,1111110011111111111111111111111111111111111111111111111111111111
10834,60072,58.634804,260,8,0000000000000000000000000000000000000000111111000101100010111110
7455,60074,58.635388,25,8,0000111101100110000000000000000101100000000000000000000000000011
43215,20035,58.635638,0BA,5,0010100100000000000000000000010000101000
27662,60075,58.635882,0AA,8,0001111101001000001000000000100100011111000101000001111111100001
13243,60076,58.636127,2C1,8,0000000000000001110011000000000111100011110000000000111101001011
34995,60078,58.637859,4C3,8,0000001100000000000000000000000100000000000000000000000000000000
16233,60079,58.638175,1C6,8,0000000000000000100000000000100000100011001000100000000000000000
43216,40055,58.643127,0BA,5,0100111100000000000000000000000000101110
7456,60084,58.64522,25,8,0000111101100110000000000000000101100000000000000000000000000011
27663,60085,58.645854,0AA,8,0001111101001000001000000000100100011111000101000001111111100000
31168,60086,58.646113,24,8,0000000110100111000000100000010101000001110100111000000001101111
21524,60087,58.646854,0B4,8,0000000000000000000000000000000011011000000001010001001110101100
43217,40061,58.650617,0BA,5,1110000000100011101100000000000000101000
34626,60089,58.652126,1C4,8,0000011111011111000111000000000000000000000000000000000011001111
10835,60091,58.65484,260,8,0000000000000000000000000000000000000000111111000101100010111110
7457,60093,58.655419,25,8,0000111101100110000000000000000101100000000000000000000000000011
27664,60094,58.655874,0AA,8,0001111101001010001000000000100100011111000101100001111111011100
43218,60077,58.658106,0BA,5,1100011000000000000000000000000010111110
18543,60097,58.658859,226,8,0000000000000000000100000000000000000000000000000000000000000000
31309,60098,58.65929,4A6,8,0000000000000000000000000000000000000000000101100000000000000000
7458,60102,58.665214,25,8,0000111101100110000000000000000101100000000000000000000000000011
43219,20040,58.665596,0BA,5,0010100100000000000000000000011100101011
27665,60103,58.66584,0AA,8,0001111101001101001000000000011100011111000110100001111111100001
31169,60104,58.666079,24,8,0000000110100111000000100000010101000001110101011000000001110001
13244,60105,58.666317,2C1,8,0000000000000001110100000000000111011100110000000000111101001000
21525,60106,58.666843,0B4,8,0000000000000000000000000000000011011100000001010001001110110000
16234,60108,58.66812,1C6,8,0000000000000000100000000000011111101001001000100000000000000000
1496,60110,58.669854,320,8,0000000000100000000000000000000000000000000000000000000001001011
34627,60111,58.672132,1C4,8,0000011111011111000111000000000000000000000000000000000011001111
43220,40078,58.673085,0BA,5,0100111100000000000000000000000000101110
10836,60114,58.674786,260,8,0000000000000000000000000000000000000000111111000110010011001010
13511,60115,58.674937,394,3,0
7459,60117,58.676214,25,8,0000111101100110000000000000000101100000000000000000000000000011
27666,60119,58.676842,0AA,8,0001111101001010001000000000011100011111000110100001111111100100
43221,40080,58.680575,0BA,5,1110000000100011101100000000000000101000
35282,59916,58.682334,3D3,3,111001010000000111011100
7460,60122,58.685183,25,8,0000111101100110000000000000000101100000000000000000000000000011
27667,60123,58.685865,0AA,8,0001111101001011001000000000101000011111000110010001111111100001
31170,60124,58.686104,24,8,0000000110100111000000100000010101000001110101111000000001110011
21526,60125,58.686839,0B4,8,0000000000000000000000000000000011011100000001010001100110110110
43222,60109,58.688064,0BA,5,1100011000000000000000000000000010111110
18544,60129,58.690849,226,8,0000000000000000000100000000000000000000000000000000000000000000
34628,60130,58.692121,1C4,8,0000011111100100000111000000000000000000000000000000000011010100
10837,60134,58.69482,260,8,0000000000000000000000000000000000000000111111000110111111010101
7461,60136,58.6954,25,8,0000111101100110000000000000000101100000000000000000000000000011
43223,20053,58.695554,0BA,5,0010100100000000000000000000010000101000
27668,60137,58.695861,0AA,8,0001111101001101001000000000101100011111000110110001111111100000
13245,60138,58.696112,2C1,8,0000000000000001110101100000000111100110110000000000111101011000
16235,60140,58.698171,1C6,8,0000000000000000100000000000011110110100001000100000000000000000
43224,40096,58.703044,0BA,5,0100111100000000000000000000000000101110
43633,3912,58.703936,423,2,11100000000
7462,60143,58.705207,25,8,0000111101100110000000000000000101100000000000000000000000000011
27669,60144,58.705829,0AA,8,0001111101001101001000000000111000011111000110110001111111100001
31171,60145,58.706067,24,8,0000000110101000000000100000001101000001110101111000000001110010
21527,60146,58.706833,0B4,8,0000000000000000000000000000000011011100000001010001100110110110
43225,40101,58.710533,0BA,5,1110000000100011101100000000000000101000
34629,60150,58.712116,1C4,8,0000011111101101000111000000000000000000000000000000000011011101
10838,60152,58.714776,260,8,0000000000000000000000000000000000000000111111000111101011100000
7463,60154,58.715357,25,8,0000111101100110000000000000000101100000000000000000000000000011
27670,60155,58.715857,0AA,8,0001111101001111001000000001000100011111000101110001111111011110
21786,60156,58.7167,443,8,0100110100000010000000000010111100000110000000000000000000000000
43226,60139,58.718023,0BA,5,1100011000000000000000000000000010111110
18545,60159,58.718844,226,8,0000000000000000000100000000000000000000000000000000000000000000
1497,60160,58.719839,320,8,0000000000100000000000000000000000000000000000000000000001001011
35384,22216,58.721939,386,7,11000100000000000000000000000000000000000000000010101101
7464,60162,58.7252,25,8,0000111101100110000000000000000101100000000000000000000000000011
43227,20062,58.725512,0BA,5,0010100100000000000000000000011100101011
27671,60164,58.72583,0AA,8,0001111101001111001000000001001100011111000101110001111111011101
31172,60165,58.726069,24,8,0000000110100111000000100000000101000001110101011000000001101101
13246,60166,58.726306,2C1,8,0000000000000001110110010000000111100110110000000000111101011011
21528,60167,58.72683,0B4,8,0000000000000000000000000000000011100000000001010001100110111010
16236,60169,58.72815,1C6,8,0000000000000000100000000000011110000011001000010000000000000000
34630,60172,58.732111,1C4,8,0000011111111000000111000000000000000000000000000000000011101000
43228,40114,58.733002,0BA,5,0100111100000000000000000000000000101110
10839,60174,58.734749,260,8,0000000000000000000000000000000000000000111111001001000111110111
7465,60176,58.735332,25,8,0000111101100110000000000000000101100000000000000000000000000011
27672,60177,58.735853,0AA,8,0001111101010010001000000000111100011111000110100001111111100000
14016,60178,58.736714,38E,8,0
43229,40121,58.740491,0BA,5,1110000000100011101100000000000000101000
7466,60181,58.745166,25,8,0000111101100110000000000000000101100000000000000000000000000011
27673,60182,58.745854,0AA,8,0001111101010000001000000000111000011111000110110001111111011111
31173,60183,58.746093,24,8,0000000110100111000000100000000101000001110101011000000001101101
21529,60184,58.746834,0B4,8,0000000000000000000000000000000011100000000001010001111111000000
43230,60170,58.747981,0BA,5,1100011000000000000000000000000010111110
18546,60188,58.750832,226,8,0000000000000000000100000000000000000000000000000000000000000000
34631,60189,58.75211,1C4,8,0000100000000011000111000000000000000000000000000000000011110100
10840,60191,58.754655,260,8,0000000000000000000000000000000000000000111111001001000111110111
7467,60193,58.755237,25,8,0000111101100110000000000000000101100000000000000000000000000011
43231,20074,58.75547,0BA,5,0010100100000000000000000000010000101000
27674,60194,58.755845,0AA,8,0001111101001111001000000000111100011111000110010001111111100001
13247,60195,58.756106,2C1,8,0000000000000001111000000000000111100110110000000000111101100010
256,60198,58.757835,3B7,8,1000
16237,60199,58.75813,1C6,8,0000000000000000100000000000011101000110001000010000000000000000
11159,60200,58.758339,620,8,0001000000000000000000000000000000000000000000000000000000000000
43232,40138,58.76296,0BA,5,0100111100000000000000000000000000101110
7468,60204,58.765162,25,8,0000111101100110000000000000000101100000000000000000000000000011
27675,60205,58.765841,0AA,8,0001111101010001001000000001000100011111000110010001111111100010
31174,60206,58.766081,24,8,0000000110100111000000100000000001000001110101011000000001101100
21530,60207,58.766825,0B4,8,0000000000000000000000000000000011100000000001010001111111000000
1498,60209,58.768832,320,8,0000000000100000000000000000000000000000000000000000000001001011
43233,40140,58.770449,0BA,5,1110000000100011101100000000000000101000
34632,60211,58.772102,1C4,8,0000100000000011000111000000000000000000000000000000000011110100
10841,60213,58.774684,260,8,0000000000000000000000000000000000000000111111001001110000000010
7469,60216,58.775286,25,8,0000111101100110000000000000000101100000000000000000000000000011
27676,60217,58.775839,0AA,8,0001111101010111001000000001011000011111000110100001111111100010
43234,60196,58.777939,0BA,5,1100011000000000000000000000000010111110
18547,60220,58.778827,226,8,0000000000000000000100000000000000000000000000000000000000000000
7470,60223,58.785189,25,8,0000111101100110000000000000000101100000000000000000000000000011
43235,20082,58.785429,0BA,5,0010100100000000000000000000011100101011
27677,60224,58.785811,0AA,8,0001111101001111001000000001100000011111000110100001111111100000
31175,60225,58.78605,24,8,0000000110100111000000100000000101000001110101011000000001101101
13248,60226,58.786286,2C1,8,0000000000000001110111000000000111100110110000000000111101011110
21531,60227,58.786815,0B4,8,0000000000000000000000000000000011100100000001010001111111000100
16238,60229,58.788155,1C6,8,0000000000000000100000000000011100001110001000010000000000000000
7891,60230,58.788334,610,8,0010000000000000000011010110010011000000000000000110110101000000
34633,60233,58.79211,1C4,8,0000100000010000000111000000000000000000000000000000000000000001
43236,40157,58.792918,0BA,5,0100111100000000000000000000000000101110
10842,60235,58.794617,260,8,0000000000000000000000000000000000000000111111001001000111110111
7471,60237,58.795198,25,8,0000111101100110000000000000000101100000000000000000000000000011
27678,60238,58.795835,0AA,8,0001111101010001001000000001010100011111000110110001111111100010
13761,60239,58.796699,3A5,8,100000000
31369,60240,58.800189,640,8,1010100000000000000000000011011100000001111000000000000000000000
43237,40162,58.800408,0BA,5,1110000000100011101100000000000000101000
7472,60242,58.805152,25,8,0000111101100110000000000000000101100000000000000000000000000011
27679,60243,58.805834,0AA,8,0001111101010100001000000001100100011111000111110001111111100100
31176,60244,58.806073,24,8,0000000110100110000000100000000101000001110101011000000001101100
21532,60245,58.806811,0B4,8,0000000000000000000000000000000011100100000001010001111111000100
43238,60231,58.807897,0BA,5,1100011000000000000000000000000010111110
18548,60250,58.810816,226,8,0000000000000000000100000000000000000000000000000000000000000000
16580,60251,58.811747,3F9,8,0111010100011000000000100000001010000000000000000000000000010101
34634,60252,58.812101,1C4,8,0000100000011011000111000000000000000000000000000000000000001100
10843,60254,58.814458,260,8,0000000000000000000000000000000000000000111111001001110000000010
43239,20094,58.815387,0BA,5,0010100100000000000000000000010000101000
13249,60256,58.816093,2C1,8,0000000000000001110110010000000111100000110000000000111101010101
7473,60257,58.816335,25,8,0000111101100110000000000000000101100000000000000000000000000011
27680,60258,58.816804,0AA,8,0001111101011001001000000001010000011111000111100001111111100001
16239,60260,58.818121,1C6,8,0000000000000000100000000000011011011010001000010000000000000000
1499,60261,58.818816,320,8,0000000000100000000000000000000000000000000000000000000001001011
31565,60263,58.8217,44D,8,0100001000000010000000000000000000000001000000000000000000000000
13890,60265,58.822299,4C6,8,0000011100000000000000110000000000000000000000000000000000000000
43240,40176,58.822876,0BA,5,0100111100000000000000000000000000101110
7474,60268,58.825144,25,8,0000111101100110000000000000000101100000000000000000000000000011
27681,60269,58.825827,0AA,8,0001111101010101001000000001010000011111000111100001111111100100
31177,60270,58.826064,24,8,0000000110100110000000100000001101000001110100111000000001101100
35055,60271,58.82669,413,8,0000000100000001000000010000100100000000000000000000000000000000
21533,60272,58.826931,0B4,8,0000000000000000000000000000000011101000000001010010010011001101
43241,40181,58.830366,0BA,5,1110000000100011101100000000000000101000
34635,60275,58.832091,1C4,8,0000100000100100000111000000000000000000000000000000000000010101
10844,60277,58.834404,260,8,0000000000000000000000000000000000000000111111001001110000000010
7475,60279,58.835146,25,8,0000111101100110000000000000000101100000000000000000000000000011
27682,60280,58.83582,0AA,8,0001111101010100001000000001101000011111000111100001111111100110
43242,60259,58.837855,0BA,5,1100011000000000000000000000000010111110
18549,60284,58.838815,226,8,0000000000000000000100000000000000000000000000000000000000000000
7476,60287,58.845167,25,8,0000111101100110000000000000000101100000000000000000000000000011
43243,20099,58.845345,0BA,5,0010100100000000000000000000011100101011
27683,60288,58.845798,0AA,8,0001111101010100001000000001100000011111001000000001111111100100
31178,60289,58.846036,24,8,0000000110100111000000100000010101000001110100111000000001101111
13250,60290,58.846273,2C1,8,0000000000000001111000110000000111100110110000000000111101100101
28156,60291,58.846634,6C0,8,1110010000000000000000001110000010000000000000000000000000000000
21534,60292,58.846875,0B4,8,0000000000000000000000000000000011101000000001010010010011001101
16240,60294,58.848376,1C6,8,0000000000000000100000000000011010100110001000010000000000000000
34636,60296,58.852085,1C4,8,0000100000101010000111000000000000000000000000000000000000011011
43244,40196,58.852834,0BA,5,0100111100000000000000000000000000101110
10845,60298,58.854382,260,8,0000000000000000000000000000000000000000111111001010011100001101
7477,60300,58.855141,25,8,0000111101100110000000000000000101100000000000000000000000000011
27684,60301,58.855818,0AA,8,0001111101010111001000000001101000011111001000010001111111100110
43245,40199,58.860324,0BA,5,1110000000100011101100000000000000101000
7478,60304,58.865133,25,8,0000111101100110000000000000000101100000000000000000000000000011
27685,60305,58.865817,0AA,8,0001111101011100001000000001101000011111001000000001111111101010
31179,60306,58.866057,24,8,0000000110100110000000100000010101000001110100111000000001101110
21535,60307,58.866794,0B4,8,0000000000000000000000000000000011101000000001010010010011001101
43246,60295,58.867814,0BA,5,1100011000000000000000000000000010111110
18550,60311,58.870798,226,8,0000000000000000000100000000000000000000000000000000000000000000
1500,60312,58.871794,320,8,0000000000100000000000000000000000000000000000000000000001001011
34637,60313,58.87208,1C4,8,0000100000101010000111000000000000000000000000000000000000011011
10846,60316,58.874385,260,8,0000000000000000000000000000000000000000111111001011001000011000
7479,60318,58.875145,25,8,0000111101100110000000000000000101100000000000000000000000000011
43247,20114,58.875303,0BA,5,0010100100000000000000000000010000101000
27686,60319,58.875811,0AA,8,0001111101011100001000000001110100011111001000010001111111100110
13251,60320,58.876081,2C1,8,0000000000000001111000000000000111100110110000000000111101100010
16241,60323,58.878125,1C6,8,0000000000000000100000000000011001110100001000000000000000000000
43248,40216,58.882793,0BA,5,0100111100000000000000000000000000101110
7480,60326,58.885128,25,8,0000111101100110000000000000000101100000000000000000000000000011
27687,60327,58.885809,0AA,8,0001111101011100001000000001111000011111001001010001111111100110
31180,60328,58.886063,24,8,0000000110100110000000100000010101000001110100111000000001101110
21536,60330,58.886792,0B4,8,0000000000000000000000000000000011101100000001010010010011010001
43249,40221,58.890282,0BA,5,1110000000100011101100000000000000101000
34638,60333,58.892072,1C4,8,0000100000101101000111000000000000000000000000000000000000011110
10847,60335,58.89435,260,8,0000000000000000000000000000000000000000111111001011110100100011
7481,60337,58.895135,25,8,0000111101100110000000000000000101100000000000000000000000000011
27688,60338,58.895808,0AA,8,0001111101011100001000000001111100011111001001110001111111100111
43250,60321,58.897772,0BA,5,1100011000000000000000000000000010111110
18551,60341,58.898797,226,8,0000000000000000000100000000000000000000000000000000000000000000
16343,60342,58.901373,4C1,8,0000000100000000000000010000000100000000000000000000000000000000
7482,60345,58.905151,25,8,0000111101100110000000000000000101100000000000000000000000000011
43251,20125,58.905261,0BA,5,0010100100000000000000000000011100101011
27689,60346,58.905781,0AA,8,0001111101011110001000000001110100011111001010000001111111100101
31181,60347,58.906016,24,8,0000000110100111000000100000010101000001110100111000000001101111
13252,60349,58.90644,2C1,8,0000000000000001111000110000000111100110110000000000111101100101
21537,60350,58.906782,0B4,8,0000000000000000000000000000000011101100000001010010101011010111
16242,60352,58.908108,1C6,8,0000000000000000100000000000011001000110001000000000000000000000
11284,60354,58.909453,4C8,8,0000100100000000000000000000000000000000000000000000000000000000
27857,60355,58.909788,420,8,0000000000000000000000000000000011111111000000001000000010101011
31628,60356,58.91159,633,8,1000000100000000000000000000000000000000000000000000000000000000
34639,60358,58.912071,1C4,8,0000100000101101000111000000000000000000000000000000000000011110
43252,40237,58.912751,0BA,5,0100111100000000000000000000000000101110
10848,60360,58.914316,260,8,0000000000000000000000000000000000000000111111001011110100100011
7483,60362,58.915121,25,8,0000111101100110000000000000000101100000000000000000000000000011
27690,60363,58.915806,0AA,8,0001111101100000001000000001111000011111001010000001111111100101
1501,60364,58.916786,320,8,0000000000100000000000000000000000000000000000000000000001001011
43253,40242,58.92024,0BA,5,1110000000100011101100000000000000101000
43457,587,58.921784,3000000.0,6,000010000000000000000000000000000000000000101000
43836,59773,58.921795,3BB,5,0111000000000000000000001010001100000000
13635,60365,58.921938,4DD,8,0001111000000000000000000000000000000000000000000000000000000000
7484,60368,58.925118,25,8,0000111101100110000000000000000101100000000000000000000000000011
27691,60369,58.925801,0AA,8,0001111101011110001000000010000000011111001010100001111111101011
31182,60370,58.92604,24,8,0000000110100111000000100000011001000001110100011000000001101110
21538,60371,58.926781,0B4,8,0000000000000000000000000000000011101100000001010010101011010111
43254,60353,58.92773,0BA,5,1100011000000000000000000000000010111110
14212,60374,58.929084,442,8,0100001100000010000000000000000000000010000000000000000000000000
18552,60376,58.930784,226,8,0000000000000000000100000000000000000000000000000000000000000000
7651,60377,58.931638,3BC,8,0
34640,60379,58.93209,1C4,8,0000100000101010000111000000000000000000000000000000000000011011
10849,60381,58.934332,260,8,0000000000000000000000000000000000000000111111001101001100111001
7485,60383,58.93512,25,8,0000111101100110000000000000000101100000000000000000000000000011
43255,20134,58.935219,0BA,5,0010100100000000000000000000010000101000
27692,60384,58.935797,0AA,8,0001111101100000001000000010001000011111001010100001111111100111
13253,60385,58.936066,2C1,8,0000000000000001111001100000000111100000110000000000111101100010
16243,60387,58.938051,1C6,8,0000000000000000100000000000011000011001001000000000000000000000
35283,7471,58.941991,3D3,3,011011000000001000000000
43256,40258,58.942709,0BA,5,0100111100000000000000000000000000101110
7486,60391,58.945141,25,8,0000111101100110000000000000000101100000000000000000000000000011
27693,60392,58.94577,0AA,8,0001111101100000001000000010001000011111001010100001111111101001
31183,60393,58.946011,24,8,0000000110100111000000100000100001000001110100001000000001101111
21539,60394,58.946776,0B4,8,0000000000000000000000000000000011110000000001010010101011011011
43257,40261,58.950199,0BA,5,1110000000100011101100000000000000101000
34641,60397,58.952063,1C4,8,0000100000100101000111000000000000000000000000000000000000010110
10850,60399,58.954286,260,8,0000000000000000000000000000000000000000111111001101111101000101
7487,60402,58.95614,25,8,0000111101100110000000000000000101100000000000000000000000000011
27694,60403,58.956767,0AA,8,0001111101100011001000000010001000011111001010100001111111101110
27918,60404,58.957116,4DC,8,0001110100000000000000000000000000000000000000000000000000000000
43258,60386,58.957688,0BA,5,1100011000000000000000000000000010111110
18553,60407,58.959775,226,8,0000000000000000000100000000000000000000000000000000000000000000
7488,60409,58.965107,25,8,0000111101100110000000000000000101100000000000000000000000000011
43259,20146,58.965178,0BA,5,0010100100000000000000000000011100101011
27695,60410,58.965791,0AA,8,0001111101100001001000000010000000011111001011000001111111101110
31184,60411,58.966029,24,8,0000000110100111000000100000100001000001110011101000000001101101
13254,60412,58.966272,2C1,8,0000000000000001111011000000000111100000110000000000111101101000
21540,60414,58.96677,0B4,8,0000000000000000000000000000000011110000000001010010101011011011
16244,60416,58.968053,1C6,8,0000000000000000100000000000010111101011001000000000000000000000
1502,60418,58.969771,320,8,0000000000100000000000000000000000000000000000000000000001001011
34642,60420,58.972058,1C4,8,0000100000100101000111000000000000000000000000000000000000010110
43260,40279,58.972667,0BA,5,0100111100000000000000000000000000101110
10851,60422,58.974299,260,8,0000000000000000000000000000000000000000111111001110101001010000
13512,60423,58.974449,394,3,0
7489,60425,58.975104,25,8,0000111101100110000000000000000101100000000000000000000000000011
27696,60426,58.975789,0AA,8,0001111101100000001000000010000000011111001100010001111111101011
1582,60427,58.976671,6F3,8,0010000000000000000000000000000000000000000000000000000000000000
43261,40282,58.980157,0BA,5,1110000000100011101100000000000000101000
7490,60430,58.9851,25,8,0000111101100110000000000000000101100000000000000000000000000011
27697,60431,58.985783,0AA,8,0001111101100001001000000010010100011111001011110001111111101111
31185,60432,58.986021,24,8,0000000110100111000000100000011001000001110011101000000001101011
21541,60433,58.986759,0B4,8,0000000000000000000000000000000011110100000001010011000011100101
43262,60417,58.987646,0BA,5,1100011000000000000000000000000010111110
18554,60438,58.990767,226,8,0000000000000000000100000000000000000000000000000000000000000000
13575,60439,58.991363,399,8,0000000000000000000000000000000000000000111111110000000000000000
34643,60440,58.992053,1C4,8,0000100000100000000111000000000000000000000000000000000000010001
10852,60442,58.994257,260,8,0000000000000000000000000000000000000000111111001111010101011011
7491,60444,58.995101,25,8,0000111101100110000000000000000101100000000000000000000000000011
43263,20156,58.995136,0BA,5,0010100100000000000000000000010000101000
27698,60445,58.995785,0AA,8,0001111101100011001000000010001100011111001011110001111111110011
13255,60446,58.996048,2C1,8,0000000000000001111101100000000111100000110000000001001001110101
16245,60448,58.998037,1C6,8,0000000000000000100000000000010111000001001000000000000000000000
43264,40296,59.002625,0BA,5,0100111100000000000000000000000000101110
7492,60453,59.005125,25,8,0000111101100110000000000000000101100000000000000000000000000011
27699,60454,59.005751,0AA,8,0001111101100011001000000010010000011111001011110001111111110010
31186,60455,59.00599,24,8,0000000110100111000000100000011001000001110011101000000001101011
21542,60456,59.006754,0B4,8,0000000000000000000000000000000011110100000001010011000011100101
11223,60457,59.007192,39A,8,0000000000000000000000000000000100000000000000000000000000000000
43265,40303,59.010115,0BA,5,1110000000100011101100000000000000101000
59,60459,59.011958,3B1,8,0000000000000000000000100000101000000000000010000000000000000000
34644,60460,59.012199,1C4,8,0000100000011100000111000000000000000000000000000000000000001101
10853,60462,59.014162,260,8,0000000000000000000000000000000000000000111111001101111101000101
7493,60464,59.015096,25,8,0000111101100110000000000000000101100000000000000000000000000011
27700,60466,59.015783,0AA,8,0001111101100001001000000010010000011111001011000001111111110001
43266,60447,59.017604,0BA,5,1100011000000000000000000000000010111110
18555,60469,59.018762,226,8,0000000000000000000100000000000000000000000000000000000000000000
1503,60470,59.019757,320,8,0000000000100000000000000000000000000000000000000000000001001011
7494,60473,59.025089,25,8,0000111101100110000000000000000101100000000000000000000000000011
43267,20163,59.025094,0BA,5,0010100100000000000000000000011100101011
27701,60474,59.025773,0AA,8,0001111101100000001000000010100100011111001011110001111111110110
31187,60475,59.026013,24,8,0000000110100110000000100000011001000001110011101000000001101010
13256,60476,59.026251,2C1,8,0000000000000010000001100000000111101100110000000001001010010010
21787,60477,59.026633,443,8,0100110100000010000000000010111100000110000000000000000000000000
21543,60478,59.026875,0B4,8,0000000000000000000000000000000011110100000001010011000011100101
16246,60480,59.028047,1C6,8,0000000000000000100000000000010110011010001000000000000000000000
34645,60484,59.032051,1C4,8,0000100000010111000111000000000000000000000000000000000000001000
43268,40318,59.032583,0BA,5,0100111100000000000000000000000000101110
10854,60487,59.034122,260,8,0000000000000000000000000000000000000000111111010000000001100111
7495,60489,59.035093,25,8,0000111101100110000000000000000101100000000000000000000000000011
27702,60490,59.035777,0AA,8,0001111101100000001000000010110000011111001101000001111111111001
43634,15083,59.039387,423,2,10101000010100
43269,40321,59.040073,0BA,5,1110000000100011101100000000000000101000
7496,60493,59.045091,25,8,0000111101100110000000000000000101100000000000000000000000000011
27703,60494,59.045771,0AA,8,0001111101011111001000000010100100011111001101000001111111111010
31188,60495,59.046012,24,8,0000000110100101000000100000010101000001110011101000000001101000
21544,60496,59.046748,0B4,8,0000000000000000000000000000000011111000000001010011010111101110
43270,60481,59.047563,0BA,5,1100011000000000000000000000000010111110
18556,60500,59.050753,226,8,0000000000000000000100000000000000000000000000000000000000000000
34646,60501,59.052041,1C4,8,0000100000010101000111000000000000000000000000000000000000000110
10855,60504,59.054136,260,8,0000000000000000000000000000000000000000111111001111010101011011
43271,20179,59.055052,0BA,5,0010100100000000000000000000010000101000
7497,60506,59.055083,25,8,0000111101100110000000000000000101100000000000000000000000000011
27704,60507,59.055767,0AA,8,0001111101100001001000000010100100011111001100010001111111111100
13257,60508,59.056034,2C1,8,0000000000000010000101100000000111110110110000000001001110101101
257,60510,59.057753,3B7,8,1000
11160,60511,59.058002,620,8,0001000000000000000000000000000000000000000000000000000000000000
16247,60512,59.058259,1C6,8,0000000000000000100000000000010101101101001000000000000000000000
16581,60514,59.062205,3F9,8,0111010100011000000000100000001010000000000000000000000000010101
43272,40341,59.062542,0BA,5,0100111100000000000000000000000000101110
7498,60516,59.06512,25,8,0000111101100110000000000000000101100000000000000000000000000011
27705,60517,59.065731,0AA,8,0001111101100101001000000010100100011111001011110001111111111101
31189,60518,59.06597,24,8,0000000110100100000000100000001101000001110011001000000001100011
21545,60519,59.066742,0B4,8,0000000000000000000000000000000011111000000001010011010111101110
1504,60521,59.068748,320,8,0000000000100000000000000000000000000000000000000000000001001011
43273,40344,59.070031,0BA,5,1110000000100011101100000000000000101000
34647,60523,59.07204,1C4,8,0000100000010111000111000000000000000000000000000000000000001000
10856,60525,59.074002,260,8,0000000000000000000000000000000000000000111111010000000001100111
7499,60527,59.076106,25,8,0000111101100110000000000000000101100000000000000000000000000011
27706,60528,59.07673,0AA,8,0001111101100101001000000010101100011111001100100001111111111111
43274,60509,59.077521,0BA,5,1100011000000000000000000000000010111110
18557,60531,59.079744,226,8,0000000000000000000100000000000000000000000000000000000000000000
43275,20188,59.08501,0BA,5,0010100100000000000000000000011100101011
7500,60535,59.085104,25,8,0000111101100110000000000000000101100000000000000000000000000011
27707,60536,59.085731,0AA,8,0001111101100100001000000010111000011111001100000010000000000100
31190,60537,59.085968,24,8,0000000110100100000000100000001101000001110011101000000001100101
13258,60539,59.086386,2C1,8,0000000000000010001000110000001000010011110000000001010111011010
21546,60540,59.086737,0B4,8,0000000000000000000000000000000011111000000001010011010111101110
16248,60542,59.088032,1C6,8,0000000000000000100000000000010101000011001000000000000000000000
34648,60544,59.092032,1C4,8,0000100000010111000111000000000000000000000000000000000000001000
43276,40356,59.0925,0BA,5,0100111100000000000000000000000000101110
10857,60546,59.093921,260,8,0000000000000000000000000000000000000000111111010000000001100111
7501,60548,59.095073,25,8,0000111101100110000000000000000101100000000000000000000000000011
27708,60549,59.095754,0AA,8,0001111101100011001000000010110000011111001011110010000000000011
43277,40362,59.099989,0BA,5,1110000000100011110110000000000001010000
7502,60553,59.105067,25,8,0000111101100110000000000000000101100000000000000000000000000011
27709,60554,59.105757,0AA,8,0001111101101000001000000010110000011111001100010010000000000000
31191,60555,59.105995,24,8,0000000110100100000000100000010101000001110100001000000001101001
21547,60556,59.106732,0B4,8,0000000000000000000000000000000011111100000001010011010111110010
43278,60543,59.107479,0BA,5,1100011000000000000000000000000010111110
18558,60560,59.110733,226,8,0000000000000000000100000000000000000000000000000000000000000000
34649,60561,59.112031,1C4,8,0000100000011100000111000000000000000000000000000000000000001101
10858,60563,59.113894,260,8,0000000000000000000000000000000000000000111111010001011101111110
43279,20197,59.114968,0BA,5,0010100100000000000000000000010000101000
7503,60565,59.115068,25,8,0000111101100110000000000000000101100000000000000000000000000011
27710,60566,59.115748,0AA,8,0001111101101001001000000010111000011111001101100010000000000111
13259,60567,59.116019,2C1,8,0000000000000010010000110000001000111001110000000001011100100010
1505,60569,59.117733,320,8,0000000000100000000000000000000000000000000000000000000001001011
16249,60570,59.118011,1C6,8,0000000000000000100000000000010100011100001000000000000000000000
43280,40380,59.122458,0BA,5,0100111100000000000000000000000000101110
7504,60574,59.125061,25,8,0000111101100110000000000000000101100000000000000000000000000011
27711,60575,59.125747,0AA,8,0001111101101010001000000011001100011111001100110010000000000110
31192,60576,59.125984,24,8,0000000110100100000000100000001101000001110100111000000001101010
21548,60577,59.126725,0B4,8,0000000000000000000000000000000011111100000001010011101111111000
43281,40382,59.129948,0BA,5,1110000000100011111000000000000001011000
31566,60580,59.131387,44D,8,0100001000000010000000000000000000000001000000000000000000000000
34650,60581,59.132026,1C4,8,0000100000100011000111000000000000000000000000000000000000010100
34930,60583,59.132504,3C3,8,0100011000011110100100110100111000000000000000000000000000000000
10859,60584,59.133854,260,8,0000000000000000000000000000000000000000111111010010110110010100
7505,60586,59.135062,25,8,0000111101100110000000000000000101100000000000000000000000000011
27712,60588,59.135749,0AA,8,0001111101101010001000000011011100011111001100010010000000000001
28157,60589,59.136104,6C0,8,1110010000000000000000001110000010000000000000000000000000000000
43282,60568,59.137437,0BA,5,1100011000000000000000000000000010111110
18559,60592,59.138731,226,8,0000000000000000000100000000000000000000000000000000000000000000
43283,20207,59.144927,0BA,5,0010100100000000000000000000011100101011
7506,60595,59.145084,25,8,0000111101100110000000000000000101100000000000000000000000000011
27713,60596,59.145716,0AA,8,0001111101101010001000000011100000011111001101100010000000000010
31193,60597,59.145952,24,8,0000000110100100000000100000001101000001110100111000000001101010
13260,60598,59.146186,2C1,8,0000000000000010010111000000001001001001110000000001100101001101
21549,60599,59.146723,0B4,8,0000000000000000000000000000000000000000000001010011101111111100
16250,60601,59.148019,1C6,8,0000000000000000000000000000010011110110001000000000000000000000
34651,60604,59.152093,1C4,8,0000100000101110000111000000000000000000000000000000000000011111
43284,40399,59.152416,0BA,5,0100111100000000000000000000000000101110
10860,60606,59.153916,260,8,0000000000000000000000000000000000000000111111010100111010110101
7507,60608,59.15506,25,8,0000111101100110000000000000000101100000000000000000000000000011
27714,60609,59.155739,0AA,8,0001111101101100001000000011101000011111001110010010000000000110
7712,60610,59.156919,611,8,0010000100000000000000000001000000000000000000000011110101101100
43285,40404,59.159906,0BA,5,1110000000100011110011000000000001000100
7508,60614,59.165054,25,8,0000111101100110000000000000000101100000000000000000000000000011
27715,60615,59.165739,0AA,8,0001111101101111001000000011100100011111001101000010000000000000
31194,60616,59.165976,24,8,0000000110100011000000100000000101000001110100011000000001100101
21550,60617,59.166721,0B4,8,0000000000000000000000000000000000000000000001010100000000000001
43286,60602,59.167395,0BA,5,1100011000000000000000000000000010111110
18560,60622,59.170719,226,8,0000000000000000000100000000000000000000000000000000000000000000
1506,60623,59.171715,320,8,0000000000100000000000000000000000000000000000000000000001001011
34652,60624,59.17202,1C4,8,0000100000111100000111000000000000000000000000000000000000101101
10861,60626,59.173844,260,8,0000000000000000000000000000000000000000111111010111000011010111
43287,20219,59.174885,0BA,5,0010100100000000000000000000010000101000
7509,60628,59.175051,25,8,0000111101100110000000000000000101100000000000000000000000000011
27716,60629,59.175731,0AA,8,0001111101101111001000000011011100011111001101000010000000000110
13261,60630,59.17608,2C1,8,0000000000000010011101100000001001101001110000000001101010001000
16251,60633,59.177998,1C6,8,0000000000000000000000000000010011010010000111110000000000000000
43288,40418,59.182374,0BA,5,0100111100000000000000000000000000101110
7510,60637,59.185074,25,8,0000111101100110000000000000000101100000000000000000000000000011
27717,60638,59.185704,0AA,8,0001111101110000001000000011100000011111001110010010000000000110
31195,60639,59.185943,24,8,0000000110100100000000100000001101000001110100011000000001101000
21551,60640,59.186713,0B4,8,0000000000000000000000000000000000000000000001010100000000000001
43289,40423,59.189864,0BA,5,1110000000100011110000000000000000111000
34653,60642,59.192018,1C4,8,0000100000111100000111000000000000000000000000000000000000101101
10862,60644,59.193847,260,8,0000000000000000000000000000000000000000111111010111101111100010
7511,60646,59.195047,25,8,0000111101100110000000000000000101100000000000000000000000000011
27718,60647,59.195729,0AA,8,0001111101110010001000000011100000011111001101100010000000000100
43290,60631,59.197353,0BA,5,1100011000000000000000000000000010111110
18561,60650,59.198714,226,8,0000000000000000000100000000000000000000000000000000000000000000
35284,60450,59.201647,3D3,3,111001010000001000100010
43291,20225,59.204843,0BA,5,0010100100000000000000000000011100101011
7512,60653,59.205069,25,8,0000111101100110000000000000000101100000000000000000000000000011
27719,60654,59.205693,0AA,8,0001111101110100001000000011100100011111001101110010000000000101
31196,60655,59.205931,24,8,0000000110100100000000100000001101000001110100111000000001101010
13262,60656,59.206167,2C1,8,0000000000000010100100110000001010000000110000000001101110111101
21552,60657,59.206707,0B4,8,0000000000000000000000000000000000000100000001010100000000000101
16252,60659,59.208005,1C6,8,0000000000000000000000000000010010110001000111110000000000000000
34654,60662,59.212001,1C4,8,0000100001001010000111000000000000000000000000000000000000111011
43292,40441,59.212333,0BA,5,0100111100000000000000000000000000101110
10863,60664,59.213833,260,8,0000000000000000000000000000000000000000111111010111101111100010
7513,60666,59.215042,25,8,0000111101100110000000000000000101100000000000000000000000000011
27720,60667,59.21572,0AA,8,0001111101110101001000000011100100011111001110010010000000001000
1507,60668,59.216703,320,8,0000000000100000000000000000000000000000000000000000000001001011
43837,2028,59.21938,3BB,5,1011101100000000000000000000000000100110
43293,40443,59.219822,0BA,5,1110000000100011110010000000000001000000
31197,60671,59.224914,24,8,0000000110100100000000100000001101000001110101011000000001101100
7514,60672,59.225159,25,8,0000111101100110000000000000000101100000000000000000000000000011
27721,60673,59.225718,0AA,8,0001111101110101001000000011100000011111001110100010000000001011
21553,60675,59.226702,0B4,8,0000000000000000000000000000000000000100000001010100011000001011
43294,60660,59.227312,0BA,5,1100011000000000000000000000000010111110
18562,60679,59.230705,226,8,0000000000000000000100000000000000000000000000000000000000000000
34655,60681,59.232009,1C4,8,0000100001011000000111000000000000000000000000000000000001001001
10864,60684,59.233788,260,8,0000000000000000000000000000000000000000111111011001001011111001
43295,20237,59.234801,0BA,5,0010100100000000000000000000010000101000
7515,60686,59.235037,25,8,0000111101100110000000000000000101100000000000000000000000000011
27722,60687,59.235719,0AA,8,0001111101110111001000000011111100011111001110110010000000000111
13263,60688,59.235994,2C1,8,0000000000000010101011000000001010001001110000000001101111011111
14213,60690,59.237855,442,8,0100001100000010000000000000000000000010000000000000000000000000
16253,60691,59.23814,1C6,8,0000000000000000000000000000010010010001000111110000000000000000
43296,40460,59.242291,0BA,5,0100111100000000000000000000000000101110
7516,60694,59.245032,25,8,0000111101100110000000000000000101100000000000000000000000000011
27723,60695,59.24572,0AA,8,0001111101111000001000000011111000011111001110100010000000000110
31198,60696,59.245959,24,8,0000000110100100000000100000010101000001110100111000000001101100
21554,60697,59.246697,0B4,8,0000000000000000000000000000000000000100000001010100011000001011
43297,40465,59.24978,0BA,5,1110000000100011111001000000000001011100
34656,60700,59.251997,1C4,8,0000100001100101000111000000000000000000000000000000000001010110
10865,60702,59.253771,260,8,0000000000000000000000000000000000000000111111011001110100000100
7517,60704,59.255029,25,8,0000111101100110000000000000000101100000000000000000000000000011
27724,60705,59.255713,0AA,8,0001111101111001001000000011111000011111001111000010000000001011
43298,60689,59.25727,0BA,5,1100011000000000000000000000000010111110
18563,60708,59.258701,226,8,0000000000000000000100000000000000000000000000000000000000000000
43299,20245,59.264759,0BA,5,0010100100000000000000000000011100101011
7518,60710,59.265053,25,8,0000111101100110000000000000000101100000000000000000000000000011
27725,60711,59.265685,0AA,8,0001111101111100001000000011111000011111001111100010000000001001
31199,60712,59.265926,24,8,0000000110100100000000100000011001000001110100011000000001101011
13264,60713,59.26616,2C1,8,0000000000000010110011000000001010010011110000000001101100001001
21555,60715,59.266684,0B4,8,0000000000000000000000000000000000001000000001010100110000010101
16254,60717,59.267994,1C6,8,0000000000000000000000000000010001110010000111110000000000000000
1508,60719,59.26969,320,8,0000000000100000000000000000000000000000000000000000000001001011
34657,60720,59.271995,1C4,8,0000100001110001000111000000000000000000000000000000000001100010
43300,40480,59.272249,0BA,5,0100111100000000000000000000000000101110
10866,60723,59.273761,260,8,0000000000000000000000000000000000000000111111011001110100000100
13513,60724,59.27391,394,3,0
7519,60726,59.275029,25,8,0000111101100110000000000000000101100000000000000000000000000011
27726,60727,59.275709,0AA,8,0001111110000011001000000100001100011111001111100010000000001111
43301,40486,59.279738,0BA,5,1110000000100011111000000000000001011000
7520,60731,59.285019,25,8,0000111101100110000000000000000101100000000000000000000000000011
27727,60732,59.285701,0AA,8,0001111101111001001000000100011100011111001111010010000000001101
31200,60733,59.285945,24,8,0000000110100100000000100000100001000001110100011000000001101101
21556,60734,59.286678,0B4,8,0000000000000000000000000000000000001000000001010100110000010101
43302,60718,59.287228,0BA,5,1100011000000000000000000000000010111110
7892,60737,59.288849,610,8,0010000000000000000011100110010011000000000000000110110101000000
18564,60739,59.290688,226,8,0000000000000000000100000000000000000000000000000000000000000000
34658,60741,59.291989,1C4,8,0000100001111010000111000000000000000000000000000000000001101011
10867,60743,59.29354,260,8,0000000000000000000000000000000000000000111111011010100000001111
43303,20255,59.294718,0BA,5,0010100100000000000000000000010000101000
7521,60745,59.29502,25,8,0000111101100110000000000000000101100000000000000000000000000011
27728,60746,59.295702,0AA,8,0001111101111101001000000100110000011111010000100010000000010000
13265,60747,59.295981,2C1,8,0000000000000010111000110000001010100000110000000001101100101101
16255,60749,59.297977,1C6,8,0000000000000000000000000000010001010101000111110000000000000000
43304,40502,59.302207,0BA,5,0100111100000000000000000000000000101110
7522,60753,59.305043,25,8,0000111101100110000000000000000101100000000000000000000000000011
27729,60754,59.305667,0AA,8,0001111110000110001000000100110000011111010001000010000000010011
31201,60755,59.305908,24,8,0000000110100100000000100000101001000001110100001000000001101110
21557,60756,59.306677,0B4,8,0000000000000000000000000000000000001100000001010100110000011001
43305,40504,59.309697,0BA,5,1110000000100011110010000000000001000000
34659,60758,59.311992,1C4,8,0000100001111111000111000000000000000000000000000000000001110000
16582,60760,59.312395,3F9,8,0111010100011000000000100000001010000000000000000000000000010101
10868,60761,59.313505,260,8,0000000000000000000000000000000000000000111111011001110100000100
7523,60764,59.31604,25,8,0000111101100110000000000000000101100000000000000000000000000011
27730,60765,59.316669,0AA,8,0001111110000111001000000100110000011111010000000010000000010110
43306,60748,59.317186,0BA,5,1100011000000000000000000000000010111110
18565,60768,59.319678,226,8,0000000000000000000100000000000000000000000000000000000000000000
1509,60769,59.320678,320,8,0000000000100000000000000000000000000000000000000000000001001011
35385,59432,59.321143,386,7,01010100000000000000000000000000000000000000000000000000
43307,20264,59.324676,0BA,5,0010100100000000000000000000011100101011
7524,60771,59.325009,25,8,0000111101100110000000000000000101100000000000000000000000000011
27731,60772,59.325695,0AA,8,0001111110001000001000000100110000011111010001010010000000010100
31202,60773,59.325934,24,8,0000000110100100000000100000110101000001110100001000000001110001
13266,60774,59.326168,2C1,8,0000000000000011000000000000001010111100110000000001101101100111
21558,60775,59.32667,0B4,8,0000000000000000000000000000000000001100000001010101000100011110
13951,60777,59.327847,622,8,0001001000000000000000000000000000000000000000000000000000000000
16256,60778,59.328135,1C6,8,0000000000000000000000000000010000111010000111110000000000000000
34660,60782,59.331978,1C4,8,0000100001111111000111000000000000000000000000000000000001110000
43308,40522,59.332165,0BA,5,0100111100000000000000000000000000101110
10869,60784,59.333501,260,8,0000000000000000000000000000000000000000111111011001110100000100
7525,60786,59.335006,25,8,0000111101100110000000000000000101100000000000000000000000000011
27732,60787,59.335695,0AA,8,0001111110001000001000000100110000011111010010000010000000011000
21788,60788,59.336566,443,8,0100110100000010000000000010111100000110000000000000000000000000
43309,40526,59.339655,0BA,5,1110000000100011111011000000000001100100
7526,60792,59.345031,25,8,0000111101100110000000000000000101100000000000000000000000000011
27733,60793,59.345658,0AA,8,0001111110001100001000000100111000011111010010000010000000011011
31203,60794,59.345895,24,8,0000000110100100000000100000110101000001110100001000000001110001
21559,60795,59.346665,0B4,8,0000000000000000000000000000000000001100000001010101000100011110
43310,60779,59.347144,0BA,5,1100011000000000000000000000000010111110
18566,60800,59.350671,226,8,0000000000000000000100000000000000000000000000000000000000000000
34661,60801,59.351978,1C4,8,0000100001111111000111000000000000000000000000000000000001110000
10870,60803,59.353437,260,8,0000000000000000000000000000000000000000111111011001110100000100
43311,20278,59.354634,0BA,5,0010100100000000000000000000010000101000
7527,60805,59.355002,25,8,0000111101100110000000000000000101100000000000000000000000000011
27734,60807,59.355741,0AA,8,0001111110001101001000000101000100011111010010000010000000011010
13267,60808,59.355979,2C1,8,0000000000000011000100110000001011101001110000000001110010101000
258,60810,59.357671,3B7,8,1000
11161,60811,59.357926,620,8,0001000000000000000000000000000000000000000000000000000000000000
16257,60812,59.35817,1C6,8,0000000000000000000000000000010000011011000111110000000000000000
43312,40540,59.362123,0BA,5,0100111100000000000000000000000000101110
7528,60816,59.365027,25,8,0000111101100110000000000000000101100000000000000000000000000011
27735,60817,59.365656,0AA,8,0001111110010000001000000101001100011111010010010010000000011100
31204,60818,59.365896,24,8,0000000110100011000000100000111101000001110100001000000001110010
21560,60819,59.36666,0B4,8,0000000000000000000000000000000000010000000001010101011100101000
1510,60821,59.368664,320,8,0000000000100000000000000000000000000000000000000000000001001011
43313,40545,59.369613,0BA,5,1110000000100011111100000000000001101000
34662,60822,59.37197,1C4,8,0000100001111100000111000000000000000000000000000000000001101101
10871,60824,59.373402,260,8,0000000000000000000000000000000000000000111111011001001011111001
43635,60113,59.374838,423,2,1000100000000
7529,60826,59.376025,25,8,0000111101100110000000000000000101100000000000000000000000000011
27736,60827,59.376652,0AA,8,0001111110010001001000000101011100011111010010110010000000011101
43314,60809,59.377103,0BA,5,1100011000000000000000000000000010111110
18567,60830,59.379661,226,8,0000000000000000000100000000000000000000000000000000000000000000
43315,20283,59.384592,0BA,5,0010100100000000000000000000011100101011
7530,60834,59.385019,25,8,0000111101100110000000000000000101100000000000000000000000000011
27737,60835,59.385649,0AA,8,0001111110010000001000000101100000011111010011010010000000011001
31205,60836,59.385889,24,8,0000000110100011000000100000111101000001110100001000000001110010
13268,60837,59.386127,2C1,8,0000000000000011001100000000001100010011110000000001110111110001
31689,60838,59.38657,389,8,0000000000100000000000000000000000000000000000000000000000000000
21561,60839,59.386808,0B4,8,0000000000000000000000000000000000010000000001010101110100101110
16258,60841,59.387972,1C6,8,0000000000000000000000000000001111111110000111110000000000000000
34663,60843,59.391969,1C4,8,0000100001111011000111000000000000000000000000000000000001101100
43316,40564,59.392082,0BA,5,0100111100000000000000000000000000101110
10872,60845,59.393372,260,8,0000000000000000000000000000000000000000111111010111101111100010
7531,60847,59.394993,25,8,0000111101100110000000000000000101100000000000000000000000000011
27738,60848,59.395674,0AA,8,0001111110010000001000000101101100011111010100100010000000100010
43317,40568,59.399571,0BA,5,1110000000100011111100000000000001101000
31206,60852,59.404872,24,8,0000000110100010000000100001000101000001110100001000000001110011
7532,60853,59.405114,25,8,0000111101100110000000000000000101100000000000000000000000000011
27739,60854,59.405673,0AA,8,0001111110010000001000000101110100011111010101000010000000100111
21562,60855,59.406646,0B4,8,0000000000000000000000000000000000010100000001010101110100110010
43318,60842,59.407061,0BA,5,1100011000000000000000000000000010111110
18568,60859,59.410651,226,8,0000000000000000000100000000000000000000000000000000000000000000
34664,60861,59.41204,1C4,8,0000100001111100000111000000000000000000000000000000000001101101
10873,60863,59.413366,260,8,0000000000000000000000000000000000000000111111010111101111100010
43319,20297,59.41455,0BA,5,0010100100000000000000000000010000101000
7533,60866,59.414986,25,8,0000111101100110000000000000000101100000000000000000000000000011
27740,60867,59.415667,0AA,8,0001111110010010001000000110000000011111010101000010000000100100
13269,60868,59.415956,2C1,8,0000000000000011010011000000001100100011110000000001111000011110
1511,60870,59.417651,320,8,0000000000100000000000000000000000000000000000000000000001001011
16259,60871,59.41795,1C6,8,0000000000000000000000000000001111100011000111110000000000000000
43320,40585,59.42204,0BA,5,0100111100000000000000000000000000101110
7534,60875,59.425011,25,8,0000111101100110000000000000000101100000000000000000000000000011
27741,60876,59.425637,0AA,8,0001111110010111001000000110000100011111010101110010000000101001
31207,60877,59.425874,24,8,0000000110100001000000100001000101000001110011101000000001110000
13696,60878,59.426108,4B7,8,1110001011011111001000001111000000001000111010000000000100001000
21563,60879,59.42664,0B4,8,0000000000000000000000000000000000010100000001010110001000110111
43321,40590,59.429529,0BA,5,1110000000100011111011000000000001100100
34665,60883,59.431982,1C4,8,0000100001111100000111000000000000000000000000000000000001101101
10874,60885,59.433423,260,8,0000000000000000000000000000000000000000111111010100111010110101
7535,60887,59.434986,25,8,0000111101100110000000000000000101100000000000000000000000000011
28158,60888,59.435519,6C0,8,1110010000000000000000001110000010000000000000000000000000000000
27742,60889,59.435752,0AA,8,0001111110011000001000000110001100011111010111000010000000101110
43322,60869,59.437019,0BA,5,1100011000000000000000000000000010111110
18569,60892,59.438651,226,8,0000000000000000000100000000000000000000000000000000000000000000
31567,60893,59.440458,44D,8,0100001000000010000000000000000000000001000000000000000000000000
43323,20306,59.444508,0BA,5,0010100100000000000000000000011100101011
7536,60895,59.445003,25,8,0000111101100110000000000000000101100000000000000000000000000011
27743,60896,59.445634,0AA,8,0001111110011001001000000110100000011111010111000010000000110000
31208,60897,59.445873,24,8,0000000110100001000000100001001101000001110011001000000001110000
13270,60898,59.446109,2C1,8,0000000000000011011011000000001100111100110000000001111001010111
320,60900,59.446584,38F,8,0000000100000000000000000000000000000000000000000000000000000000
21564,60901,59.446822,0B4,8,0000000000000000000000000000000000010100000001010110001000110111
16260,60903,59.447954,1C6,8,0000000000000000000000000000001111001001000111110000000000000000
34666,60905,59.451955,1C4,8,0000100001111100000111000000000000000000000000000000000001101101
43324,40604,59.451998,0BA,5,0100111100000000000000000000000000101110
10875,60907,59.453334,260,8,0000000000000000000000000000000000000000111111010101101011000001
7537,60909,59.454975,25,8,0000111101100110000000000000000101100000000000000000000000000011
27744,60910,59.455656,0AA,8,0001111110011100001000000110101000011111010111010010000000101110
31310,60911,59.456695,4A6,8,0000000000000000000000000000000000000000000110010000000000000000
43325,40609,59.459487,0BA,5,1110000000100011111100000000000001101000
35285,7534,59.461303,3D3,3,011011000000001000000000
7538,60914,59.464973,25,8,0000111101100110000000000000000101100000000000000000000000000011
27745,60915,59.465657,0AA,8,0001111110100010001000000110110000011111011000000010000000110011
31209,60916,59.465891,24,8,0000000110100001000000100001000101000001110011001000000001101110
21565,60917,59.466632,0B4,8,0000000000000000000000000000000000011000000001010110110101000110
43326,60904,59.466977,0BA,5,1100011000000000000000000000000010111110
18570,60922,59.470638,226,8,0000000000000000000100000000000000000000000000000000000000000000
1512,60923,59.471634,320,8,0000000000100000000000000000000000000000000000000000000001001011
34667,60924,59.47196,1C4,8,0000100010000000000111000000000000000000000000000000000001110001
10876,60926,59.473318,260,8,0000000000000000000000000000000000000000111111010100111010110101
43327,20318,59.474467,0BA,5,0010100100000000000000000000010000101000
7539,60928,59.474969,25,8,0000111101100110000000000000000101100000000000000000000000000011
27746,60929,59.475649,0AA,8,0001111110100011001000000110101000011111011010010010000000110011
13271,60930,59.475946,2C1,8,0000000000000011100010010000001101100110110000000001111010011110
34753,60932,59.477015,380,8,0
16261,60935,59.477935,1C6,8,0000000000000000000000000000001110101111000111110000000000000000
43328,40626,59.481956,0BA,5,0100111100000000000000000000000000101110
7540,60939,59.484994,25,8,0000111101100110000000000000000101100000000000000000000000000011
27747,60941,59.485623,0AA,8,0001111110101000001000000110111100011111011011010010000000110100
31210,60942,59.485864,24,8,0000000110100001000000100000111101000001110011101000000001101110
21566,60943,59.486625,0B4,8,0000000000000000000000000000000000011000000001010111001101001100
43329,40630,59.489446,0BA,5,1110000000100011111100000000000001101000
34668,60945,59.491945,1C4,8,0000100010000101000111000000000000000000000000000000000001110110
10877,60947,59.493308,260,8,0000000000000000000000000000000000000000111111010100111010110101
7541,60949,59.494964,25,8,0000111101100110000000000000000101100000000000000000000000000011
27748,60951,59.495685,0AA,8,0001111110100101001000000111001100011111011011010010000000110110
43330,60931,59.496935,0BA,5,1100011000000000000000000000000010111110
18571,60954,59.498631,226,8,0000000000000000000100000000000000000000000000000000000000000000
43331,20329,59.504425,0BA,5,0010100100000000000000000000011100101011
7542,60956,59.504987,25,8,0000111101100110000000000000000101100000000000000000000000000011
27749,60957,59.505611,0AA,8,0001111110100011001000000111001100011111011011010010000000110110
31211,60958,59.505855,24,8,0000000110100001000000100000111101000001110100001000000001110000
13272,60959,59.506094,2C1,8,0000000000000011101000000000001110111100110000000001111000001011
21567,60960,59.506622,0B4,8,0000000000000000000000000000000000011100000001010111001101010000
16262,60962,59.507939,1C6,8,0000000000000000000000000000001110010111000111110000000000000000
43332,40649,59.511914,0BA,5,0100111100000000000000000000000000101110
34669,60965,59.512075,1C4,8,0000100010001101000111000000000000000000000000000000000001111110
10878,60967,59.513263,260,8,0000000000000000000000000000000000000000111111010101101011000001
7543,60969,59.515987,25,8,0000111101100110000000000000000101100000000000000000000000000011
27750,60970,59.516615,0AA,8,0001111110100110001000000111010000011111011011100010000000111000
43838,4069,59.516965,3BB,5,1010010100000000000000000000000000000000
1513,60971,59.517629,320,8,0000000000100000000000000000000000000000000000000000000001001011
43333,40653,59.519404,0BA,5,1110000000100011111100000000000001101000
31212,60974,59.524827,24,8,0000000110100000000000100001000101000001110100001000000001110001
7544,60975,59.52507,25,8,0000111101100110000000000000000101100000000000000000000000000011
27751,60976,59.525637,0AA,8,0001111110100111001000000111001100011111011011010010000001000011
21568,60977,59.526615,0B4,8,0000000000000000000000000000000000011100000001010111100101010110
43334,60963,59.526893,0BA,5,1100011000000000000000000000000010111110
18572,60982,59.53062,226,8,0000000000000000000100000000000000000000000000000000000000000000
34670,60985,59.531937,1C4,8,0000100010011010000111000000000000000000000000000000000010001011
10879,60987,59.533198,260,8,0000000000000000000000000000000000000000111111010101101011000001
43335,20341,59.534383,0BA,5,0010100100000000000000000000010000101000
7545,60989,59.534952,25,8,0000111101100110000000000000000101100000000000000000000000000011
27752,60990,59.535633,0AA,8,0001111110101001001000000111100100011111011011110010000001000101
13273,60991,59.535933,2C1,8,0000000000000011101100000000001111011001110000000001111000111000
16263,60993,59.537925,1C6,8,0000000000000000000000000000001110000010000111110000000000000000
43336,40666,59.541872,0BA,5,0100111100000000000000000000000000101110
7546,60997,59.544997,25,8,0000111101100110000000000000000101100000000000000000000000000011
27753,60998,59.545604,0AA,8,0001111110101000001000000111101100011111011110000010000001001001
31213,60999,59.545842,24,8,0000000110100000000000100001000101000001110011101000000001101111
21569,61000,59.546606,0B4,8,0000000000000000000000000000000000011100000001010111100101010110
14214,61001,59.54685,442,8,0100001100000010000000000000000000000010000000000000000000000000
43337,40673,59.549362,0BA,5,1110000000100011111100000000000001101000
34671,61004,59.55193,1C4,8,0000100010101001000111000000000000000000000000000000000010011010
10880,61006,59.553046,260,8,0000000000000000000000000000000000000000111111010101101011000001
7547,61008,59.554948,25,8,0000111101100110000000000000000101100000000000000000000000000011
27754,61009,59.555634,0AA,8,0001111110101100001000001000000100011111011110100010000001001100
43338,60992,59.556852,0BA,5,1100011000000000000000000000000010111110
18573,61012,59.558617,226,8,0000000000000000000100000000000000000000000000000000000000000000
16583,61014,59.561975,3F9,8,0111010100011000000000100000001010000000000000000000000000010101
43339,20346,59.564341,0BA,5,0010100100000000000000000000011100101011
7548,61016,59.56495,25,8,0000111101100110000000000000000101100000000000000000000000000011
27755,61017,59.565628,0AA,8,0001111110101101001000001000000000011111011101000010000001001001
31214,61018,59.565869,24,8,0000000110100000000000100001000101000001110011001000000001101101
13274,61019,59.566105,2C1,8,0000000000000011110000110000001111101001110000000001111001011011
21570,61020,59.566608,0B4,8,0000000000000000000000000000000000100000000001010111111001011111
16264,61022,59.567934,1C6,8,0000000000000000000000000000001101101101000111110000000000000000
1514,61024,59.569609,320,8,0000000000100000000000000000000000000000000000000000000001001011
34811,61025,59.570256,4DF,8,0010000000000000000000000000000100000000000000000000000000000000
34996,61026,59.570605,4C3,8,0000001100000000000000000000000100000000000000000000000000000000
14275,61027,59.571604,60.0,8,1010000100000000000000000000000000000000011100000000000000000000
43340,40689,59.571831,0BA,5,0100111100000000000000000000000000101110
34672,61028,59.571924,1C4,8,0000100010111010000111000000000000000000000000000000000010101011
10881,61030,59.572997,260,8,0000000000000000000000000000000000000000111111010101101011000001
13514,61031,59.573148,394,3,0
7549,61033,59.574944,25,8,0000111101100110000000000000000101100000000000000000000000000011
27756,61034,59.575625,0AA,8,0001111110110010001000001000010000011111011101010010000001001100
43341,40691,59.57932,0BA,5,1110000000100011111100000000000001101000
31215,61038,59.584818,24,8,0000000110100000000000100000111101000001110010111000000001101010
7550,61039,59.585058,25,8,0000111101100110000000000000000101100000000000000000000000000011
27757,61040,59.585625,0AA,8,0001111110110101001000001000001100011111011110000010000001001101
21571,61041,59.586607,0B4,8,0000000000000000000000000000000000100000000001010111111001011111
43342,61023,59.58681,0BA,5,1100011000000000000000000000000010111110
18574,61045,59.590604,226,8,0000000000000000000100000000000000000000000000000000000000000000
7772,61046,59.591521,435,8,1000000000000101000001011111111111100000001111110000000000000011
34673,61047,59.591927,1C4,8,0000100010111010000111000000000000000000000000000000000010101011
10882,61049,59.592971,260,8,0000000000000000000000000000000000000000111111010100111010110101
43343,20361,59.594299,0BA,5,0010100100000000000000000000010000101000
7551,61052,59.594938,25,8,0000111101100110000000000000000101100000000000000000000000000011
27758,61053,59.595619,0AA,8,0001111110110111001000001000001100011111011110100010000001001110
13275,61055,59.595987,2C1,8,0000000000000011110110010000010000100011110000000001111010101100
16265,61057,59.597971,1C6,8,0000000000000000000000000000001101011011000111110000000000000000
10962,61059,59.598526,436,8,0
43344,40708,59.601789,0BA,5,0100111100000000000000000000000000101110
31216,61061,59.604837,24,8,0000000110100000000000100001000101000001110001111000000001101000
7552,61062,59.605079,25,8,0000111101100110000000000000000101100000000000000000000000000011
27759,61063,59.605587,0AA,8,0001111110111011001000001000101000011111011111000010000001001111
21572,61064,59.606593,0B4,8,0000000000000000000000000000000000100100000001011000010001101001
43345,40712,59.609278,0BA,5,1110000000100011111100000000000001101000
34674,61067,59.611917,1C4,8,0000100011001011000111000000000000000000000000000000000010111100
10883,61069,59.61297,260,8,0000000000000000000000000000000000000000111111010100111010110101
7553,61071,59.614932,25,8,0000111101100110000000000000000101100000000000000000000000000011
27760,61073,59.615618,0AA,8,0001111110111101001000001000110000011111100000100010000001011000
43346,61056,59.616768,0BA,5,1100011000000000000000000000000010111110
18575,61076,59.618599,226,8,0000000000000000000100000000000000000000000000000000000000000000
1515,61077,59.619597,320,8,0000000000100000000000000000000000000000000000000000000001001011
43347,20371,59.624257,0BA,5,0010100100000000000000000000011100101011
31217,61079,59.624827,24,8,0000000110100000000000100001001101000001110001111000000001101010
7554,61080,59.625069,25,8,0000111101100110000000000000000101100000000000000000000000000011
27761,61081,59.625585,0AA,8,0001111111000100001000001001100000011111100000110010000001010100
13276,61082,59.625905,2C1,8,0000000000000011111000000000010000110110110000000001111011000110
13828,61083,59.626516,434,8,0100001000000000000000000000000000000000000000000000000000000000
21573,61084,59.626759,0B4,8,0000000000000000000000000000000000100100000001011000101001101111
16266,61087,59.627919,1C6,8,0000000000000000000000000000001101001001000111110000000000000000
43348,40725,59.631747,0BA,5,0100111100000000000000000000000000101110
34675,61090,59.631915,1C4,8,0000100011011000000111000000000000000000000000000000000011001001
34931,61092,59.632399,3C3,8,0100011000011110100101000100111000000000000000000000000000000000
10884,61093,59.632903,260,8,0000000000000000000000000000000000000000111111010100111010110101
28219,61094,59.633518,437,8,1111110011111111111111111111111111111111111111111111111111111111
7555,61096,59.634927,25,8,0000111101100110000000000000000101100000000000000000000000000011
27762,61097,59.635609,0AA,8,0001111111000101001000001001011000011111100000110010000001011011
43349,40730,59.639237,0BA,5,1110000000100011111100000000000001101000
31218,61100,59.644801,24,8,0000000110011111000000100001010001000001110001111000000001101010
7556,61101,59.645043,25,8,0000111101100110000000000000000101100000000000000000000000000011
27763,61102,59.645607,0AA,8,0001111111001001001000001001100100011111100001110010000001011101
21789,61103,59.646498,443,8,0100110100000010000000000010111100000110000000000000000000000000
43350,61088,59.646726,0BA,5,1100011000000000000000000000000010111110
21574,61104,59.646738,0B4,8,0000000000000000000000000000000000100100000001011000111101110100
18576,61108,59.650588,226,8,0000000000000000000100000000000000000000000000000000000000000000
34676,61109,59.651915,1C4,8,0000100011100110000111000000000000000000000000000000000011010111
10885,61111,59.652951,260,8,0000000000000000000000000000000000000000111111010110010111001100
43351,20381,59.654216,0BA,5,0010100100000000000000000000010000101000
7557,61113,59.654924,25,8,0000111101100110000000000000000101100000000000000000000000000011
27764,61114,59.655599,0AA,8,0001111111001110001000001001101100011111100010010010000001100101
13277,61115,59.655906,2C1,8,0000000000000011111100110000010001001001110000000001111011101100
11162,61117,59.657554,620,8,0001000000000000000000000000000000000000000000000000000000000000
259,61118,59.657803,3B7,8,1000
16267,61119,59.658047,1C6,8,0000000000000000000000000000001100111001000111110000000000000000
43352,40747,59.661705,0BA,5,0100111100000000000000000000000000101110
31219,61125,59.664796,24,8,0000000110011111000000100001011001000001110001111000000001101100
7558,61126,59.665037,25,8,0000111101100110000000000000000101100000000000000000000000000011
27765,61127,59.6656,0AA,8,0001111111010010001000001001101000011111100010110010000001100011
21575,61128,59.666576,0B4,8,0000000000000000000000000000000000101000000001011001101010000011
1516,61130,59.668585,320,8,0000000000100000000000000000000000000000000000000000000001001011
43353,40750,59.669195,0BA,5,1110000000100011111100000000000001101000
34677,61131,59.671907,1C4,8,0000100011110001000111000000000000000000000000000000000011100010
10886,61133,59.672885,260,8,0000000000000000000000000000000000000000111111010111000011010111
7559,61135,59.674919,25,8,0000111101100110000000000000000101100000000000000000000000000011
27766,61136,59.675595,0AA,8,0001111111010101001000001010010000011111100011010010000001100101
43354,61116,59.676684,0BA,5,1100011000000000000000000000000010111110
18577,61140,59.678586,226,8,0000000000000000000100000000000000000000000000000000000000000000
43355,20390,59.684174,0BA,5,0010100100000000000000000000011100101011
7560,61145,59.684939,25,8,0000111101100110000000000000000101100000000000000000000000000011
27767,61146,59.685565,0AA,8,0001111111010100001000001010011100011111100100000010000001100110
31220,61147,59.685802,24,8,0000000110011111000000100001101001000001110001011000000001101110
13278,61148,59.686039,2C1,8,0000000000000011111111000000010001100110110000000001111000010010
21576,61149,59.686572,0B4,8,0000000000000000000000000000000000101000000001011010000010001001
16268,61151,59.687905,1C6,8,0000000000000000000000000000001100101010000111100000000000000000
43356,40768,59.691663,0BA,5,0100111100000000000000000000000000101110
34678,61153,59.6919,1C4,8,0000100011111011000111000000000000000000000000000000000011101100
10887,61156,59.69292,260,8,0000000000000000000000000000000000000000111111010110010111001100
7561,61158,59.694911,25,8,0000111101100110000000000000000101100000000000000000000000000011
27768,61159,59.695589,0AA,8,0001111111011001001000001010110100011111100101110010000001101000
43357,40774,59.699153,0BA,5,1110000000100011111100000000000001101000
7562,61161,59.704936,25,8,0000111101100110000000000000000101100000000000000000000000000011
27769,61162,59.705565,0AA,8,0001111111100000001000001010111100011111100101010010000001101111
31221,61163,59.705799,24,8,0000000110011110000000100001101001000001110001001000000001101100
21577,61164,59.706565,0B4,8,0000000000000000000000000000000000101100000001011010011010010011
43358,61152,59.706642,0BA,5,1100011000000000000000000000000010111110
43636,3982,59.710289,423,2,11100000000
18578,61169,59.710572,226,8,0000000000000000000100000000000000000000000000000000000000000000
34679,61170,59.711897,1C4,8,0000100100000011000111000000000000000000000000000000000011110101
10888,61172,59.712901,260,8,0000000000000000000000000000000000000000111111011000011011101101
43359,20402,59.714132,0BA,5,0010100100000000000000000000010000101000
7563,61174,59.714909,25,8,0000111101100110000000000000000101100000000000000000000000000011
27770,61175,59.715586,0AA,8,0001111111100011001000001011000100011111100110010010000001101111
13279,61176,59.715893,2C1,8,0000000000000100000001100000010001110011110000000001111000101010
1517,61178,59.717569,320,8,0000000000100000000000000000000000000000000000000000000001001011
16269,61180,59.717983,1C6,8,0000000000000000000000000000001100011011000111100000000000000000
35286,60972,59.72096,3D3,3,111001010000001001111001
43360,40786,59.721622,0BA,5,0100111100000000000000000000000000101110
31222,61182,59.724781,24,8,0000000110011110000000100001101001000001110001001000000001101100
7564,61183,59.725023,25,8,0000111101100110000000000000000101100000000000000000000000000011
27771,61186,59.725584,0AA,8,0001111111100110001000001011001000011111100111000010000001110001
21578,61187,59.726563,0B4,8,0000000000000000000000000000000000101100000001011011000110011110
43361,40793,59.729111,0BA,5,1110000000100011111100000000000001101000
34680,61190,59.731917,1C4,8,0000100100001000000111000000000000000000000000000000000011111010
10889,61192,59.732837,260,8,0000000000000000000000000000000000000000111111011001110100000100
28159,61193,59.734925,6C0,8,1110010000000000000000001110000010000000000000000000000000000000
7565,61195,59.735927,25,8,0000111101100110000000000000000101100000000000000000000000000011
14017,61196,59.736494,38E,8,0
43362,61177,59.736601,0BA,5,1100011000000000000000000000000010111110
27772,61197,59.736728,0AA,8,0001111111100110001000001011011100011111100111000010000001110111
18579,61200,59.739566,226,8,0000000000000000000100000000000000000000000000000000000000000000
43363,20408,59.74409,0BA,5,0010100100000000000000000000011100101011
7566,61204,59.745002,25,8,0000111101100110000000000000000101100000000000000000000000000011
27773,61205,59.745546,0AA,8,0001111111101110001000001011100100011111100111100010000001110110
31223,61206,59.745782,24,8,0000000110011101000000100001101101000001110001001000000001101100
13280,61207,59.746023,2C1,8,0000000000000100000101100000010010001001110000000001111001010000
21579,61208,59.746551,0B4,8,0000000000000000000000000000000000101100000001011011011110100100
16270,61210,59.747888,1C6,8,0000000000000000000000000000001100001111000111100000000000000000
31568,61212,59.750144,44D,8,0100001000000010000000000000000000000001000000000000000000000000
43364,40810,59.75158,0BA,5,0100111100000000000000000000000000101110
34681,61213,59.751893,1C4,8,0000100100001101000111000000000000000000000000000000000011111111
10890,61215,59.752773,260,8,0000000000000000000000000000000000000000111111011011001100011010
7567,61217,59.754893,25,8,0000111101100110000000000000000101100000000000000000000000000011
27774,61218,59.755578,0AA,8,0001111111101010001000001011101100011111101000110010000001111100
43365,40814,59.759069,0BA,5,1110000000100011111100000000000001101000
31224,61221,59.764771,24,8,0000000110011101000000100001101101000001110001001000000001101100
7568,61222,59.765014,25,8,0000111101100110000000000000000101100000000000000000000000000011
27775,61223,59.765573,0AA,8,0001111111110001001000001100000000011111101001000010000010000010
21580,61224,59.766548,0B4,8,0000000000000000000000000000000000110000000001011011110010101101
43366,61211,59.766559,0BA,5,1100011000000000000000000000000010111110
18580,61228,59.770554,226,8,0000000000000000000100000000000000000000000000000000000000000000
1518,61229,59.77155,320,8,0000000000100000000000000000000000000000000000000000000001001011
34682,61230,59.771889,1C4,8,0000100100010001000111000000000000000000000000000000000000000011
10891,61232,59.772783,260,8,0000000000000000000000000000000000000000111111011011111000100101
43367,20421,59.774048,0BA,5,0010100100000000000000000000010000101000
7569,61235,59.774889,25,8,0000111101100110000000000000000101100000000000000000000000000011
27776,61236,59.775571,0AA,8,0001111111110111001000001100000000011111101001000010000010000001
13281,61237,59.77588,2C1,8,0000000000000100001000110000010010100110110000000001111001111010
16271,61241,59.777934,1C6,8,0000000000000000000000000000001100000011000111100000000000000000
43368,40833,59.781538,0BA,5,0100111100000000000000000000000000101110
13891,61242,59.781796,4C6,8,0000011100000000000000110000000000000000000000000000000000000000
7570,61244,59.784913,25,8,0000111101100110000000000000000101100000000000000000000000000011
27777,61245,59.785539,0AA,8,0001111111111001001000001100101000011111101010000010000010001010
31225,61246,59.785775,24,8,0000000110011101000000100001101101000001110001011000000001101101
21581,61247,59.786545,0B4,8,0000000000000000000000000000000000110000000001011100001010110011
43369,40838,59.789027,0BA,5,1110000000100011111100000000000001101000
7893,61250,59.789458,610,8,0010000010000000000011110110010011000000000000001010000101000000
34683,61252,59.791885,1C4,8,0000100100010001000111000000000000000000000000000000000000000011
10892,61254,59.792704,260,8,0000000000000000000000000000000000000000111111011101010100111100
7571,61256,59.795911,25,8,0000111101100110000000000000000101100000000000000000000000000011
13762,61257,59.79648,3A5,8,100000000
43370,61238,59.796517,0BA,5,1100011000000000000000000000000010111110
27778,61258,59.796715,0AA,8,0001111111111000001000001100101000011111101011000010000010010001
18581,61261,59.799548,226,8,0000000000000000000100000000000000000000000000000000000000000000
31370,61262,59.801439,640,8,1010100000000000000000000011011100000001111000000000000000000000
43371,20430,59.804006,0BA,5,0010100100000000000000000000011100101011
31226,61264,59.804789,24,8,0000000110011100000000100001101101000001110001011000000001101100
7572,61265,59.805031,25,8,0000111101100110000000000000000101100000000000000000000000000011
27779,61266,59.805563,0AA,8,0001111111111010001000001101000000011111101010110010000010001101
13282,61267,59.805858,2C1,8,0000000000000100001100000000010010101100110000000001111010001101
21582,61268,59.806537,0B4,8,0000000000000000000000000000000000110100000001011100011110111100
16272,61271,59.807878,1C6,8,0000000000000000000000000000001011110111000111100000000000000000
16344,61274,59.811352,4C1,8,0000000100000000000000010000000100000000000000000000000000000000
43372,40850,59.811496,0BA,5,0100111100000000000000000000000000101110
16584,61275,59.811597,3F9,8,0111010100011000000000100000001010000000000000000000000000010101
34684,61276,59.811871,1C4,8,0000100100010111000111000000000000000000000000000000000000001001
10893,61278,59.812561,260,8,0000000000000000000000000000000000000000111111011110000001000111
43839,60790,59.814549,3BB,5,0111000000000000000000001010001100000000
7573,61280,59.814879,25,8,0000111101100110000000000000000101100000000000000000000000000011
27780,61281,59.815558,0AA,8,0001111111111010001000001101001100011111101101000010000010010011
1519,61282,59.816542,320,8,0000000000100000000000000000000000000000000000000000000001001011
43373,40856,59.818986,0BA,5,1110000000100011111100000000000001101000
31227,61285,59.824784,24,8,0000000110011100000000100001110101000001110001011000000001101110
7574,61286,59.825024,25,8,0000111101100110000000000000000101110000000000000000000000010011
27781,61287,59.825559,0AA,8,0010000000000011001000001101011100011111101110000010000010010111
35056,61288,59.826471,413,8,0000000100000001000000010000100100000000000000000000000000000000
43374,61272,59.826475,0BA,5,1100011000000000000000000000000010111110
21583,61289,59.826709,0B4,8,0000000000000000000000000000000000110100000001011100110111000010
18582,61293,59.830539,226,8,0000000000000000000100000000000000000000000000000000000000000000
34685,61295,59.831877,1C4,8,0000100100011100000111000000000000000000000000000000000000001110
10894,61297,59.832498,260,8,0000000000000000000000000000000000000000111111011110101101010010
43375,20439,59.833965,0BA,5,0010100100000000000000000000010000101000
7575,61299,59.834872,25,8,0000111101100110000000000000000101110000000000000000000000010011
27782,61300,59.835554,0AA,8,0010000000000101001000001101011100011111101111000010000010011011
13283,61301,59.835872,2C1,8,0000000000000100001111000000010010110011110000000001110110011111
16273,61304,59.837856,1C6,8,0000000000000000000000000000001011101101000111100000000000000000
43376,40873,59.841454,0BA,5,0100111100000000000000000000000000101110
7576,61307,59.844893,25,8,0000111101100111000000000000000110010000000000000000000000110100
27783,61308,59.845522,0AA,8,0010000000001010001000001101110100011111101111110010000010100000
31228,61309,59.84576,24,8,0000000110011011000000100001101101000001110001011000000001101011
21584,61310,59.846524,0B4,8,0000000000000000000000000000000000111000000001011101001111001100
43377,40876,59.848944,0BA,5,1110000000100011111100000000000001101000
34686,61312,59.851871,1C4,8,0000100100100011000111000000000000000000000000000000000000010101
10895,61314,59.852487,260,8,0000000000000000000000000000000000000000111111011110101101010010
7577,61317,59.854868,25,8,0000111101100111000000000000000110100000000000000000000001000100
27784,61318,59.855552,0AA,8,0010000000001011001000001110000000011111110000010010000010101000
43378,61302,59.856433,0BA,5,1100011000000000000000000000000010111110
14215,61322,59.858391,442,8,0100001100000010000000000000000000000010000000000000000000000000
18583,61323,59.858636,226,8,0000000000000000000100000000000000000000000000000000000000000000
43379,20448,59.863923,0BA,5,0010100100000000000000000000011100101011
31229,61325,59.864751,24,8,0000000110011011000000100001101101000001110001001000000001101010
7578,61326,59.864991,25,8,0000111101100111000000000000000110110000000000000000000001010100
27785,61327,59.865543,0AA,8,0010000000010000001000001110010100011111110001100010000010100101
13284,61328,59.865845,2C1,8,0000000000000100010000110000010011011100110000000001110111001111
21585,61329,59.866522,0B4,8,0000000000000000000000000000000000111000000001011101100011010001
16274,61331,59.867866,1C6,8,0000000000000000000000000000001011100001000111100000000000000000
1520,61333,59.869526,320,8,0000000000100000000000000000000000000000000000000000000001001011
43380,40893,59.871412,0BA,5,0100111100000000000000000000000000101110
34687,61334,59.871869,1C4,8,0000100100101100000111000000000000000000000000000000000000011110
10896,61337,59.872463,260,8,0000000000000000000000000000000000000000111111011110101101010010
13515,61338,59.872612,394,3,0
7579,61341,59.875885,25,8,0000111101100111000000000000000111010000000000000000000001110100
27786,61342,59.876515,0AA,8,0010000000010001001000001110101000011111110010110010000010101000
43381,40898,59.878902,0BA,5,1110000000100011111100000000000001101000
31230,61345,59.884749,24,8,0000000110011011000000100001101101000001110000101000000001101000
7580,61346,59.884988,25,8,0000111101100111000000000000000111100000000010100000000010001110
27787,61347,59.885538,0AA,8,0010000000010000001000001110110100011111110011100010000010110010
43382,61332,59.886391,0BA,5,1100011000000000000000000000000010111110
21586,61348,59.886512,0B4,8,0000000000000000000000000000000000111000000001011110010011011101
11285,61349,59.887492,4C8,8,0000100100000000000000000000000000000000000000000000000000000000
18584,61354,59.890523,226,8,0000000000000000000100000000000000000000000000000000000000000000
34688,61355,59.891861,1C4,8,0000100100110110000111000000000000000000000000000000000000101000
10897,61357,59.89245,260,8,0000000000000000000000000000000000000000111111011110101101010010
43383,20462,59.893881,0BA,5,0010100100000000000000000000010000101000
7581,61359,59.894851,25,8,0000111101100111000000000000000111110000000010100000000010011110
27788,61360,59.895537,0AA,8,0010000000011001001000001111001000011111110101010010000010110110
13285,61361,59.895852,2C1,8,0000000000000100010010010000010011100110110000000001110111011111
16275,61364,59.897843,1C6,8,0000000000000000000000000000001011010101000111100000000000000000
31629,61365,59.899612,633,8,1000000100000000000000000000000000000000000000000000000000000000
43384,40909,59.901371,0BA,5,0100111100000000000000000000000000101110
7582,61367,59.904873,25,8,0000111101100111000000000000000100010000000010100000000010111110
27789,61369,59.905509,0AA,8,0010000000011000001000001111000000011111110100110010000010111010
31231,61370,59.905746,24,8,0000000110011010000000100001101001000001110000101000000001100110
21587,61371,59.906509,0B4,8,0000000000000000000000000000000000111100000001011110100111100110
27858,61373,59.908515,420,8,0000000000000000000000000000000011111111000000001000000010101011
43385,40915,59.90886,0BA,5,1110000000100011111100000000000001101000
34689,61375,59.911856,1C4,8,0000100101000010000111000000000000000000000000000000000000110100
10898,61377,59.912411,260,8,0000000000000000000000000000000000000000111111011111011001011101
7583,61379,59.914847,25,8,0000111101100111000000000000000100110000000100010000000011100101
27790,61380,59.915532,0AA,8,0010000000011111001000001111011100011111110110100010000010111100
43386,61362,59.91635,0BA,5,1100011000000000000000000000000010111110
18585,61384,59.918511,226,8,0000000000000001000100000000000000000000000000000000000000000000
1521,61385,59.919511,320,8,0000000000100000000000000000000000000000000000000000000001001011
35386,59465,59.920346,386,7,11011011000000000000000000000000000001100000000000000011
43458,59494,59.920458,3000000.0,6,101011000000000000000000000000000000000000000000
43387,20468,59.923839,0BA,5,0010100100000000000000000000011100101011
31232,61388,59.924739,24,8,0000000110011001000000100001101001000001110001001000000001100111
7584,61389,59.924978,25,8,0000111101100111000000000000000101010000000100010000000000000101
27791,61390,59.925532,0AA,8,0010000000011101001000001111100000011111110111110010000011000001
13286,61391,59.925835,2C1,8,0000000000000100010100000000010011110110110000000001110111110110
21588,61392,59.926505,0B4,8,0000000000000000000000000000000000111100000001011110111111101100
16276,61394,59.927847,1C6,8,0000000000000000000000000000001011001010000111100000000000000000
7652,61397,59.931322,3BC,8,0
43388,40932,59.931329,0BA,5,0100111100000000000000000000000000101110
13636,61398,59.931722,4DD,8,0001111000000000000000000000000000000000000000000000000000000000
34690,61399,59.931964,1C4,8,0000100101010000000111000000000000000000000000000000000001000010
10899,61401,59.932434,260,8,0000000000000000000000000000000000000000111111100001100010000000
7585,61403,59.934844,25,8,0000111101100111000000000000000101110000000100010000000000100101
27792,61404,59.935526,0AA,8,0010000000100100001000001111111100011111111000000010000011001011
43389,40936,59.938818,0BA,5,1110000000100011111100000000000001101000
31233,61408,59.944734,24,8,0000000110011001000000100001101101000001110001011000000001101001
7586,61409,59.944974,25,8,0000111101101000000000000000000110100000000101000000000001011001
27793,61410,59.945523,0AA,8,0010000000100100001000010000001100011111111000110010000011001010
43390,61395,59.946308,0BA,5,1100011000000000000000000000000010111110
21589,61411,59.946505,0B4,8,0000000000000000000000000000000001000000000001011111010011110101
18586,61415,59.950504,226,8,0000000000000000000100000000000000000000000000000000000000000000
34691,61416,59.951846,1C4,8,0000100101011110000111000000000000000000000000000000000001010000
10900,61418,59.952373,260,8,0000000000000000000000000000000000000000111111100010001110001011
43391,20483,59.953797,0BA,5,0010100100000000000000000000010000101000
7587,61421,59.954839,25,8,0000111101101000000000000000000111010000000101000000000010001001
27794,61422,59.955523,0AA,8,0010000000101001001000010000100000011111111010100010000011001011
13287,61423,59.95584,2C1,8,0000000000000100010101100000010001110011110000000001110101111001
21790,61424,59.956427,443,8,0100110100000010000000000010111100000110000000000000000000000000
27919,61426,59.956918,4DC,8,0001110100000000000000000000000000000000000000000000000000000000
11163,61428,59.957483,620,8,0001000000000000000000000000000000000000000000000000000000000000
260,61429,59.957733,3B7,8,1000
16277,61430,59.95798,1C6,8,0000000000000000000000000000001011000001000111100000000000000000
43392,40954,59.961287,0BA,5,0100111100000000000000000000000000101110
31234,61432,59.964727,24,8,0000000110011000000000100001101001000001110001011000000001100111
7588,61433,59.964968,25,8,0000111101101000000000000000000111110000000101100000000010101011
27795,61434,59.965518,0AA,8,0010000000101100001000010000110000011111111100110010000011010100
21590,61435,59.966499,0B4,8,0000000000000000000000000000000001000000000001011111101011111011
1522,61437,59.9685,320,8,0000000000100000000000000000000000000000000000000000000001001011
43393,40959,59.968776,0BA,5,1110000000100011111100000000000001101000
34692,61439,59.971963,1C4,8,0000100101100101000111000000000000000000000000000000000001010111
10901,61441,59.972391,260,8,0000000000000000000000000000000000000000111111100011100110100001
7589,61443,59.975857,25,8,0000111101101000000000000000000100110000000111110000000011110100
43394,61425,59.976266,0BA,5,1100011000000000000000000000000010111110
1583,61444,59.976445,6F3,8,0010000000000000000000000000000000000000000000000000000000000000
27796,61445,59.976681,0AA,8,0010000000101111001000010001000100011111111100000010000011011011
18587,61448,59.979499,226,8,0000000000000000000100000000000000000000000000000000000000000000
43395,20492,59.983756,0BA,5,0010100100000000000000000000011100101011
31235,61452,59.984723,24,8,0000000110011000000000100001100001000001110001011000000001100101
7590,61453,59.984962,25,8,0000111101101000000000000000000101010000000111110000000000010100
27797,61454,59.985482,0AA,8,0010000000110001001000010001001000011111111100000010000011011011
13288,61455,59.98582,2C1,8,0000000000000100011010010000010001100110110000000001110101111111
21591,61456,59.98649,0B4,8,0000000000000000000000000000000001000100000001100000000000000110
16278,61459,59.987837,1C6,8,0000000000000000000000000000001010111000000111100000000000000000
13576,61461,59.991222,399,8,0000000000000000000000000000000000000000111111110000000000000000
43396,40972,59.991245,0BA,5,0100111100000000000000000000000000101110
34693,61462,59.991842,1C4,8,0000100101101100000111000000000000000000000000000000000001011110
10902,61464,59.992306,260,8,0000000000000000000000000000000000000000111111100010111010010110
7591,61466,59.994823,25,8,0000111101101001000000000000000110100000000111010000000001100011
27798,61467,59.995508,0AA,8,0010000000110011001000010001010000011111111100000010000011011101
43397,40978,59.998735,0BA,5,1110000000100011111100000000000001101000
43398,61460,60.006224,0BA,5,1100011000000000000000000000000010111110
43637,15335,60.04574,423,2,10101000010100
43638,61142,60.381191,423,2,1000100000000
